tc_d,tc,m,w,a,b,c,c1,c2,t1_d,t2_d,t1,t2,O,D,p2,best_cost
2024-05-13,739018.6827471916,0.7610270462839976,4.3455129225310385,0.26987143533336017,-0.001337780689011774,-0.008290946517180472,-0.004543696622593932,0.006935028129184157,2023-11-13,2024-05-06,738836.0,739011.0,2.1915552351023346,0.028257898101350723,0.30932124755526197,1.0386370807433791
2024-06-24,739060.4891432056,0.4676814629778524,14.450288649600031,-0.20949863799088342,0.05517895448038264,0.008208116880558147,0.004265324390412615,-0.007012858944072301,2023-11-20,2024-05-06,738843.0,739011.0,3.404665457141545,0.2175722833196738,0.30932124755526197,2.4550897520397283
2024-07-01,739067.1132806987,0.3043655816530331,3.8814975782680947,0.47087311692989287,-0.038771302515818805,-0.04673253080228662,-0.01031756815468928,0.04557935083521931,2023-11-28,2024-05-06,738851.0,739011.0,0.8330056019215833,0.06505599307789088,0.30932124755526197,1.4991468277466669
2024-06-23,739059.2704990961,0.7653812113440452,11.30416543299306,-0.11138424469176186,0.010869305494550481,0.002929337370111393,0.0015184456702551005,0.0025050629082748943,2023-12-05,2024-05-06,738858.0,739011.0,2.5688271918410375,0.25123011406676815,0.30932124755526197,1.2010781796225354
2024-05-27,739032.0952477184,0.9901997097523336,6.60144273141819,0.1550181812848877,0.0013598350939258187,0.0020137488094735824,0.0006489709781043842,0.001906310818632289,2023-12-12,2024-05-06,738865.0,739011.0,2.1743418431934662,0.1012896062778909,0.30932124755526197,0.44313643238083356
2024-06-20,739056.1696852385,0.8610790480479609,9.272665438346658,0.06179829185686056,0.003800250342329358,-0.0027561384890216496,-0.002754479772308944,-0.00009560624774255085,2023-12-19,2024-05-06,738872.0,739011.0,2.0741222967058057,0.12804116067086022,0.30932124755526197,0.6676384762353849
2024-05-11,739016.4720823141,0.39112042268166725,13.437669010972295,-0.037048298211395374,0.06495945397272192,0.014219726429136034,0.0007917191214430612,0.014197668842180104,2023-12-27,2024-05-06,738880.0,739011.0,6.878952969900028,0.1329651042970037,0.30932124755526197,1.7180039661812296
2024-06-18,739054.0837002555,0.39501944096937647,2.213978107193039,-3.3676863615140773,0.6773357519704808,0.14762101146420392,0.008188113842514501,0.1473937509442538,2024-01-04,2024-05-06,738888.0,739011.0,0.4754634596062735,0.8186550986326452,0.30932124755526197,0.4910978950568464
2024-07-01,739067.7460574289,0.8429868323297189,9.303809026020517,0.12910852185475044,0.002248744716843404,-0.002535830471612468,-0.0020058725372623524,-0.0015514224263607267,2024-01-11,2024-05-06,738895.0,739011.0,1.6484217647122683,0.08034890146105182,0.30932124755526197,0.5500945812576556
2024-06-15,739051.7691385373,0.8656199702289193,6.61413149397793,0.13294521218216,0.002197081943880365,-0.0023852838568038087,-0.001535056393150205,0.0018257001252608644,2024-01-19,2024-05-06,738903.0,739011.0,1.3626522915818042,0.12054817183045725,0.30932124755526197,0.4740874774191563
2024-05-22,739027.9880837195,0.6619278350500134,8.504459238668112,0.26949774163304807,-0.0038179079456677006,-0.006522754748902754,-0.005335691015752049,0.0037518969733664454,2024-01-26,2024-05-06,738910.0,739011.0,2.6232315634449916,0.045557338410577165,0.30932124755526197,0.3276343776902515
2024-05-23,739028.6440670344,0.745694148296646,14.174242599507332,0.28787134494545646,-0.004106382684420726,-0.0014737093469496933,-0.0011102446593945583,0.000969110951115894,2024-02-02,2024-05-06,738917.0,739011.0,4.16194801132233,0.14659138743773154,0.30932124755526197,0.4028301503828646
2024-06-17,739053.4124005486,0.8311282893857845,5.709820741867707,0.2013462790962221,0.0004062939124337098,-0.0015649256826666543,-0.0003347556800678292,-0.0015287023997273047,2024-02-09,2024-05-06,738924.0,739011.0,1.0137640165252249,0.03779133101980969,0.30932124755526197,0.3561079263136374
2024-05-15,739020.2179486103,0.6269561574596977,12.944634351109228,0.34510059419535916,-0.013740936206071676,0.002782151322117325,0.002024906499416789,0.001907909758814296,2024-02-16,2024-05-06,738931.0,739011.0,4.6765149777451205,0.23921199899801898,0.30932124755526197,0.3035376674906352
2024-05-29,739034.8585987182,0.23776377636268703,4.492556983798335,1.1522064394605578,-0.3741537205182495,0.034813779282388886,0.03450341682669956,-0.004638259932982983,2024-02-26,2024-05-06,738941.0,739011.0,0.9793132845360389,0.5687887423061921,0.30932124755526197,0.2100132887036172
2024-05-13,739018.4549635042,0.9264931249700223,12.878597799089665,0.27801782549766957,-0.0020719427065123064,0.0019597003789465855,0.0018183131588633493,-0.0007308644412938555,2024-03-04,2024-05-06,738948.0,739011.0,4.603801282503036,0.07606093961999524,0.30932124755526197,0.18574386532742274
2024-05-31,739036.5702626122,0.5048679567045155,7.517856391159182,0.43149977379400445,-0.029883396228258086,0.011207497157842777,0.009585290656898669,-0.0058077702748839,2024-03-11,2024-05-06,738955.0,739011.0,1.387986174392612,0.17906268729148758,0.30932124755526197,0.1385254783392958
2024-05-16,739021.5811062293,0.009860958848317171,3.848033992643322,8.19540698184066,-7.704604744928176,-0.059553298151657476,-0.04228514491938533,0.041935210025547634,2024-03-18,2024-05-06,738962.0,739011.0,1.058449774269614,0.33153149499187295,0.30932124755526197,0.15391924516773633
2024-07-26,739092.130060405,0.4204691106446631,13.38845648017703,-0.3579992659993927,0.08050850999923415,-0.019031249804237704,-0.0023582623627116245,0.018884572214903757,2023-11-14,2024-05-07,738837.0,739012.0,2.4677723813258394,0.13285504911048399,0.2970133998806655,1.5628849574666712
2024-05-29,739034.5436822611,0.19407477724548278,7.465685501448418,-0.38903232445519803,0.2851311407570432,0.07889402099152629,0.05590727511812007,-0.05566545730592916,2023-11-21,2024-05-07,738844.0,739012.0,2.5361273019327695,0.09395068820421494,0.2970133998806655,1.0730980847265834
2024-07-25,739091.8167795369,0.5491566647436229,6.817711561271984,-0.024030640336058923,0.01948065530551078,0.01011318933414631,0.0027005553311786855,-0.009745952976057964,2023-11-29,2024-05-07,738852.0,739012.0,1.1937332404981214,0.15515760212539065,0.2970133998806655,1.059930319227955
2024-07-17,739083.5673493142,0.17217236668070693,9.027389248710936,-1.305078296120774,0.684318908684934,-0.06593912542221027,-0.061180704630036845,-0.02459450431332506,2023-12-06,2024-05-07,738859.0,739012.0,1.6429805020213084,0.19793228483375128,0.2970133998806655,0.9685591714585968
2024-05-29,739034.2719205666,0.4986732920620255,3.333389044749941,-0.05984214856089111,0.042027365109359345,0.019089105660181013,0.0071960162324532445,-0.01768081743833764,2023-12-13,2024-05-07,738866.0,739012.0,1.0728572786069255,0.32936442308004826,0.2970133998806655,0.7270659841959237
2024-07-03,739069.1025880551,0.3441139155130542,14.328318072214252,-0.6280513703839431,0.17917642948749843,-0.010240270422682786,-0.005080666809681312,-0.00889100461695272,2023-12-20,2024-05-07,738873.0,739012.0,2.813559215026657,0.4202197634452015,0.2970133998806655,1.778728824687267
2024-05-28,739033.9999746345,0.4083909672665563,8.11932816844543,-0.0029554047277501184,0.04461684290215199,-0.026759204640664506,-0.01268243706004152,0.023562912027570923,2023-12-28,2024-05-07,738881.0,739012.0,2.5061486330340434,0.08386517704494548,0.2970133998806655,0.7659719053230707
2024-05-21,739026.836665702,0.5526985995281012,5.729658847319298,0.11729279162082187,0.014034159766148744,-0.015669611633881857,-0.015650300450181304,0.0007777046841445876,2024-01-05,2024-05-07,738889.0,739012.0,2.0326036666608482,0.08639483578150885,0.2970133998806655,0.4937041624734704
2024-06-27,739063.0772765083,0.25826113393297706,2.6376595726954655,-5.602281216843411,1.8769165833300694,-0.2361239276715596,-0.19795181507441587,-0.12872291220986332,2024-01-12,2024-05-07,738896.0,739012.0,0.4975079243945171,0.7782968691391536,0.2970133998806655,0.4741260075349374
2024-05-12,739017.4617559757,0.2610627545060816,13.897260050417044,0.17625446040867657,0.018907247274817678,-0.02015079193672401,-0.012962882832751519,0.015427834726282794,2024-01-22,2024-05-07,738906.0,739012.0,6.67064555018203,0.01762592496632938,0.2970133998806655,0.8707778059430377
2024-06-13,739049.0326322505,0.05824144015068636,5.999009165915723,-0.08853811509290911,0.24148916436390103,0.051678847955657185,0.029169603293195862,-0.04265955426093328,2024-01-29,2024-05-07,738913.0,739012.0,1.2422493351131156,0.04536672249309978,0.2970133998806655,0.5543794893299419
2024-05-21,739026.3402264684,0.6346780092744252,8.460630073046516,0.329686179118962,-0.009876053886080038,-0.005652473380705103,-0.001613747552989845,0.005417220150113806,2024-02-05,2024-05-07,738920.0,739012.0,2.6979161291205536,0.1310676972454168,0.2970133998806655,0.2160392891047169
2024-06-12,739048.8436564662,0.9047706205519701,2.196561180247505,-0.21624713044405136,0.011781192893131023,0.0065360027579775045,0.0031732310860897893,0.00571401229667586,2024-02-12,2024-05-07,738927.0,739012.0,0.41813322763984406,0.7424585720512975,0.2970133998806655,0.36220219569619844
2024-06-14,739050.317852114,0.7337125380592798,5.920593876049226,0.40443571850402954,-0.00867949627406814,0.0014026895100846763,0.0013186788071835084,0.0004781464892547767,2024-02-20,2024-05-07,738935.0,739012.0,1.0381947966652738,0.7668203696625093,0.2970133998806655,0.28700052948750343
2024-06-06,739042.220270252,0.9921110380571674,6.913729029815843,0.3348468842319826,-0.002061541316748138,-0.0009120748817296616,-0.00064033449592489,-0.0006495015960032688,2024-02-27,2024-05-07,738942.0,739012.0,1.3191678988999795,0.3243466935412509,0.2970133998806655,0.20050513512970178
2024-05-19,739024.4172575948,0.20159829420576797,8.265844380731792,0.4807602046207383,-0.12242004469100931,0.03281571371978159,0.026123591751342264,0.019860237182568186,2024-03-05,2024-05-07,738949.0,739012.0,2.3731849384313386,0.09098510650951447,0.2970133998806655,0.16325774484454036
2024-05-11,739016.8743615835,0.5099389935398791,5.124502098098528,0.3473553583398583,-0.024319446442567928,0.015010743758969365,0.014871326262734822,0.0020410985730070115,2024-03-12,2024-05-07,738956.0,739012.0,2.059219949686565,0.16121966750014724,0.2970133998806655,0.14011910764539268
2024-05-10,739015.5424125599,0.7772349840744508,3.9582419932992314,0.3127448950665912,-0.007707499869514704,-0.0060700777742047594,-0.003184305102474698,0.0051677891984143656,2024-03-19,2024-05-07,738963.0,739012.0,1.6989212837406584,0.24932697554215688,0.2970133998806655,0.10456926619572413
2024-05-21,739026.133306922,0.5907451542292314,6.582338004585391,0.12840272202632627,0.01108205488243098,0.014694193932387299,0.010763407033442446,0.010003419633057956,2023-11-15,2024-05-08,738838.0,739013.0,2.78874140022578,0.06768532483664537,0.2845521794428534,0.7542227552706575
2024-05-17,739022.5822212067,0.7914109801000799,4.578769472429539,0.25089513657920526,-0.0002122712116250127,-0.006453911618043007,-0.006113452514276937,-0.002068495474781491,2023-11-22,2024-05-08,738845.0,739013.0,2.1275560191925598,0.005684880996245796,0.2845521794428534,0.9441296960914473
2024-05-10,739015.3700429813,0.6268948908478688,3.189783532267627,0.23301321097890584,0.0019089564567439552,-0.01177456152549072,-0.011774401401418095,0.0000614064805206737,2023-11-30,2024-05-08,738853.0,739013.0,2.1459050112404165,0.03186286310622401,0.2845521794428534,1.141955395483533
2024-07-04,739070.9355238234,0.5431194650351768,9.541806637377999,-0.09279748184014869,0.028390361238210822,0.011138291940050898,0.008408122947361308,-0.00730513626456475,2023-12-07,2024-05-08,738860.0,739013.0,1.962401193070078,0.14508318405020038,0.2845521794428534,0.9525048974042135
2024-07-09,739075.452655326,0.3494924494813701,10.939148540809878,-0.4196203866224741,0.13249318449311645,0.02623218078736501,0.024071227249449385,0.010426088795246638,2023-12-14,2024-05-08,738867.0,739013.0,2.09845642985396,0.1613665150250209,0.2845521794428534,1.1342206755740982
2024-07-09,739075.844429947,0.7849381995843836,6.0156633460043585,-0.07258369032854185,0.008232612516648542,0.0035939374834560835,0.0026381866737291934,0.002440565038991656,2023-12-21,2024-05-08,738874.0,739013.0,1.1171540975486502,0.29889530804706566,0.2845521794428534,0.5503458640258374
2024-07-07,739073.7293653194,0.9153931254910879,3.8029066337193544,-0.2702389804759202,0.008539852784170852,-0.00349420245565187,-0.003313314328635978,0.0011096841716177971,2023-12-29,2024-05-08,738882.0,739013.0,0.6958317762366809,0.5882938428570236,0.2845521794428534,0.5407402353338081
2024-06-13,739049.2324192259,0.6771193130912038,6.7582622798382594,0.09973915027695836,0.007744472650205097,-0.006804288525286612,-0.006612557518582801,0.001603878236893665,2024-01-08,2024-05-08,738892.0,739013.0,1.5787502076239215,0.1140352944739458,0.2845521794428534,0.6745405479698197
2024-05-27,739032.7125388092,0.6862305063109849,12.108907981300412,0.15168008831148158,0.004565887280740736,-0.0032988371993125138,-0.00016262137794112244,0.003294826422591121,2024-01-16,2024-05-08,738900.0,739013.0,3.6750222843429943,0.07843851161982579,0.2845521794428534,1.0477854490669651
2024-05-16,739021.8279195449,0.3843374404121459,3.121435727234579,0.14149214470641583,0.02493023281997839,-0.022058188434191908,-0.021117637445009625,-0.006372524283158518,2024-01-23,2024-05-08,738907.0,739013.0,1.2745272765332898,0.13916011807225415,0.2845521794428534,0.6799015743594439
2024-05-17,739022.455382742,0.3605634687453239,6.141446978722675,0.28313536845951975,-0.014741101792156276,-0.0226247238204004,-0.009435679680262004,-0.02056322146262312,2024-01-30,2024-05-08,738914.0,739013.0,2.384717833946163,0.038252310735464146,0.2845521794428534,0.3009083934109297
2024-06-15,739051.3392154011,0.5474660883218488,6.246095256982698,0.3065851698702741,-0.008412091436785521,0.003734655401811646,0.003276759747203351,0.0017917858491987083,2024-02-06,2024-05-08,738921.0,739013.0,1.2164437416985951,0.19742496461794223,0.2845521794428534,0.3749295039634462
2024-06-19,739055.4336981254,0.03369885613761504,14.812743726879832,4.670768748270026,-3.856388556214494,-0.048116315497932376,-0.036457681223490114,0.031400912357811256,2024-02-13,2024-05-08,738928.0,739013.0,2.592456408713697,0.18233417312581202,0.2845521794428534,0.2619035646592457
2024-05-26,739031.9442586973,0.06255759648710059,9.736875217066274,1.7119352365088472,-1.1742172093603453,-0.048695866799655076,-0.009235825428982412,0.047811996109921116,2024-02-21,2024-05-08,738936.0,739013.0,2.513980634439888,0.15492331824736977,0.2845521794428534,0.23080516947317314
2024-06-05,739041.4610029181,0.7250867539449267,4.675689370268236,0.5227762254916696,-0.017054978364940677,0.003929378344142142,0.0016436150736437096,0.0035691096454304166,2024-02-28,2024-05-08,738943.0,739013.0,0.9235949750350266,0.6730876868579486,0.2845521794428534,0.21902222920232575
2024-05-21,739026.1152888355,0.8785452108899923,6.534543148439089,0.2901875638735323,-0.0026014588518069683,0.002417407869084721,0.002248765815285054,0.0008870812327617348,2024-03-06,2024-05-08,738950.0,739013.0,1.8288178495086107,0.14468247023574224,0.2845521794428534,0.15074973585825185
2024-05-28,739033.3584947598,0.4573612862562474,4.56077723928324,0.7320004996571842,-0.09283209951474254,0.019179614943332358,0.01856446493479025,-0.0048185341193604765,2024-03-13,2024-05-08,738957.0,739013.0,0.959557654263988,0.4853765928363493,0.2845521794428534,0.16764231099628762
2024-05-19,739024.0169676312,0.7493522944672183,4.295715573422859,0.31862993606720463,-0.006166697344165532,-0.004735549190629609,-0.0003957413817495162,-0.004718984519538472,2024-03-20,2024-05-08,738964.0,739013.0,1.158975395289028,0.22716049434183036,0.2845521794428534,0.07199947435969126
2024-07-13,739079.7806193751,0.7250527869388116,8.156149724663017,0.0883549496407181,0.005019060411037143,0.005475750915056964,0.0013913688907113708,-0.00529603065452871,2023-11-16,2024-05-09,738839.0,739014.0,1.6843529237299513,0.08148228046151179,0.3512435539415255,1.0651296655271163
2024-06-09,739045.6648823522,0.5537501002523052,9.085046698883346,-0.04489193294458229,0.02660413387478039,-0.012475743088455756,-0.00011066488944114579,0.012475252257625606,2023-11-24,2024-05-09,738847.0,739014.0,2.6553221289529185,0.12997785201366385,0.3512435539415255,1.102463132241366
2024-07-12,739078.5461177351,0.7675863152750535,10.37795368849977,0.005781194666820435,0.0067908724056498565,-0.003591967924800848,-0.0023100221153458996,-0.0027506419976818077,2023-12-01,2024-05-09,738854.0,739014.0,2.0591795474073598,0.13983265888588492,0.3512435539415255,0.9317061446956629
2024-07-21,739087.4620090172,0.4788706158738921,5.574074704545929,-0.21363986782474628,0.04920701785016741,0.014602708824336223,0.006092430268806927,-0.01327107374812122,2023-12-08,2024-05-09,738861.0,739014.0,0.9987517657188364,0.28949363823773755,0.3512435539415255,0.8307085437734117
2024-05-23,739028.5939113832,0.555679189049818,2.1808436025049183,-0.02922732074083589,0.039464930763715995,0.022393092980658526,0.02220423927311913,-0.002902132240696893,2023-12-15,2024-05-09,738868.0,739014.0,0.832421979006589,0.4490522454690459,0.3512435539415255,0.7623486024000822
2024-07-16,739082.9675310623,0.3867492269230256,7.074190400115311,-0.4709638811477422,0.11450445382310169,0.024568925657820727,0.02456343232930268,-0.0005195191847176353,2023-12-22,2024-05-09,738875.0,739014.0,1.2426993550361238,0.25479383936566485,0.3512435539415255,0.6500727042134661
2024-05-21,739026.4183469272,0.731497454758422,7.841150893189731,0.1667226758509584,0.0038792846298418464,0.0066579680758686605,0.006583127437963064,0.000995475783142967,2024-01-02,2024-05-09,738886.0,739014.0,3.0268610312496453,0.05435543118481313,0.3512435539415255,0.7379937829279971
2024-06-11,739047.9772087965,0.9455259416116732,9.404659128132796,0.1732656289240913,0.0009672203511314745,-0.002048968699391792,-0.0019482549236117426,0.000634488363730884,2024-01-09,2024-05-09,738893.0,739014.0,2.2715228088484496,0.04745920854048584,0.3512435539415255,0.5173682790360419
2024-05-26,739031.4302767926,0.2640372335874808,3.211339373601441,-0.18177534769328407,0.15374775131669946,-0.048776746911350234,-0.01792052621008789,-0.045365469022236156,2024-01-17,2024-05-09,738901.0,739014.0,1.0286563044547974,0.2591641406047261,0.3512435539415255,0.7175428484612462
2024-06-29,739065.6613195598,0.17272567047445644,12.811142839138999,0.2969201713489744,-0.03595393380163425,0.04904638072133968,0.007606493851961336,0.04845295360597404,2024-01-24,2024-05-09,738908.0,739014.0,2.274945262899626,0.009883447580116254,0.3512435539415255,0.4198929000638142
2024-06-19,739055.791129692,0.9222925964182824,9.598471515939387,0.28555831713147256,-0.0010645450118339415,-0.0014114827423866167,-0.0009113520291522796,-0.0010778316246127068,2024-01-31,2024-05-09,738915.0,739014.0,1.8554664468855766,0.07246947226219579,0.3512435539415255,0.27147379394295174
2024-05-13,739018.3385044541,0.3739472078224773,10.151175566293876,0.38304157985084414,-0.04446658720737379,0.012341652023227945,0.000274819064926752,0.012338591862283081,2024-02-07,2024-05-09,738922.0,739014.0,5.008936983061604,0.13272552667989712,0.3512435539415255,0.31269946902170953
2024-05-27,739032.0206592419,0.7391860956106363,11.724678574842004,0.3570225468045605,-0.007739273409192059,-0.002796472088016716,-0.0019040571954674658,-0.0020481265428300907,2024-02-14,2024-05-09,738929.0,739014.0,3.2532750785372855,0.17447875110025315,0.3512435539415255,0.2517851390665927
2024-06-06,739042.3354844797,0.2459441637890057,6.132923697812942,0.8258719899384876,-0.22570720129925503,0.020937077658073094,0.015613949708461127,0.013948684359531198,2024-02-22,2024-05-09,738937.0,739014.0,1.2816343765637928,0.43231301619088486,0.3512435539415255,0.225356450281389
2024-05-21,739026.5910112743,0.355840712082616,11.266852135339347,0.4341887665046545,-0.054952007214283505,0.016386121344369158,0.012287497576773224,0.010840773773729563,2024-02-29,2024-05-09,738944.0,739014.0,3.372814963473308,0.10591572264435715,0.3512435539415255,0.18478034755406794
2024-06-07,739043.7243884802,0.8937959560392679,13.357682936486956,0.31840714306854495,-0.002181659991262978,0.0016847526485929648,0.0016837773514823584,-0.00005731768990515996,2024-03-07,2024-05-09,738951.0,739014.0,2.4186061204223086,0.08664792646213315,0.3512435539415255,0.1594451365808482
2024-05-26,739031.0206250382,0.5386912567065442,13.279628177318942,0.3556213594888404,-0.015554303909540074,-0.00776365630176846,-0.007416301246909844,-0.0022962654435131425,2024-03-14,2024-05-09,738958.0,739014.0,3.0779509493395225,0.08127150289232019,0.3512435539415255,0.17972753461740337
2024-06-01,739037.0940744405,0.8218050156276788,13.1964742440052,0.23791845984352955,0.0006171014192137299,0.001400133509664163,0.000018700431944029464,-0.0014000086209483146,2024-03-21,2024-05-09,738965.0,739014.0,2.390954582901312,0.02744719504273822,0.3512435539415255,0.0935768531555894
2024-06-08,739044.1160722321,0.30019017154470734,4.656722579350113,0.10067307136697896,0.040477337902115176,-0.04276285179440016,-0.0038779113236054436,-0.04258665632984215,2023-11-17,2024-05-10,738840.0,739015.0,1.443295722840475,0.06101848005297094,0.2814124594381855,1.7869943797251335
2024-06-25,739061.3108949685,0.970111962692094,7.433243077223067,0.17424145553378662,0.000951316883182883,0.001769032202399936,0.0015740099232751804,0.0008074451650478993,2023-11-27,2024-05-10,738850.0,739015.0,1.7957954212254164,0.07018317166769168,0.2814124594381855,0.8397493346855915
2024-05-25,739030.6540264474,0.27517097750596237,4.475101358175561,0.012563049413299027,0.08429548368465692,-0.046026562521686874,-0.040494176648062506,-0.021878439504641564,2023-12-04,2024-05-10,738857.0,739015.0,1.7138760932126378,0.11261481205184992,0.2814124594381855,1.2396324260481315
2024-06-19,739055.3733391286,0.6236268849248868,2.2488596540060715,0.09997376981317914,0.019733913393923292,0.015901495131802904,0.012545932755296056,0.009770215899679031,2023-12-11,2024-05-10,738864.0,739015.0,0.5569392880024921,0.34414204405431154,0.2814124594381855,0.9515768987750178
2024-06-12,739048.5013087859,0.25278168145769003,2.67253913255913,-1.3608756476890895,0.57161956262642,-0.09357960024724447,-0.09253332600291074,0.013954395768829354,2023-12-18,2024-05-10,738871.0,739015.0,0.7092221693611648,0.5777599359765101,0.2814124594381855,0.7313063304879402
2024-05-14,739019.7968431606,0.5727685502677627,5.358495470142019,0.18210952794601995,0.007882888070070962,0.015944951414088446,0.009401491763539728,0.012878409382285372,2023-12-26,2024-05-10,738879.0,739015.0,2.8820231054051417,0.05284433723913771,0.2814124594381855,0.5182092623301393
2024-06-19,739055.2767337278,0.7822766313734903,12.452273101650968,0.07359673595128526,0.005251054977748576,0.0026410642120617374,0.002458961570170785,-0.0009637054366643948,2024-01-03,2024-05-10,738887.0,739015.0,2.833707095323464,0.1249048565469114,0.2814124594381855,1.312992375392891
2024-06-20,739056.8472163294,0.7837708962711079,12.772125179023478,0.13215982059357875,0.003212174512956221,0.0026953443603635243,0.0014564048196778231,0.0022679872623457705,2024-01-10,2024-05-10,738894.0,739015.0,2.762070325095474,0.0731325706252201,0.2814124594381855,1.0895123509967928
2024-05-18,739023.8627114614,0.5341740630452588,3.541222298355353,0.18175694121531116,0.00951284838025482,0.013304493592652806,0.008416698693311095,-0.010303821274796787,2024-01-18,2024-05-10,738902.0,739015.0,1.4772274153248306,0.1078553848541222,0.2814124594381855,0.6979238661327123
2024-06-05,739041.4491876122,0.6238583689591012,11.05219912192656,0.30038727377291813,-0.005592715331902141,-0.006361963217337203,-0.0062914223645983225,0.0009447648432195128,2024-01-25,2024-05-10,738909.0,739015.0,2.8337221586696937,0.049621383099505006,0.2814124594381855,0.4860327079581432
2024-05-15,739020.3349775265,0.2993716927290225,9.529974531161958,0.39606173623896046,-0.06118504223538959,0.020853072987140894,0.016621768077857407,-0.012592357959212633,2024-02-01,2024-05-10,738916.0,739015.0,4.5097639872452815,0.09217097761030138,0.2814124594381855,0.32766713455682067
2024-06-10,739046.7591042457,0.6380520726699311,13.748603629979346,0.4082052795609239,-0.013159169078613446,-0.004128309654999373,-0.0037589312873925313,0.0017068615011835515,2024-02-08,2024-05-10,738923.0,739015.0,2.976239904814108,0.14792914056381645,0.2814124594381855,0.26928881107718106
2024-05-14,739019.8533860984,0.7511894683255658,10.172802245814303,0.3188113725788585,-0.00674495532922561,-0.0028050910655345413,-0.00039027898303198327,0.0027778081649648197,2024-02-15,2024-05-10,738930.0,739015.0,4.7252068961156395,0.17755830936851444,0.2814124594381855,0.2700170635281296
2024-06-12,739048.1223159952,0.3089958534774134,11.786909298136036,0.6473944651960373,-0.11793056507820908,0.016291954932255014,0.015325072026254438,0.005529011024111108,2024-02-23,2024-05-10,738938.0,739015.0,2.2537310195868745,0.18976053206725027,0.2814124594381855,0.21809434321478136
2024-06-08,739044.834783642,0.4124609637944864,10.080985066933184,0.40873458234558246,-0.03371638031463354,0.012711341338908295,0.0014100448342162797,-0.012632892471628923,2024-03-01,2024-05-10,738945.0,739015.0,1.937907862925608,0.10852491235173595,0.2814124594381855,0.1544156195621381
2024-05-18,739023.4338557015,0.4347057007105387,8.303264070003301,0.33245292168526774,-0.021395852526868656,0.01378695505170647,0.011369782671369077,0.007797959451267363,2024-03-08,2024-05-10,738952.0,739015.0,2.823420173701464,0.08124707253252407,0.2814124594381855,0.1569718534809517
2024-05-23,739028.3429504638,0.14601410267704032,9.215812530917702,0.5739132093479448,-0.2006973532524137,0.03569845945842941,0.013964242039405177,-0.032853918365547165,2024-03-15,2024-05-10,738959.0,739015.0,2.417302924082245,0.08907448959146592,0.2814124594381855,0.16197511523530672
2024-05-28,739033.5958129669,0.8201895902012504,10.639901365680265,0.26654346790907485,-0.000827966514373439,0.0019670615242914817,0.0018542717426226656,-0.0006565114963647095,2024-03-22,2024-05-10,738966.0,739015.0,2.1855091230204726,0.032446770739014225,0.2814124594381855,0.08128802132273794
2024-06-10,739046.9987636649,0.2710571140780718,8.42003623807839,-0.2187680825854399,0.14709812443106185,-0.05318572567056363,-0.0018322085977084605,-0.05315415719169034,2023-11-20,2024-05-13,738843.0,739018.0,2.614329721939059,0.089034617165249,0.348306694268216,1.14239342693637
2024-05-29,739034.3336400142,0.9155475914899966,6.638980405431219,0.18722204406427911,0.001358070130644647,0.003043145439369585,0.0002088287571148411,0.0030359717909357745,2023-11-28,2024-05-13,738851.0,739018.0,2.5550084510370503,0.06154305151287141,0.348306694268216,0.5609891667504366
2024-07-24,739090.7791008606,0.650090550090407,11.678407593178767,-0.08505291137188058,0.01531045900881619,0.005766477354186476,0.003033247412856034,-0.004904250320767451,2023-12-05,2024-05-13,738858.0,739018.0,2.1610106285787722,0.14779775748567944,0.348306694268216,1.1052594365560757
2024-06-24,739060.940368034,0.9903464836423759,3.0347835343913303,0.2519045190540788,0.0008846815303025416,-0.0019973815300272564,-0.0009946472702551219,-0.0017321113660120288,2023-12-12,2024-05-13,738865.0,739018.0,0.7331942518519762,0.14453910983498555,0.348306694268216,0.8471398507655108
2024-05-18,739023.2134804928,0.8050269714456784,7.0488421916071005,0.16754545694204936,0.003330503901657578,-0.005089510612055226,-0.004717403199449929,0.0019102945647314015,2023-12-19,2024-05-13,738872.0,739018.0,3.7777953109667997,0.07473543486120797,0.348306694268216,0.7645188338303134
2024-07-04,739070.5067892323,0.9223118176263605,14.484411393266873,0.021692323897840107,0.003207042542185003,0.0008857083467613191,0.0004091414125747885,-0.0007855460394139708,2023-12-27,2024-05-13,738880.0,739018.0,2.9709004209507874,0.2305636854536635,0.348306694268216,1.5757583090561316
2024-05-28,739033.0662883488,0.7606961943995914,6.294395759637781,0.18011324638329837,0.0030082091484734783,0.005928507007852472,0.00575247178894296,-0.0014339678028363289,2024-01-04,2024-05-13,738888.0,739018.0,2.268771841530083,0.06132250510327829,0.348306694268216,0.49609505518189834
2024-06-15,739051.9012213454,0.7710171421026486,12.957273272408298,0.15244328406262042,0.0029074524276687225,0.0026090224163363737,0.0003731789858036184,0.002582195851112046,2024-01-11,2024-05-13,738895.0,739018.0,3.1596530813107706,0.06631094583182995,0.348306694268216,1.128619812078014
2024-07-08,739074.3226698907,0.24934753358086909,13.367439191243525,0.19209613628009506,0.010664526116849133,0.036534572658134035,0.015802363583768412,-0.03294025355820542,2024-01-19,2024-05-13,738903.0,739018.0,2.366734174135149,0.005444956191814071,0.348306694268216,0.4938762708237919
2024-06-17,739053.5431055424,0.9383015325818189,13.329660423732276,0.29502357285711317,-0.0011901491073045192,-0.0012509546737117358,-0.0009287746215484084,0.0008380127075700261,2024-01-26,2024-05-13,738910.0,739018.0,2.961352849542901,0.06697043826663901,0.348306694268216,0.5003501279530016
2024-06-11,739047.3106560119,0.5740668162630639,7.659005303333748,0.32417890707928404,-0.008465397262453213,0.005736294118983823,0.004678203691132357,0.0033195602786760766,2024-02-02,2024-05-13,738917.0,739018.0,1.8186646647584985,0.11061295779957478,0.348306694268216,0.31826760294534745
2024-06-05,739041.6690561514,0.27905084296534116,9.707987178584737,0.5477493490850917,-0.10375973411669646,-0.023340206183402587,-0.022321599031589034,0.006819929717871581,2024-02-09,2024-05-13,738924.0,739018.0,2.477847040578357,0.12778453787196853,0.348306694268216,0.23178758614416856
2024-06-11,739047.7936538232,0.3093266962818922,4.116989357498977,0.8367553842455765,-0.17319153608489557,0.009728294154849021,0.007807655944340201,-0.005803465845344381,2024-02-16,2024-05-13,738931.0,739018.0,0.8951310105199733,1.3376042163111665,0.348306694268216,0.3268887561845524
2024-05-30,739035.0648508881,0.21397606598344182,8.193423468721784,0.6833306991470145,-0.200076500601983,-0.027284747597558175,-0.011687168024541374,0.02465497018916459,2024-02-26,2024-05-13,738941.0,739018.0,2.225921242407456,0.19150315764926684,0.348306694268216,0.20377707524237026
2024-05-26,739031.2390085362,0.3454862781826487,7.7677152446012805,0.4679412400654317,-0.06475337205720115,0.016443743806227765,0.015600440225837123,-0.005198362735028886,2024-03-04,2024-05-13,738948.0,739018.0,2.2729427742001462,0.1751455849289203,0.348306694268216,0.16889143174005677
2024-05-16,739021.2978442273,0.4971497402502806,2.408521341299289,0.47824259715576034,-0.05213527566535666,-0.0154468135838583,-0.015139140806395916,0.0030676482097182016,2024-03-11,2024-05-13,738955.0,739018.0,1.1503247761266369,0.6966738138022902,0.348306694268216,0.21552903723595365
2024-05-23,739028.228477827,0.08390611896429959,8.74048156149458,0.9070269654669478,-0.4943853369003762,-0.039571468346553354,-0.039470983547762246,-0.002818255643932268,2024-03-18,2024-05-13,738962.0,739018.0,2.5984669658244286,0.11993382601265105,0.348306694268216,0.15787897783945512
2024-06-03,739039.8906618468,0.22068905860769578,8.492195548687343,0.48040253151265616,-0.09893167679196495,-0.023193965248404464,-0.010403254540205652,-0.02072998598445943,2024-03-25,2024-05-13,738969.0,739018.0,1.5882066997190476,0.11084629560686164,0.348306694268216,0.07128340637253452
2024-06-25,739061.6204180348,0.032707998173767024,2.3073468341868604,12.791713152131326,-10.679838478961749,0.33175134023156894,0.3300434429211534,0.03361960038717847,2023-11-21,2024-05-14,738844.0,739019.0,0.5987316500818769,0.4563447745089979,0.35709152382394865,2.2805262099331167
2024-06-23,739059.2223547728,0.7740725864096041,10.418423930960017,0.011274316146254255,0.007460968660650713,-0.0035782089829012706,-0.003467517663890075,0.0008831199102758703,2023-11-29,2024-05-14,738852.0,739019.0,2.718310096733773,0.15492060213087314,0.35709152382394865,1.1793062414007551
2024-06-13,739049.8758932103,0.5907594090460936,8.697727855099812,0.019558834484186445,0.017852133654270432,0.010783557399861464,0.010783490686985328,-0.00003793151470286424,2023-12-06,2024-05-14,738859.0,739019.0,2.5216821293999643,0.11244312522610703,0.35709152382394865,0.9028263133756225
2024-07-20,739086.3490109438,0.314929587409254,11.50199200430923,-0.4531884129282105,0.16125314693593584,-0.03084649917732654,-0.01821465177117273,-0.024894436574297497,2023-12-13,2024-05-14,738866.0,739019.0,2.1698536786129123,0.14313397073655784,0.35709152382394865,1.2580767418306398
2024-06-20,739056.11229764,0.44885147517895907,8.805520654954991,-0.026499611193711706,0.038722053907751915,0.020720126087127498,0.013322318379748909,0.015869450464810236,2023-12-20,2024-05-14,738873.0,739019.0,2.2369135871775367,0.09526066481631648,0.35709152382394865,0.8443532021670087
2024-07-15,739081.2238834325,0.7998848358401156,3.348552649620337,-0.3962580420340771,0.01845268058742248,0.007378615883633287,0.005207976178717159,0.005226945234084632,2023-12-28,2024-05-14,738881.0,739019.0,0.6228440024808096,0.5973857979270981,0.35709152382394865,0.5918694822448088
2024-06-29,739065.761857374,0.6004964040349893,12.101153358166483,0.08193883394994718,0.010564697654163506,0.008269180749425977,0.0015934604505115173,-0.008114199532876482,2024-01-05,2024-05-14,738889.0,739019.0,2.561015280933354,0.06339839071603849,0.35709152382394865,0.9731092450996567
2024-07-12,739078.3716643756,0.049349590811665484,10.729074297892048,-0.6010250837480311,0.6800978106372981,0.09739112088372012,0.060521995154816516,-0.07630280813618691,2024-01-12,2024-05-14,738896.0,739019.0,1.9163027260288317,0.03211983575426041,0.35709152382394865,0.8279744642989862
2024-07-05,739071.1370837782,0.9139720692283659,3.5285890439566403,-0.27609720109460123,0.009542788740894948,0.004422091654176037,0.0008791413471401033,0.004333821072642714,2024-01-22,2024-05-14,738906.0,739019.0,0.6474595633406123,0.5589583039177831,0.35709152382394865,0.4875576506035685
2024-05-15,739020.8874057706,0.8236322494844457,3.821600715649827,0.24299255036433112,0.0002555514311030736,0.0035493903720789973,0.003423479852788942,0.0009369939759439692,2024-01-29,2024-05-14,738913.0,739019.0,2.4608149758194404,0.015517172354492204,0.35709152382394865,0.5063183286051168
2024-06-17,739053.6043914204,0.512034730809659,6.15160172703698,0.3991052319303616,-0.019249470863746485,0.0026062447462093345,0.0026062178653155537,-0.000011837045822218287,2024-02-05,2024-05-14,738920.0,739019.0,1.3226116964828676,0.6147730326328777,0.35709152382394865,0.4162026359442713
2024-06-26,739062.562298789,0.1430371551267218,11.275731205323407,0.9146501586596347,-0.36973272717445244,0.04053199342839607,0.040279021378720005,-0.004521385634090365,2024-02-12,2024-05-14,738927.0,739019.0,2.037287114502305,0.11571617776622348,0.35709152382394865,0.23236843595852455
2024-06-02,739038.2195014793,0.269963265864593,10.03925166491623,0.6180008216251586,-0.13453258254454586,-0.020751594369902947,-0.015017053330806973,-0.014321898552660077,2024-02-20,2024-05-14,738935.0,739019.0,2.6857878515393283,0.17433289473752436,0.35709152382394865,0.2250010728173108
2024-06-01,739037.7301804838,0.41016014356964636,8.365356743279364,0.4733198889011386,-0.0486534699617796,-0.01164590071575846,-0.011598074903667021,0.0010543538354047173,2024-02-27,2024-05-14,738942.0,739019.0,2.172022802274716,0.204837622466821,0.35709152382394865,0.19691590835523717
2024-05-19,739024.1563213794,0.20252197488667983,14.613727172514539,0.5858083934939937,-0.17368813892282922,-0.021533020739098845,-0.003674126366196162,0.021217251886040372,2024-03-05,2024-05-14,738949.0,739019.0,6.231750528399678,0.11178315462275107,0.35709152382394865,0.22459221450672887
2024-05-15,739020.8275853398,0.35651268892025595,11.49691376379855,0.3711843957998608,-0.040053746659721584,0.013715456596962383,0.013022437936185537,0.0043046323723814955,2024-03-12,2024-05-14,738956.0,739019.0,6.530039060077909,0.09055795245146286,0.35709152382394865,0.20517834804497592
2024-05-26,739031.7610798351,0.7146849011359598,11.683617784031112,0.32062541938989597,-0.005126076314794815,-0.003335787898082577,-0.003197120947747011,-0.0009517870278961733,2024-03-19,2024-05-14,738963.0,739019.0,3.1318498339677645,0.09399914528132766,0.35709152382394865,0.1441607993412867
2024-05-29,739034.6756976651,0.35951191874546456,5.4926009744799895,0.3906054449452756,-0.036260712025697896,-0.016983112954297247,-0.006477119272471545,-0.01569946023112249,2024-03-26,2024-05-14,738970.0,739019.0,1.2389448571480681,0.13975079045050406,0.35709152382394865,0.04447227283187998
2024-07-24,739090.1946628429,0.5470357347901363,11.183337793491393,-0.022853872212422282,0.021411403203390387,-0.011099529734334396,-0.009681374690401881,0.0054286779631342345,2023-11-22,2024-05-15,738845.0,739020.0,2.226242951219059,0.09435932059124381,0.3914788661334244,1.2884127085013202
2024-07-30,739096.2416280179,0.6133381292615333,13.0741751816334,-0.16414644090911734,0.021852537516152563,0.006501305884916338,0.0061237338457300165,0.0021833144519075743,2023-11-30,2024-05-15,738853.0,739020.0,2.4140580610174838,0.15768374972796945,0.3914788661334244,1.262651277345592
2024-06-12,739048.1418821445,0.6276079882412334,3.455932188457055,0.15753626643562427,0.008529076974039288,0.009559321259904432,0.008350750067329299,-0.004652482806315416,2023-12-07,2024-05-15,738860.0,739020.0,1.0450201004824087,0.16203104283447584,0.3914788661334244,0.9827263204669198
2024-05-26,739031.1014342667,0.8307858282659617,4.012644087869922,0.21416702554910894,0.0019190308741812358,0.004329268953042643,0.00014520498395968864,0.004326833158374857,2023-12-14,2024-05-15,738867.0,739020.0,1.7200984675762787,0.09177530449243843,0.3914788661334244,0.7890028728547014
2024-06-05,739041.6562887063,0.8170034390606005,8.430228574059022,0.16131781287611868,0.0028987386870434496,-0.0040927973066253965,-0.0017905860266969912,-0.003680324914204937,2023-12-21,2024-05-15,738874.0,739020.0,2.7459758703611485,0.06863938194033146,0.3914788661334244,0.8364245895585303
2024-07-22,739088.4557924807,0.5632426529657474,9.458536927946021,0.0379489810648447,0.015397133906598444,0.008683933847221947,0.008210142929052906,-0.0028291801193012665,2023-12-29,2024-05-15,738882.0,739020.0,1.6617783481807293,0.10558323200470077,0.3914788661334244,1.092336582441944
2024-07-04,739070.2444430914,0.42758376130551434,8.380603328117031,0.08270350008713856,0.025695811255026603,0.017590989031552224,0.015096372751427799,-0.009030084432503327,2024-01-08,2024-05-15,738892.0,739020.0,1.6889504493673944,0.07452774724650349,0.3914788661334244,1.0620675890311981
2024-05-21,739026.9464638811,0.4609896241772816,8.896361489371033,0.2531973381812497,-0.0024711365160626775,-0.017654154967689836,-0.002521534857627011,-0.017473152250952886,2024-01-16,2024-05-15,738900.0,739020.0,4.1139435029986755,0.007253181295283221,0.3914788661334244,0.7437103567431046
2024-06-16,739052.6016098746,0.28643656257323574,9.45069499975391,0.30990390583645777,-0.021912259837404694,-0.03259151643055219,-0.03252948273492031,0.002009899560046479,2024-01-23,2024-05-15,738907.0,739020.0,2.250941636146889,0.02037733132836214,0.3914788661334244,0.4454547726391868
2024-06-08,739044.2035385424,0.7954003931863949,7.779528039803648,0.28844927444873586,-0.0019024915065292264,0.0029820646735736404,0.002011277575468076,0.002201697579549725,2024-01-30,2024-05-15,738914.0,739020.0,2.083311845356669,0.0652286243452409,0.3914788661334244,0.345632274325487
2024-05-22,739027.6828639777,0.2372143715066311,6.870383668667211,0.47562991922667214,-0.10075090071019624,0.028900521980756506,0.000032145810871029764,0.028900504102989735,2024-02-06,2024-05-15,738921.0,739020.0,2.876737310109717,0.12036584172871329,0.3914788661334244,0.25643207652061895
2024-05-17,739022.2805269015,0.6771797418348514,5.065933652629313,0.30258076457223626,-0.0057044793291764805,0.004131800111593199,0.004010023489192121,-0.0009957327845807912,2024-02-13,2024-05-15,738928.0,739020.0,3.000824614717725,0.1845530247823403,0.3914788661334244,0.30192474895526056
2024-06-06,739042.0518897888,0.8865764318870215,11.458551273331627,0.3670901634600798,-0.0037344198505082212,-0.0015327602224449747,-0.0005668298630003081,-0.0014240989452705243,2024-02-21,2024-05-15,738936.0,739020.0,2.8641524826994433,0.1885104331655307,0.3914788661334244,0.22271913043971972
2024-06-18,739054.2576213927,0.8529982300222885,5.341310140226197,0.5630775475865792,-0.009578318170726094,0.0020352616955207747,0.0005487976013870355,-0.001959875343476195,2024-02-28,2024-05-15,738943.0,739020.0,1.0013614365648997,0.7515698237158778,0.3914788661334244,0.22707241026645975
2024-06-18,739054.2551981574,0.1414018931012593,13.698363064324205,1.232855267056406,-0.5506646679093458,-0.031042973403139704,-0.030636486359265133,-0.005007184964288877,2024-03-06,2024-05-15,738950.0,739020.0,2.42652792929069,0.18310932020475673,0.3914788661334244,0.18855060960332354
2024-05-15,739020.2486353124,0.9063721390400454,3.983808983607945,0.36129276054438314,-0.007240740535034519,-0.004631415513255362,-0.0038513495526912088,0.0025723756100942278,2024-03-13,2024-05-15,738957.0,739020.0,3.511863157032713,0.35569460648644874,0.3914788661334244,0.13802339078373113
2024-05-24,739029.2552965858,0.43283756653898553,10.293713477077857,0.3624708763975159,-0.023024555245975867,-0.008905441280959792,-0.007368727406360117,-0.005000874005549439,2024-03-20,2024-05-15,738964.0,739020.0,3.1997731019018905,0.1087148013415106,0.3914788661334244,0.1285640327666369
2024-06-06,739042.7052311836,0.44627501508843903,14.944284702429364,0.44736680007929586,-0.03450307006336861,0.003472372851240948,0.003467247472844795,-0.00018859528118850386,2024-03-27,2024-05-15,738971.0,739020.0,2.735150038762751,0.2967282045192815,0.3914788661334244,0.10420149853297965
2024-08-02,739099.7753455756,0.11061085394861506,8.606372619198257,-1.4224288356681964,0.9797159774219825,-0.09300034778758515,-0.03472687549018841,0.08627345366508023,2023-11-24,2024-05-16,738847.0,739021.0,1.5969891779833025,0.1353920668189396,0.3541718137206139,1.4911202787168452
2024-06-17,739053.5665939195,0.9850756789525323,3.381455933275994,0.34412361063766583,-0.0008117977533284654,0.0020173538864326906,0.0007934586563259351,-0.0018547614573865086,2023-12-01,2024-05-16,738854.0,739021.0,0.9756372141888129,0.11722807143754173,0.3541718137206139,1.1758979612081877
2024-07-26,739092.8832805012,0.2591763484716257,11.65383108967596,-0.5477366389546635,0.23700739858109263,0.040335818771570844,0.023346721663681597,-0.03289238306252052,2023-12-08,2024-05-16,738861.0,739021.0,2.1722828381987074,0.13067655419330196,0.3541718137206139,1.3636837665772044
2024-07-24,739090.8007320479,0.6943720291113685,3.2123175948730216,-0.07273044549737508,0.017757583580785437,0.009842332456532526,0.009841761012888117,-0.00010605823923230349,2023-12-15,2024-05-16,738868.0,739021.0,0.5933809964775583,0.3899954843629419,0.3541718137206139,0.7630784196197838
2024-07-26,739092.6961514816,0.8533832361751432,11.886883895976244,0.0934618888865815,0.0027792184850816636,0.0022825724218455126,0.0022821896378158735,0.00004180093318983393,2023-12-22,2024-05-16,738875.0,739021.0,2.1012152416119685,0.08741263469094608,0.3541718137206139,0.9099150146875185
2024-06-25,739061.4218861489,0.5415191605912145,5.931478749311049,0.07204951049180817,0.016830540125907165,0.012057899128794163,0.009633657047077106,-0.007251591776946397,2024-01-02,2024-05-16,738886.0,739021.0,1.385659884055019,0.12743163527474838,0.3541718137206139,0.9772417068646821
2024-06-13,739049.2698396238,0.7118149376475834,2.6020606122101952,-0.20793622907482898,0.028083157486305996,-0.01477382447692045,-0.0120885834410036,0.00849305834577553,2024-01-09,2024-05-16,738893.0,739021.0,0.7080761999393925,0.5199992164443158,0.3541718137206139,0.5859659969688004
2024-07-11,739077.9327289016,0.4082696543293459,5.617193751215197,-0.14585839764772865,0.06069560914755701,0.020964975563100667,0.0048015376395983515,-0.020407729826145006,2024-01-17,2024-05-16,738901.0,739021.0,1.0137106117390897,0.2104217416541765,0.3541718137206139,0.6677848969032621
2024-05-20,739025.6654137989,0.5299533047365862,3.788386652203509,0.25925757798033594,-0.0006856356086435427,0.01103570712807972,0.010862256682572635,0.0019489000945804409,2024-01-24,2024-05-16,738908.0,739021.0,1.9460919893877493,0.008691135186562147,0.3541718137206139,0.6862738196093208
2024-05-25,739030.5564817418,0.3567915974809029,5.990604906278854,0.37279906846754096,-0.033804356730834116,-0.01674148089785218,-0.00793014798754191,-0.014744149197184437,2024-01-31,2024-05-16,738915.0,739021.0,2.3764731358331,0.12026042787059624,0.3541718137206139,0.40045573246303734
2024-05-28,739033.1521200368,0.6918531818674657,14.736310858513972,0.3614240013297195,-0.009016639459816393,0.002127560784618018,0.0012202240700137426,-0.0017428620459472779,2024-02-07,2024-05-16,738922.0,739021.0,5.19120333973054,0.1989701355726644,0.3541718137206139,0.38763020111095614
2024-05-18,739023.4083757651,0.16007248707740798,11.944193776020679,0.689647436436735,-0.2664790548302409,-0.0173257827669738,-0.016900650870031748,-0.003814544357804916,2024-02-14,2024-05-16,738929.0,739021.0,6.9740728013215,0.20612471426480541,0.3541718137206139,0.325351716164422
2024-06-16,739052.9734482327,0.7580339595750347,11.408600200204697,0.4289658779187525,-0.007982551178785744,0.0022286725474721,0.0018122944024213318,-0.0012971392842744715,2024-02-22,2024-05-16,738937.0,739021.0,2.339493814039843,0.23798618615083444,0.3541718137206139,0.22116721154146435
2024-06-22,739058.3141135225,0.8063422792861024,4.632362454023268,0.6958369545672046,-0.01557856412265331,-0.0030676283163121884,-0.0019377707248563166,0.0023781059911051443,2024-02-29,2024-05-16,738944.0,739021.0,0.8254241638672836,0.8839782659075313,0.3541718137206139,0.2313927697973649
2024-05-16,739021.4992425283,0.5254409504452334,14.798474793121336,0.35176297291318387,-0.018725092524599356,-0.008492761742990941,-0.0003647859044835772,0.008484923881043386,2024-03-07,2024-05-16,738951.0,739021.0,11.659114249068452,0.07828561927855919,0.3541718137206139,0.1942072386997771
2024-05-16,739021.334881048,0.32230374956288693,9.981983717613303,0.4013983034928723,-0.05462350384257587,0.020839757353787482,0.015882142717169288,0.01349270281582626,2024-03-14,2024-05-16,738958.0,739021.0,8.328532378098034,0.08463215461182778,0.3541718137206139,0.17360979242777025
2024-05-23,739028.9889910538,0.33317666087510817,14.873492824747379,0.3727503305166557,-0.03324020590885265,-0.004087700869727672,-0.0016854229252382207,-0.0037240633672715353,2024-03-21,2024-05-16,738965.0,739021.0,4.925285573672862,0.18215714087925214,0.3541718137206139,0.14036807561211787
2024-06-04,739040.7939391865,0.8472763008930706,5.013112022716444,0.35150390772713275,-0.0032305195172753825,-0.0030759525716461526,-0.003070822865461401,-0.00017757013255615,2024-03-28,2024-05-16,738972.0,739021.0,0.9939279453748887,0.17750491542535435,0.3541718137206139,0.03517223480393016
2024-07-15,739081.0323288639,0.9557430893387104,11.06985224396594,0.08777720115120576,0.0019238825167284443,0.001487346712415041,0.00016773042722671136,0.0014778588385614422,2023-11-27,2024-05-17,738850.0,739022.0,2.4039571095823566,0.11167749721835155,0.3715635564324832,1.0121651562364167
2024-06-20,739056.5920660509,0.13111930584091083,8.41639406944238,-0.7454385769573154,0.5702174768431925,0.09080251148710396,0.05514386475312892,-0.07214048982682522,2023-12-04,2024-05-17,738857.0,739022.0,2.3476951536892985,0.09783252059758114,0.3715635564324832,1.19299304303562
2024-08-02,739099.000226607,0.7172713988590226,4.514257628341093,0.12341457356244925,0.006256272235845486,0.005452410672763507,0.005430183415012981,0.0004918233664470967,2023-12-11,2024-05-17,738864.0,739022.0,0.801649102286139,0.18231577682858005,0.3715635564324832,0.8736815847363474
2024-06-28,739064.9600578393,0.010003932947816542,8.780470758563679,-13.202365157502946,12.8852884648508,0.14609713977582672,0.021552808131634172,0.14449861837511954,2023-12-18,2024-05-17,738871.0,739022.0,2.106498237882015,0.1004859640130915,0.3715635564324832,1.3268188802839453
2024-06-24,739060.1536056416,0.24462377703275756,5.37271432778797,-0.23219826792556506,0.16819130730894793,-0.050497098146359665,-0.04782822046776761,0.016199328630832087,2023-12-26,2024-05-17,738879.0,739022.0,1.3320014160052593,0.15164987008456546,0.3715635564324832,1.1084434724657883
2024-06-18,739054.5828960066,0.45828155034909746,4.831618980442812,0.050172878076834015,0.029416023982282703,0.01964765289366914,0.01964758499402976,0.000051653968694855506,2024-01-03,2024-05-17,738887.0,739022.0,1.2593448710191326,0.14200805815584366,0.3715635564324832,0.9528095211964789
2024-07-03,739069.9661228263,0.34283601421781335,5.519185424015705,-0.147803145456492,0.08579070905899963,-0.030661489414668196,-0.019743229806098297,-0.023459151944377733,2024-01-10,2024-05-17,738894.0,739022.0,1.141748583792468,0.17380347776876517,0.3715635564324832,0.8530300335094966
2024-06-07,739043.8746529161,0.10389172330085476,13.16473553183134,0.4161628270657378,-0.1093407744734509,0.03207775604513511,0.01485388425971555,0.028431400867529842,2024-01-18,2024-05-17,738902.0,739022.0,3.9172793373516175,0.026899671521887335,0.3715635564324832,1.0980012649418622
2024-06-06,739042.3319809036,0.8490772900514174,2.2884626368081653,0.11251059336085406,0.007274942186377751,0.006505301501428404,0.00499358254331952,0.00416930222070087,2024-01-25,2024-05-17,738909.0,739022.0,0.6849695349642323,0.41492109529170196,0.3715635564324832,0.5483040678827705
2024-06-14,739050.3410298738,0.8898562200615567,2.878181020943847,0.2681319245705471,0.000253501434188828,-0.0022351070068357386,-0.0021821350857406754,-0.0004837249214023905,2024-02-01,2024-05-17,738916.0,739022.0,0.712799922131223,0.03506580683450971,0.3715635564324832,0.44010028578679605
2024-07-01,739067.222931922,0.7490043537929195,13.654261160966584,0.45459047949941417,-0.00796637729230436,0.0024001146126029567,0.0008906795389909746,-0.0022287306056257825,2024-02-08,2024-05-17,738923.0,739022.0,2.5203156842703183,0.18207278148923883,0.3715635564324832,0.2540722370356516
2024-05-25,739030.4847508068,0.8455981379317277,12.837861812185237,0.3653479038325661,-0.005355708153637824,-0.0015354515609780708,-0.0008050807725093907,0.0013074618334183513,2024-02-15,2024-05-17,738930.0,739022.0,5.050272534124442,0.22974819297918497,0.3715635564324832,0.2976226665917092
2024-06-09,739045.0492600021,0.9026673800713176,9.492272598706748,0.377324341144162,-0.0035041903291472137,-0.0012642231066625769,-0.001016171736737633,0.0007521004353643201,2024-02-23,2024-05-17,738938.0,739022.0,2.3199793285678587,0.2635854962869152,0.3715635564324832,0.22452345915089755
2024-06-10,739046.7025597835,0.31983606663320835,4.797903137159256,0.9192933733671467,-0.1917746232924607,-0.017630395471575192,-0.0054132415505960905,0.01677878602280388,2024-03-01,2024-05-17,738945.0,739022.0,1.0806193322727062,0.7251119192628837,0.3715635564324832,0.21772170962891
2024-06-01,739037.4081503298,0.8334563545011073,8.8198435822432,0.3754519682155689,-0.005395208844786683,0.0024807864651478955,0.0007689408971893384,-0.002358607933144176,2024-03-08,2024-05-17,738952.0,739022.0,2.4039364747142966,0.20551373672702777,0.3715635564324832,0.16779274172538788
2024-06-07,739043.4467808951,0.2955001548628196,12.508883709773713,0.6152625993331204,-0.1154173367948174,-0.017890561451782118,-0.014974717203836835,0.009789281573491767,2024-03-15,2024-05-17,738959.0,739022.0,2.7285543498820415,0.15240044552650206,0.3715635564324832,0.17620338749977613
2024-06-10,739046.7701247882,0.9063631866151787,7.010629782383384,0.386277349340205,-0.0036047748450793765,0.002019974697651915,0.0012330348531574917,-0.0015999758842097673,2024-03-22,2024-05-17,738966.0,739022.0,1.3188129552590906,0.2307158538483222,0.3715635564324832,0.05262699975147609
2024-06-08,739044.917062721,0.2680995464981491,9.376781698545674,0.8631600225542266,-0.21885584686850587,-0.011999697697874203,-0.002508890367586723,0.0117344882276049,2024-04-01,2024-05-17,738976.0,739022.0,1.643122558975635,0.5214709530487686,0.3715635564324832,0.04942112981981879
2024-06-13,739049.3187108117,0.6198369516047254,2.4567921891370452,0.47305269704941066,-0.010965468357061192,0.01324239550187793,0.011125073272827517,0.007182881267456375,2023-11-28,2024-05-20,738851.0,739025.0,0.8205863619230749,0.2089150234257526,0.3541718137206139,1.6590911593555826
2024-07-15,739081.905896851,0.006463159755998095,2.3476434526495966,-39.35797241022835,38.67362280922626,-0.3393910900925354,-0.09752136052879218,0.32507829253091136,2023-12-05,2024-05-20,738858.0,739025.0,0.5118208313662272,0.3137091398979121,0.3541718137206139,1.2697787461585779
2024-07-21,739087.7119905716,0.4001500423233938,2.986928219591342,-0.47512567843417297,0.13583687717803367,0.04391123699927106,0.019016562826169387,-0.039579882176233226,2023-12-12,2024-05-20,738865.0,739025.0,0.6024673540936157,0.41441941987529507,0.3541718137206139,0.8826972875339252
2024-06-18,739054.7458160765,0.12438564478781469,12.499179928017988,-0.9255714689945939,0.6994471825018499,0.037426396589462486,0.03610154385612127,0.009869837530389324,2023-12-19,2024-05-20,738872.0,739025.0,3.6114019564821094,0.18597974664434352,0.3541718137206139,2.3504819450821257
2024-05-31,739036.9801046614,0.5710738867452615,10.806604375692972,0.12227378250406185,0.013666036522680967,-0.007341099487159529,-0.0070936257643969556,0.0018900304746372755,2023-12-27,2024-05-20,738880.0,739025.0,4.425145163425401,0.09837494820357029,0.3541718137206139,1.8649969925672851
2024-06-24,739060.646512351,0.8220754842021634,8.672334790425955,0.1944577919796852,0.0016133438101290436,0.0034888033851714333,0.0032965122123647123,0.001142259293730614,2024-01-04,2024-05-20,738888.0,739025.0,2.177467409308817,0.043835513045574044,0.3541718137206139,0.6905041278367422
2024-06-24,739060.5452687049,0.82355545972424,11.584418472514452,0.25136500446399296,-0.000037042593235054554,-0.002940936178083046,-0.00039804539087301514,0.00291387464904763,2024-01-11,2024-05-20,738895.0,739025.0,2.836444315315795,0.000895435680927258,0.3541718137206139,0.8243440161858123
2024-06-16,739052.5385177925,0.578476127905844,8.195243335358704,0.26803776044153466,-0.0017055241745568765,-0.009186415833014282,-0.00858788345578476,-0.0032616703706711226,2024-01-19,2024-05-20,738903.0,739025.0,2.206857114516112,0.013104949976182036,0.3541718137206139,0.5242075087168692
2024-05-30,739035.4414013446,0.9138547578422462,12.507868498294686,0.29741841219351006,-0.0015796607181045804,-0.0013679240840102141,-0.0012613941132439328,0.000529245869789019,2024-01-26,2024-05-20,738910.0,739025.0,4.948972394496235,0.08437148503771676,0.3541718137206139,0.6636270567631625
2024-05-22,739027.4776952328,0.15496469573736563,11.09044102304666,0.7372419832034091,-0.28734982762563605,0.03160414830059349,0.024030457048179642,0.02052703884785869,2024-02-02,2024-05-20,738917.0,739025.0,6.702934869490854,0.1270430176934058,0.3541718137206139,0.3320182668256654
2024-06-17,739053.5755593339,0.3332119961759861,7.477243713807171,0.5488196514669739,-0.07646853401487118,0.009968029854419016,0.00894670472669321,0.0043952353420441724,2024-02-09,2024-05-20,738924.0,739025.0,1.7989986710677488,0.34186333606046787,0.3541718137206139,0.37006988457466045
2024-06-08,739044.4243690489,0.03452538997192845,3.4463302040946973,5.485580407954323,-4.582949831849293,-0.029991588341110913,-0.024738009113380408,0.016956599786778243,2024-02-16,2024-05-20,738931.0,739025.0,0.9678882651564381,1.5308313346367979,0.3541718137206139,0.332258196622371
2024-05-28,739033.8602616431,0.19841074953639742,10.175306296551872,0.7802042626906223,-0.25850079414856536,-0.024071581159387758,-0.01772978554051487,-0.01628176047607695,2024-02-26,2024-05-20,738941.0,739025.0,3.804930054785034,0.2093991767977363,0.3541718137206139,0.24451394627890857
2024-05-29,739034.0219875393,0.6689356922925344,14.42998517762273,0.40661622961124977,-0.012904646125539808,-0.0036053382958236876,-0.0034047863531415307,0.0011857040595334265,2024-03-04,2024-05-20,738948.0,739025.0,5.178699066010737,0.165927573515319,0.3541718137206139,0.21598365431509434
2024-06-04,739040.8336940282,0.34902819869252993,2.1463612953923916,1.3807982623233266,-0.3108478490729809,-0.0486856552169463,-0.04847434895439111,-0.004531061393458775,2024-03-11,2024-05-20,738955.0,739025.0,0.5774034984692288,1.0382562044981094,0.3541718137206139,0.2385589423980471
2024-05-26,739031.8401200214,0.6408332244950213,6.001657880568848,0.4339493828150766,-0.018922101188360605,0.006597551067977909,0.0044496270906963795,-0.004871190701288271,2024-03-18,2024-05-20,738962.0,739025.0,2.2192998221528244,0.3062389202531247,0.3541718137206139,0.14978449467714092
2024-05-22,739027.4212744919,0.8211234693755014,6.863502630133784,0.35404620603662207,-0.00566693282363586,-0.003521559184949491,-0.0023405783344451698,0.002631173151548183,2024-03-25,2024-05-20,738969.0,739025.0,3.477404777775072,0.19251994708752387,0.3541718137206139,0.07875249761302258
2024-06-08,739044.475986939,0.5309054580748535,2.4040412429731246,-0.20810536211280542,0.08440618796337039,0.03626656271268978,0.03320524479434314,0.01458339086568032,2024-04-02,2024-05-20,738977.0,739025.0,0.4754334470351474,0.5139763868775405,0.3541718137206139,0.024649058626495707
2024-07-08,739074.2900532958,0.3232530249188735,7.818937626182645,0.010448478064405728,0.06187453367700409,-0.03096313979238244,-0.030920940223485693,-0.001616007889288158,2023-11-29,2024-05-21,738852.0,739026.0,1.8999314614468554,0.08261554920175795,0.40268346514628756,1.64976744495503
2024-08-03,739100.7550807088,0.7795760065816746,3.3899383623561032,0.5906637375285941,-0.0044562371383212165,0.0059197331108162676,0.005604968900228406,0.0019046164261516865,2023-12-06,2024-05-21,738859.0,739026.0,0.6332453179689462,0.17311425417550022,0.40268346514628756,1.122029042382934
2024-07-28,739094.8698488491,0.722453090914572,12.326368778352926,-0.00397949639675087,0.008404504245668878,-0.004191621391459656,-0.0036405121786543394,0.0020775853692235166,2023-12-13,2024-05-21,738866.0,739026.0,2.355997353315105,0.11751804271529723,0.40268346514628756,1.2081100418480937
2024-06-09,739045.1939648859,0.42978538647637,12.965234367510803,-0.006254499833043354,0.04594778670872028,-0.007403620559280382,-0.004980166773523123,0.005478278588543617,2023-12-20,2024-05-21,738873.0,739026.0,4.527330531499545,0.2057272005596841,0.40268346514628756,2.368930162861522
2024-07-14,739080.7096587282,0.9923869103235052,10.716547069012616,0.18372257211363532,0.0007346357127924363,0.0013200077095187502,0.0010714931075512264,-0.0007709233902659542,2023-12-28,2024-05-21,738881.0,739026.0,2.208441301040892,0.05153730689856354,0.40268346514628756,0.7720327947440981
2024-07-13,739079.4194439001,0.5221695809096084,3.931753039597318,-0.504877538335766,0.07451018983166584,-0.023324539502336147,-0.0226514093368242,-0.00556307451430167,2024-01-05,2024-05-21,738889.0,739026.0,0.7953723974023963,0.42425593724959654,0.40268346514628756,0.6181912055720054
2024-06-14,739050.6805543806,0.12866776237618008,12.927313009330287,0.25888995580431506,-0.0012624048733799603,0.042495462636341075,0.02797693753727456,0.03198679900696689,2024-01-12,2024-05-21,738896.0,739026.0,3.7761256583084872,0.00029567702823157907,0.40268346514628756,1.3387183697329073
2024-07-08,739074.7528391666,0.6259920451117477,10.12208736831157,0.2941524168767372,-0.002510803740368293,-0.006052685390619844,-0.002112334116341616,0.0056721287907418125,2024-01-22,2024-05-21,738906.0,739026.0,2.0003086031134503,0.025654490810911357,0.40268346514628756,0.5874374558767483
2024-06-15,739051.7323527794,0.43157711919012154,5.112260250691758,0.40888776196593013,-0.026340801431402956,0.0077926903585408625,0.005968143043079513,0.005010717677283098,2024-01-29,2024-05-21,738913.0,739026.0,1.3708211422615524,0.2853560086766439,0.40268346514628756,0.6763037430449319
2024-06-08,739044.2066571795,0.3757534993376045,7.001611840775615,0.4663934065902065,-0.04889053153983968,-0.011059628747269698,-0.010006336793384567,-0.004710478957048057,2024-02-05,2024-05-21,738920.0,739026.0,2.1397126727548024,0.23724070919622267,0.40268346514628756,0.36096919118437304
2024-05-26,739031.6600483858,0.7794349843325712,14.785164786547424,0.36726533523290095,-0.0067748963501709026,0.001545897282699558,0.0004166479591121702,-0.001488691669495581,2024-02-12,2024-05-21,738927.0,739026.0,6.864756914838732,0.23103392007142026,0.40268346514628756,0.37000144170484994
2024-06-29,739065.3605589778,0.13696781159508545,4.640005031298492,2.4960025573500695,-1.2529028259917219,-0.02970906054459731,-0.02736301817158047,0.011571236536529077,2024-02-20,2024-05-21,738935.0,739026.0,0.8843589265293108,1.244882997381708,0.40268346514628756,0.30809326602556514
2024-06-10,739046.3003823414,0.8695630588667205,10.61315641961218,0.3899063201764327,-0.004238552348872641,0.0015213082902119609,0.0005351530029038543,0.0014240752007357712,2024-02-27,2024-05-21,738942.0,739026.0,2.7645001173318606,0.22827420344237784,0.40268346514628756,0.2130762543773864
2024-06-24,739060.7229477074,0.7182515946995268,2.055260167419002,2.1486783064271755,-0.10341121511418958,-0.034476898352223395,-0.03056151626724229,-0.01595776436211003,2024-03-05,2024-05-21,738949.0,739026.0,0.38226166717893173,1.0482122875677566,0.40268346514628756,0.22421370586551229
2024-06-19,739055.7064627026,0.3214549082191907,9.53802123872968,0.8462058578096701,-0.16026777697100364,-0.01763354847981597,-0.010174034032029534,-0.014402467271447797,2024-03-12,2024-05-21,738956.0,739026.0,1.8381225232933838,0.306315006049441,0.40268346514628756,0.17476314586600927
2024-05-22,739027.4100476622,0.6060016983541189,4.07974536382363,0.419273115120749,-0.02137415651804537,-0.007690880918070298,-0.005546274399487231,-0.005328084982573982,2024-03-19,2024-05-21,738963.0,739026.0,2.4814393232142273,0.4128133010636438,0.40268346514628756,0.13193920085569752
2024-06-10,739046.772249972,0.9718355066286744,7.765948890452352,0.41443454341047586,-0.0034124905343412676,-0.0014266649072468842,-0.0007170556239771868,0.001233370986237493,2024-03-26,2024-05-21,738970.0,739026.0,1.615716275421831,0.2993282529558783,0.40268346514628756,0.06867817402837614
2024-06-03,739039.1394348266,0.5845958576622746,7.1841148241319965,0.5284162472657394,-0.03245102891609457,-0.004186807282993396,-0.001221043281030715,-0.004004798188520402,2024-04-03,2024-05-21,738978.0,739026.0,1.7580027804567135,0.6307074617969767,0.40268346514628756,0.0345234731361649
2024-05-22,739027.1560572237,0.38980992383700064,6.598894390225964,0.1899931045325955,0.02004874052443571,0.03527245488774144,0.019964213014331964,0.029078794206880948,2023-11-30,2024-05-22,738853.0,739027.0,7.370089454038966,0.033576322050621596,0.3244960455744974,1.1259026540720811
2024-07-04,739070.6625157722,0.28185489620952914,2.7699344812488005,-0.47063301480825354,0.23723621648855758,-0.06658113038597062,-0.059736673915402966,-0.02940368536422663,2023-12-07,2024-05-22,738860.0,739027.0,0.6937934276265706,0.36256502882478997,0.3244960455744974,1.0748764687894985
2024-07-27,739093.1699276704,0.41727497224127663,2.756218614233516,-0.9695621442703193,0.1996177220903427,-0.05473945703600336,-0.01898159674774183,-0.051343034011466185,2023-12-14,2024-05-22,738867.0,739027.0,0.5391468342115996,0.552086700839328,0.3244960455744974,0.7823577762291976
2024-07-01,739067.6889545313,0.8067971032557482,8.226579111408357,0.1780104514125186,0.0024000777431345743,0.0035017947902744036,0.0008793486126626932,-0.0033895888792892194,2023-12-21,2024-05-22,738874.0,739027.0,2.0428978405951836,0.06721708415596467,0.3244960455744974,0.9475779669771354
2024-06-19,739055.8640055025,0.1108147959980839,9.03790760798802,-0.16319950579022566,0.26851240097502344,-0.09277562617550056,-0.015591975739951112,0.09145603919250495,2023-12-29,2024-05-22,738882.0,739027.0,2.5829530407221886,0.03548626632880473,0.3244960455744974,1.1799729817418216
2024-07-21,739087.5313006511,0.7624482523715364,13.130184121411054,0.1909697161422428,0.0017199813166008746,0.003710779185972029,0.0029223963229321045,-0.002286806047472358,2024-01-08,2024-05-22,738892.0,739027.0,2.4503378935331543,0.026915234910718122,0.3244960455744974,0.8603071398977756
2024-07-12,739078.7044378081,0.2125166101949661,12.541985645266548,0.34208798286280795,-0.03471970842312224,-0.046805164425846355,-0.0006770513968132592,0.04680026728915785,2024-01-16,2024-05-22,738900.0,739027.0,2.4755661188123472,0.012569235826737165,0.3244960455744974,0.7204941133754735
2024-06-03,739039.0578568329,0.13797456589486948,9.90386140101164,0.6646943807515874,-0.24110692373156864,-0.05525653731293774,-0.04436262865649737,-0.03294301283279657,2024-01-23,2024-05-22,738907.0,739027.0,3.7727880875636526,0.06078836999460103,0.3244960455744974,0.604813405976834
2024-06-01,739037.0403475985,0.18303430035277593,5.8913934010847,0.5626220581516725,-0.15400292572183386,-0.028020974164136864,-0.014350013768296227,-0.024067656677726944,2024-01-30,2024-05-22,738914.0,739027.0,2.349643614213111,0.17074979911284147,0.3244960455744974,0.524375891392871
2024-06-17,739053.5091345991,0.07391577655881877,14.718867505710788,2.2002661565368467,-1.4423541727288944,-0.04153581713402269,-0.012025655548904305,0.039756857441328036,2024-02-06,2024-05-22,738921.0,739027.0,3.7695920423126936,0.17438611581919417,0.3244960455744974,0.31339061545318175
2024-06-24,739060.4521860974,0.9674420918509883,4.253619906040489,0.43344338894152046,-0.0029906591265565614,-0.0003313691569807321,-0.00020901663071687786,0.00025713336283315197,2024-02-13,2024-05-22,738928.0,739027.0,0.9316016569271232,2.052679436050158,0.3244960455744974,0.38077914737624136
2024-06-30,739066.7429753067,0.06603356213149715,10.07876490519162,2.8676626636123452,-1.9763843372017869,0.04137585461424682,0.006820644329757372,0.040809804655085526,2024-02-21,2024-05-22,738936.0,739027.0,1.9101451574217105,0.31295495837949827,0.3244960455744974,0.23471730258978774
2024-06-09,739045.4997072644,0.2155715455925476,8.984591533817175,0.8453354797333683,-0.2558006528959122,0.02029442218105016,0.019091135828056396,0.006884192360575209,2024-02-28,2024-05-22,738943.0,739027.0,2.4482111609465553,0.3024252552559692,0.3244960455744974,0.22044588476134722
2024-05-24,739029.6116483901,0.6060108728141512,14.725554632555951,0.3863808046553887,-0.015603289162265613,-0.00440874122190471,-0.004403539219415015,-0.00021410629321818648,2024-03-06,2024-05-22,738950.0,739027.0,8.008653427374131,0.14564993792781095,0.3244960455744974,0.22450723213293103
2024-05-23,739028.8849395458,0.5007661962859068,12.128060807613984,0.4088478194853701,-0.02637142801154994,-0.00928891044979297,-0.0009815382366587853,-0.009236906410387066,2024-03-13,2024-05-22,738957.0,739027.0,7.028336982015496,0.11722291321151625,0.3244960455744974,0.1901748815093159
2024-06-14,739050.783955361,0.2314153827943251,8.502727522311417,0.8384096585036281,-0.2289633624702255,0.02212332044713346,0.01779395123157391,-0.013145973040247833,2024-03-20,2024-05-22,738964.0,739027.0,1.7516625195231916,0.28167587152993595,0.3244960455744974,0.11639412970669877
2024-05-31,739036.2864164286,0.9855573133933617,2.842973702531547,0.3169971251994437,0.0005328739276259279,0.0036293281092461137,0.002080631816298303,0.0029737171636810373,2024-03-27,2024-05-22,738971.0,739027.0,0.8824276102719433,0.0508987693385103,0.3244960455744974,0.033819348453757836
2024-06-04,739040.9273352074,0.04237797072653105,5.434948890777985,3.1820523416733835,-2.5023305934167013,-0.030648127301761873,-0.0067858031476894405,-0.029887465311494867,2024-04-04,2024-05-22,738979.0,739027.0,1.2906720854940683,0.6366275590901318,0.3244960455744974,0.03051910242805415
2024-06-16,739052.8349380522,0.8336858756438825,13.437553273366976,0.08509836718620409,0.004927514958949238,0.0010112184177004495,0.0007227441886763484,-0.0007072506811811266,2023-12-01,2024-05-23,738854.0,739028.0,4.448876432375995,0.302318848751576,0.26236426446749106,2.307217744107657
2024-07-04,739070.7280521952,0.013231574976555475,5.850932225409954,-9.08156860950547,8.813315376015678,0.1441064452134656,0.1029866166050496,-0.10079893031330286,2023-12-08,2024-05-23,738861.0,739028.0,1.4815058752858372,0.13830643293976524,0.26236426446749106,1.4907400758504805
2024-07-03,739069.4734900756,0.9809049007840642,2.681682547236436,0.18655940862305836,0.0023717761685954656,-0.0026457491349078607,-0.002617808394698519,0.0003834940592912163,2023-12-15,2024-05-23,738868.0,739028.0,0.6746063168936104,0.3279023861121346,0.26236426446749106,0.7811232508217316
2024-07-08,739074.3337308852,0.33574742591877565,12.105309936094514,-0.04380004931967104,0.0685605294578545,0.026962527099237698,0.025197911035676618,-0.0095939119766263,2023-12-22,2024-05-23,738875.0,739028.0,2.811150835468295,0.07052617762296376,0.26236426446749106,1.5761796528988505
2024-06-03,739039.7875953075,0.6655738128707952,12.622961814454555,0.16390516860143628,0.006495701431808187,0.003874117879918593,0.0034481532170272987,-0.0017660772178501223,2024-01-02,2024-05-23,738886.0,739028.0,5.160183440379308,0.08840731104497623,0.26236426446749106,1.9112725943999094
2024-06-03,739039.8092914365,0.06145279070075561,2.2708715096704535,-2.4701528321603634,2.1943617175900303,0.18718120755109977,0.17280922019707382,0.07192897799334526,2024-01-09,2024-05-23,738893.0,739028.0,0.9108690244958658,0.31724517204901437,0.26236426446749106,0.9351014763728633
2024-07-09,739075.2026316276,0.4765083264666842,5.15701685150521,0.08671539477044406,0.02036938958960983,-0.015023464206128009,-0.010999643950010097,0.010232903289185125,2024-01-17,2024-05-23,738901.0,739028.0,1.0717295634844914,0.12527945960680456,0.26236426446749106,0.7168567276468032
2024-07-15,739081.230247409,0.7804306451729401,13.423342989634744,0.36559835968074095,-0.0033307018254851444,0.002752485906912977,0.002604975526565969,-0.0008889776002503684,2024-01-24,2024-05-23,738908.0,739028.0,2.5209307826494793,0.07035326840281945,0.26236426446749106,0.4546249756930582
2024-07-06,739072.3764570291,0.6796672093332198,11.090333310826708,0.39539064679928104,-0.007292523671933777,0.0037168715232701968,0.00371591602227797,-0.00008427357756012532,2024-01-31,2024-05-23,738915.0,739028.0,2.234472400670163,0.12024084428429208,0.26236426446749106,0.3320825324772799
2024-07-10,739076.8522043955,0.905097186878318,4.041077739107717,0.335782558468819,-0.001225449504909521,-0.0010916634755089674,-0.0010750091571255526,-0.00018995908995498618,2024-02-07,2024-05-23,738922.0,739028.0,0.7419925642131616,0.2514227953072169,0.26236426446749106,0.4129802759441074
2024-06-15,739051.8665683116,0.3009577669003645,13.461762610384602,0.7282395545415714,-0.1415536872880277,-0.01641070586522011,-0.007596965632083145,0.01454638718650501,2024-02-14,2024-05-23,738929.0,739028.0,3.5107539087753614,0.19284019105849565,0.26236426446749106,0.2596630692025285
2024-05-25,739030.9701230223,0.12915579133985713,5.6876395067712275,0.8799588874094025,-0.40697221857691324,-0.032178463101144035,-0.025581879111999956,-0.01951975790451071,2024-02-22,2024-05-23,738937.0,739028.0,3.126953978159918,0.2871979188975832,0.26236426446749106,0.2671736996472039
2024-06-01,739037.1460509351,0.8348735719110922,3.0164317113909718,0.43269874938348796,-0.008594215827700528,0.0019455602533993846,0.0018752387312243625,0.0005183477602184853,2024-02-29,2024-05-23,738944.0,739028.0,1.1141920314477056,1.2226123725471338,0.26236426446749106,0.26797906389655163
2024-06-06,739042.3857925239,0.0184143105537864,7.913014722344136,6.353355823374537,-5.692957541357308,-0.042227808653312646,-0.00044727484615513646,0.04222543983042437,2024-03-07,2024-05-23,738951.0,739028.0,2.3284318575817537,0.3137277170911611,0.26236426446749106,0.23108378755921677
2024-06-23,739059.8365321892,0.7816815430701249,9.912012505475442,0.5186114425070579,-0.010471645253722498,0.002933850824025481,0.0029331463452396613,-0.00006428977400964768,2024-03-14,2024-05-23,738958.0,739028.0,1.834298399938096,0.28147829378713385,0.26236426446749106,0.15764532541514814
2024-06-15,739051.4868381008,0.2432632155835242,13.909558988315956,0.6249969465902165,-0.13446600704733566,-0.013536952006352672,-0.008132482205801381,-0.010821820678361823,2024-03-21,2024-05-23,738965.0,739028.0,2.8857710479732557,0.17372195261096338,0.26236426446749106,0.13801777369042814
2024-06-07,739043.4882803229,0.6799992537850458,6.503363364216628,0.4498123022946775,-0.0142647921589414,-0.004326513764747936,-0.003954832709617072,0.0017544285666553211,2024-03-28,2024-05-23,738972.0,739028.0,1.5830455299434225,0.34474483995817373,0.26236426446749106,0.0603218488979949
2024-05-23,739028.1932617843,0.8527255917103511,5.251385255034282,0.3678723511001846,-0.006539685443164247,-0.00225873067676915,-0.0013178307450947694,0.0018344444383684635,2024-04-05,2024-05-23,738980.0,739028.0,4.612631978107918,0.4701406742521844,0.26236426446749106,0.04692630216451616
2024-07-28,739094.956810224,0.3654770192048791,4.826929861427036,-0.07436645482799237,0.06466592049098666,0.026684933807305203,0.003152786999162705,0.026498030614333784,2023-12-04,2024-05-24,738857.0,739029.0,0.9857071769956836,0.18348409324502693,0.2814124594381855,1.1551615433546352
2024-07-08,739074.3804123608,0.8297792674212969,3.379499650811618,0.18447337633368888,0.003273573633161682,0.003822237752486714,0.0038170972632355763,0.00019816639355390062,2023-12-11,2024-05-24,738864.0,739029.0,0.8249957181443878,0.21028804810430374,0.2814124594381855,0.9244422952243022
2024-06-25,739061.206052746,0.466068993421617,3.1457851340473377,-0.1721324528803,0.06445178815051943,0.027392620829857776,0.011362047041849786,-0.024925078995805625,2023-12-18,2024-05-24,738871.0,739029.0,0.8891617942494018,0.3485961130964907,0.2814124594381855,0.7654918674291382
2024-07-05,739071.6454598868,0.09021748978374601,5.193211885508154,-1.2823115077510685,1.033812416103699,-0.11023732085550803,-0.08035556176867227,0.07546688414292271,2023-12-26,2024-05-24,738879.0,739029.0,1.246342926417675,0.16291752006359883,0.2814124594381855,1.0569243661086603
2024-07-20,739086.1396223573,0.5118019068010283,4.616244771916834,-0.3188142885434468,0.056399127837607824,0.019046943072863733,0.016521681300637685,0.009477346011467073,2024-01-03,2024-05-24,738887.0,739029.0,0.9172768496681174,0.32829190575638456,0.2814124594381855,0.6601020985266512
2024-06-19,739055.8889725406,0.5082438208298384,8.457956929635353,0.2368196436963258,0.002634462742596143,0.014732177499537574,0.005772050611196615,-0.013554353013687742,2024-01-10,2024-05-24,738894.0,739029.0,2.416557350848126,0.010745626872984568,0.2814124594381855,0.7614290441537077
2024-05-24,739029.7195003936,0.8378726252065749,9.058357641330822,0.292906233537112,-0.001829322379255846,0.0034948567948022637,0.002355530251001954,-0.002581763206181044,2024-01-18,2024-05-24,738902.0,739029.0,7.466523094420828,0.04841605510288587,0.2814124594381855,0.5734744057708109
2024-07-07,739073.3201271192,0.8088059746941691,2.1129218536480443,-0.8013704370037855,0.03681463787140084,0.018236247592286533,0.00922004066043223,0.015733771844893156,2024-01-25,2024-05-24,738909.0,739029.0,0.44065634730185194,0.7727623752146088,0.2814124594381855,0.5070905045791656
2024-07-17,739083.4752023516,0.7696697722050891,10.932242587281594,0.38107696975875405,-0.004003451173288415,0.001781492116462208,0.0017240262876257976,0.00044882905497773627,2024-02-01,2024-05-24,738916.0,739029.0,1.9540867313534853,0.15821432462889518,0.2814124594381855,0.40978764114375127
2024-07-07,739073.5326218583,0.08045737686471079,14.097152149561285,2.444741739504397,-1.5421433877242392,-0.044579065448949344,-0.003094750147649927,0.04447151445392135,2024-02-08,2024-05-24,738923.0,739029.0,2.7326484700471054,0.19743687957160294,0.2814124594381855,0.2933663583187374
2024-06-18,739054.4346173527,0.5992898224192035,4.419085323283204,0.4960214251410024,-0.021297894355916783,-0.0005446109420236554,-0.000187822308375452,0.0005111984532922707,2024-02-15,2024-05-24,738930.0,739029.0,1.1166384054795795,5.303405333770191,0.2814124594381855,0.38313552246580496
2024-06-08,739044.8117216951,0.4253918167550964,7.037830167246166,0.5462181400054404,-0.05715242333544618,-0.009750753283236387,-0.0007774613546159778,-0.009719709019956495,2024-02-23,2024-05-24,738938.0,739029.0,2.1397555268411086,0.3542801586593592,0.2814124594381855,0.23648222192486706
2024-07-02,739068.7746497643,0.5438151314759251,11.527804862599373,0.567983904823435,-0.030315416270279602,-0.005126725484490567,-0.0016414768465143437,0.004856837237923706,2024-03-01,2024-05-24,738945.0,739029.0,2.082819714087262,0.2789511421150849,0.2814124594381855,0.19530317293338204
2024-06-07,739043.22924989,0.9777772390352171,4.883120247293874,0.42733435021733884,-0.004366345905575849,-0.001451707148448027,-0.000525493925899239,0.0013532589473925927,2024-03-08,2024-05-24,738952.0,739029.0,1.444045887824189,0.6022566817660802,0.2814124594381855,0.2161314108350041
2024-06-04,739040.1991307451,0.1694193587427966,14.418156164121411,0.7376706147859713,-0.2555114768237858,-0.016855308553080515,-0.011530616272206817,-0.012294157750845257,2024-03-15,2024-05-24,738959.0,739029.0,4.545998862078663,0.17812587614768072,0.2814124594381855,0.23384636197321126
2024-06-03,739039.5924137469,0.7939168010572155,13.962495772077656,0.3466576506576666,-0.003968488027184076,-0.0014036016920551662,-0.0008831941149126207,0.0010909014003675302,2024-03-22,2024-05-24,738966.0,739029.0,4.30752154128993,0.16076560135665363,0.2814124594381855,0.14928051412141538
2024-06-02,739038.236755452,0.43120026916678433,4.577624735458977,0.46375067098867917,-0.040670779178069244,0.012150687122753974,0.005772812481356667,0.010691764756584947,2024-04-01,2024-05-24,738976.0,739029.0,1.3898980142150434,0.3152974735635702,0.2814124594381855,0.04241991209863744
2024-06-10,739046.5292569437,0.9572028633164404,5.811499086534047,0.3833664514231055,-0.0027664085065772243,0.0017025766423246667,0.0015207073661479575,0.000765647653645512,2024-04-08,2024-05-24,738983.0,739029.0,1.19096536560157,0.2676242452732438,0.2814124594381855,0.03379618546825147
2024-08-03,739100.3056719395,0.5777592244292337,13.02654457028448,-0.08678518006087305,0.021999253658098572,0.00813908515662255,0.007569313562532148,0.002991688382639543,2023-12-05,2024-05-28,738858.0,739033.0,2.6557268996394865,0.1198809051116782,0.2814124594381855,1.377579721344234
2024-06-10,739046.9347074771,0.34328833088904936,8.346624511039197,0.06562125217391786,0.05094997803729647,-0.034836556465520634,-0.01167210644165246,-0.03282297362504108,2023-12-12,2024-05-28,738865.0,739033.0,3.41302872304467,0.06015295220705971,0.2814124594381855,1.413369349320812
2024-08-01,739098.1516800176,0.9699598334173569,10.745564091992472,0.15009313555344228,0.001140584792444521,0.0012076622206848272,0.0008412628441532686,0.0008664438044769907,2023-12-19,2024-05-28,738872.0,739033.0,2.1283350933847944,0.08525240269893536,0.2814124594381855,1.0953393970195775
2024-06-30,739066.3704004673,0.9260875703078659,12.579130034190957,0.16053649340988954,0.0015912269876632802,0.0015214424920204543,0.00020762466276218026,0.0015072090949627057,2023-12-27,2024-05-28,738880.0,739033.0,3.443626582913766,0.07699775153468871,0.2814124594381855,1.4876775328184977
2024-05-28,739033.3609431897,0.5595670758438124,2.511259000377068,0.23468375659732613,0.009529067652711673,0.019485537436139493,0.011268836984142086,0.015896524217577406,2024-01-04,2024-05-28,738888.0,739033.0,2.39737810553148,0.10896792188547746,0.2814124594381855,0.9279900041256586
2024-06-08,739044.2498417489,0.8225297501776603,10.01206363707115,0.2712169193581455,-0.0005995103511661647,0.003571882985816232,0.001813773133540826,-0.0030771049843008247,2024-01-11,2024-05-28,738895.0,739033.0,4.119544907046806,0.013788831883418595,0.2814124594381855,0.7783561785667437
2024-07-05,739071.5323043336,0.10096462168112667,5.741109682085112,0.3930523739628397,-0.0890665832140826,-0.05713492613046601,-0.0008379995035951949,-0.05712878031925607,2024-01-19,2024-05-28,738903.0,739033.0,1.3483219184354776,0.02741488953173092,0.2814124594381855,0.8499468575624142
2024-07-25,739091.837692446,0.8265602225760562,3.530402983943988,-0.30213850106722606,0.013550034316721688,-0.006055347036990392,-0.0018692537377918146,0.00575961094190742,2024-01-26,2024-05-28,738910.0,739033.0,0.6339883038471943,0.5239038344520214,0.2814124594381855,0.5043672516429683
2024-06-18,739054.7322856371,0.5347840225555814,10.823716764254184,0.4512045482399292,-0.022240730201541922,-0.00670506184938949,-0.0066985655762829485,0.0002950824026869479,2024-02-02,2024-05-28,738917.0,739033.0,3.180891749217504,0.16388841610890043,0.2814124594381855,0.30109106831341453
2024-07-08,739074.8081293773,0.4322955007849766,5.009169234731473,0.5226357702167754,-0.04075489654871353,0.004818152958812601,0.0006805966750534976,0.004769841307676883,2024-02-09,2024-05-28,738924.0,739033.0,1.0227855544111808,0.7299854819308549,0.2814124594381855,0.42346076842634367
2024-06-19,739055.2405191102,0.04527303080039081,4.171828619135457,3.3061837193366963,-2.5471069586070043,-0.006823060244921908,-0.004741495733403471,-0.0049063600882885165,2024-02-16,2024-05-28,738931.0,739033.0,1.1422250369739981,4.051175770776003,0.2814124594381855,0.3766974254094076
2024-06-10,739046.0620141459,0.6798834553717495,13.659991866684997,0.42906473188576194,-0.012489919484195524,-0.002720113757410028,-0.0011686052243121486,0.002456294095372469,2024-02-26,2024-05-28,738941.0,739033.0,4.532562633281335,0.22853704306732256,0.2814124594381855,0.28096718405622384
2024-06-08,739044.6929176141,0.6599569089803549,9.459284732727692,0.40877061950747995,-0.012088138497927564,-0.003810829884765381,-0.0027484723031256145,0.002639758399848802,2024-03-04,2024-05-28,738948.0,739033.0,3.180437249021095,0.2213080168007926,0.2814124594381855,0.2077026494524255
2024-06-11,739047.9220705109,0.29109639942071436,14.097238175661857,0.5950146339589746,-0.10887809451656846,-0.0158749822085801,-0.011791163789015655,-0.01062937047163851,2024-03-11,2024-05-28,738955.0,739033.0,4.1034470896373225,0.14162178397154096,0.2814124594381855,0.2254785343759302
2024-06-04,739040.6590461504,0.303947049578655,2.9437583857792027,0.3533492090729718,-0.021444839761543568,-0.019314255974489127,-0.009710740583554962,0.01669556830919474,2024-03-18,2024-05-28,738962.0,739033.0,1.0912785923591923,0.1146411655911362,0.2814124594381855,0.2121526893433378
2024-06-07,739043.5892576894,0.4253419763794949,10.563904958080647,0.44480452941061177,-0.03563533076729891,0.009331297587016263,0.0057762380043133756,0.007328587119969397,2024-03-25,2024-05-28,738969.0,739033.0,3.2821561116338978,0.15376323726496482,0.2814124594381855,0.11663971542514559
2024-05-28,739033.4821903185,0.6790764364483014,2.104190687883249,0.2507748859298305,0.010662123419310263,-0.014524729961303419,-0.0016603435085039977,-0.01442951973845816,2024-04-02,2024-05-28,738977.0,739033.0,1.595206713321427,0.2369022607362526,0.2814124594381855,0.03055180771127993
2024-06-01,739037.5248444921,0.9311073214841432,2.894400011235403,0.273437079766749,0.0025740819362965652,0.004863814543174195,0.0010397156911096045,0.004751387501778116,2024-04-09,2024-05-28,738984.0,739033.0,1.1380846516441454,0.17024977646681413,0.2814124594381855,0.028017765318274997
2024-06-09,739045.6930127783,0.46078506079963344,8.030277314470322,0.13639656477524506,0.020732341816472825,-0.021324980639480687,-0.019755004927082608,0.008030851735972216,2023-12-06,2024-05-29,738859.0,739034.0,3.540827575473241,0.05578630050766914,0.2687540625662619,1.2368198827309684
2024-08-11,739108.8029811863,0.12313440188159744,5.2841180406422446,-2.650548137265044,1.615531704181022,-0.1085306689634009,-0.009074600753367048,-0.10815062517993265,2023-12-13,2024-05-29,738866.0,739034.0,0.9901795288655854,0.3468725235429361,0.2687540625662619,0.7634694462329727
2024-08-11,739108.6144009036,0.4010821855588559,4.235705530931103,-1.0541233504543124,0.19785773379461058,0.038183070855954356,0.03437630779984593,-0.016619758182388904,2023-12-20,2024-05-29,738873.0,739034.0,0.7751611670859493,0.49067032111211645,0.2687540625662619,0.6838553531382947
2024-08-04,739101.176350927,0.5057106369668699,8.75916535029367,0.10324442822501238,0.014983968207169018,-0.010970712377990823,-0.010556057108207553,0.002987672741258964,2023-12-28,2024-05-29,738881.0,739034.0,1.6549044567247981,0.07885538881461626,0.2687540625662619,1.3252545723458824
2024-07-11,739077.0043522854,0.7510173134068039,2.904541018199674,-0.47811251157348855,0.029271529898114608,0.012939181331237504,0.0006398862793495556,-0.012923349375148266,2024-01-05,2024-05-29,738889.0,739034.0,0.6819270031030916,0.5849396455530752,0.2687540625662619,0.5563094281317352
2024-07-14,739080.1561821119,0.4455765262349102,14.221491764885888,0.283916448550583,-0.0036087437349908128,-0.013373105465751394,-0.009813608423756268,-0.009084769645031725,2024-01-12,2024-05-29,738896.0,739034.0,3.1320158904153845,0.008454752961107419,0.2687540625662619,1.017383509231927
2024-06-04,739040.9890765987,0.45636138896128353,8.627518977466856,0.3275164569914535,-0.012744715742728036,-0.01648451069583762,-0.0032426274937195675,-0.01616243978544573,2024-01-22,2024-05-29,738906.0,739034.0,4.065573236114245,0.04089564505453286,0.2687540625662619,0.5145749138246104
2024-06-20,739056.8673890352,0.15909296821331312,8.780890468260747,0.6732471361431777,-0.2167128835931065,0.042602766022303555,0.04151203540409206,0.009578443994749337,2024-01-29,2024-05-29,738913.0,739034.0,2.5702949191249735,0.0921635847859579,0.2687540625662619,0.47746719035216084
2024-07-17,739083.3964096515,0.7965409849331564,6.080706254357345,0.40425074289045043,-0.004218357495818288,0.0009746895393986012,0.0008085802402078345,0.0005442588477539875,2024-02-05,2024-05-29,738920.0,739034.0,1.1577500036704302,0.5669322726072226,0.2687540625662619,0.43545674060102
2024-06-20,739056.1288064503,0.6556729113377019,7.024313018809052,0.40361318579027694,-0.01032522108460827,0.0014870443407997962,0.0003782190406870786,-0.00143814158856715,2024-02-12,2024-05-29,738927.0,739034.0,1.9719930527865195,0.648125078098327,0.2687540625662619,0.4156564106532604
2024-07-09,739075.6690440166,0.6182547460910942,7.451510708276123,0.571687102898713,-0.021715538220332467,-0.0013319768658527648,-0.0013074137307118037,-0.00025462071383372867,2024-02-20,2024-05-29,738935.0,739034.0,1.4428813824701838,1.3526861549154165,0.2687540625662619,0.3475775135774801
2024-06-19,739055.7048254148,0.4776307040255058,4.27689836602736,0.5783142330056616,-0.0477777132260689,0.0022609682684397547,0.002038904162497622,-0.000977162896881238,2024-02-27,2024-05-29,738942.0,739034.0,1.1272703272104219,2.3599032549073633,0.2687540625662619,0.3300418726066545
2024-06-18,739054.5440550421,0.9609833602880926,13.454884963225943,0.3675274496451718,-0.002187124423187814,-0.0010519782826911872,-0.0006624114259376764,0.0008172327759219605,2024-03-05,2024-05-29,738949.0,739034.0,3.5045415618292233,0.14849184210323682,0.2687540625662619,0.1959537263192701
2024-06-27,739063.842637415,0.3039212672054275,3.7344375844587616,0.6505016999516826,-0.11148180229108394,-0.003959934234059439,-0.0014821762141462441,0.0036720883442933425,2024-03-12,2024-05-29,738956.0,739034.0,0.7635876131954414,2.2911414057188457,0.2687540625662619,0.29623303083629166
2024-06-06,739042.4933835054,0.7912091916704262,11.347739445405177,0.36157299613581056,-0.004984210010077019,-0.0024046714364140066,-0.0018056290345370093,-0.0015881273584767536,2024-03-19,2024-05-29,738963.0,739034.0,4.039022927770983,0.1445182043728831,0.2687540625662619,0.1693335903808274
2024-06-07,739043.220454948,0.9331005567155681,13.780406264136356,0.3452309289265413,-0.0023182236335232555,-0.0009165232543062063,-0.00007846485631470985,0.0009131583334819602,2024-03-26,2024-05-29,738970.0,739034.0,4.544462001829963,0.1712688050854908,0.2687540625662619,0.13332323451785877
2024-06-11,739047.7553756397,0.452366709944945,2.2059716265551756,-0.4216994590868499,0.15018826723711207,0.05307115487975454,0.05274636465267812,-0.005862465027409782,2024-04-03,2024-05-29,738978.0,739034.0,0.5700194524613585,0.5803208621911637,0.2687540625662619,0.04098913931395247
2024-06-08,739044.99558044,0.7318003299760373,8.651559430138132,0.42556558027339264,-0.011177118462655476,0.0011216837663859456,0.0005661297856310925,-0.000968334414133389,2024-04-10,2024-05-29,738985.0,739034.0,2.336358159863917,0.8428642329365085,0.2687540625662619,0.0700918961723129
2024-08-24,739121.3365260761,0.5634662385906956,3.3552610564631062,-0.12677959564062513,0.0335758644830388,0.015686318962755342,0.00421628171110242,0.015109055931259278,2023-12-07,2024-05-30,738860.0,739035.0,0.591442077006688,0.3594576617599905,0.30010459245033816,1.1706977827672684
2024-06-05,739041.2743108976,0.035629068563969975,8.865515731259338,-1.2579981816725452,1.3459348854745459,0.11376228908292615,0.11257021137845594,0.01642577022842484,2023-12-14,2024-05-30,738867.0,739035.0,4.690368414046067,0.04754733628832528,0.30010459245033816,2.1450299461906024
2024-08-17,739114.7271016651,0.7482522924194178,10.111104525240144,0.12688662537029174,0.0037937942959477165,-0.0031519572942524648,-0.0006673518416252957,-0.0030804993595634216,2023-12-21,2024-05-30,738874.0,739035.0,1.7782891305076485,0.08907235003833404,0.30010459245033816,1.3321682203894905
2024-05-31,739036.8828019546,0.2585777780168517,6.231073354449005,0.20732928397898787,0.02552999301140053,0.052766615296826004,0.049854299588608514,-0.01728769800790437,2023-12-29,2024-05-30,738882.0,739035.0,4.373332423592011,0.02007796966878111,0.30010459245033816,1.0956464350799284
2024-06-27,739063.6699930002,0.9635947838841683,6.810247942039763,0.23047455533146027,0.0005373126428422955,-0.00160876898026974,-0.0012504546288048914,-0.0010121762955031897,2024-01-08,2024-05-30,738892.0,739035.0,1.9398531891057786,0.04725686339094958,0.30010459245033816,0.9401683710969281
2024-06-28,739064.7089036753,0.6856108749326982,7.373040794020689,0.25054533968856674,0.0005369594341281367,0.004694037644541571,0.004509267909829653,0.0013040292656815223,2024-01-16,2024-05-30,738900.0,739035.0,2.009816515150708,0.01063716680887417,0.30010459245033816,0.9065079374668956
2024-08-01,739098.3164881152,0.037510891305651,5.446016055491097,-3.970513017132972,3.542669092093588,0.11834547980750243,0.020688123573668605,-0.11652319139926008,2024-01-23,2024-05-30,738907.0,739035.0,0.9584491409087872,0.20618514850860067,0.30010459245033816,0.6341110483687854
2024-07-18,739084.2059064673,0.8665010623451199,3.230076459238985,-0.09867365073183924,0.008156145137296063,0.004533427343918238,0.004474545546110111,0.0007282895292201729,2024-01-30,2024-05-30,738914.0,739035.0,0.6379741093359056,0.48263029841477634,0.30010459245033816,0.47014568771113907
2024-07-15,739081.8252481517,0.5238991704412171,4.444091224352912,0.32276550948876315,-0.006511942834564889,0.006253270844323152,0.005006773588403767,-0.0037464135499066915,2024-02-06,2024-05-30,738921.0,739035.0,0.8727333802267792,0.12276316753989658,0.30010459245033816,0.4204011662507115
2024-07-02,739068.5281399654,0.5273845648113239,8.637080801957062,0.48971841610999745,-0.025071386850441933,0.003187293518222066,0.001318915724666755,0.002901603226240137,2024-02-13,2024-05-30,738928.0,739035.0,1.9698818305091033,0.480304583354078,0.30010459245033816,0.368920240538166
2024-07-10,739076.7421391272,0.37358537123947816,9.930209446416942,0.7261215272205425,-0.09351105217965994,-0.009442988973651787,-0.00437517674897802,0.008368265601169178,2024-02-21,2024-05-30,738936.0,739035.0,1.9208979777022863,0.3725502973277195,0.30010459245033816,0.2733915783272
2024-06-07,739043.4271583036,0.8755254125694976,10.227409874680692,0.3520072843322739,-0.0032540510130567146,0.0016550105278795382,0.0009738456434123445,-0.0013381646050463687,2024-02-28,2024-05-30,738943.0,739035.0,4.0335028810819775,0.16831649982525937,0.30010459245033816,0.2186500648625709
2024-06-05,739041.5543098394,0.7341962512984607,10.419093383572369,0.3683569537507006,-0.006870778155669093,0.003210899153358614,0.00292933353243702,-0.0013148682172670826,2024-03-06,2024-05-30,738950.0,739035.0,4.372489956108929,0.15078616396815434,0.30010459245033816,0.19826919615826907
2024-07-01,739067.2977998541,0.20193135102589982,5.46394483381863,0.8548435069341718,-0.2545612562168981,-0.006377550544694948,-0.002913134698257714,0.00567334091871322,2024-03-13,2024-05-30,738957.0,739035.0,1.068046545187491,1.4751488372231571,0.30010459245033816,0.29483017908176934
2024-06-07,739043.3235647372,0.860943566766833,3.5880490861473575,0.3151672927563006,-0.0005756130973679665,-0.003091965175691376,-0.0007976957079484029,-0.002987294797171665,2024-03-20,2024-05-30,738964.0,739035.0,1.2874135629401835,0.044669632834471826,0.30010459245033816,0.11077206540900844
2024-06-07,739043.3109150348,0.1930050112165172,8.0883213815473,0.5779281266325248,-0.15326244358601504,-0.015540109741162626,-0.015424753101809208,0.0018899742103015043,2024-03-27,2024-05-30,738971.0,739035.0,2.7849437928142207,0.23533788725865465,0.30010459245033816,0.11972376053850094
2024-06-19,739055.9250396383,0.14685496214461116,4.541216967710703,0.21045626207580698,0.043502884821605865,-0.045399985854697095,-0.045201824835563516,-0.004237186229295279,2024-04-04,2024-05-30,738979.0,739035.0,0.9409466100523707,0.030986941602242666,0.30010459245033816,0.03955755518291906
2024-05-31,739036.031613213,0.007715332779779651,13.521190670230046,4.985766371360271,-4.605646008553094,0.02950416101047297,0.02004700186148918,-0.021647476372486534,2024-04-11,2024-05-30,738986.0,739035.0,8.35291683810306,0.08907319107124916,0.30010459245033816,0.10334950373829487
2024-07-10,739076.1243185161,0.8603140734863703,3.2162302511251792,0.1864974784360548,0.0028750913458528977,0.003241010805365197,0.0025086794923632402,-0.002051993724427558,2023-12-08,2024-05-31,738861.0,739036.0,0.8595642629088137,0.23729088897313722,0.32750356663845265,1.0245035122901656
2024-07-20,739086.969908832,0.4433344493815622,5.6349102097439365,-0.01883260451698293,0.037384021670133855,0.020192287730929192,0.00978861052339784,-0.017661018878588473,2023-12-15,2024-05-31,738868.0,739036.0,1.3072990707511263,0.1456615654501552,0.32750356663845265,0.8853441721155257
2024-06-26,739062.1897074882,0.6221578375131266,4.166822842564512,0.1601407904616944,0.008558435033546067,-0.010302230735601986,-0.01002509670774376,-0.002373477223393451,2023-12-22,2024-05-31,738875.0,739036.0,1.3042945269554371,0.12403910560282107,0.32750356663845265,0.842562071446145
2024-07-02,739068.410317243,0.645563292887185,2.499992339329168,-0.45743758979463833,0.05086179727859328,-0.02273009113132503,-0.01918014602729881,0.012197501433073682,2024-01-02,2024-05-31,738886.0,739036.0,0.687460442228768,0.5778174800563688,0.32750356663845265,0.6211290793878136
2024-06-04,739040.3379566746,0.21861768201017268,4.320574666313281,0.24763705285792095,0.01338869339081428,-0.04679444064411958,-0.0467133800361165,0.002753143802525114,2024-01-09,2024-05-31,738893.0,739036.0,2.4241577335435913,0.014477304404606733,0.32750356663845265,1.3647297333232462
2024-06-22,739058.093792232,0.7795654573793906,6.8989645125295365,0.2642733199118465,-0.00010261639693849106,-0.003244574878404432,-0.0024210480378458075,-0.002160044568988358,2024-01-17,2024-05-31,738901.0,739036.0,2.1537863411944116,0.003573778540058873,0.32750356663845265,0.8124897130728091
2024-07-14,739080.388799404,0.6018853151522233,5.2647700142887155,0.24449080240278317,0.0011507430373449386,-0.006577922135713877,-0.0065154822447363765,0.0009041851259778794,2024-01-24,2024-05-31,738908.0,739036.0,1.1368528021877378,0.019999722544296397,0.32750356663845265,0.639189756220727
2024-06-22,739058.1989254563,0.6573832033547121,10.104525534273465,0.38206190037493476,-0.008397275102636399,0.004317633499938096,0.004255982776625905,0.0007270279532805723,2024-01-31,2024-05-31,738915.0,739036.0,2.9979641350659283,0.12653051749058625,0.32750356663845265,0.3435933233701517
2024-07-13,739079.3640457877,0.660568350713833,3.547297839399948,0.20128450334755493,0.0035595775840659787,0.0052236401794386695,0.000796022541497635,0.005162631580664427,2024-02-07,2024-05-31,738922.0,739036.0,0.7276918830353108,0.1268952357498257,0.32750356663845265,0.41555511632675524
2024-06-05,739041.3567070483,0.6088166788850861,4.023249550898777,0.40343657395053195,-0.01569037723255866,0.0006657469732770007,0.000047406570098712365,-0.0006640569625709553,2024-02-14,2024-05-31,738929.0,739036.0,1.9487047572502372,3.5664304134441065,0.32750356663845265,0.4057832704972163
2024-06-14,739050.9199605258,0.35432146320476493,13.345624790213105,0.5929435278961968,-0.08445881446203198,0.011641136398346656,0.0007961159274913383,0.011613882041544328,2024-02-22,2024-05-31,738937.0,739036.0,4.317704061664267,0.19262300479772237,0.32750356663845265,0.2840327740936023
2024-05-31,739036.9335244155,0.8501609148254705,9.121725551889325,0.3341029273500644,-0.0033083870938180743,0.0019645309633680367,0.0018210624175051188,-0.0007369623990287157,2024-02-29,2024-05-31,738944.0,739036.0,6.679107941552687,0.15695731951040506,0.32750356663845265,0.21472324717894728
2024-06-27,739063.4352247344,0.6174291128557404,5.260412438549391,0.49773976369096445,-0.018603414559101594,0.0005090072618731591,0.00027921822954666707,-0.00042558850187526863,2024-03-07,2024-05-31,738951.0,739036.0,1.1809411698374013,4.28978961008156,0.32750356663845265,0.29877497582008566
2024-06-06,739042.5522390585,0.44613625717310923,2.7076587939252157,0.3697307711247245,-0.01789584516758061,-0.007050039168202335,-0.0012250033431253605,0.006942796200560609,2024-03-14,2024-05-31,738958.0,739036.0,1.1021491272874602,0.41824838004062237,0.32750356663845265,0.2834725070132142
2024-06-24,739060.3372981439,0.6862551547747747,8.83706223483057,0.418878578148111,-0.009119384957623282,-0.003876710631017012,-0.001752600760778485,0.003457929422350749,2024-03-21,2024-05-31,738965.0,739036.0,1.9203989202889318,0.18267531712139343,0.32750356663845265,0.0778976691523808
2024-06-22,739058.8285441833,0.38607092418204847,4.622293124447428,0.15680587347304048,0.03159566495674659,-0.02127048159882509,-0.01850501818838962,-0.010487978322504588,2024-03-28,2024-05-31,738972.0,739036.0,0.9827867165259386,0.12406800217249207,0.32750356663845265,0.056742330104298536
2024-06-27,739063.3728926087,0.4845046929047129,3.861762482648119,-0.12893948663759924,0.06342652859121461,0.02164839463443416,0.010537302628878423,0.018910797010058288,2024-04-05,2024-05-31,738980.0,739036.0,0.6845437603098171,0.3675849106937248,0.32750356663845265,0.04683457018753791
2024-06-16,739052.4840934062,0.14676713512129938,10.983651068789607,1.0401429694293594,-0.4467580582506102,-0.007953941219677766,-0.004013577433760073,-0.006867050102431241,2024-04-12,2024-05-31,738987.0,739036.0,2.4113522976630035,0.7505369996302862,0.32750356663845265,0.08266014942622082
2024-07-29,739095.7440922611,0.17649849365564377,7.1547223815038725,-0.38034897079886815,0.28669109136975035,0.06378934020291495,0.05222448227709495,0.03662899636097905,2023-12-11,2024-06-03,738864.0,739039.0,1.6022577320367524,0.1108700655094381,0.32147945203507144,1.454552172031376
2024-06-08,739044.1995982345,0.9182659771053916,4.127702334056254,0.26157922041140047,0.0004447549110966531,-0.0027498536450486838,-0.002116479825354876,0.0017556218892612744,2023-12-18,2024-06-03,738871.0,739039.0,2.303156677185601,0.03598083973116169,0.32147945203507144,0.8804824984735121
2024-07-20,739086.1448035317,0.8745100920287698,8.18076696556943,0.20604061635361948,0.0011715817545791293,0.0020899782133070263,0.0015684690585905832,-0.001381272509080666,2023-12-26,2024-06-03,738879.0,739039.0,1.9272270301028493,0.059924117204847305,0.32147945203507144,1.1337741033581668
2024-07-12,739078.1060643878,0.6963077283046001,13.270242260900297,0.1911161793889518,0.0030358190264951064,0.004761387102337296,0.0037970412886412642,-0.002872853040212367,2024-01-03,2024-06-03,738887.0,739039.0,3.350834887731415,0.03345528634292671,0.32147945203507144,1.2930013830060323
2024-06-08,739044.2868404139,0.4585308541442502,6.902007963408712,0.2581041236760322,0.0013557339396880247,-0.01931472061217642,-0.01930689082040929,-0.0005499083334777218,2024-01-10,2024-06-03,738894.0,739039.0,3.6769985761926214,0.004663147428694846,0.32147945203507144,0.8432710633290418
2024-08-03,739100.574645705,0.49824167331587355,7.070220528692113,0.2571731739326731,0.00007371283589768323,0.00956129315452855,0.009395610038453099,0.0017722411777616087,2024-01-18,2024-06-03,738902.0,739039.0,1.3175843263071125,0.000543292331368875,0.32147945203507144,0.7635448410748206
2024-07-25,739091.0168147507,0.8640039891560729,13.186754205433465,0.3579369125885175,-0.0018999434272929077,0.0016766490775787513,0.001473061945870709,-0.0008007750201981064,2024-01-25,2024-06-03,738909.0,739039.0,2.6287354899931197,0.07424655914435684,0.32147945203507144,0.4480525774488686
2024-06-16,739052.317956035,0.6605986182518658,11.414327552179085,0.39372604553896456,-0.009842958695393858,0.004264230658914102,0.0033468466440629806,-0.0026424005475225295,2024-02-01,2024-06-03,738916.0,739039.0,4.225296422636184,0.13358949377386703,0.32147945203507144,0.30507389553356623
2024-06-09,739045.0252505885,0.493828047290351,14.281636213157416,0.4418277422934309,-0.028760651047800033,0.006463092559650965,0.0010556423114838264,-0.006376298671237157,2024-02-08,2024-06-03,738923.0,739039.0,6.8377742057964035,0.15387076861823085,0.32147945203507144,0.357422212179196
2024-07-25,739091.5544504209,0.46696544606453616,14.063616119621546,0.6205235522067472,-0.043526147756618346,-0.007633405156489587,-0.006159481769730494,-0.004508842269527679,2024-02-15,2024-06-03,738930.0,739039.0,2.513587304910229,0.189330098151568,0.32147945203507144,0.2485302954647662
2024-07-18,739084.0786254285,0.490142689150011,2.8568815609876177,0.8070040769705364,-0.06726673199189978,0.0074959686869646965,0.005820678598390159,0.004723266582588581,2024-02-23,2024-06-03,738938.0,739039.0,0.5345920340450019,1.5395821188041003,0.32147945203507144,0.32833721486531503
2024-07-02,739068.8845370876,0.23772186571737614,10.360829691259484,0.8854396420659364,-0.2313586665491534,-0.021677790566822782,-0.021104293419337995,0.004953322433429694,2024-03-01,2024-06-03,738945.0,739039.0,2.3448601530175583,0.24487550887505677,0.32147945203507144,0.2036834003945228
2024-06-30,739066.2777201735,0.2359705010302245,8.428487693274423,0.9883548011064807,-0.27586632609819,0.02163742320654793,0.018610860522628,0.01103693588033135,2024-03-08,2024-06-03,738952.0,739039.0,1.921688647214502,0.3569449230585189,0.32147945203507144,0.22373825405853856
2024-06-03,739039.2891359597,0.790415496477767,6.909664884530856,0.37058025228379715,-0.006629350906861685,-0.0030263229010538176,-0.0028321315333941508,-0.001066612056465372,2024-03-15,2024-06-03,738959.0,739039.0,6.187495074986011,0.2505845005286319,0.32147945203507144,0.20451127698681654
2024-06-14,739050.9109930573,0.7474640248612202,8.490178709186004,0.3765873531274708,-0.005815046365849281,0.002678496675239874,0.0023352757798298864,-0.0013118046620632868,2024-03-22,2024-06-03,738966.0,739039.0,2.654054295583178,0.19113293710330037,0.32147945203507144,0.1096561139305695
2024-06-19,739055.4832356087,0.979118745961957,12.594537003850517,0.3878842739793982,-0.002612200391126915,-0.0006013562618921263,-4.417464266616734e-6,-0.0006013400366899957,2024-04-01,2024-06-03,738976.0,739039.0,3.153456954632622,0.3376974734055992,0.32147945203507144,0.08432719331272653
2024-06-14,739050.2008614911,0.15222003262588782,2.5850094662864427,0.3701937422858602,-0.05657938020723418,-0.03946657402532974,-0.013486321107024671,0.03709082916699292,2024-04-08,2024-06-03,738983.0,739039.0,0.7371339971097621,0.084418655364826,0.32147945203507144,0.0634735401672457
2024-06-14,739050.0089610151,0.39921601548993235,12.637575622650512,0.5186704325203244,-0.05763029925636639,-0.003880763913502125,-0.002435768021015022,-0.003021152544996841,2024-04-15,2024-06-03,738990.0,739039.0,3.41078633950413,0.4691134014019992,0.32147945203507144,0.08017311871058555
2024-08-03,739100.3740534974,0.419850034934495,4.326503377129027,-0.3616343072979002,0.09112924778167528,0.026098767305124896,0.022374810618113514,-0.013435531424197964,2023-12-12,2024-06-04,738865.0,739040.0,0.9368993159099587,0.33884020575944956,0.34536118403845883,0.8619790464817533
2024-07-08,739074.6692519109,0.7355116413025594,14.907889445438789,0.08372701194025879,0.006859335412110003,-0.0017806213662316024,-0.0005675515003714034,0.001687749313229505,2023-12-19,2024-06-04,738872.0,739040.0,4.189465943580177,0.19005699001944779,0.34536118403845883,2.316912681526524
2024-07-24,739090.8317826284,0.44622363332995085,8.9355293985548,0.10811254954482272,0.021099257222997065,-0.015141668470887569,-0.014535121177078133,-0.004242685051936506,2023-12-27,2024-06-04,738880.0,739040.0,2.0230402937348413,0.06958661543855467,0.34536118403845883,1.435371838708002
2024-08-03,739100.0360877289,0.7299678422919565,5.194024456658951,-0.02552393642954081,0.009885181670031419,-0.005672168599947933,-0.004765375756726095,-0.003076473715708051,2024-01-04,2024-06-04,738888.0,739040.0,1.043081655648256,0.24492620980628388,0.34536118403845883,0.6793399063941963
2024-07-19,739085.9177967886,0.2672829818736689,3.848032712739641,-0.9656609531442055,0.3734640831455963,-0.0699842660401508,-0.06957686122451254,0.007540416124029758,2024-01-11,2024-06-04,738895.0,739040.0,0.8727116203214964,0.370664489117819,0.34536118403845883,0.7033942217372406
2024-08-06,739103.1552289152,0.9419623122857206,8.175796827422957,0.30978872153932946,-0.0005516765950367421,0.0009681431223818404,0.0009051802006013549,-0.0003434383639818797,2024-01-19,2024-06-04,738903.0,739040.0,1.5009523444909616,0.06565207112862231,0.34536118403845883,0.7803423698046333
2024-06-14,739050.9167361051,0.2111212199234152,4.720669760257719,0.5170585811938629,-0.11200996390596807,0.02166097664683534,0.006328784125842967,-0.020715800751678032,2024-01-26,2024-06-04,738910.0,739040.0,1.92177520718574,0.23126339128501672,0.34536118403845883,0.7323251927932387
2024-06-12,739048.8975655718,0.30387615779274896,10.469580852693891,0.5346988718163883,-0.08635206704922835,0.018291503054270634,0.011291951745093426,0.014389958643820814,2024-02-02,2024-06-04,738917.0,739040.0,4.492718892431958,0.13702211773367054,0.34536118403845883,0.31353095983635204
2024-07-08,739074.7427340203,0.8190061824766366,10.264166104016665,0.3930915759089816,-0.0037875802059019127,-0.0013082020747144521,-0.001109937492646584,0.0006924098719000267,2024-02-09,2024-06-04,738924.0,739040.0,2.3974675781885955,0.2310204967027208,0.34536118403845883,0.3595810327408901
2024-07-17,739083.2992931419,0.32803573102923883,10.359202212009677,0.7914247455505502,-0.1259678785565207,-0.00892736766220353,-0.0007454068219695803,-0.008896193683026386,2024-02-16,2024-06-04,738931.0,739040.0,2.0736115730635323,0.44681859156163245,0.34536118403845883,0.3253442990081126
2024-06-08,739044.2361076032,0.4099900718312114,13.71277587982859,0.4783510152455126,-0.0489435603631017,-0.008071761474896213,-0.0034461585339766853,0.007299131774828999,2024-02-26,2024-06-04,738941.0,739040.0,6.969398109125861,0.1812905643672817,0.34536118403845883,0.32590481857568565
2024-06-05,739041.775556854,0.3407660838600513,12.359949153821761,0.44089987398868064,-0.0534212702987227,-0.015524635810417874,-0.0019449999835604707,0.015402314504971601,2024-03-04,2024-06-04,738948.0,739040.0,7.803259339911131,0.09487077952491729,0.34536118403845883,0.2427959262397684
2024-06-23,739059.5239028753,0.8149060898006539,5.110900757550119,0.43029575048570295,-0.0062135936022063845,-0.00044260390649633797,-0.00010351174061286356,-0.00043032956858797696,2024-03-11,2024-06-04,738955.0,739040.0,1.3647453685584061,2.238400105014947,0.34536118403845883,0.2931812906401837
2024-06-30,739066.1300613595,0.3293684195352931,7.628831082615924,0.6639829441256897,-0.10180908822248055,-0.012071037540763812,-0.009301235228427546,-0.0076939567542317015,2024-03-18,2024-06-04,738962.0,739040.0,1.6786506444196094,0.36413791774141585,0.34536118403845883,0.19010389535847166
2024-06-23,739059.7872177748,0.5599725223656639,7.14580919137048,0.40591855650209807,-0.012938102758947904,0.007794431398336482,0.0016644742062848228,0.0076146363301201805,2024-03-25,2024-06-04,738969.0,739040.0,1.7326425333266702,0.13007728347661754,0.34536118403845883,0.04718599826636662
2024-06-16,739052.2807235594,0.9927316801601289,4.904425859189452,0.3292400822785416,-0.000697850809017845,-0.0015974477859775702,-0.0008862352224265114,-0.0013290698098502097,2024-04-02,2024-06-04,738977.0,739040.0,1.4153126952552442,0.08842592718331564,0.34536118403845883,0.03864027389578866
2024-06-09,739045.7123871753,0.3545364790208037,12.481005764265339,0.4980788665329316,-0.06428197499066772,-0.007666066295066575,-0.0025771300905018074,0.007219901172245084,2024-04-09,2024-06-04,738984.0,739040.0,4.727362163133798,0.23819244609886098,0.34536118403845883,0.08286420551521362
2024-06-26,739062.4873392624,0.20432704327019274,6.616859409029064,0.8009845976626297,-0.2332198232023633,0.02601644658054115,0.02580848018368951,-0.0032829625776510537,2024-04-16,2024-06-04,738991.0,739040.0,1.2179884691011007,0.27681615148239735,0.34536118403845883,0.024286498660503225
2024-06-30,739066.1510002722,0.6585102287590067,8.340723146181405,0.184672104015975,0.005209510581792836,0.007391700572630536,0.005396488230144885,-0.005051252531534561,2023-12-13,2024-06-05,738866.0,739041.0,2.7533987471086703,0.05564310775834032,0.336472236621213,1.1768352838919383
2024-06-12,739048.7054797078,0.986408420323595,6.70897977495059,0.250670777700136,0.0003403882566735335,-0.0018895123142747732,-0.0016644179347063762,0.000894410266278161,2023-12-20,2024-06-05,738873.0,739041.0,3.338777481241316,0.026486533970551215,0.336472236621213,0.7555681160970292
2024-07-01,739067.7835240706,0.05260961983169725,8.993776337355104,-0.36053019758873395,0.5135873887390328,-0.10789451832606294,-0.08562646050809236,0.06564553561110786,2023-12-28,2024-06-05,738881.0,739041.0,2.780020378263433,0.027844411981177965,0.336472236621213,1.463455803291134
2024-07-28,739094.4667982135,0.5747404281848302,5.426578737420917,0.03247830874402006,0.016890013566910087,-0.010996676041628616,-0.0022262260283236624,-0.010768974028910229,2024-01-05,2024-06-05,738889.0,739041.0,1.1626886588167133,0.16267252420643036,0.336472236621213,0.8092201795125461
2024-08-08,739105.4405657275,0.5947086794672253,3.5453949705493404,-0.9416839563148593,0.07692529742408859,-0.02278705709408815,-0.015870312677707516,0.01635185452849398,2024-01-12,2024-06-05,738896.0,739041.0,0.6650997904348092,0.5662661432535417,0.336472236621213,0.5796121283424944
2024-07-24,739090.8867601284,0.3909774586375786,5.952690579569599,0.2862219381569335,-0.003853153236826652,0.016137547405625258,0.014769667520817188,0.006502104089702065,2024-01-22,2024-06-05,738906.0,739041.0,1.2410826985990508,0.015682567326040835,0.336472236621213,0.747558558115607
2024-08-04,739101.98001093,0.2900620461013533,10.744129154177822,0.618381964324898,-0.09333076782239212,0.01045731927052298,0.009703860591121017,0.0038975140735781504,2024-01-29,2024-06-05,738913.0,739041.0,1.9341514740514507,0.24094846117474786,0.336472236621213,0.7051452922610121
2024-06-05,739041.0724043276,0.3162080856489427,8.111601123869365,0.42386095979568905,-0.05428293552497002,-0.017017445979564602,-0.008288155647847111,0.014862703106247514,2024-02-05,2024-06-05,738920.0,739041.0,9.581654947393487,0.12434700490703823,0.336472236621213,0.34881928484668057
2024-07-31,739097.7546964415,0.9690458626973029,10.912736779504655,0.4253639476369162,-0.00193224313225218,0.00020886187366273514,0.000033964323302382345,0.00020608179689754147,2024-02-12,2024-06-05,738927.0,739041.0,1.9130847506036561,0.8215107568510758,0.336472236621213,0.42778591023484464
2024-07-03,739069.5144206446,0.7896915404781835,14.061063761541607,0.4404224998941643,-0.006288782989969673,0.0016110610247860005,0.0007509562758711184,0.001425335854216226,2024-02-20,2024-06-05,738935.0,739041.0,3.471549107298381,0.21922694176297688,0.336472236621213,0.27356493242530494
2024-06-27,739063.1952814315,0.05574006194609883,5.085530131585353,2.663376714153196,-1.9184294586947201,-0.010149925198973108,-0.0008104757195658989,0.010117515043366318,2024-02-27,2024-06-05,738942.0,739041.0,1.373953829600486,2.07163961951915,0.336472236621213,0.35780301324814134
2024-06-29,739065.8461289782,0.9286684103004945,5.486074008351849,0.43449731940699426,-0.0036764073092377227,0.0003079210835956376,0.00029681122255281294,-0.00008196640707885264,2024-03-05,2024-06-05,738949.0,739041.0,1.3517503938743014,2.021078607489842,0.336472236621213,0.29728849434588256
2024-07-13,739079.7313514471,0.983171968691827,8.272947869133292,0.4727007972195,-0.0029653286973077555,0.0004928395602157347,0.00021395583014813867,0.0004439749259353051,2024-03-12,2024-06-05,738956.0,739041.0,1.5292761437137428,0.7150501125395601,0.336472236621213,0.26293104893545394
2024-07-03,739069.2762860663,0.4753428944965207,5.833351845457994,0.41744604773479266,-0.018404352461822166,-0.006481535332559849,-0.006458594219303891,-0.0005448494999502784,2024-03-19,2024-06-05,738963.0,739041.0,1.2292279116674512,0.2313830189577171,0.336472236621213,0.17926938099033107
2024-06-12,739048.7859341176,0.6331971347193422,2.202465096153295,0.18693062099726332,0.016680824033752553,0.013281923629342732,0.01156413840711348,-0.006533008357320209,2024-03-26,2024-06-05,738970.0,739041.0,0.8112795550736794,0.36106586190362516,0.336472236621213,0.10556546125048141
2024-06-30,739066.3434515756,0.5522259933073287,10.522432342789921,0.5099381992013349,-0.025631813101525992,-0.0036747867174160456,-0.0035965658639530726,-0.00075416934752407,2024-04-03,2024-06-05,738978.0,739041.0,2.091213889785259,0.3660563060115496,0.336472236621213,0.06662123253291237
2024-06-21,739057.5477362679,0.9371321773659063,11.865873046373482,0.4125071903061387,-0.0037650519003022574,-0.00029768592277171105,-0.0000887366092363657,0.0002841526399625343,2024-04-10,2024-06-05,738985.0,739041.0,2.791212688809302,0.9988811600633313,0.336472236621213,0.07524154067311317
2024-06-18,739054.3804701352,0.15169413254572886,6.090440756626679,0.6120596790855518,-0.18288867890217436,-0.03294845324236606,-0.029656449120078174,0.014356029975330833,2024-04-17,2024-06-05,738992.0,739041.0,1.492231320802904,0.138252136354527,0.336472236621213,0.027227958864101266
2024-07-06,739072.5786587433,0.4474529690145165,7.433301270276412,0.10286381699035943,0.02419267373725786,0.017948231255368152,0.00585331020766781,0.016966960977410957,2023-12-14,2024-06-06,738867.0,739042.0,2.254326593605206,0.08113866747232604,0.3512435539415255,1.4725600593475248
2024-08-10,739107.1409239963,0.9077292976019655,6.34746148519294,0.16281900940896568,0.0014791528738608368,-0.0018527662746672456,-0.001824279695174379,-0.00032364558133677376,2023-12-21,2024-06-06,738874.0,739042.0,1.288134118147783,0.11416913307724892,0.3512435539415255,0.7807859258263592
2024-06-14,739050.1636168371,0.10218921871762214,10.568927647874645,0.09901088534076932,0.11972162513209453,-0.07810415307119505,-0.06351737368634483,0.045451094232789334,2023-12-29,2024-06-06,738882.0,739042.0,5.088764362175423,0.014820833553593104,0.3512435539415255,1.7254667961080175
2024-08-06,739103.2596375349,0.2260165900173155,5.153057643356729,-0.838632052918058,0.38428410742679564,-0.06625822902383696,-0.059972952337774894,-0.028167319738771963,2024-01-08,2024-06-06,738892.0,739042.0,1.0152993210676915,0.254382902324557,0.3512435539415255,0.8111917034175916
2024-06-22,739058.6792582028,0.9015962484351601,2.1717224753741804,0.08036568708249253,0.007496608374714961,0.00645200340855066,0.005577719276070694,0.003243053447185037,2024-01-16,2024-06-06,738900.0,739042.0,0.7786306208764043,0.4823674628107165,0.3512435539415255,0.623194090628865
2024-06-20,739056.9258625393,0.7249453750464457,4.106663305437014,0.31173396763425737,-0.001691212542549851,-0.004414723953129514,-0.003914438286040332,0.0020413134220685254,2024-01-23,2024-06-06,738907.0,739042.0,1.5078751500564018,0.0676255521109438,0.3512435539415255,0.6957833755711925
2024-06-25,739061.8647401795,0.7524928413371608,8.577158726330413,0.34807744263912815,-0.0036971262168747306,0.0026429060630359705,0.0024749889495404753,-0.0009270286714470198,2024-01-30,2024-06-06,738914.0,739042.0,2.7402301052457525,0.12272738360120465,0.3512435539415255,0.47408578349431757
2024-06-24,739060.8855189888,0.6548725154877758,2.3010110695101638,0.24545910774458435,0.0032502233035806433,0.006889763651586191,0.0021315869863446292,0.006551731076163347,2024-02-06,2024-06-06,738921.0,739042.0,0.733324087524641,0.13426008928342517,0.3512435539415255,0.4259414836981122
2024-07-17,739083.8282695245,0.7962733759715732,12.756428958467554,0.43399787530326256,-0.005023417508855492,-0.0016685463555749945,-0.0016042696943159129,0.0004586563949212131,2024-02-13,2024-06-06,738928.0,739042.0,2.670146881374335,0.18792911927457395,0.3512435539415255,0.2640020291193025
2024-06-27,739063.2011415695,0.8647309173037916,12.607860526218616,0.40521850603488374,-0.003977254690974812,0.0012483227478601606,0.001228615224178879,-0.00022093961559897983,2024-02-21,2024-06-06,738936.0,739042.0,3.5952604682513054,0.21852247422674176,0.3512435539415255,0.2645425043729651
2024-06-20,739056.4744354418,0.47714588546442627,10.578406742714485,0.4833029578313757,-0.03329166633199072,-0.006652979771827217,-0.004526950395918226,0.004875331779195949,2024-02-28,2024-06-06,738943.0,739042.0,3.466870050461697,0.22570971462110084,0.3512435539415255,0.2544717846828196
2024-06-25,739061.7079140618,0.27934534253466686,2.5700092515257476,0.6913231980691517,-0.14351551414473454,-0.010666863150941269,-0.007236032772083805,-0.00783720608394585,2024-03-06,2024-06-06,738950.0,739042.0,0.7096121978590368,1.4624090834939663,0.3512435539415255,0.29633235107734834
2024-06-20,739056.9773457472,0.605218609847831,3.1604961552787083,0.4142137607602086,-0.01316793478614472,0.0014020243153650374,0.000439502653391285,-0.0013313563003707239,2024-03-13,2024-06-06,738957.0,739042.0,0.95491393464866,1.7985359729690016,0.3512435539415255,0.29324578853769334
2024-06-24,739060.3827902223,0.5762787103000085,5.955938070357133,0.40243508535601785,-0.01138332010987513,-0.0059450832006831406,-0.00564728519881865,0.0018580054214798968,2024-03-20,2024-06-06,738964.0,739042.0,1.570615735985995,0.18526501423432773,0.3512435539415255,0.10949511551919182
2024-06-13,739049.3884709461,0.516625887960977,8.949822986219106,0.41104086143594365,-0.01985311449348044,0.004884408591925255,0.0019838355177315583,0.004463389287465302,2024-03-27,2024-06-06,738971.0,739042.0,3.364105563589867,0.23462721179967122,0.3512435539415255,0.11378994525900715
2024-06-26,739062.6328505531,0.3350881421923831,4.7131401539551625,0.48923798308826927,-0.05456862252595439,-0.011616824972271922,-0.0008741509232468063,-0.011583888923836745,2024-04-04,2024-06-06,738979.0,739042.0,1.0498312451812672,0.3339675343307985,0.3512435539415255,0.06290930532261828
2024-06-13,739049.5382471534,0.47858217410699877,10.404190990322864,0.45717669035187614,-0.03251513064957307,0.002871045928387515,0.0014338459168020106,0.0024873661993724864,2024-04-11,2024-06-06,738986.0,739042.0,3.5297571524616527,0.5209470291795439,0.3512435539415255,0.08303422159770818
2024-06-26,739062.1321469767,0.8365648158958883,7.608723284142804,0.36532732264133055,-0.0025001766184595134,-0.002172161056425379,-0.0021424512982254522,-0.0003580308503231155,2024-04-18,2024-06-06,738993.0,739042.0,1.493971026990929,0.12655125939145248,0.3512435539415255,0.020798504745975617
2024-08-24,739121.9626357505,0.3531731715508127,11.114904415789132,-0.08972886364459043,0.06601353365536435,-0.021678568966037516,-0.012678592766297549,-0.017584471498502088,2023-12-15,2024-06-07,738868.0,739043.0,2.066558326378344,0.09675743426407192,0.32147945203507144,1.7253288460311056
2024-08-28,739125.618348133,0.4631433601410019,8.002982946477342,0.022511416315703615,0.025491876632725074,0.015026030671815186,0.015023295274768539,-0.0002866999083503187,2023-12-22,2024-06-07,738875.0,739043.0,1.4134400764778141,0.09817956142775168,0.32147945203507144,1.0820107576609916
2024-08-05,739102.6594022738,0.4389930390053619,13.187703368414116,0.19561517339437734,0.010185577432966227,0.016109226030269156,0.00848008814641487,0.01369654220317432,2024-01-02,2024-06-07,738886.0,739043.0,2.7068831622542135,0.021047447910050615,0.32147945203507144,1.261597461511065
2024-06-09,739045.5034945637,0.3141112917137355,5.842556285617867,0.27108789308570164,0.0025569828408578796,-0.032240251453361415,-0.00799865806516443,-0.031232279502664433,2024-01-09,2024-06-07,738893.0,739043.0,3.821307739752639,0.004263929712171546,0.32147945203507144,1.2223395275445605
2024-07-03,739069.3404209096,0.5534836596213569,3.6252118555656034,0.16312361281602883,0.012045948181180979,0.013069602315298382,0.0064729239975718274,0.011354107609218417,2024-01-17,2024-06-07,738901.0,739043.0,1.070212889317392,0.1407181218006306,0.32147945203507144,0.7296098868641981
2024-06-11,739047.0288624365,0.38644044387913234,10.66544686142941,0.38598436048289003,-0.02932921162303406,-0.019056682681818298,-0.005106593385969237,0.01835973471556408,2024-01-24,2024-06-07,738908.0,739043.0,6.011036096789136,0.0557643446574636,0.32147945203507144,0.5225010156218187
2024-06-28,739064.3619793222,0.3288815101458205,2.7177316832181377,0.17810760557617222,0.026232757271456932,-0.027138822944498042,-0.027103351677050535,-0.0013870972146664147,2024-01-31,2024-06-07,738915.0,739043.0,0.8411873624121449,0.1169730499115854,0.32147945203507144,0.5005059683521554
2024-08-01,739098.3650903663,0.1818245667855383,4.151155240076881,0.2996629213440945,-0.018927459478509125,0.03478399520766077,0.009194029998552324,-0.03354692437455761,2024-02-07,2024-06-07,738922.0,739043.0,0.7654648309600877,0.023833973332648813,0.32147945203507144,0.42529375674768
2024-06-19,739055.8876038895,0.20947283042355674,6.210650459400752,0.7713740156702344,-0.22683295219880023,-0.008885345391536216,-0.004973394875635648,0.007363063638044625,2024-02-14,2024-06-07,738929.0,739043.0,2.260633594917319,0.8610382492756599,0.32147945203507144,0.40561136207957194
2024-07-16,739082.1874919232,0.4818574445547813,13.80702125953654,0.5808188077753242,-0.039089935865479125,0.006558339494424853,0.0004849370601092549,0.006540386301424814,2024-02-22,2024-06-07,738937.0,739043.0,2.877938142098783,0.20801260035014224,0.32147945203507144,0.24547159771077584
2024-07-20,739086.9365766405,0.5017343481832909,9.837676680690073,0.6774924897778299,-0.04540990162035116,-0.0041918070604677615,-0.0040106972985809765,0.0012188328890141722,2024-02-29,2024-06-07,738944.0,739043.0,1.8470015893280984,0.5524978144080127,0.32147945203507144,0.2675524766320476
2024-07-12,739078.9779672445,0.14452212314641535,6.388426434842057,1.2946635931428647,-0.5532492500460446,0.00554907650601242,0.0017315141726544573,0.005272011830361896,2024-03-07,2024-06-07,738951.0,739043.0,1.2902058742340543,2.2554881843608285,0.32147945203507144,0.30758482093807
2024-06-21,739057.386562301,0.21101604571164506,7.883920095559668,0.7561935159911489,-0.21796322887454367,-0.02116194505348753,-0.020678244289580944,-0.004498681089746013,2024-03-14,2024-06-07,738958.0,739043.0,2.4251120387680527,0.2756772430130921,0.32147945203507144,0.23769044774034756
2024-06-26,739062.952173675,0.7771433910740986,12.959190795530237,0.376034577183253,-0.004179117123322317,-0.0015598971373513141,-0.0006445555866373167,0.00142050243746762,2024-03-21,2024-06-07,738965.0,739043.0,3.2817594792002787,0.16066151422020944,0.32147945203507144,0.1385533565763054
2024-07-06,739072.6479785789,0.6183402766526774,10.48532651230705,0.455739187892471,-0.013721551816676631,-0.003918805843426068,-0.001029943422652437,-0.003781038982158908,2024-03-28,2024-06-07,738972.0,739043.0,2.039655635465459,0.20648811517067872,0.32147945203507144,0.06671138961694477
2024-07-04,739070.8982740026,0.8355500587149847,14.523695620555925,0.45416397105241113,-0.005825264726660976,-0.0004523112028672595,-0.00039083127614394653,0.00022767594916222797,2024-04-05,2024-06-07,738980.0,739043.0,2.730309965094128,0.7409239909969764,0.32147945203507144,0.08578650310313812
2024-06-12,739048.2754696023,0.5806804824613722,7.161219547558687,0.4028541482008028,-0.015544526048572182,0.004015641497353374,0.0038933993953328082,-0.000983268927449946,2024-04-12,2024-06-07,738987.0,739043.0,2.7950065152128483,0.31388661166405657,0.32147945203507144,0.07209437686016357
2024-06-23,739059.4293300532,0.15163469726990744,10.11481329455704,0.6882126341568688,-0.22096756834854459,0.022460260412824982,0.02103937803367796,-0.007861798125613648,2024-04-19,2024-06-07,738994.0,739043.0,2.2246177433060392,0.1474872462726733,0.32147945203507144,0.04392903829636717
2024-06-10,739046.9611599711,0.02998650449398513,6.076862402742897,-0.6016444183651035,0.8001364569846213,0.12189582005790453,0.1114518897972862,-0.04936666089784293,2023-12-18,2024-06-10,738871.0,739046.0,5.038799339426237,0.032390800847769644,0.30932124755526197,1.8573074855443694
2024-06-21,739057.9891641474,0.6885262547577021,3.1771731042656133,0.216217353952541,0.00567922806772671,0.009176837067231094,0.0008964257655395394,-0.0091329491077846,2023-12-26,2024-06-10,738879.0,739046.0,1.3669693915380605,0.134114556089138,0.30932124755526197,0.8576331653799557
2024-06-25,739061.434998608,0.12537861302835493,8.329377459713205,0.10635429097637486,0.10202478036396001,0.07805263995509047,0.023762507481756116,-0.07434754765382967,2024-01-03,2024-06-10,738887.0,739046.0,3.2146161626689977,0.01967564552601999,0.30932124755526197,1.2812879529721606
2024-08-05,739102.3242342726,0.8533107868728151,13.218395177418618,0.28431075745880063,-0.00026124473149656216,0.0020239765004309417,0.0011458467976606752,0.0016683872423953188,2024-01-10,2024-06-10,738894.0,739046.0,2.7516735508843144,0.008332408999444617,0.30932124755526197,0.8948095115869754
2024-08-03,739100.0077609761,0.5875661315142092,6.485224575244988,0.30030489879261524,-0.0020282199557342274,-0.006332209699708531,-0.00603292908415828,-0.0019237064086289077,2024-01-18,2024-06-10,738902.0,739046.0,1.340954264645757,0.0290196050330877,0.30932124755526197,0.7719475580366136
2024-08-02,739099.8682970327,0.9516514139798142,13.327113644049737,0.36096706126963923,-0.0011488138946266285,0.0009627391659167208,0.0005094879346575114,0.000816877436356548,2024-01-25,2024-06-10,738909.0,739046.0,2.6832492289728362,0.08520848344233245,0.30932124755526197,0.5276498697166377
2024-06-25,739061.8327061831,0.2116926711643719,9.851196071618322,0.6573446138123078,-0.1680549864261577,0.028253930233856733,0.023317351931527997,-0.01595574105332971,2024-02-01,2024-06-10,738916.0,739046.0,3.4812631439040342,0.12781722796167408,0.30932124755526197,0.34803556934339125
2024-07-27,739093.235915373,0.6852292589733363,9.172694793409505,0.4900911906001862,-0.010322775300487266,-0.00046013393395778003,-0.0003033550152042699,-0.00034597539208718276,2024-02-08,2024-06-10,738923.0,739046.0,1.871610602514048,1.6759118306853122,0.30932124755526197,0.46121907454729066
2024-07-04,739070.6522717593,0.6207655118500285,5.855703332910345,0.4820511150253265,-0.016157695103001614,0.0005024609909778816,0.00019483318638824568,-0.0004631490871590681,2024-02-15,2024-06-10,738930.0,739046.0,1.6229424954224618,3.4089887875555824,0.30932124755526197,0.4035498238526061
2024-06-21,739057.4020366543,0.3890180954220056,11.466039194160384,0.5280857351767184,-0.057705409909361065,0.010106616976701788,0.009786933273930844,0.0025218334214182443,2024-02-23,2024-06-10,738938.0,739046.0,4.286095959313012,0.19371671896514503,0.30932124755526197,0.2900912464801968
2024-07-15,739081.9043620909,0.21913460935819012,9.97398198240251,1.1299794296993975,-0.3365084366124981,-0.018705002559644548,-0.017917639492581912,0.005369852490541815,2024-03-01,2024-06-10,738945.0,739046.0,2.1246253637904,0.39525791876538663,0.30932124755526197,0.25210862818590063
2024-07-24,739090.4755810342,0.9554795238923333,13.151308773139434,0.468352569460671,-0.002889274334292563,0.0008480063708597148,0.0007920149606435134,-0.0003030298782884587,2024-03-08,2024-06-10,738952.0,739046.0,2.3772413030006083,0.24753811228414602,0.30932124755526197,0.18161979491914948
2024-06-30,739066.2145775316,0.4825157397002643,11.14274926822686,0.5153933386032932,-0.03463260106130993,0.007198711070724757,0.006982928334006407,-0.0017493292891578992,2024-03-15,2024-06-10,738959.0,739046.0,2.958830022578321,0.20832888700547864,0.30932124755526197,0.2053305630245607
2024-06-16,739052.3308223336,0.5538171727186701,14.68985338058741,0.38445376009137344,-0.01280360121844362,0.0035260921570867973,0.0010553238110821482,0.0033644639326395036,2024-03-22,2024-06-10,738966.0,739046.0,6.108527562681325,0.13689495314847333,0.30932124755526197,0.1485844611447965
2024-06-21,739057.8448028157,0.7726616944623954,5.760549838975166,0.34986289927295117,-0.0027520518651457182,-0.003223144149917974,-0.0008727692866223788,0.0031027297632051577,2024-04-01,2024-06-10,738976.0,739046.0,1.7721539953009107,0.11452553495095454,0.30932124755526197,0.04508731699571913
2024-06-30,739066.6064544074,0.1841303377634316,10.8695257990187,0.8427161122826581,-0.27224574612422975,0.016646235099123097,0.002104490634343676,-0.016512669746144536,2024-04-08,2024-06-10,738983.0,739046.0,2.422807561911227,0.27705106931004897,0.30932124755526197,0.07724015430202036
2024-06-25,739061.9942437817,0.49906328896702956,9.971970279003099,0.4767011188358184,-0.02822452742634492,0.005203256106269675,0.00495134550907018,0.0015993910582603682,2024-04-15,2024-06-10,738990.0,739046.0,2.3875479230214136,0.2714726769697021,0.30932124755526197,0.06978972859767317
2024-07-01,739067.0876896973,0.01274757720224962,6.7884278178824475,6.472307139041237,-5.878035756725298,0.04235061357954633,0.0247403712247327,0.03437278723389293,2024-04-22,2024-06-10,738997.0,739046.0,1.297636989691249,0.260633936320033,0.30932124755526197,0.033182554723759125
2024-08-27,739124.4205879204,0.14779047924782243,2.3724160507845857,-14.212821355423472,7.141618409268063,-0.5500462371992721,-0.5157989883076827,-0.19105566392506934,2023-12-19,2024-06-11,738872.0,739047.0,0.4462426995031451,0.808822170297109,0.26556426719816195,0.7595465159685919
2024-07-08,739074.9557255203,0.031066424821089685,3.69215330780517,-4.543328871732891,4.226004118359071,0.16767093785960432,0.0054992156769165645,0.1675807328712286,2023-12-27,2024-06-11,738880.0,739047.0,1.1412550932455907,0.21207216664458722,0.26556426719816195,1.094175604184797
2024-08-03,739100.6718912711,0.5323370749176434,5.653210059500516,0.07438612474794512,0.0170226302286689,0.012674942794148089,0.011136811137394894,-0.00605190982458625,2024-01-04,2024-06-11,738888.0,739047.0,1.2388119798834172,0.12646555325131517,0.26556426719816195,0.8850191092469358
2024-07-04,739070.1863654682,0.6418996289458277,4.339560375252658,0.2499568163658074,0.0024357910457409307,-0.007889714035573791,-0.0027614849834241987,-0.007390655468187697,2024-01-11,2024-06-11,738895.0,739047.0,1.3967170333648828,0.04566675546142357,0.26556426719816195,0.8629233973206805
2024-07-21,739087.4617312456,0.347750418193515,10.311919337146726,0.39886059633110416,-0.027574772881908797,-0.016338565670018883,-0.01379305410291771,-0.008757875693768697,2024-01-19,2024-06-11,738903.0,739047.0,2.4898298461867716,0.05691492525147067,0.26556426719816195,0.8693534098118659
2024-07-27,739093.6107433694,0.4923705496433425,13.645901907066712,0.4566500083108414,-0.020768961604206077,-0.008954323428014228,-0.0039900793773678216,0.008016182047320812,2024-01-26,2024-06-11,738910.0,739047.0,2.977526888568887,0.08368966508274231,0.26556426719816195,0.4657127642537602
2024-08-02,739099.7109689219,0.496370624729502,7.035050695631583,0.5468658314527417,-0.02915509066649077,0.0036076719618798694,0.0034940598826215634,-0.0008982441322873948,2024-02-02,2024-06-11,738917.0,739047.0,1.3918329549772748,0.5701986644870124,0.26556426719816195,0.45946334337461114
2024-07-25,739091.4207537943,0.5707167700249706,7.261936560802389,0.5318955639069546,-0.02081520717533137,0.0015690373640661324,0.0014861077604890356,0.0005033507465474347,2024-02-09,2024-06-11,738924.0,739047.0,1.533483609006204,1.0425949944642603,0.26556426719816195,0.44526271650183247
2024-07-02,739068.9403148924,0.751555580483303,6.3903974549191345,0.4438097674520797,-0.007976360522328444,-0.00033557800250165785,-0.00020337707211737297,-0.0002669276349499383,2024-02-16,2024-06-11,738931.0,739047.0,1.8698661597714656,2.7954036275166483,0.26556426719816195,0.392844245524364
2024-06-28,739064.6371789289,0.7766239398400412,10.692091522595126,0.41016918741989233,-0.006067499377524666,-0.0019701845587760097,-0.0014977425019556845,-0.0012799978880744087,2024-02-26,2024-06-11,738941.0,739047.0,3.3137906765357834,0.22369224885200145,0.26556426719816195,0.24798141023937992
2024-06-24,739060.9087632867,0.19619530011724656,10.642080175085265,0.7566717569480963,-0.22729592121268477,-0.019217093572589043,-0.018864098347646786,0.003666398629166349,2024-03-04,2024-06-11,738948.0,739047.0,3.5467941661985942,0.21805498053922037,0.26556426719816195,0.2824886112196301
2024-07-26,739092.4254639426,0.8448908869939362,9.254123771683338,0.5049838153193824,-0.00553802026647414,0.0006263172526286912,0.000520954670635447,0.0003476773390421998,2024-03-11,2024-06-11,738955.0,739047.0,1.6304464257265094,0.8072824064282553,0.26556426719816195,0.2863999011353538
2024-07-19,739085.370737773,0.602530574056474,5.432853457815887,0.36066733210677093,-0.005388112304936505,-0.0030767033748344886,-0.0030158734520577537,0.0006087782666054857,2024-03-18,2024-06-11,738962.0,739047.0,1.00984179570663,0.19422364915080415,0.26556426719816195,0.23922623102158422
2024-07-06,739072.6424559605,0.49091222571085835,9.18586524006483,0.4130595360211207,-0.016925901345172106,0.008225822779892648,0.004831795690177206,-0.006657169880255855,2024-03-25,2024-06-11,738969.0,739047.0,2.041938230830176,0.1099654446334657,0.26556426719816195,0.07052231949267267
2024-06-29,739065.038241236,0.5401088371969095,8.693127159948151,0.428127036305181,-0.01738458793888957,-0.005826157347394821,-0.0033547856991240034,0.0047633520077310825,2024-04-02,2024-06-11,738977.0,739047.0,2.1933169483346324,0.18539048583982637,0.26556426719816195,0.05631889568303853
2024-07-12,739078.4851242617,0.2596859188210228,8.95583410254682,0.6473594999314021,-0.12208262555313293,0.016953613870188223,0.005186840863316929,-0.016140684778474065,2024-04-09,2024-06-11,738984.0,739047.0,1.5663726877937063,0.20880165383615923,0.26556426719816195,0.058356008047413664
2024-07-06,739072.428587721,0.2031009447203705,12.645077514578798,0.7665462782208031,-0.21275518459944961,0.015266276575843854,0.013493492425354612,0.007140368523896818,2024-04-16,2024-06-11,738991.0,739047.0,2.3422838438617597,0.22383988478462166,0.26556426719816195,0.07797050972854765
2024-06-13,739049.1118269056,0.9056344356631285,4.7069281808711665,0.3171101101655861,-0.0004897533373114208,-0.0025178049256220133,-0.002488115876944591,0.0003855139768967147,2024-04-23,2024-06-11,738998.0,739047.0,2.3870774871054334,0.03742576455463493,0.26556426719816195,0.02300211718766714
2024-09-06,739134.2309047659,0.5452493670779227,10.524728283269809,0.11918636169773533,0.011033382211433476,0.00827035778998396,0.0015849714217893213,0.008117061264180495,2023-12-20,2024-06-12,738873.0,739048.0,1.8565992274736367,0.06911441594593179,0.2591539888372429,1.5491605798813999
2024-08-24,739121.6780287455,0.9707449606732059,14.09292459992227,0.2102666087862693,0.0005347816004246588,0.0010488775180767425,0.0006420118457008198,0.0008294364580283734,2023-12-28,2024-06-12,738881.0,739048.0,2.655114420548235,0.03512009615040721,0.2591539888372429,1.1425609718217642
2024-08-12,739109.1611309958,0.19221923537947233,5.52595102329215,-0.7098034747039872,0.3963412258935371,0.07040359049643187,0.05143752630232185,-0.04807126420937169,2024-01-05,2024-06-12,738889.0,739048.0,1.1264831399616784,0.19582324998360304,0.2591539888372429,0.8950027888407459
2024-07-20,739086.8187990463,0.5025360091789356,11.602959581848756,0.31344972631368795,-0.004635431041330751,-0.011127062082252752,-0.0069285783576376525,-0.008706682061749012,2024-01-12,2024-06-12,738896.0,739048.0,2.9406709856471345,0.01804296973687866,0.2591539888372429,0.8562884353145559
2024-06-12,739048.8956472885,0.301195515801771,2.0508442488559013,0.21016959717329914,0.034121245447721486,0.04163389371929999,0.03434174458175652,-0.023537750217711206,2024-01-22,2024-06-12,738906.0,739048.0,1.6556164419998682,0.12036318413371391,0.2591539888372429,0.8225689109802242
2024-06-13,739049.0209226038,0.7498602956660111,4.180637202082389,0.3228854853279702,-0.002951135786205308,-0.002927562643155734,-0.002526051642048327,0.0014797588084907412,2024-01-29,2024-06-12,738913.0,739048.0,3.2550533771151957,0.18080934529794396,0.2591539888372429,0.6247284773414032
2024-07-05,739071.3999058849,0.2658455207548594,9.658129757097889,0.6042990222572342,-0.11307752867917695,0.014204928573431532,0.013162385590283205,-0.005341498043526422,2024-02-05,2024-06-12,738920.0,739048.0,2.870134920465813,0.21911573475448054,0.2591539888372429,0.4129904613819331
2024-06-30,739066.0479888392,0.2529379595708848,14.974289644085482,0.6791575277025254,-0.1504452435705744,0.017782221931785153,0.004319829427881371,-0.01724953595159218,2024-02-12,2024-06-12,738927.0,739048.0,4.866047456968889,0.1429092095514149,0.2591539888372429,0.3518895944833815
2024-06-22,739058.1639540704,0.7536712307514779,6.1221135959297115,0.4079438872131995,-0.007534635636055293,-0.0009474523589736725,-0.0003943955401635066,0.0008614627852808924,2024-02-20,2024-06-12,738935.0,739048.0,2.430717148646322,0.9790061676762681,0.2591539888372429,0.37736087310657074
2024-06-22,739058.1714980723,0.5383189160187393,2.442522421844069,0.3962360688139808,-0.016761600355568777,-0.00519265124218059,-0.004554060089683892,0.0024948273732801575,2024-02-27,2024-06-12,738942.0,739048.0,0.9467665526480741,0.7114221922376297,0.2591539888372429,0.33502419993029237
2024-07-25,739091.7071322923,0.927223739615701,2.5002755543035247,0.3602276778598879,-0.0019960146208519705,-0.0010082070100360192,-0.0005036030362878786,-0.0008734216375424868,2024-03-05,2024-06-12,738949.0,739048.0,0.4708653217993512,0.7341937328537186,0.2591539888372429,0.30303400270446335
2024-07-22,739088.0076507775,0.7082426388006867,11.928756682813237,0.5147481750502839,-0.01123504748133534,0.002417047406143038,0.0023896590962201704,-0.000362832698905412,2024-03-12,2024-06-12,738956.0,739048.0,2.266433332115231,0.27597937891326824,0.2591539888372429,0.23128895297408725
2024-06-12,739048.1066387994,0.6811454017518895,8.075685491265315,0.3589989284539594,-0.007298944297252408,-0.003102344330157383,-0.0030309844008585708,-0.0006615692742348849,2024-03-19,2024-06-12,738963.0,739048.0,8.588549783880337,0.1984405777859831,0.2591539888372429,0.19483455631539115
2024-07-07,739073.0848262663,0.7009494239114132,4.07697157285914,0.16497382859178483,0.008694718538661723,-0.005927407234894709,-0.0036257880874999613,0.004689116896903456,2024-03-26,2024-06-12,738970.0,739048.0,0.9170411334112873,0.2521969103383663,0.2591539888372429,0.09493759862201406
2024-07-14,739080.1813619434,0.9388262568311219,6.305323749914666,0.3339081341770484,-0.0007246561385545026,0.0010988770565556467,0.0010950738099483727,-0.00009134624343429342,2024-04-03,2024-06-12,738978.0,739048.0,1.1594326804249482,0.09818851829470045,0.2591539888372429,0.06338741625877094
2024-07-02,739068.4164154455,0.8850612108930294,11.501824210239409,0.40081288113730873,-0.0035461099225790275,-0.0009101323724878644,-5.156738041790967e-6,0.0009101177635356779,2024-04-10,2024-06-12,738985.0,739048.0,2.5765410706673535,0.29981559120954543,0.2591539888372429,0.08438297836878893
2024-06-12,739048.1224380716,0.6739770129823867,8.380417408478449,0.3447758083469948,-0.005367161552479663,-0.002678440965533967,-0.0012924192518294247,-0.0023459962666959205,2024-04-17,2024-06-12,738992.0,739048.0,8.173014270787396,0.1611543464693788,0.2591539888372429,0.08771004834073383
2024-06-21,739057.5446758462,0.3976160923096522,4.216011756364347,0.3733810351066742,-0.018263380498097163,-0.009869611076004212,-0.005143296429572051,0.00842352210355837,2024-04-24,2024-06-12,738999.0,739048.0,1.2170626542830143,0.17451922180502527,0.2591539888372429,0.05313920617877894
2024-09-03,739131.1525033644,0.9820631855248385,13.357149605160117,0.1590837904112411,0.0008529929007947206,-0.0009081838939261352,-0.0005795490348590002,-0.0006992287904404672,2023-12-21,2024-06-13,738874.0,739049.0,2.4257976933443857,0.06905533901991613,0.30318625898774626,1.2853709516110723
2024-07-13,739079.142457755,0.9507012245539987,4.823391091242497,0.24593744903886552,0.0006623583383579334,0.001913843125561825,0.0012904330349431115,0.0014133570290580386,2023-12-29,2024-06-13,738882.0,739049.0,1.4416715099308801,0.068214743091061,0.30318625898774626,0.8100985664283733
2024-08-12,739109.1320324733,0.070017132403297,5.213926287335491,-2.873082451471372,2.2619254264044595,-0.13299776138865826,-0.08780330078870961,-0.09989486926264964,2024-01-08,2024-06-13,738892.0,739049.0,1.0654608659905882,0.22838805423969324,0.30318625898774626,0.9022979071104209
2024-07-13,739079.0810714152,0.21118472977467123,9.244188347725627,0.4004332158922367,-0.05037636429464599,-0.03367771567781373,-0.018822458109644287,-0.027926754268735685,2024-01-16,2024-06-13,738900.0,739049.0,2.624640155501704,0.03417259201041135,0.30318625898774626,1.0881089712016287
2024-07-17,739083.0991188082,0.8225734129191484,2.487557323825221,-0.2192609942274509,0.015883090436720093,-0.009003920989033874,-0.008368080884020562,0.0033235245591471674,2024-01-23,2024-06-13,738907.0,739049.0,0.6499904733576934,0.5833173633761135,0.30318625898774626,0.5700303438822297
2024-06-16,739052.7496546736,0.8072553160123586,12.268732869713636,0.34788934735330235,-0.0037275787327536434,-0.002401711915517747,-0.00231072947094331,-0.0006547896129704375,2024-01-30,2024-06-13,738914.0,739049.0,7.050959732539227,0.10212148362530934,0.30318625898774626,0.3844992288415669
2024-07-07,739073.1348863686,0.06984219576178942,14.828492504344508,1.8870712201245827,-1.2163782453779524,0.0351558149927787,0.02064285599716753,-0.028457052273323888,2024-02-06,2024-06-13,738921.0,739049.0,4.3450689883782125,0.16296425539355439,0.30318625898774626,0.39969230336854317
2024-07-15,739081.7572950678,0.31945400736783075,10.75786690290347,0.6472521191985919,-0.0971970764555004,0.009537608896126946,0.008926865391953668,-0.003358133072023761,2024-02-13,2024-06-13,738928.0,739049.0,2.6474387256187786,0.30261877313421887,0.30318625898774626,0.3770786223659141
2024-08-06,739103.2611614265,0.2155388035630837,9.47167338699898,1.2446920376524997,-0.36916373590874074,-0.005360917197057545,-0.0044341399130959054,0.0030129448094509065,2024-02-21,2024-06-13,738936.0,739049.0,1.697023754358111,1.567034965472774,0.30318625898774626,0.3968567138850763
2024-07-14,739080.7916506013,0.7658103107812428,5.2407259098346675,0.4386699700495139,-0.006378077548729308,-0.0006034633674081712,-0.000583643593739041,-0.00015338901946028194,2024-02-28,2024-06-13,738943.0,739049.0,1.2232218100343653,1.544431483376708,0.30318625898774626,0.3399478024328997
2024-07-12,739078.8223804525,0.13615799094307504,11.301278329615092,1.1898118599948173,-0.5228979131448487,-0.02934105010413219,-0.01740452254683047,0.023621596392497807,2024-03-06,2024-06-13,738950.0,739049.0,2.631746785981991,0.21471224816722778,0.30318625898774626,0.2611546305870253
2024-07-03,739069.1589851493,0.7745305864444223,2.9516924184922315,0.33580419253254123,-0.002473756507772255,-0.0016387545918010705,-0.00022964151699822772,-0.0016225847854025512,2024-03-13,2024-06-13,738957.0,739049.0,0.8062619276382124,0.39610516115023536,0.30318625898774626,0.2997362735697696
2024-06-23,739059.0520379596,0.9371843970118876,8.670400502291578,0.35962801404349787,-0.0021830865185305096,0.0012190858651126228,0.0006102939047527838,0.0010553253983198695,2024-03-20,2024-06-13,738964.0,739049.0,3.1002344592711744,0.19356308826274493,0.30318625898774626,0.12725843376350487
2024-07-16,739082.9451058876,0.038536594655371965,14.19348396473964,2.8764885193763634,-2.2071477195638174,-0.03253374884474302,-0.031664323187652034,-0.00747097389640329,2024-03-27,2024-06-13,738971.0,739049.0,2.695539243513375,0.18419660204861257,0.30318625898774626,0.11819319997637479
2024-07-15,739081.0889565491,0.41846354524296425,10.8430318425989,0.4694365543962021,-0.03251058088853765,0.008034274732424134,0.003404814870256484,0.0072771427205565505,2024-04-04,2024-06-13,738979.0,739049.0,1.997234494335691,0.15616544675711072,0.30318625898774626,0.075558400410755
2024-06-16,739052.9542719093,0.17517512048828635,13.252134434676575,0.5053471603979904,-0.12245796270191998,0.013726220858506959,0.009155566768094505,0.010226667893868219,2024-04-11,2024-06-13,738986.0,739049.0,5.9672147670449975,0.11792954947266043,0.30318625898774626,0.12150583900455057
2024-07-07,739073.8367095575,0.6533247117292788,4.68913700810551,0.43284605097796,-0.011389275218020752,0.0042974533287872705,0.0039636488342212044,-0.0016606002023610868,2024-04-18,2024-06-13,738993.0,739049.0,0.8807141168744014,0.3692504915151186,0.30318625898774626,0.041374363825022825
2024-07-04,739070.8919930056,0.8773768531670036,9.367596562668286,0.31990941193908173,-0.0004792439548413787,0.0015875270339172852,0.0010179163574170105,-0.0012182316580688166,2024-04-25,2024-06-13,739000.0,739049.0,1.7518611520381315,0.02827440717890076,0.30318625898774626,0.032788152921912374
2024-06-17,739053.0669837861,0.9247174456102265,8.474955327399138,0.25998446057539876,0.0002903541766268183,0.0024968937016607243,0.0011726736987069891,-0.0022043853006572744,2023-12-22,2024-06-14,738875.0,739050.0,5.478230292959452,0.012688189524145535,0.32147945203507144,0.8217374184138242
2024-07-10,739076.7814094604,0.316065264358485,12.633609691655307,0.2151268312883959,0.015602163518894284,-0.02983558342004626,-0.019896278833126953,0.022232861412985142,2024-01-02,2024-06-14,738886.0,739050.0,3.9478521076450948,0.013082766929499074,0.32147945203507144,1.4756950393671897
2024-08-17,739114.9511107325,0.38976927110886816,9.889514888927032,0.2304442200963146,0.006749535643957131,-0.01543721453806166,-0.015407502590680834,0.0009573174041589892,2024-01-09,2024-06-14,738893.0,739050.0,1.934123498240197,0.01723207450450768,0.32147945203507144,1.3697779082301584
2024-06-21,739057.888117902,0.30536700262083466,11.679718765250485,0.3681793970933389,-0.03085615382385787,-0.02660653185998491,-0.0030451327065050045,0.02643169885603581,2024-01-17,2024-06-14,738901.0,739050.0,5.558392054806775,0.030320980648754096,0.32147945203507144,0.8411475441187098
2024-07-29,739095.6360097891,0.48582540906024263,3.7961237958931493,-0.11472236005122091,0.0441504819907903,-0.01887783481133377,-0.018601822175332863,0.0032163424757478184,2024-01-24,2024-06-14,738908.0,739050.0,0.8541823386782191,0.2993113086783365,0.32147945203507144,0.6140446351023798
2024-07-01,739067.416665471,0.3339153212237023,8.374943828001715,0.4747184622780169,-0.053735181694943665,0.009052543647297358,0.0061679043002517845,-0.006626122774983821,2024-01-31,2024-06-14,738915.0,739050.0,2.891343696449479,0.23666963330025267,0.32147945203507144,0.558458836078989
2024-07-16,739082.9894575685,0.03934994367461476,9.410448501030725,3.371776676948185,-2.6242867293825354,0.019789642982676728,0.017355319259778988,-0.00950909368830441,2024-02-07,2024-06-14,738922.0,739050.0,2.374111156744369,0.5545071080948655,0.32147945203507144,0.4697057122542719
2024-07-06,739072.2986024399,0.8172861627000603,5.280448186317896,0.40009602390195625,-0.004335873406633789,-0.0005567268234694362,-0.00047933014944020346,0.0002831737343187058,2024-02-14,2024-06-14,738929.0,739050.0,1.5635032315881017,1.205418376135736,0.32147945203507144,0.4174567242956698
2024-07-23,739089.1598700049,0.9782098096331291,10.124258566550893,0.44447230832838813,-0.002396796793048442,-0.0004571873480498389,-0.00024406165263943604,-0.0003865930430410664,2024-02-22,2024-06-14,738937.0,739050.0,2.1870190621058523,0.5065307286415601,0.32147945203507144,0.307594130680926
2024-07-31,739097.5746801286,0.2774956441235095,6.927563243394704,0.830345393810562,-0.16206489504458277,0.005733133041874495,0.004058860755014953,-0.004049007760826414,2024-02-29,2024-06-14,738944.0,739050.0,1.2920701657303617,1.1323289301623833,0.32147945203507144,0.33442571331515614
2024-06-24,739060.9184616349,0.7162686551087206,4.626618198768497,0.39085172148321917,-0.007161432101368464,0.0004573477276943444,0.00013789316025627924,-0.0004360646974724234,2024-03-07,2024-06-14,738951.0,739050.0,1.700439139547952,2.424184317984797,0.32147945203507144,0.32813238057877564
2024-07-11,739077.3389651638,0.8291172392860615,7.467682464759286,0.4315610442627327,-0.0048331063121962205,-0.0006309659715283926,-0.00045723636146977097,-0.00043480221592886726,2024-03-14,2024-06-14,738958.0,739050.0,1.7514662385898354,0.8504533819883024,0.32147945203507144,0.2959094682316264
2024-06-18,739054.5352157499,0.6843502194162113,14.803984977221823,0.3461568543352943,-0.004829461482745163,-0.0020594860375057443,-0.0013636376346125958,0.0015433648758959354,2024-03-21,2024-06-14,738965.0,739050.0,7.0277610230536816,0.10840258281292914,0.32147945203507144,0.162864936598743
2024-07-21,739087.9264932456,0.6366070299376504,9.701618984043597,0.41039774522280253,-0.007766037862488666,-0.003555003070983861,-0.003537602619232582,0.00035130406075572373,2024-03-28,2024-06-14,738972.0,739050.0,1.7251888301173939,0.14334638301804828,0.32147945203507144,0.07813257114811979
2024-06-29,739065.5588134021,0.17883590125937035,6.139215050157191,0.5216742325651,-0.11728306707840705,-0.022041338885348247,-0.009384334618513615,-0.019943793110302054,2024-04-05,2024-06-14,738980.0,739050.0,1.665518806539917,0.15500267886579727,0.32147945203507144,0.08529045773397256
2024-06-28,739064.0797094852,0.3108987132064361,12.932514143488435,0.5228650134564041,-0.07421738700904648,-0.0040578371271153685,-0.0005860148315868046,0.004015299337204662,2024-04-12,2024-06-14,738987.0,739050.0,3.499281893204962,0.43969042785396983,0.32147945203507144,0.11653650856620855
2024-07-06,739072.1064290002,0.33010038597384744,9.911700869306092,0.381630087561695,-0.021999340287367674,-0.013534119391665213,-0.0010177962425994957,0.013495794845669479,2024-04-19,2024-06-14,738994.0,739050.0,1.9911218401554585,0.054134920027455076,0.32147945203507144,0.03778256782828959
2024-07-07,739073.8668553968,0.8362521576511472,5.95366649517571,0.37008341459274363,-0.002676965862739219,-0.0016873937340089744,-0.00038550989877434187,-0.0016427658784865689,2024-04-26,2024-06-14,739001.0,739050.0,1.0576075596484125,0.22283281620948778,0.32147945203507144,0.04071977080489223
2024-06-25,739061.6732083036,0.5995169429200012,5.033752463721644,0.2438987730075302,0.0033101711746647113,0.010387160511448152,0.00412122077792809,0.00953460239287206,2023-12-26,2024-06-17,738879.0,739053.0,2.4414622102659753,0.03795449485811139,0.3154188274233806,1.1011350975523393
2024-08-03,739100.5947134248,0.9860190664890309,3.026849423388941,-0.21173390990060903,0.0061845928971488206,0.0035350275569024448,0.003063791855363496,-0.0017634055957345641,2024-01-03,2024-06-17,738887.0,739053.0,0.7232615918929522,0.5699185724345172,0.3154188274233806,0.6218958723175134
2024-07-24,739090.6791595687,0.17641128611271342,9.637201360927754,0.26575709467817704,0.004295169652872302,0.04178839222372661,0.03569442338206763,0.021729654025449133,2024-01-10,2024-06-17,738894.0,739053.0,2.534566915222947,0.0018814821093971598,0.3154188274233806,1.3856084764822834
2024-08-09,739106.0787645597,0.0202786402281312,11.360133225168777,2.400518412083032,-1.9412613120549482,-0.061474802081052535,-0.04047123881737728,-0.04627342779059485,2024-01-18,2024-06-17,738902.0,739053.0,2.4349149494989657,0.05636925122806367,0.3154188274233806,1.0300699841993095
2024-06-28,739064.7694185203,0.6828578685126351,9.372401107734888,0.3363365049974206,-0.004136721476960859,-0.004566009969546765,-0.0038328278719624628,-0.0024815071117988245,2024-01-25,2024-06-17,738909.0,739053.0,3.852777552181445,0.06600835003122543,0.3154188274233806,0.5193081643275517
2024-07-18,739084.9482818657,0.928341428538457,4.751384726209997,0.3389712751284987,-0.0010792376491826092,0.0009376577672156647,0.0007531955951805144,0.0005584787228001945,2024-02-01,2024-06-17,738916.0,739053.0,1.2594422221866743,0.22488488491911598,0.3154188274233806,0.46831710723889836
2024-07-31,739097.5867776559,0.6150396101292507,11.050169436156681,0.4836685358621172,-0.01357122873613574,-0.0015559490234331756,-0.0007895698916537383,0.0013407299316851838,2024-02-08,2024-06-17,738923.0,739053.0,2.400583452812186,0.4854650341322681,0.3154188274233806,0.4524686931272591
2024-06-23,739059.9531673171,0.9339932795453783,14.146986147672507,0.3674221584609454,-0.002439692281842987,0.001078148107042871,0.0010558070653889041,0.00021834555501543094,2024-02-15,2024-06-17,738930.0,739053.0,6.592523680694812,0.1493951334604578,0.3154188274233806,0.2789106777116701
2024-07-01,739067.139665932,0.09336158136079667,11.66208002828144,1.2984374309720446,-0.7149283604312852,-0.0335873772899212,-0.015542686163456724,0.029774768177767648,2024-02-23,2024-06-17,738938.0,739053.0,4.105477653029188,0.17040354071810304,0.3154188274233806,0.35262535563719355
2024-07-28,739094.2792786642,0.04361451788458371,10.196726643646617,4.407686739300232,-3.4173118806010243,0.02920372360105847,0.008168198278818881,-0.028038152739524758,2024-03-01,2024-06-17,738945.0,739053.0,2.086118080201303,0.5005145262859686,0.3154188274233806,0.32141265273508307
2024-08-03,739100.603296277,0.7817379172264467,7.453869755382423,0.46331963025606004,-0.005569469462663408,0.00037742058906800407,0.00009310742780986712,0.00036575580369840963,2024-03-08,2024-06-17,738952.0,739053.0,1.3504811985728538,1.547631698860944,0.3154188274233806,0.31762153774025126
2024-07-28,739094.7684638425,0.7831567776041044,10.723680402054333,0.48274966289622206,-0.0065114396311707606,0.0011500221140068301,0.00009561432742406355,0.0011460404718403195,2024-03-15,2024-06-17,738959.0,739053.0,2.0119054641447875,0.4135001538272585,0.3154188274233806,0.24706473351062685
2024-07-28,739094.2660606457,0.8672828708466949,9.556346765813316,0.3768494083188746,-0.001812782712062019,-0.0013258613036190232,-0.001317890715693051,0.0001451628668923055,2024-03-22,2024-06-17,738966.0,739053.0,1.7248466301767256,0.12408421110104052,0.3154188274233806,0.07868510129754318
2024-07-23,739089.2749872898,0.6055098199384304,5.0416745555329605,0.2686353127043963,0.00190504290375784,0.004680444735847807,0.0010104022711033601,0.004570082075398059,2024-04-01,2024-06-17,738976.0,739053.0,0.9136932568208905,0.048883694561271084,0.3154188274233806,0.08723786389324509
2024-07-15,739081.5702008602,0.8869628617412546,3.971263498072481,0.2893939424012466,-0.000013967431862335095,-0.0015764173652011322,-0.001454573826608093,0.0006077060903548435,2024-04-08,2024-06-17,738983.0,739053.0,0.782729034102392,0.001978891955091801,0.3154188274233806,0.07703678102855493
2024-06-30,739066.344437718,0.16657046200199946,11.348925195690297,0.6548757122547177,-0.19639023323446925,0.015052778375562272,0.014902374973952614,0.00212258261547247,2024-04-15,2024-06-17,738990.0,739053.0,3.150359198315897,0.1914901658395844,0.3154188274233806,0.10840358274737674
2024-07-07,739073.7063608072,0.5743088469644789,5.229995635201602,0.4163665524947998,-0.012984534901668385,-0.005131675092652866,-0.00008366054276055656,0.005130993097845566,2024-04-22,2024-06-17,738997.0,739053.0,1.0900375346470428,0.277850655999452,0.3154188274233806,0.042538313834674726
2024-06-27,739063.3304952234,0.9635408078915255,3.7052094296079368,0.345703167330766,-0.0016592260163922215,0.0015432353092368516,0.0008894354191903166,0.0012611422817291895,2024-04-29,2024-06-17,739004.0,739053.0,1.0308134720253666,0.27959586827384203,0.3154188274233806,0.03980991551018025
2024-08-12,739109.1713891065,0.9641574135735915,8.78670325210175,0.24153128998908144,0.0003802172288023311,-0.0011912050471580254,-0.0011390881938647414,-0.00034849325814528267,2023-12-27,2024-06-18,738880.0,739054.0,1.9914247516687018,0.03502412166026838,0.3715635564324832,1.1462877684856279
2024-08-21,739118.44676631,0.07089500723362809,4.946371776648754,-4.046948588863607,3.083772009217971,-0.15038407602349446,-0.14948168499198322,0.016449807700932607,2024-01-04,2024-06-18,738888.0,739054.0,1.0030851115946753,0.2939065778377246,0.3715635564324832,0.9039464041233813
2024-07-02,739068.5470215344,0.1440661619645354,14.928880205525154,0.36395952192006076,-0.050589418844980784,0.03762266985843283,0.03725210253541495,0.005267460865308941,2024-01-11,2024-06-18,738895.0,739054.0,5.890264648255369,0.01297611936968312,0.3715635564324832,1.4971756361337683
2024-07-02,739068.9172590362,0.3817009856219463,11.84685166308597,0.40766823544886927,-0.02878528511606849,-0.01867892972502008,-0.01817405098156447,-0.004313500503272746,2024-01-19,2024-06-18,738903.0,739054.0,4.5420774796907795,0.049652243673705805,0.3715635564324832,0.6433831316045165
2024-06-23,739059.2285159834,0.8631926433330737,12.239495612677517,0.34181262822991154,-0.0023943880829855957,-0.0019353078634135133,-0.0009934821715573727,-0.0016608460798604495,2024-01-26,2024-06-18,738910.0,739054.0,6.528352679398327,0.08725467203933657,0.3715635564324832,0.468126169636095
2024-07-29,739095.5936118902,0.03655489693365222,14.445892590002803,3.7820170875804773,-2.99032718579391,0.05157069580256389,0.051260918836465726,-0.005644011481371571,2024-02-02,2024-06-18,738917.0,739054.0,3.350222363052627,0.14672931850424234,0.3715635564324832,0.35361477153309556
2024-07-07,739073.1027098808,0.4440812765613239,8.08274972306749,0.49631944732299127,-0.03654099484322752,0.002329065818017413,0.00001581132482740946,-0.0023290121482431756,2024-02-09,2024-06-18,738924.0,739054.0,2.643321069234954,0.8619894228480578,0.3715635564324832,0.46951074297820494
2024-07-24,739090.3929281668,0.5719188451443792,12.811907703118955,0.4971425970936027,-0.01864593173363749,-0.0036892306917177,-0.0022134539127880485,-0.0029514479281659597,2024-02-16,2024-06-18,738931.0,739054.0,3.011714627677202,0.22561547393646272,0.3715635564324832,0.3152423123867149
2024-08-06,739103.3539868277,0.07704406975906976,6.997436409553398,2.6901316661567716,-1.7103699086786883,0.018620530619301377,0.016807162787664857,0.008015200532318186,2024-02-26,2024-06-18,738941.0,739054.0,1.3261221038815603,1.0113424807856175,0.3715635564324832,0.38280088672374235
2024-07-25,739091.9357995432,0.7385368538400828,7.19355447536398,0.4810572939353428,-0.008135811176858904,0.00017270793727759158,0.0001704856283165168,0.000027616700313451535,2024-03-04,2024-06-18,738948.0,739054.0,1.5266785645036662,4.836344163303204,0.3715635564324832,0.33547930125031966
2024-08-01,739098.1828656599,0.16796880666570282,4.665194375200334,1.0691863534783768,-0.37985758340861225,-0.014778301924814984,-0.0013293233928075854,0.014718393495837936,2024-03-11,2024-06-18,738955.0,739054.0,0.8730075266073023,0.9254546872560594,0.3715635564324832,0.307588609350715
2024-07-08,739074.8078676136,0.9641462363871021,12.831859524519139,0.3878420937054347,-0.0020512515187360385,-0.0008591404547795466,-0.000582685323017155,0.0006313478719210195,2024-03-18,2024-06-18,738962.0,739054.0,3.4521338793156136,0.17939406047563086,0.3715635564324832,0.19368510206092004
2024-07-22,739088.9204324872,0.6185212034784179,9.412244873017954,0.3934484652253282,-0.006931954783710261,-0.004190933331809305,-0.0010959891057769702,0.004045087152545472,2024-03-25,2024-06-18,738969.0,739054.0,1.8481735390905731,0.10869419331738528,0.3715635564324832,0.08233073978930584
2024-06-26,739062.8022043058,0.14661892695546944,3.147078643643627,0.6169498343788001,-0.19277005616122028,0.02593385381219835,0.004903065617541864,-0.025466148532955545,2024-04-02,2024-06-18,738977.0,739054.0,1.1405093958895574,0.34630196545418435,0.3715635564324832,0.08322904959729914
2024-07-16,739082.6339988774,0.7207249862728081,7.928313108207265,0.3876956758492244,-0.0045780118724481605,0.002498348926648648,0.001409684644435774,0.0020626527973773086,2024-04-09,2024-06-18,738984.0,739054.0,1.5606584125275245,0.16657606819136575,0.3715635564324832,0.06124595000144226
2024-06-24,739060.2951711332,0.7496700885307966,11.00900159759306,0.3768202874914054,-0.005499013083147288,-0.0010107884153679394,-0.00009620988936056988,-0.0010061992237282128,2024-04-16,2024-06-18,738991.0,739054.0,4.202662494768912,0.37046462596038915,0.3715635564324832,0.10038333040500384
2024-07-07,739073.0186839559,0.08748958073826965,9.066927381136455,0.7597788760541507,-0.32674022360729643,0.02332323329795108,0.00031021959151872694,-0.023321170109488275,2024-04-23,2024-06-18,738998.0,739054.0,1.9803145891902745,0.13517925337268646,0.3715635564324832,0.0590901737185544
2024-07-03,739069.958143015,0.03916211631284506,4.525663207433867,1.6870492869986895,-1.19618501507588,0.0344773092300999,0.001576468943671837,-0.034441248488078516,2024-04-30,2024-06-18,739005.0,739054.0,1.0111125920642223,0.30022642517998954,0.3715635564324832,0.04267119711952327
2024-08-25,739122.4944874715,0.9092113934475576,4.235943812190378,-0.11179122356178939,0.005412209270235302,0.002871505548535721,0.0027204944083501444,-0.0009189419401719733,2023-12-28,2024-06-20,738881.0,739056.0,0.8694974553877939,0.4045568876924671,0.3629054936893685,0.6971264623490329
2024-09-08,739136.729248043,0.7743032169234265,2.2171806727106924,-3.1888589727578083,0.08910119822305068,-0.035182047445462585,-0.03149127585295571,0.01568680998826176,2024-01-05,2024-06-20,738889.0,739056.0,0.3956562619371346,0.8844482233891084,0.3629054936893685,0.5990306293406089
2024-07-26,739092.4433249169,0.5913035140513024,4.239591226381165,0.1368359729621097,0.011033551612013933,0.010141288871334555,0.0003814727697391844,-0.010134111628445856,2024-01-12,2024-06-20,738896.0,739056.0,1.1366976146411756,0.15174299529721264,0.3629054936893685,0.8238862707377699
2024-07-01,739067.5420483775,0.2996604210916221,8.818261201338009,0.40149328272079715,-0.037664521790187554,0.02179035163643443,0.0059613799668483385,0.020959040372362472,2024-01-22,2024-06-20,738906.0,739056.0,3.703432368717578,0.058737390160822196,0.3629054936893685,0.8249606404266768
2024-07-30,739096.525457635,0.7564263935051716,3.115485137901513,0.022727749232098464,0.009468678195823161,0.006015550610783927,0.005767117949724829,-0.0017109061063847293,2024-01-29,2024-06-20,738913.0,739056.0,0.7489354962631096,0.38216856529809534,0.3629054936893685,0.5728530951730413
2024-07-28,739094.0432901892,0.41117573123033624,14.797401091355992,0.5975931941759945,-0.05310767200193968,0.009652368589828217,0.002025997483587119,0.009437348864506444,2024-02-05,2024-06-20,738920.0,739056.0,3.5810852649877494,0.15288518190525113,0.3629054936893685,0.2990408821732924
2024-07-23,739089.5559258049,0.8744890284018718,2.2240758394791746,0.14752179611076105,0.003507190861851798,-0.003343690044110024,-0.000547717351862635,0.0032985252482812793,2024-02-12,2024-06-20,738927.0,739056.0,0.5585011226152544,0.4124185220534179,0.3629054936893685,0.43180510893721197
2024-06-28,739064.6589879693,0.3900265512150244,11.650384874115062,0.49860509315382123,-0.04974214882530935,-0.009327331619171273,-0.00235841828703302,0.009024243919430608,2024-02-20,2024-06-20,738935.0,739056.0,5.018084193006062,0.17853403685512315,0.3629054936893685,0.3399685280990259
2024-06-28,739064.9300716249,0.34412972554002624,8.602207068960364,0.5561525019524618,-0.07577891181080323,0.012778606363611495,0.006803782350770441,0.010816715135357723,2024-02-27,2024-06-20,738942.0,739056.0,3.5899995058411243,0.23723412910654426,0.3629054936893685,0.3019581438247964
2024-08-04,739101.568817777,0.2921868417135787,5.744054113841482,0.8132587587354501,-0.1459188070878966,0.0071405146904043836,0.005758008575772185,0.0042228292986118635,2024-03-05,2024-06-20,738949.0,739056.0,1.1047055360230202,1.0394985431693715,0.3629054936893685,0.3185893147042408
2024-07-31,739097.5742190547,0.1891731023017838,8.585222133821583,1.0623567516438712,-0.34023491524734756,0.00792150627793127,0.005270340978371131,-0.005913862332097913,2024-03-12,2024-06-20,738956.0,739056.0,1.67428599841139,0.9464092100703092,0.3629054936893685,0.3228851381381577
2024-06-29,739065.3426769729,0.9867040013689468,6.207516145062418,0.35521050053566294,-0.0013247964037629307,-0.0007161097637943096,-0.00030412619912384767,-0.0006483212543238295,2024-03-19,2024-06-20,738963.0,739056.0,2.36490590781816,0.29406177677278694,0.3629054936893685,0.1916468176182951
2024-07-12,739078.7177996079,0.34547748085770197,11.052631429851026,0.5080865188342324,-0.05326612300380881,-0.012516769483428591,-0.001853242506940391,0.012378812968607227,2024-03-26,2024-06-20,738970.0,739056.0,2.7540290416470747,0.13301875840107127,0.3629054936893685,0.08946191688032355
2024-06-20,739056.9595802181,0.8157220958706473,12.829542181598145,0.3654632435138094,-0.004125841102505811,0.0008598196420279832,0.0008558101090450923,-0.00008293897801007886,2024-04-03,2024-06-20,738978.0,739056.0,9.005112165636415,0.30509578196891457,0.3629054936893685,0.10746126967526337
2024-07-01,739067.0560825972,0.6899858153049007,2.128473209461619,0.5043314581989136,-0.021101453775465608,-0.008406716791751982,-0.004185837522291883,0.007290517913954954,2024-04-10,2024-06-20,738985.0,739056.0,0.679012119716924,0.8136880432152677,0.3629054936893685,0.06752680313865818
2024-07-01,739067.7429905637,0.2344082288169112,3.324658095085726,0.7809819122784365,-0.21303928445654613,0.03162997203375933,0.03123164913699065,0.00500392076678962,2024-04-17,2024-06-20,738992.0,739056.0,0.9863563753657134,0.47488313980763913,0.3629054936893685,0.04612621240854774
2024-07-02,739068.5608664934,0.4856549487844707,11.837229868442547,0.36445523648350525,-0.008577932315973053,-0.00748751835784361,-0.0029972515380770645,0.006861444044553575,2024-04-24,2024-06-20,738999.0,739056.0,3.224605202373981,0.04700266169695419,0.3629054936893685,0.038233068470413245
2024-06-25,739061.8973491498,0.6990785483372238,6.572472148532307,0.34063579671643285,-0.0026725310244820923,0.002862571914873957,0.0024055721357448996,-0.0015516251697987097,2024-05-01,2024-06-20,739006.0,739056.0,2.352561827033216,0.09930327479384009,0.3629054936893685,0.04007833134716384
2024-09-04,739132.8623602962,0.521826499121184,10.244069574940053,0.22034953006437002,0.0049572954242339175,0.009082245386246086,0.008576591584688507,-0.0029881864141044824,2023-12-29,2024-06-21,738882.0,739057.0,1.949925139848506,0.027803865526666482,0.348306694268216,1.4398502341172112
2024-08-23,739120.2581557337,0.30157807749671944,3.783997314855884,-1.6547864983880132,0.466197956641487,-0.07702896873549861,-0.06430173750698111,-0.042411656157685246,2024-01-08,2024-06-21,738892.0,739057.0,0.772828808227604,0.4823532742431548,0.348306694268216,0.7919373857909418
2024-07-12,739078.4335751184,0.5566968763071066,9.294863862028059,0.32241947472177207,-0.004277319726738137,-0.00781456763504155,-0.002939650124207703,-0.007240574871506028,2024-01-16,2024-06-21,738900.0,739057.0,3.135067898675718,0.032782533339408226,0.348306694268216,0.9512140273133145
2024-07-18,739084.146877255,0.19083073378179521,9.594558555569197,0.5815051785527517,-0.13478563876655333,0.0264467052760593,0.026103707451780724,-0.004245547930549163,2024-01-23,2024-06-21,738907.0,739057.0,2.864260316368555,0.10136671401031937,0.348306694268216,0.8794609950883625
2024-07-08,739074.8340939687,0.04457190531875566,11.010491551012247,1.947770746272147,-1.3982031231101084,0.0581362831301523,0.05813574664198978,-0.0002497570171277424,2024-01-30,2024-06-21,738914.0,739057.0,3.85392874314942,0.09735931215094443,0.348306694268216,0.46404998811044096
2024-08-26,739123.3913899891,0.7572415051797103,6.968831003620856,0.4572358761035723,-0.005069585778567121,0.0010220961361843636,0.0007810609017642368,0.000659260479126606,2024-02-06,2024-06-21,738921.0,739057.0,1.236269449029172,0.5389583521248548,0.348306694268216,0.44205343341500114
2024-08-01,739098.298418818,0.991794880718492,11.428756604608317,0.41361721799889056,-0.0016374573478725484,-0.00026674214685837967,-0.0001258594998575269,-0.00023518239561291698,2024-02-13,2024-06-21,738928.0,739057.0,2.576947791974315,0.5327227364000887,0.348306694268216,0.3975402911191409
2024-06-29,739065.3419406287,0.24039943937753644,8.385887188833795,0.6584616527095668,-0.1546596101255159,0.016952719750838605,0.016861504887631686,0.0017562345728421548,2024-02-21,2024-06-21,738936.0,739057.0,3.6585089584243615,0.26153027060544676,0.348306694268216,0.36197066463629957
2024-06-24,739060.6609933359,0.47189114230975504,8.546277426158852,0.44616959386109317,-0.02934205558808817,0.007861067461828462,0.0077480677085556395,0.0013280920235644634,2024-02-28,2024-06-21,738943.0,739057.0,4.71993191698589,0.20609803496862095,0.348306694268216,0.2709487570539192
2024-07-19,739085.3188938997,0.8778981553476579,9.003610076099573,0.4529954743280582,-0.004172615520552621,0.0006891150906902146,0.00007264228170176882,-0.0006852756431729815,2024-03-06,2024-06-21,738950.0,739057.0,2.241313996178833,0.590396897473533,0.348306694268216,0.2941626126997031
2024-07-15,739081.7391424321,0.22824241374009407,11.206610147033247,0.8248950952580377,-0.21231348918809026,-0.016242321185783504,-0.009084651502161138,0.013464104299448696,2024-03-13,2024-06-21,738957.0,739057.0,2.885555460030806,0.2662266827693508,0.348306694268216,0.2742112702657976
2024-06-24,739060.5929155075,0.28474231796478794,8.038193336133148,0.46045211352076665,-0.06119116011939026,0.017266160647993075,0.005462220870267524,-0.01637939091317862,2024-03-20,2024-06-21,738964.0,739057.0,4.210928839233622,0.12554125853481324,0.348306694268216,0.12247641163867222
2024-07-22,739088.7095321168,0.6340793961801111,7.551649769982038,0.38580173547101493,-0.005590758773675302,0.0037753372911163868,0.003658952939603726,-0.0009301801156008828,2024-03-27,2024-06-21,738971.0,739057.0,1.576392143936235,0.12434169907369638,0.348306694268216,0.08715288092927063
2024-06-27,739063.2732546377,0.6008457389240834,8.058486965425162,0.3805424112855682,-0.009117177247172063,0.0054209870614810515,0.0042542411635228955,-0.0033598411931715353,2024-04-04,2024-06-21,738979.0,739057.0,3.3317638449214195,0.12539825847848865,0.348306694268216,0.05555679268473851
2024-06-30,739066.9186099321,0.3340165045472246,3.583948986432008,0.515094266735876,-0.06730899110466391,0.016837097431218636,0.011127674224724054,0.01263577129647261,2024-04-11,2024-06-21,738986.0,739057.0,1.1972940215890788,0.37257350156168645,0.348306694268216,0.05756102760788876
2024-07-12,739078.3851197248,0.3255359432224703,2.851323693094465,1.3237886421187857,-0.30550055130707743,0.045940311008472436,0.03980392927412315,-0.02293816448401606,2024-04-18,2024-06-21,738993.0,739057.0,0.628278566272913,0.7592249847904843,0.348306694268216,0.04381735751462766
2024-07-10,739076.8505224003,0.8199158239689017,12.755013264636252,0.3382611427660043,-0.0009955459086281094,0.0018829439073543535,0.00044823948947571995,0.0018288135821667075,2024-04-25,2024-06-21,739000.0,739057.0,2.747904534070054,0.03398695549542563,0.348306694268216,0.028167662337615803
2024-07-14,739080.7171408858,0.32612826353720276,9.442870681833629,0.3403928078864747,-0.00567118335285257,0.004118497938119144,0.0038689677686512517,0.0014117767781874687,2024-05-02,2024-06-21,739007.0,739057.0,1.7043214892693557,0.04755752354046873,0.348306694268216,0.04571014856945904
2024-09-18,739146.7168566203,0.9635364595266058,5.6017178342218585,-0.028511369739527642,0.0026695860855502538,0.0015500485442412437,0.0007945893435535325,0.001330893784122371,2024-01-02,2024-06-24,738886.0,739060.0,0.9813965564160748,0.2962412653574302,0.3600027340314072,0.7155688810826645
2024-07-10,739076.8121578146,0.061198470399324495,6.023761221120263,0.34579874735000893,-0.049428724943676706,0.08108270345406708,0.08042222667771157,0.010328129337830696,2024-01-09,2024-06-24,738893.0,739060.0,2.293057418200703,0.006193326935322113,0.3600027340314072,1.416696606795976
2024-07-15,739081.935654249,0.9131520412664527,8.759983650338844,0.3120059340665732,-0.0006686932917190729,-0.0013650331197858745,-0.00023212569087268246,0.0013451516946981254,2024-01-17,2024-06-24,738901.0,739060.0,2.941790000574202,0.051065028226277356,0.3600027340314072,0.8888323719847512
2024-08-31,739128.5318017945,0.9012826148974367,8.950679025177338,0.38925011934303805,-0.0014383375855109594,0.000886171219045533,0.0000534147994786217,-0.0008845599406831101,2024-01-24,2024-06-24,738908.0,739060.0,1.6649282189812311,0.16343617841710356,0.3600027340314072,0.7344594866285865
2024-07-20,739086.3441410002,0.5389793276669034,11.167578883214059,0.44616103477350116,-0.01677353816583131,-0.004755419671126936,-0.0002602399938147035,0.004748293524431724,2024-01-31,2024-06-24,738915.0,739060.0,3.3280077105464434,0.17023502182382957,0.3600027340314072,0.4809762895713983
2024-08-13,739110.4917545773,0.5701703977565818,13.734791475413067,0.5274424204094323,-0.01842273005814276,-0.0029671177511631304,-0.0017792397007676767,-0.002374467063675447,2024-02-07,2024-06-24,738922.0,739060.0,2.879443108822807,0.2577518566441964,0.3600027340314072,0.4004321603072829
2024-07-21,739087.2731582328,0.9388365112665173,3.7261302377268115,0.3697699113970846,-0.0015588819740457148,-0.0005475637873520741,-0.0004277396588386778,0.00034185506501428195,2024-02-14,2024-06-24,738929.0,739060.0,1.042799046251046,0.7173158989101407,0.3600027340314072,0.40805637850829635
2024-07-30,739096.2814211369,0.9529117785009682,14.745079487434044,0.42882350306171635,-0.002228212395306221,0.0006686696808421515,0.000020877239482867297,0.000668343686249161,2024-02-22,2024-06-24,738937.0,739060.0,3.4717073882369016,0.21535280416771319,0.3600027340314072,0.24956580591885702
2024-08-02,739099.3377527116,0.3226483256327986,6.3498263198228555,0.7280265944728963,-0.10766537137323906,-0.005667290916544845,-0.00562642527555786,0.0006793562771590208,2024-02-29,2024-06-24,738944.0,739060.0,1.387983909937774,0.9653128893496538,0.3600027340314072,0.32839454303580884
2024-08-08,739105.0638848617,0.2958352381226786,9.14352495484968,0.8455065338802363,-0.15026497355302143,-0.0030154604872892955,-0.002104468252804981,0.0021596794492097543,2024-03-07,2024-06-24,738951.0,739060.0,1.7889030096762968,1.6122796259180785,0.3600027340314072,0.33102320524339646
2024-07-18,739084.3147485725,0.3424287710895742,9.482973164327412,0.6345295183569618,-0.08444723935358041,0.00626002095608046,0.0035656154336571764,0.005145313299482576,2024-03-14,2024-06-24,738958.0,739060.0,2.4868015684126554,0.4871193654815999,0.3600027340314072,0.2961570491262801
2024-07-25,739091.8578886939,0.563790647852971,13.367074819884513,0.45519567057752947,-0.01458764621461899,0.004305173914907871,0.0007964612239139201,0.004230859481997094,2024-03-21,2024-06-24,738965.0,739060.0,2.939653749937489,0.14291440661798316,0.3600027340314072,0.10559758805341517
2024-07-31,739097.5509281355,0.5236060657970661,12.806549968393483,0.4914265112271283,-0.02049308648002295,0.00433686067181729,0.0037202508794703234,-0.0022289221342513973,2024-03-28,2024-06-24,738972.0,739060.0,2.4601657352079314,0.19319879949425509,0.3600027340314072,0.09714749963983574
2024-07-11,739077.1562745012,0.5441847665940908,4.5049796895181995,0.4319506938819848,-0.016008020844235492,0.004376909078449781,0.0018978509666708588,-0.003944045485199506,2024-04-05,2024-06-24,738980.0,739060.0,1.2432293098675904,0.44179791207269226,0.3600027340314072,0.08124654109992957
2024-07-21,739087.0313917968,0.5418506060080636,8.27227151684918,0.45143494202095447,-0.016478553130106054,-0.005120308039381135,-0.005119589310487536,0.00008578875271756905,2024-04-12,2024-06-24,738987.0,739060.0,1.7227161641189759,0.21080347722026863,0.3600027340314072,0.054870853783598884
2024-07-02,739068.1245247015,0.8036856528850291,5.023394646656199,0.3625911281994999,-0.003041596538699908,0.0020987502761954345,0.00207845416627464,0.0002911717715129741,2024-04-19,2024-06-24,738994.0,739060.0,1.7675777192557982,0.23186209524494275,0.3600027340314072,0.04438298631603814
2024-07-15,739081.411907476,0.16593738474265132,4.3637724907892235,1.1842314189608734,-0.46522897947852504,0.03334451290887618,0.02063972269890935,-0.02618889818305338,2024-04-26,2024-06-24,739001.0,739060.0,0.9189939925477012,0.5305478057124785,0.3600027340314072,0.04535091442331353
2024-07-09,739075.6024545829,0.6608789534556928,12.461042537391432,0.3410591804991704,-0.0017727023790027822,0.0031219754107430038,0.0029993850448015143,-0.0008662677520864816,2024-05-03,2024-06-24,739008.0,739060.0,2.907853202335457,0.03011437764137152,0.3600027340314072,0.026586881552369865
2024-07-18,739084.0976409765,0.5424895730162641,11.916195682996618,0.2725629780092862,0.000510535115708249,0.01109353265268889,0.008654318510547435,-0.006940406172139394,2024-01-03,2024-06-25,738887.0,739061.0,4.066082723623533,0.0020951229875655346,0.3154188274233806,1.1249227541159807
2024-09-11,739139.7247178078,0.5958401963317704,6.065895692172416,-0.005529271582506362,0.01543067102319658,-0.008397185370792981,-0.008365904803519363,0.0007241263494110097,2024-01-10,2024-06-25,738894.0,739061.0,1.0988907544372466,0.18050362657065566,0.3154188274233806,0.8511388565599782
2024-07-26,739092.9577409872,0.3757994125989025,3.952534821668922,0.1656545632912532,0.023680787076809713,-0.022433935858276393,-0.0221910532867711,-0.0032922077876320305,2024-01-18,2024-06-25,738902.0,739061.0,1.1245411326814267,0.1003624030213045,0.3154188274233806,0.830669045662848
2024-08-29,739126.5722420095,0.9847395434075927,4.634156438846974,0.12423407437827894,0.0015213416656947858,-0.0012884547442964709,-0.00013880359940228524,0.0012809563571383122,2024-01-25,2024-06-25,738909.0,739061.0,0.8846002810026347,0.25090440036073064,0.3154188274233806,0.6142297971849773
2024-06-25,739061.8887942916,0.48064426594553,9.33029183963314,0.3966369903106494,-0.01945765120821234,-0.008730745357782408,-0.008642517654869003,-0.001238064250237699,2024-02-01,2024-06-25,738916.0,739061.0,7.574396668634174,0.1148068046973262,0.3154188274233806,0.3743659886423763
2024-08-12,739109.8079201143,0.4182140859342268,7.6083141310721905,0.6398792544489864,-0.05374853657597994,-0.004351119030771942,-0.0043485554968250425,-0.00014933824352279047,2024-02-08,2024-06-25,738923.0,739061.0,1.6252569219593689,0.679009578631365,0.3154188274233806,0.44900926361417187
2024-07-07,739073.8316574857,0.9928145535513231,8.66735852661984,0.3779151825348721,-0.001703421460189959,-0.00026656981507855893,-0.000011188052560930137,0.0002663349278463325,2024-02-15,2024-06-25,738930.0,739061.0,3.3337628686567817,0.7319687107833508,0.3154188274233806,0.4030416450096673
2024-08-18,739115.1747661919,0.7754196047233595,6.808493875746205,0.5230100637417774,-0.006883899275025745,0.0006028061273446124,0.0005212438659761925,0.0003027871518846236,2024-02-23,2024-06-25,738938.0,739061.0,1.2839872860661474,1.300596481538919,0.3154188274233806,0.3597412077040455
2024-07-29,739095.9008901254,0.5756003688579406,12.342668364331727,0.5443773356742458,-0.021543463651834443,-0.003297911497791621,-0.0029293828658500283,0.001514904707409165,2024-03-01,2024-06-25,738945.0,739061.0,2.8760946529191886,0.30464112814843597,0.3154188274233806,0.27098886169153097
2024-07-06,739072.960338186,0.8481615029955123,3.5985721801541706,0.37500004819523197,-0.0029803656423930368,0.0006964857673034414,0.000015085697773109223,0.0006963223720224409,2024-03-08,2024-06-25,738952.0,739061.0,1.3252221396607455,1.0085690584864915,0.3154188274233806,0.3098090762042855
2024-06-28,739064.5070961262,0.4309026845208076,13.767712154532235,0.4355831726149437,-0.029958143590535224,0.006764508511666965,0.0031061263811666177,-0.006009205796828362,2024-03-15,2024-06-25,738959.0,739061.0,7.4588206286506695,0.13861048167289516,0.3154188274233806,0.25948930662864006
2024-07-13,739079.6121256493,0.8017036051156721,12.77432671886527,0.3942362894103136,-0.003871489939344641,-0.001661182046792959,-0.0016588899674764522,0.00008723455962644737,2024-03-22,2024-06-25,738966.0,739061.0,3.677826059062391,0.14626375647459447,0.3154188274233806,0.10559286928863044
2024-07-27,739093.797467289,0.9168293900190925,5.268324935357038,0.36227754291009345,-0.0012598916139755006,-0.0006470172046204283,-0.0005826541883062245,0.000281327851312393,2024-04-01,2024-06-25,738976.0,739061.0,1.0720934465304854,0.33887016155064303,0.3154188274233806,0.10572501946511648
2024-07-01,739067.278089829,0.15232130046549688,13.407895816544329,0.667631019353529,-0.2148928772217068,-0.004445021299911723,-0.001388626548644367,-0.004222550256073803,2024-04-08,2024-06-25,738983.0,739061.0,5.541943565818209,0.5492223303850721,0.3154188274233806,0.13327963072734172
2024-07-09,739075.5578832711,0.0058341669187036435,8.409319818375042,11.079212097899932,-10.543728073313712,-0.034977123260690496,-0.024137804784394284,0.02531334690996053,2024-04-15,2024-06-25,738990.0,739061.0,2.370360472367978,0.20913565940187676,0.3154188274233806,0.09570713482550153
2024-07-20,739086.8698781389,0.1376951920425358,10.847483102250692,0.7180039216102808,-0.23466581352636012,0.016363734656934675,0.0038083580745201366,0.015914402932526328,2024-04-22,2024-06-25,738997.0,739061.0,2.1498955541789897,0.18203596092712143,0.3154188274233806,0.06304910296967679
2024-07-19,739085.4835099075,0.29895638173307587,3.8632857546736368,0.9109541996973157,-0.18991909655854794,-0.02283544656934129,-0.019011229116410535,-0.01265032756511013,2024-04-29,2024-06-25,739004.0,739061.0,0.7393094131287336,0.6435912374886259,0.3154188274233806,0.04913983069818763
2024-06-26,739062.2470785213,0.8194262824710865,2.460543071931518,0.3623254247064049,-0.004128528892456746,-0.002783412529828882,-0.002717750239962145,0.0006010149285950564,2024-05-06,2024-06-25,739011.0,739061.0,1.4551570227562762,0.4939655573819815,0.3154188274233806,0.040845266404584295
2024-07-30,739096.7469266626,0.9292011714461101,2.990001590166968,-0.005194942446672385,0.005522020746833369,0.0038822666835027276,0.0020445785845543425,-0.003300256507215315,2024-01-04,2024-06-26,738888.0,739062.0,0.853256241366321,0.4420292397431643,0.29391262220241693,0.7441421416002514
2024-09-05,739133.4171978674,0.8398582308056317,3.5612518320263895,-0.5347428831427676,0.015069879645221594,-0.006255653637334512,-0.00609549596154393,0.001406460597776615,2024-01-11,2024-06-26,738895.0,739062.0,0.68325691990407,0.5681204027160728,0.29391262220241693,0.6663669328285412
2024-09-07,739135.8263407293,0.04250273649625181,4.798280909982871,-5.623240357319242,4.79680839019521,-0.1423021982386349,-0.13603752830334778,0.04175771206212805,2024-01-19,2024-06-26,738903.0,739062.0,0.8771341464324538,0.2985877489992179,0.29391262220241693,0.7593988482233104
2024-07-01,739067.4499470784,0.8630142746536238,8.627446903966586,0.3319633921159909,-0.001672589238030601,0.0015696164707786596,0.0015317383525680695,0.0003427440511689607,2024-01-26,2024-06-26,738910.0,739062.0,4.618426963919604,0.10659367481397015,0.29391262220241693,0.629212063730675
2024-08-20,739117.3964006049,0.9648523249667469,8.330299345875188,0.4255258246011996,-0.0016376240062555706,0.00035280232984689214,0.00022467629224608317,0.0002720111167727302,2024-02-02,2024-06-26,738917.0,739062.0,1.7047015150816807,0.5376293771764553,0.29391262220241693,0.4701995005156941
2024-08-21,739118.6490407675,0.7064940048239453,13.010018621937947,0.5005406337435424,-0.00837342834672835,0.0007801471347466208,0.00031424604094613994,0.0007140581052008578,2024-02-09,2024-06-26,738924.0,739062.0,2.5558002221388687,0.5828507413322686,0.29391262220241693,0.45696223271178715
2024-07-21,739087.395966293,0.22431818343589854,14.531456918173747,0.804186265956598,-0.20472725062557384,0.02283617793312703,0.01710745450380246,-0.015126996496124633,2024-02-16,2024-06-26,738931.0,739062.0,4.204124343933106,0.13839090727642472,0.29391262220241693,0.292751780476366
2024-07-27,739093.9037225022,0.6945946077959159,6.4322738423890735,0.48410251112185243,-0.010118660084665223,-0.0007843847898496293,-0.0006328987297220347,-0.00046335590690492126,2024-02-26,2024-06-26,738941.0,739062.0,1.6042698516714224,1.3930308212256033,0.29391262220241693,0.38513372760492764
2024-08-17,739114.9107692791,0.827131742701664,14.554108300235537,0.5039810049530858,-0.0050721756363316045,-0.0009860782820336766,-0.0009571022737910818,0.00023728804395170886,2024-03-04,2024-06-26,738948.0,739062.0,2.661153900970902,0.2923290502545218,0.29391262220241693,0.25426077333854746
2024-07-20,739086.6227292514,0.4225853827954035,2.9255777291251994,0.5458999884692401,-0.047237539599024,0.0068374222241235245,0.006712456248601704,-0.0013012585375497912,2024-03-11,2024-06-26,738955.0,739062.0,0.7805049836816201,0.9979245323985264,0.29391262220241693,0.30970075140043923
2024-07-15,739081.3076351085,0.9650980060031538,10.239195010894523,0.397140491270717,-0.0020451398652236844,-0.0006241545057629015,-0.00031171743112484344,-0.0005407412414427629,2024-03-18,2024-06-26,738962.0,739062.0,2.967868881692541,0.30884210810072393,0.29391262220241693,0.21890102788779867
2024-07-27,739093.3712969159,0.36198387680199456,2.405768912574155,-0.4081773264822737,0.16017823887189872,-0.04024295634661167,-0.021831358512742417,0.03380661652699663,2024-03-25,2024-06-26,738969.0,739062.0,0.5273843042688392,0.5988926113664715,0.29391262220241693,0.16465808292514567
2024-08-01,739098.825443189,0.5717132488708331,8.877218247751124,0.43097449227781087,-0.011240094557352878,0.0037265258580661004,0.0030945855142706547,0.00207618290757378,2024-04-02,2024-06-26,738977.0,739062.0,1.6903378506974653,0.19425275418388524,0.29391262220241693,0.07488578356824366
2024-07-12,739078.2224368107,0.195924764389871,14.655266696493987,0.6832299851030562,-0.18210629145036622,-0.006171548974649278,-0.0047853469635270604,-0.0038972389181517854,2024-04-09,2024-06-26,738984.0,739062.0,4.103407447911579,0.39448126072900336,0.29391262220241693,0.12868020021287907
2024-07-26,739092.1724472865,0.10119100990213495,2.417217852261262,6.806273498724484,-4.371219271123074,0.21269890880764475,0.0012057694637314777,-0.21269549108517227,2024-04-16,2024-06-26,738991.0,739062.0,0.46546221285236977,0.8603268313822353,0.29391262220241693,0.05850547621858239
2024-07-16,739082.4906361054,0.053311560785205284,13.920635588270716,1.0471591699834946,-0.5969869629084759,0.03599527207548734,0.011946747799422591,0.03395489403319277,2024-04-23,2024-06-26,738998.0,739062.0,3.1386921649281976,0.06351579218982954,0.29391262220241693,0.03949932743296284
2024-07-09,739075.3960774959,0.6889572491278825,9.940200487077252,0.345774595192169,-0.00238366402556588,-0.002054898485895429,-0.001388470765208676,0.0015148454447553913,2024-04-30,2024-06-26,739005.0,739062.0,2.6248689707163537,0.08039921347186918,0.29391262220241693,0.046886354595806604
2024-07-08,739074.967313031,0.8762740764807897,8.216240584494471,0.3261118381403796,-0.00019481375499268955,0.00048743856974320143,0.00023873084538083203,0.00042497522602741344,2024-05-07,2024-06-26,739012.0,739062.0,2.0663359110674464,0.042625211092565334,0.29391262220241693,0.046745360454314634
2024-08-05,739102.1305490986,0.6612026211928052,12.347768264457045,0.275493562314266,0.00017009312896204307,-0.005367316621974186,-0.005127686378927141,0.0015858499676468323,2024-01-05,2024-06-27,738889.0,739063.0,3.331030944669222,0.0016969758084044572,0.3062584580247164,1.1441109674439627
2024-08-08,739105.2620509395,0.18487604742798627,3.037028940264663,-1.7924713005943185,0.9054184501034687,0.12085393745062877,0.10783712282332218,-0.05456032568183787,2024-01-12,2024-06-27,738896.0,739063.0,0.7732269771129525,0.4560581831896472,0.3062584580247164,0.8908276384311755
2024-07-15,739081.665479426,0.10980452242080489,5.633235896856408,0.6352138593866924,-0.22539377563360372,-0.045820828269042886,-0.00342704555009106,-0.04569249021511875,2024-01-22,2024-06-27,738906.0,739063.0,2.0099970108911873,0.09588292465215931,0.3062584580247164,0.8824214531312184
2024-08-08,739105.450217672,0.12778535286277173,9.380834424634706,1.0685745495811596,-0.44782211583543496,0.019504560204239397,0.016425729670250164,-0.01051775991172372,2024-01-29,2024-06-27,738913.0,739063.0,2.256686991668203,0.31275839905127456,0.3062584580247164,0.7325388328005168
2024-07-17,739083.4522603346,0.7869716112812821,6.012802263413951,0.39453171474030657,-0.004158091085561292,0.0009957974118530563,0.0009511215489770154,0.00029492420132096403,2024-02-05,2024-06-27,738920.0,739063.0,1.9889870027402687,0.546518854874105,0.3062584580247164,0.4592377423614329
2024-09-02,739130.9514463985,0.9390824956390833,8.648948120500876,0.46235242470521265,-0.00208540012834671,-0.00028566564454874657,-0.0002818065280989676,-0.00004679680754342744,2024-02-12,2024-06-27,738927.0,739063.0,1.5129204727193102,0.7926324278135879,0.3062584580247164,0.4391695550137357
2024-08-09,739106.0002158021,0.7148245456102539,11.012923131811325,0.5125306106312985,-0.00951752682037222,-0.0008499544401602311,-0.0007887726084561396,-0.00031663910449814827,2024-02-20,2024-06-27,738935.0,739063.0,2.4196161095126514,0.7268173924856549,0.3062584580247164,0.38697160314245643
2024-07-05,739071.2200370533,0.5602922178184245,7.724979930382549,0.4544560668961346,-0.0197680273001542,-0.002748272446619039,-0.0023394368447485735,-0.0014422332301948387,2024-02-27,2024-06-27,738942.0,739063.0,3.387115009041934,0.5216999306283223,0.3062584580247164,0.3770234991814759
2024-07-31,739097.2186824405,0.03547242538634122,4.134312413585393,4.1735534099594265,-3.3448281309078616,0.03545539726590494,0.02693429717038341,-0.023057077681714465,2024-03-05,2024-06-27,738949.0,739063.0,0.9645679003606977,0.8094295284607944,0.3062584580247164,0.319624953527092
2024-08-19,739116.264242861,0.11506819813584282,10.733763555499705,1.6848284880096076,-0.8300716061197322,-0.007749924437115881,-0.003999893985558887,-0.006637934685223691,2024-03-12,2024-06-27,738956.0,739063.0,1.881827509019935,1.1482101414890036,0.3062584580247164,0.3406715397980871
2024-07-14,739080.7452016883,0.6702704250582886,5.703168844185314,0.3602052982391548,-0.003924044247720633,-0.0024545689227512975,-0.0021782736803478706,-0.001131385155479869,2024-03-19,2024-06-27,738963.0,739063.0,1.7177149565985912,0.1878851658088558,0.3062584580247164,0.20850038235666044
2024-08-01,739098.4527346913,0.9144167801844643,12.448009817735134,0.39335301347244933,-0.0018374552354476865,-0.0009023399123607797,-0.0004266768723686922,-0.0007950875197265584,2024-03-26,2024-06-27,738970.0,739063.0,2.550470321387737,0.1495859709830091,0.3062584580247164,0.08762687905363753
2024-07-03,739069.6880682096,0.9236441175215613,7.331658918730487,0.3450427186235045,-0.0013066309679466192,-0.0012468714822413223,-0.0012113940391379112,-0.00029531843011876047,2024-04-03,2024-06-27,738978.0,739063.0,3.054943415063373,0.13201815861340943,0.3062584580247164,0.07229558777862054
2024-07-11,739077.0577736184,0.9248810078470662,5.659606123714017,0.35259887402627754,-0.0014185243163562105,-0.0011564735926444987,-0.0010761583048137617,-0.0004234553972550647,2024-04-10,2024-06-27,738985.0,739063.0,1.6927342395455567,0.20044753417760047,0.3062584580247164,0.06247757876645937
2024-06-27,739063.4323498433,0.021549666843539775,6.675965716870707,0.9187734720406522,-0.5783167503127303,0.03660893698616777,0.03610379763245857,0.006060533291029855,2024-04-17,2024-06-27,738992.0,739063.0,5.42654158909467,0.05099236038687975,0.3062584580247164,0.09434958235134235
2024-07-12,739078.1243277882,0.3950593376814301,4.905995948077388,0.4240146364122776,-0.0269989160973977,0.007550730612077001,0.006589233314571961,0.003687212646741671,2024-04-24,2024-06-27,738999.0,739063.0,1.2920244651625592,0.2879337007599899,0.3062584580247164,0.06416828494074305
2024-07-21,739087.209258127,0.42610715795297105,9.69959865064799,0.35725856200724476,-0.007191101618702181,-0.0044056625201173765,-0.003443529313214943,0.00274808444378924,2024-05-01,2024-06-27,739006.0,739063.0,1.868378335849548,0.07170497103024966,0.3062584580247164,0.04546780283952578
2024-07-09,739075.0032157482,0.8980375036572417,4.4715173705313065,0.3318422073009365,-0.00045440347480964655,0.0006788222082546786,0.0005939903396769237,-0.00032859559764283376,2024-05-08,2024-06-27,739013.0,739063.0,1.168560736483182,0.13443896283176926,0.3062584580247164,0.04356504929360737
2024-08-05,739102.880876534,0.07615441759630362,5.630310254433775,0.29873821377247417,-0.0009310109203391544,0.08279999927943413,0.05838798339051327,-0.058708460005892145,2024-01-08,2024-06-28,738892.0,739064.0,1.515103691270688,0.00015208529209025673,0.3424069721410274,1.4121714687533833
2024-07-06,739072.9728262797,0.3255399589826465,10.578000655417364,0.37911950616928447,-0.02673192979724321,-0.026516689907444376,-0.015621588023765811,-0.021426638356571454,2024-01-16,2024-06-28,738900.0,739064.0,4.981486643226213,0.031024994762115867,0.3424069721410274,0.7673535434478215
2024-09-05,739133.2353660007,0.8072267419065147,9.639569147810207,0.39274855757790994,-0.0023113928681831476,-0.001374824214814602,-0.0009622940508034227,0.0009819021241594943,2024-01-23,2024-06-28,738907.0,739064.0,1.816573472495101,0.14078763512890993,0.3424069721410274,0.7936160573288
2024-06-30,739066.4658786398,0.5018110277401199,4.114725265007499,0.36720452584563107,-0.011782172561631547,-0.007839148042445395,-0.007828075504445512,0.00041650441543352736,2024-01-30,2024-06-28,738914.0,739064.0,2.7009775687283155,0.18329721686439657,0.3424069721410274,0.5586341500663661
2024-07-18,739084.0964141263,0.5473354355620154,10.59720156971054,0.4503986729723994,-0.017267825522496304,0.0034331521868231985,0.0010592038468566344,-0.0032656731539903107,2024-02-06,2024-06-28,738921.0,739064.0,3.5313970381222948,0.2597807505834382,0.3424069721410274,0.4340815069075289
2024-07-05,739071.4391698181,0.6586182416919936,3.3368195250518653,0.3691634733438992,-0.0063489326033150184,0.002616510218183934,0.002592819784191935,0.0003512994286414712,2024-02-13,2024-06-28,738928.0,739064.0,1.5715206480491135,0.4789380248649389,0.3424069721410274,0.41245885503186575
2024-08-12,739109.3650854089,0.20228549819386205,2.105000313455509,1.4667251121797678,-0.5121016270919769,-0.04891535441130939,-0.04325678916609394,-0.022837733867967353,2024-02-21,2024-06-28,738936.0,739064.0,0.4491484989217343,1.006059197461996,0.3424069721410274,0.36308943834622365
2024-07-29,739095.0562460996,0.6918082584239261,10.146824594980233,0.4928879745149274,-0.010722798197973643,0.0013184337160920094,0.00010058229592208495,-0.0013145914443184333,2024-02-28,2024-06-28,738943.0,739064.0,2.565216245733244,0.5545049420854309,0.3424069721410274,0.3399213607374052
2024-07-05,739071.3616012292,0.18949587762737724,2.5673562107646135,0.6151941894430226,-0.1646778444348334,-0.022038888063325816,-0.02099394139976443,-0.0067057446693907395,2024-03-06,2024-06-28,738950.0,739064.0,1.1451211264682477,0.5515172893692688,0.3424069721410274,0.32197113706312075
2024-07-30,739096.5196965159,0.976393415747334,10.767271245549344,0.4335876851084118,-0.0021496303974087665,-0.00042522205632698637,-0.00005124753870121826,0.00042212259707816836,2024-03-13,2024-06-28,738957.0,739064.0,2.4957120602954377,0.45842384525307694,0.3424069721410274,0.2867322359967479
2024-07-10,739076.4579166117,0.1419510298938436,3.7026700431356647,0.5334827041371942,-0.13393098226621022,0.01614139883679472,0.00909036516786418,0.01333829140195099,2024-03-20,2024-06-28,738964.0,739064.0,1.2965874141344984,0.3180998181433732,0.3424069721410274,0.19674607205056135
2024-07-13,739079.9706801709,0.09670233661734122,11.394168800773116,0.9279193556606661,-0.43214914923821873,-0.03178741297032102,-0.029980448648976015,-0.010564673310228069,2024-03-27,2024-06-28,738971.0,739064.0,3.4823896181397247,0.11538060109872174,0.3424069721410274,0.10496273573588234
2024-07-21,739087.7772076637,0.19675870090890696,6.5694934156578135,0.6009864097732429,-0.1364363199696173,-0.017346461619644916,-0.006462325119754141,0.016097766452784955,2024-04-04,2024-06-28,738979.0,739064.0,1.589862908753942,0.23557064015869472,0.3424069721410274,0.09358318475952801
2024-07-18,739084.9660003617,0.5853323965263425,5.564220917724745,0.42191198663185675,-0.012034843947443802,-0.004220287762349564,-0.0031768134420991443,-0.002778252175583721,2024-04-11,2024-06-28,738986.0,739064.0,1.374298357571063,0.2999829667916627,0.3424069721410274,0.07267729982911161
2024-07-15,739081.6768363919,0.06859807497386129,3.473492053813317,1.985653613728402,-1.303197137023532,0.046894104392774236,0.003919067276086108,0.046730053910582166,2024-04-18,2024-06-28,738993.0,739064.0,0.8915624520061629,0.5488295545519801,0.3424069721410274,0.06762095386767512
2024-07-11,739077.2869323358,0.3885149142290486,10.373092034161193,0.3904561967029759,-0.018502990591486156,-0.007216088559793538,-0.001285663576234866,-0.007100634004898865,2024-04-25,2024-06-28,739000.0,739064.0,2.9068628900952524,0.09603721059025482,0.3424069721410274,0.057109496489760506
2024-07-02,739068.1356635395,0.4331254492817621,5.005439587886365,0.3493441938978436,-0.007536167645059287,0.00566085838735308,0.005653524222486348,-0.0002880651791276485,2024-05-02,2024-06-28,739007.0,739064.0,2.1457093175905104,0.11519662054105297,0.3424069721410274,0.04343267380593222
2024-06-30,739066.7907949139,0.23119569165015724,9.209707540862237,0.3290435947305072,-0.004459416823761124,-0.016350704845149944,-0.009604425685832743,-0.01323255667581009,2024-05-09,2024-06-28,739014.0,739064.0,4.309380404279478,0.006846608368151872,0.3424069721410274,0.027660282923141745
2024-08-22,739119.631189306,0.21919137984918075,4.345533684177376,-0.6733010863688271,0.3451829193804309,0.06660487387422181,0.06606488867159999,-0.008464024374379814,2024-01-09,2024-07-01,738893.0,739067.0,1.0097656541847588,0.2614108668056702,0.3541718137206139,1.0330047105549949
2024-07-24,739090.6850398076,0.09678066434670445,14.255294538026348,0.82709905360996,-0.3622675584480633,0.06440787131921498,0.016808811817642606,-0.06217586133823667,2024-01-17,2024-07-01,738901.0,739067.0,4.720288169056378,0.03818588867938284,0.3541718137206139,0.829042265895063
2024-07-06,739072.3425288232,0.40326447283486766,14.789287194470164,0.4224081953301404,-0.029222568105414605,0.012498785956002843,0.008609365323423093,-0.009060821105275937,2024-01-24,2024-07-01,738908.0,739067.0,8.064675485178503,0.06375192000967675,0.3541718137206139,0.7049175984441389
2024-08-29,739126.4352817307,0.24486610769456713,14.824129552671435,0.8258890231579608,-0.17400626454488963,0.013364617577065294,0.00045898593192556934,-0.013356733691119891,2024-01-31,2024-07-01,738915.0,739067.0,2.9940671952162243,0.21506405197040607,0.3541718137206139,0.536892608544834
2024-07-15,739081.940589185,0.8751335890293104,4.080671788260071,0.3585890523635574,-0.0018306735321433022,-0.000998160416448546,-0.0008633513319491014,-0.0005009477962686803,2024-02-07,2024-07-01,738922.0,739067.0,1.5396861729418683,0.3933265355677492,0.3541718137206139,0.4420915117816635
2024-08-08,739105.8142017843,0.7365883255167655,9.807013132828537,0.4839911185047123,-0.0075728973422149225,-0.0001858785579887998,-0.00018119523708283832,0.00004146232480806665,2024-02-14,2024-07-01,738929.0,739067.0,2.3667142402214645,3.0599959335051676,0.3541718137206139,0.44168353304946656
2024-07-25,739091.9893533728,0.07345054751356762,14.679452706975464,1.9549673087461563,-1.2304354905660644,0.040741029440133386,0.0291103096403981,0.028503006025364427,2024-02-22,2024-07-01,738937.0,739067.0,4.263542804611276,0.1511165479663713,0.3541718137206139,0.3235955214541324
2024-08-19,739116.8468587415,0.6367653167977892,13.895585431571705,0.5559607279451564,-0.014949590042834807,0.0018537589150302398,0.0018474968835688783,-0.00015224119106658937,2024-02-29,2024-07-01,738944.0,739067.0,2.7499543597774934,0.3695545743470557,0.3541718137206139,0.29962227677206793
2024-08-27,739124.5009931013,0.18170914091444582,12.542837384613863,1.2989117398333092,-0.43843108774817446,0.007247286596434916,0.006661846582962492,0.0028535877620876047,2024-03-07,2024-07-01,738951.0,739067.0,2.204625826689194,0.8764091203222908,0.3541718137206139,0.341559438353903
2024-08-13,739110.4695757849,0.9766951984895531,14.601868089209272,0.46034508028790033,-0.002146904641552792,-0.0005646753988049975,-0.0004869591730606221,0.0002858829651932729,2024-03-14,2024-07-01,738958.0,739067.0,2.916345558144721,0.2543106334223656,0.3541718137206139,0.2340675591105192
2024-08-12,739109.6314141675,0.7375607915133015,9.128638024807994,0.37752255981932725,-0.0026996085647177635,-0.0019241529026767315,-0.0014883738791789422,0.0012194702081876046,2024-03-21,2024-07-01,738965.0,739067.0,1.774819216873256,0.11335822899954671,0.3541718137206139,0.11246609793056954
2024-07-23,739089.747490269,0.773927006392457,3.8853586021691315,0.3454526508352679,-0.0017017648947631329,-0.0012733300992163934,-0.000912120071392801,0.0008884855186961811,2024-03-28,2024-07-01,738972.0,739067.0,1.0166610685455117,0.26621188987630506,0.3541718137206139,0.1407009800668299
2024-08-12,739109.0934098992,0.6465409656949145,5.8522039124977425,0.482778227826318,-0.011015985285920859,0.0019887124299219857,0.0015331548049657146,0.0012666544410125243,2024-04-05,2024-07-01,738980.0,739067.0,1.0437768522121713,0.6119669333685703,0.3541718137206139,0.09341108772707402
2024-07-28,739094.2855880277,0.3877154786591607,11.791038657030821,0.5199723845361831,-0.04371508185733825,0.007883165318561976,0.006191507963446914,0.004879500443524092,2024-04-12,2024-07-01,738987.0,739067.0,2.5693228627414926,0.1823441093885328,0.3541718137206139,0.08377860223296575
2024-07-01,739067.6052034464,0.790325805136725,10.34240430802184,0.3413147573367925,-0.0016535574181223626,-0.0025057454658269362,-0.0017980422574135852,0.0017452233037830165,2024-04-19,2024-07-01,738994.0,739067.0,7.9025067426902815,0.05042744656886936,0.3541718137206139,0.035380124432296794
2024-07-15,739081.8837540012,0.8275954889362314,5.796955185388846,0.3670861867355522,-0.0024536916891446285,-0.001353220005062289,-0.00010626073638453503,-0.0013490415256780651,2024-04-26,2024-07-01,739001.0,739067.0,1.5617482414255195,0.25886286544215487,0.3541718137206139,0.05303530557365871
2024-07-27,739093.1140223064,0.2686103828458786,6.609610721868053,0.386200692285655,-0.022524434022257397,-0.0047041545919402645,-0.004604079592583054,-0.0009651536302749589,2024-05-03,2024-07-01,739008.0,739067.0,1.2429019256899811,0.19458941632990362,0.3541718137206139,0.047570203950023045
2024-07-23,739089.9896296071,0.9826386625164003,12.84327415057259,0.32246390706999034,0.000034591960462014664,-0.00021916585407318954,-0.00005421279264433874,-0.00021235499689277983,2024-05-10,2024-07-01,739015.0,739067.0,2.416718130832834,0.012075924200585664,0.3541718137206139,0.045053317908646605
2024-08-06,739103.0535677338,0.3933372923263475,4.942711830990598,0.2547958516398837,0.007386764613669489,-0.020089689898859148,-0.009834416682080242,0.017517987577217453,2024-01-10,2024-07-02,738894.0,739068.0,1.4047437665435367,0.029260440487722156,0.348306694268216,1.148786431636334
2024-08-15,739112.7381106158,0.17036915788152387,7.64965158370521,0.6529220682205698,-0.1690319632520686,-0.0355038559849018,-0.03270651461956822,-0.013813315722034933,2024-01-18,2024-07-02,738902.0,739068.0,1.8868386709957832,0.10603338700995171,0.348306694268216,0.9397603042217184
2024-08-15,739112.7514983275,0.4779886498006821,14.973972186852292,0.48950567063347034,-0.023321905579410947,-0.008338822383922875,-0.003594474812287205,-0.007524341138893564,2024-01-25,2024-07-02,738909.0,739068.0,3.6123700390530646,0.08927705819271817,0.348306694268216,0.5885683834635909
2024-07-14,739080.6310095089,0.14747563541245626,12.476119088683298,0.8382746093405606,-0.30883344010954683,0.035635747199852956,0.009581565061533513,0.034323462667152756,2024-02-01,2024-07-02,738916.0,739068.0,5.098223348473283,0.10244227490589733,0.348306694268216,0.3686562871834894
2024-09-10,739138.4956784747,0.7473107002568075,13.823010996604188,0.5216830248250428,-0.006688535437283066,0.00036107293491898336,0.0003486998288033361,0.00009371282582193598,2024-02-08,2024-07-02,738923.0,739068.0,2.4582573721033256,1.0014623888946503,0.348306694268216,0.4827126122418231
2024-08-29,739126.0062377638,0.3450745677085783,11.853333500949727,0.8339473220159381,-0.11107458895536432,-0.0019570287047444923,-0.0018055804771772523,0.0007548777991372316,2024-02-15,2024-07-02,738930.0,739068.0,2.297014960002862,1.6523040520445293,0.348306694268216,0.44666411475019785
2024-08-19,739116.4727144458,0.12568364956527714,6.587303964011464,1.6487490120790556,-0.7722566040813638,0.01935678417930965,0.011581000242100733,-0.01551017495571327,2024-02-23,2024-07-02,738938.0,739068.0,1.3665235074421984,0.7612012665671523,0.348306694268216,0.3832117904613616
2024-07-17,739083.712774031,0.3756807370937406,5.496045281227685,0.5224304135188689,-0.05146310132989297,-0.0049312594288723,-0.0016168464592779712,-0.004658661511846749,2024-03-01,2024-07-02,738945.0,739068.0,1.905086202075888,0.7133566741359741,0.348306694268216,0.3564726824129679
2024-07-15,739081.3517759432,0.516658270802565,4.549250096878976,0.4279713281649081,-0.017218650934512733,0.003204480701920243,0.0030094269440458952,-0.0011009296241948597,2024-03-08,2024-07-02,738952.0,739068.0,1.6442025675943932,0.6102461307209489,0.348306694268216,0.32346274484169835
2024-07-10,739076.4899210047,0.6348636278046998,2.9975507585708634,0.37503919156588944,-0.0067209206374836735,0.001950044689648079,0.000529762962457613,-0.0018767060225919267,2024-03-15,2024-07-02,738959.0,739068.0,1.253501666101247,0.7299583879799288,0.348306694268216,0.2881533888471476
2024-07-07,739073.6571340807,0.6079026174213468,4.73026708544136,0.3345645898662901,-0.0023597832900886105,0.004485094294323335,0.0010412050490212442,-0.004362563796079594,2024-03-22,2024-07-02,738966.0,739068.0,2.21790816849991,0.06761590944434642,0.348306694268216,0.13589868478152192
2024-08-15,739112.8943791288,0.6109138195425293,6.711134970700139,0.45316224480722483,-0.01010211030692567,-0.0019161538103574715,-0.0005476753863461611,-0.0018362181504761467,2024-04-01,2024-07-02,738976.0,739068.0,1.1908330516913195,0.47991653739076034,0.348306694268216,0.10760563283700704
2024-08-08,739105.8982573455,0.6799967256804643,6.426975583526037,0.4544103047769815,-0.00813873138739228,-0.001838303263470354,-0.001804368569874742,0.00035158633724013234,2024-04-08,2024-07-02,738983.0,739068.0,1.2033747250883329,0.46842463652416244,0.348306694268216,0.08833717583826056
2024-07-29,739095.3350289984,0.6289325449043498,11.19198512771933,0.4333037444673032,-0.009371160837248491,-0.003050007635786435,-0.0009716400719050905,-0.0028911005082881205,2024-04-15,2024-07-02,738990.0,739068.0,2.402878494847446,0.17265907470781705,0.348306694268216,0.0689128879738956
2024-07-29,739095.5381028566,0.43628687015973366,5.121697622671209,0.5571797279225098,-0.04285922812386958,-0.007515450090403183,-0.007382195372450605,0.0014089647065523242,2024-04-22,2024-07-02,738997.0,739068.0,1.0392041869199016,0.4857888682341322,0.348306694268216,0.06061743553722436
2024-07-06,739072.3191122684,0.6627324040687829,7.882731559005673,0.34424873459456173,-0.002590679491496647,0.001863689139215199,0.0014541720286959578,-0.001165641848333772,2024-04-29,2024-07-02,739004.0,739068.0,3.4640587115164077,0.11686963330132114,0.348306694268216,0.055744033716486244
2024-07-27,739093.7172578177,0.8263190626684134,12.212802447516129,0.34013597108705823,-0.0006270790093263224,-0.0005822026992961194,-0.00010889014728883732,0.0005719291205132883,2024-05-06,2024-07-02,739011.0,739068.0,2.2707911608500106,0.0728753223210185,0.348306694268216,0.046608043640932045
2024-07-06,739072.9125025424,0.7475277375016071,14.990165239031407,0.3373258951803042,-0.0011522332018643025,-0.002864091773968565,-0.0015586078495079076,0.0024028656352710893,2024-05-13,2024-07-02,739018.0,739068.0,5.759120724350786,0.020062005601213545,0.348306694268216,0.026476263305763602
2024-08-02,739099.4765842186,0.9022654557045804,11.254435880423012,0.30802095161084025,-0.0004608432522518077,-0.0014714444317372088,-0.0014714432741172398,1.8457371359770613e-6,2024-01-11,2024-07-03,738895.0,739069.0,3.4095381911006037,0.025108453607728242,0.3184537311185346,0.995282326862378
2024-07-27,739093.3790916831,0.9124081711011698,12.265899496853947,0.3423829316310292,-0.0011179160113256017,0.001348649788898802,0.00017707902622087531,0.001336973923294486,2024-01-19,2024-07-03,738903.0,739069.0,4.0122958293843025,0.06165946493382248,0.3184537311185346,0.635357627759984
2024-08-09,739106.998811943,0.271872238124151,8.169798200599296,0.5946245417256423,-0.09364698227768739,0.01435768059208804,0.013312702295776262,-0.0053772622744715564,2024-01-26,2024-07-03,738910.0,739069.0,2.1397697118108767,0.21705162048999335,0.3184537311185346,0.7420768730619098
2024-08-15,739112.3136279129,0.9614318425944219,13.965783098762072,0.40544277062828005,-0.001537773760299223,0.0004943024912161191,0.0002772453055629448,-0.0004092309780133596,2024-02-02,2024-07-03,738917.0,739069.0,3.347731080527475,0.21416714926182545,0.3184537311185346,0.4138904811386909
2024-07-08,739074.6022626553,0.9167870963878486,13.147954654685332,0.3726850768253981,-0.0022322545057040597,-0.0010710816141593568,-0.0009597322324453163,-0.00047553114114192634,2024-02-09,2024-07-03,738924.0,739069.0,6.887608683494124,0.14532202410979148,0.3184537311185346,0.2978890032232147
2024-08-19,739116.1558017652,0.13077866788277961,5.148518215335667,1.472929600577693,-0.6595663249116758,-0.020248491468220498,-0.000050814634055918756,-0.0202484277071467,2024-02-16,2024-07-03,738931.0,739069.0,1.120743222771945,0.8274094110790245,0.3184537311185346,0.39269659053785066
2024-07-08,739074.7358275548,0.0015381032180616931,5.089300921978879,45.05296467763926,-44.51615235733635,-0.03400271514758918,-0.018367287326491104,0.028615160207033787,2024-02-26,2024-07-03,738941.0,739069.0,2.5507591633507722,0.39566840561116223,0.3184537311185346,0.4817869165872216
2024-08-08,739105.1403781797,0.7286232178305684,12.761395318641515,0.5001651409170637,-0.008619813803170449,0.001591465030459382,0.001316197297679828,-0.0008946427313488887,2024-03-04,2024-07-03,738948.0,739069.0,2.9850766958725488,0.30924709470339456,0.3184537311185346,0.2796731738001251
2024-07-24,739090.2623425665,0.025708015133759428,10.432258438621455,4.410512888814826,-3.710750727742614,0.024199123644997014,0.019975128992049142,-0.013659861160965415,2024-03-11,2024-07-03,738955.0,739069.0,3.072101772949598,0.37787864753233574,0.3184537311185346,0.3456014648488513
2024-08-04,739101.8715954316,0.7303880774963217,11.953454290724181,0.4554618661488954,-0.006785392753957418,-0.0013986113519893991,-0.0005623553488690063,0.0012805741585367218,2024-03-18,2024-07-03,738962.0,739069.0,2.7549700347229167,0.2964409469848587,0.3184537311185346,0.22532948011546944
2024-07-21,739087.2142404912,0.2749177341312639,13.88120670021703,0.525548837938589,-0.0752841875672846,-0.013417541431162255,-0.013286706397966122,0.0018691846220215312,2024-03-25,2024-07-03,738969.0,739069.0,4.131972564228256,0.11112361411187938,0.3184537311185346,0.12599216004340033
2024-07-10,739076.0572797757,0.32873551378133,9.614473486895022,0.4400116424758342,-0.04121431716463049,-0.011120694722802032,-0.00016449853483457044,0.011119478016066794,2024-04-02,2024-07-03,738977.0,739069.0,4.042211544660846,0.12671770765164905,0.3184537311185346,0.09772516120629371
2024-07-26,739092.5594934137,0.7823999238183612,12.816802834477134,0.3962908703937797,-0.003742074509040975,0.0014263328349998004,0.0005337722510820076,-0.0013226914002039234,2024-04-09,2024-07-03,738984.0,739069.0,3.1164320968992363,0.1601550533913654,0.3184537311185346,0.08753180024847368
2024-07-31,739097.2796644031,0.008993433361935923,7.9871872525696,7.800677282881151,-7.227719198276209,-0.036277854217917946,-0.03527574395696759,0.008467856572886186,2024-04-16,2024-07-03,738991.0,739069.0,1.6829815138682231,0.2243320552231725,0.3184537311185346,0.09023696503213396
2024-07-25,739091.225673833,0.39137057005245335,5.641382871674383,0.4636450872001188,-0.03287229614404497,-0.0066182395110019115,-0.0007591481263277569,-0.006574556133099775,2024-04-23,2024-07-03,738998.0,739069.0,1.2873206245654207,0.34458006613676667,0.3184537311185346,0.06712122847261053
2024-07-29,739095.6494731208,0.3481632158774682,7.041206365373055,0.41334846976753375,-0.023978770266237473,0.004527879170468135,0.0010117772032151055,-0.004413388343825343,2024-04-30,2024-07-03,739005.0,739069.0,1.3719253677792664,0.26185923223378077,0.3184537311185346,0.05525242178868235
2024-07-24,739090.0096253597,0.28178014724583506,3.071845381851487,0.3213971124844972,0.0038469120122873336,-0.0053822261184060735,-0.003767663904178427,0.0038435747286612604,2024-05-07,2024-07-03,739012.0,739069.0,0.6413633995357553,0.06556338279990781,0.3184537311185346,0.0489481379680078
2024-07-24,739090.5708161201,0.8499561349252966,12.325244442918004,0.32059309920622975,0.00020670087227721618,-0.0004030634593789554,-0.000285880761365569,0.00028413437413937347,2024-05-14,2024-07-03,739019.0,739069.0,2.352665586289269,0.03536468979968455,0.3184537311185346,0.04280741128023024
2024-08-08,739105.0527689497,0.006143234733590576,7.629648259941506,4.17990945335427,-3.7936493142472636,-0.08274941033478247,-0.08266785675039888,-0.0036729240462790107,2024-01-12,2024-07-05,738896.0,739071.0,2.203553449074803,0.03691346961199061,0.3154188274233806,1.2326475172510363
2024-07-08,739074.4679605601,0.44745918057238854,5.868951885562715,0.37341920283195523,-0.01493513215435394,0.010937900053758073,0.007368978270796262,-0.008083057393742382,2024-01-22,2024-07-05,738906.0,739071.0,3.6271714130470865,0.10410413813653686,0.3154188274233806,0.8460922017163384
2024-08-30,739127.8813134033,0.3268894772747664,2.3868619705278675,-1.7531104302410228,0.44351828925685033,-0.09298944191841159,-0.0914466850595313,-0.016868316451873255,2024-01-29,2024-07-05,738913.0,739071.0,0.5049068850204553,0.6532080493746257,0.3154188274233806,0.6328077463828503
2024-07-08,739074.7181735665,0.20278594124070676,11.139266956392303,0.6033102646335436,-0.149053519319328,0.025497909829813578,0.021030996520048775,0.014416677532046009,2024-02-05,2024-07-05,738920.0,739071.0,6.609917787956972,0.10641892915909901,0.3154188274233806,0.38544354429172095
2024-09-01,739129.7375818226,0.08900211739440868,14.862545438334221,2.152466652810268,-1.23657102217481,0.01794544908663316,0.014992610125882985,-0.009862088244089785,2024-02-12,2024-07-05,738927.0,739071.0,2.9303937685203545,0.4126405250339399,0.3154188274233806,0.4593544029746087
2024-08-12,739109.053866196,0.907860084883336,5.278387819953222,0.42440018853242073,-0.002397493445288339,0.00043094857305673277,0.00007165953464248043,-0.0004249489189472747,2024-02-20,2024-07-05,738935.0,739071.0,1.2772281267773533,0.9568626608512556,0.3154188274233806,0.3796748036977601
2024-08-10,739107.4000031381,0.21062494460886888,2.679516302176726,1.3273707302349222,-0.4281267110289983,0.034290115501000584,0.034021675020205484,-0.004282248228616211,2024-02-27,2024-07-05,738942.0,739071.0,0.6455716427292499,0.9814242322824671,0.3154188274233806,0.33693509661031423
2024-08-31,739128.7948289025,0.0033221321350727093,5.44545679729095,56.81836589946672,-55.672763453760695,0.03894617680485635,0.03243298933389726,0.02156167643256056,2024-03-05,2024-07-05,738949.0,739071.0,0.9836001151517696,0.8720884472980248,0.3154188274233806,0.32118854962657084
2024-07-15,739081.010301304,0.6192698429848938,13.331994071860972,0.4294041951180663,-0.011863605959651413,0.004113642894853251,0.002287843301507589,-0.0034187469772013683,2024-03-12,2024-07-05,738956.0,739071.0,5.357214485008378,0.1339599402329513,0.3154188274233806,0.2283384024110256
2024-08-07,739104.0911024668,0.7708807736542889,11.858467383961289,0.43082381978588324,-0.004654778836753075,-0.0012627404260742946,-0.0005198483747700878,0.0011507697645016526,2024-03-19,2024-07-05,738963.0,739071.0,2.7369006607397166,0.23963134061963573,0.3154188274233806,0.18372226069209044
2024-07-26,739092.8240905462,0.7108764389486572,10.898049776593338,0.3884942774855142,-0.004510659421708121,-0.002383374658943488,-0.002196688308611685,0.0009246811556978564,2024-03-26,2024-07-05,738970.0,739071.0,2.996725689501086,0.12345055665459775,0.3154188274233806,0.09211749617172373
2024-08-08,739105.9994693103,0.48346600929106087,9.106977585470297,0.44080658618410046,-0.017365975022088153,-0.004916654908411168,-0.0035429652369214984,0.0034089430647004687,2024-04-03,2024-07-05,738978.0,739071.0,1.8794537331183316,0.18750857063664864,0.3154188274233806,0.08731500558970477
2024-07-06,739072.0921768388,0.6607791080384561,2.968633060899889,0.36722231245939935,-0.007054316982802747,0.004269640356448805,0.0002589066287044155,-0.0042617832102336255,2024-04-10,2024-07-05,738985.0,739071.0,2.0688604208293517,0.3677591267191456,0.3154188274233806,0.08442328668973968
2024-07-26,739092.5925036891,0.6290292976921145,10.437920346109118,0.3960135401594444,-0.006770839759177047,0.0029660492373583145,0.002568250182475428,0.0014837584300177607,2024-04-17,2024-07-05,738992.0,739071.0,2.5562125609954647,0.1375691566435682,0.3154188274233806,0.06461734984098862
2024-08-02,739099.0949612849,0.4591854308753621,14.330285529046114,0.4013136306790222,-0.013205370525051666,0.004118433569154034,0.003936594234117047,-0.0012102565428252212,2024-04-24,2024-07-05,738999.0,739071.0,2.8977411790300964,0.10274289122342592,0.3154188274233806,0.06415256581910057
2024-07-08,739074.1149356539,0.02697194537824001,11.776439588756682,0.5654687791688117,-0.2242627108493852,-0.028712477749041395,-0.028116582835060886,0.005819291036574522,2024-05-01,2024-07-05,739006.0,739071.0,5.782126930138392,0.017888942116876416,0.3154188274233806,0.035626817297477784
2024-07-06,739072.1492609527,0.9067646348850538,3.022640160269755,0.33304504518321315,-0.00037312918669456864,0.0006754803023415889,0.0006490870883035628,0.00018697483961508624,2024-05-08,2024-07-05,739013.0,739071.0,1.89586301756105,0.16571226667020578,0.3154188274233806,0.04676162042445754
2024-07-22,739088.385649686,0.2644515178013141,10.17919262169471,0.3274296572757601,-0.0009307327112156201,0.004733289588391745,0.0015500727478070938,-0.004472281834151716,2024-05-15,2024-07-05,739020.0,739071.0,2.218713198817031,0.0051085145319631296,0.3154188274233806,0.041225098388415066
2024-07-13,739079.1358406998,0.7272503012893748,8.80742367476567,0.3262732536351632,-0.002006174639217397,-0.00349007588187754,-0.0009841263970270383,0.0033484511189410967,2024-01-16,2024-07-08,738900.0,739074.0,4.978859312969053,0.04746449756738032,0.38865798979178323,0.9642081192788772
2024-07-28,739094.9775073596,0.34013048401657003,8.856051972822502,0.4718670755338561,-0.043748083835946326,-0.011392763559034545,-0.009768812369068238,0.005862198086895807,2024-01-23,2024-07-08,738907.0,739074.0,3.0908183151641646,0.1474807548903471,0.38865798979178323,0.924404291093193
2024-08-19,739116.2152221214,0.23950903490215875,7.5153603630248895,0.745993328026359,-0.15546083475923886,-0.015435051155673628,-0.015237102604927203,0.0024640430972656486,2024-01-30,2024-07-08,738914.0,739074.0,1.8737630836961632,0.3209852034144631,0.38865798979178323,0.6015374272048671
2024-07-23,739089.4878585218,0.5266315614679068,13.561130153932595,0.4618333061279894,-0.019741662147530273,0.0054323793198433465,0.0022013472918492173,0.004966368409142616,2024-02-06,2024-07-08,738921.0,739074.0,5.151496064416999,0.14112521839626427,0.38865798979178323,0.3434843715595529
2024-07-10,739076.2859067826,0.4266206921126118,3.207945577418452,0.41740466209961163,-0.025225215924165535,0.00732997694729668,0.007271949753391797,-0.0009204937979398584,2024-02-13,2024-07-08,738928.0,739074.0,2.1302516911253346,0.45766448016037836,0.38865798979178323,0.42249988633461544
2024-08-26,739123.0408629965,0.15547345731420695,11.054640266520098,1.4845626639347795,-0.5900234550289306,-0.005790531472677297,-0.0009292037045193052,-0.005715490811082978,2024-02-21,2024-07-08,738936.0,739074.0,2.355262527614016,1.4330537883957686,0.38865798979178323,0.4424759336875836
2024-07-10,739076.0294589349,0.5242717606145092,13.587967261047366,0.4302157758759688,-0.01863251867092998,0.005509506340173763,0.004759967604110738,-0.00277441318484309,2024-02-28,2024-07-08,738943.0,739074.0,9.045693447508905,0.13048507863103562,0.38865798979178323,0.2951127574242831
2024-09-01,739129.067131442,0.12737253248033656,10.357985209643209,1.6028144024928352,-0.7295764953468675,-0.003574387666152348,-0.00005478693996851301,-0.003573967764145469,2024-03-06,2024-07-08,738950.0,739074.0,1.943952936085837,2.5099766325376973,0.38865798979178323,0.3650957996515859
2024-07-21,739087.6281258661,0.44268322812798944,12.694312778469305,0.505269903446889,-0.035732533976734024,-0.006349725787403344,-0.006226796652519475,-0.0012433909374719146,2024-03-13,2024-07-08,738957.0,739074.0,4.566461628442564,0.19624234193989476,0.38865798979178323,0.2847748309379878
2024-07-26,739092.2122536731,0.4543186509901366,12.90048523052079,0.4604659593107887,-0.02499703791651334,0.0057005544130095225,0.0037827899104382326,-0.004264600931994581,2024-03-20,2024-07-08,738964.0,739074.0,4.006962819539913,0.15442797397884442,0.38865798979178323,0.15708410916892548
2024-07-22,739088.7869140861,0.42264003081147783,2.770850090061918,0.41149329003642576,-0.020439903831975158,-0.003969381149057536,-0.0021112489910131284,-0.003361341161566224,2024-03-27,2024-07-08,738971.0,739074.0,0.9151229093431114,0.7854411391590894,0.38865798979178323,0.161617992093573
2024-07-14,739080.903972804,0.6735829444499047,14.355884206793887,0.406224175129737,-0.007915320307884737,-0.0014581480149794509,-0.0014084377212943845,-0.00037749015725392713,2024-04-04,2024-07-08,738979.0,739074.0,6.150557344054888,0.2546994566148789,0.38865798979178323,0.11656878413722473
2024-07-28,739094.305110539,0.2312811784352778,4.011628583053042,0.8244167599181768,-0.2089921379481447,-0.021812832319524644,-0.008653484158770592,-0.020022908522829674,2024-04-11,2024-07-08,738986.0,739074.0,1.0688505579884608,0.5523793852513522,0.38865798979178323,0.08356937088933312
2024-07-28,739094.8957982829,0.7408123838967852,6.933075644634457,0.3965533746508504,-0.004395108960465482,-0.0017056004166944034,-0.0006526464369317539,-0.0015757935809579914,2024-04-18,2024-07-08,738993.0,739074.0,1.748282532155447,0.27534338538592407,0.38865798979178323,0.06482584137458546
2024-08-10,739107.9472998496,0.8645862319940871,11.225024891060858,0.39142521281714576,-0.0019309890672300828,0.0008041025607865892,0.0007703342411751825,-0.0002305777203821004,2024-04-25,2024-07-08,739000.0,739074.0,2.066704681881056,0.18496492145976118,0.38865798979178323,0.053783500709728996
2024-07-30,739096.0976625329,0.19434108277802903,10.980183969822734,0.43930378843499407,-0.053548021158957744,-0.009335032017612765,-0.00928882513559436,0.0009276585418169144,2024-05-02,2024-07-08,739007.0,739074.0,2.4365420468188628,0.10152724836552711,0.38865798979178323,0.048184089834802935
2024-07-10,739076.4522051854,0.11224510052589268,12.237157597534686,0.4202740488109534,-0.0652767618996077,0.01953443516019933,0.011706104641872224,-0.015638454883445785,2024-05-09,2024-07-08,739014.0,739074.0,6.3052005591819125,0.030650995529633396,0.38865798979178323,0.03528784234689039
2024-07-08,739074.5524693633,0.10309284923367516,11.360279742351082,0.4128897895802884,-0.06373517165017502,-0.016060048686107938,-0.000913026606148028,0.016034074535707505,2024-05-16,2024-07-08,739021.0,739074.0,8.270031075034016,0.03601403804824509,0.38865798979178323,0.03319284753397798
2024-08-19,739116.8184505943,0.6752722106831329,4.957488434390104,0.2832094358883781,0.0006874022892012444,-0.004528852046448908,-0.003974279970926543,0.0021715431313507412,2024-01-17,2024-07-09,738901.0,739075.0,1.2948422488248164,0.020674737738401984,0.35709152382394865,0.891407477864311
2024-08-22,739119.2397857185,0.646945409913611,13.302682779539758,0.4085663376986806,-0.006332519445627548,-0.002874203507437994,-0.002099433229112774,0.0019630144978236867,2024-01-24,2024-07-09,738908.0,739075.0,3.309946496358452,0.10714882627464765,0.35709152382394865,0.785993415857388
2024-07-09,739075.0920031653,0.6929372532926535,10.878227187500963,0.3751655633181356,-0.005794081607917849,0.003208211425949908,0.0024397453217393297,-0.0020833298631389597,2024-01-31,2024-07-09,738915.0,739075.0,12.918584570120785,0.11504226195879655,0.35709152382394865,0.39567631870650966
2024-08-03,739100.3595751359,0.1557832120419458,2.0508832944468502,0.5755855441300067,-0.16037790396281068,-0.03244123307533744,-0.004226896202389466,0.03216468485688292,2024-02-07,2024-07-09,738922.0,739075.0,0.6367066229562974,0.37551465158144204,0.35709152382394865,0.48340954849867795
2024-08-12,739109.9599394397,0.002949550946988345,7.7483862184641685,46.72604374782078,-45.844641916697356,-0.01841635246909351,-0.008609548536612416,-0.01627997887779961,2024-02-14,2024-07-09,738929.0,739075.0,2.0274607323430636,0.9476099422203049,0.35709152382394865,0.4765732025811941
2024-07-10,739076.2810438764,0.04436654997053282,14.037820839902187,1.8201268732285156,-1.3056950243863361,-0.039213683637827734,-0.0034238691478533753,0.03906392331174662,2024-02-22,2024-07-09,738937.0,739075.0,10.475704768111495,0.10523496754510575,0.35709152382394865,0.46981425881578676
2024-08-12,739109.2892889112,0.9830036768501467,12.508453298008849,0.44266409861984163,-0.001936103260865896,0.00036037664725596793,0.00008015223152716135,-0.00035135017812528395,2024-02-29,2024-07-09,738944.0,739075.0,3.1312299620173745,0.4222050336328564,0.35709152382394865,0.30235909873739547
2024-07-29,739095.1075029956,0.3557506602356005,6.385345269317381,0.5520979751758026,-0.058768045500964664,-0.004582067038285298,-0.003853066330201382,0.002479761722103368,2024-03-07,2024-07-09,738951.0,739075.0,2.001488615229939,0.7145640085007461,0.35709152382394865,0.3486983302483869
2024-08-11,739108.7544328847,0.02125093952409896,9.464384083899748,5.335156792941902,-4.596029356637956,-0.01500729632625785,-0.002096233333914449,-0.014860173243737701,2024-03-14,2024-07-09,738958.0,739075.0,2.2542441892636975,0.6876478902902226,0.35709152382394865,0.33660544600668585
2024-07-09,739075.7801915434,0.34112767757904733,6.554617951172424,0.3913697011616569,-0.023105916757005712,0.01429414022030732,0.01257961644794263,0.006787907973776508,2024-03-21,2024-07-09,738965.0,739075.0,5.169852040717614,0.08412687190858645,0.35709152382394865,0.1058805673072381
2024-08-14,739111.8620497921,0.7342564443198584,13.562850543715737,0.4287903829058169,-0.004936313872461453,0.0017474696412999135,0.00014983159639333411,-0.0017410343592207137,2024-03-28,2024-07-09,738972.0,739075.0,2.878429954926619,0.15292902424663782,0.35709152382394865,0.08826625473838987
2024-07-29,739095.2332167481,0.6072657588285454,4.20311583881497,0.44548069019640246,-0.012240979886239697,0.0029085835042534204,0.0009211219897232274,-0.002758875184067489,2024-04-05,2024-07-09,738980.0,739075.0,1.1637212867764326,0.6080539050308129,0.35709152382394865,0.09953577552391212
2024-08-03,739100.2792280413,0.21877003167668146,7.312154452228959,0.6630516270891383,-0.1460670017922615,0.016096314684183995,0.015957693942779,0.0021079256250806657,2024-04-12,2024-07-09,738987.0,739075.0,1.7455002376446431,0.2714989375258311,0.35709152382394865,0.09187722858164446
2024-07-11,739077.1920832867,0.6353754434590474,12.443840966178731,0.36359854048890883,-0.004622004785460543,0.003787372142991211,0.0036027805187746165,0.0011679727235873036,2024-04-19,2024-07-09,738994.0,739075.0,7.2016874455418245,0.06231152553840515,0.35709152382394865,0.04317647188904739
2024-07-14,739080.6529915774,0.5261527811968364,7.47913820187431,0.3769119592811545,-0.008644860462181932,0.004249544706229889,0.001532755669207008,-0.0039634947040156675,2024-04-26,2024-07-09,739001.0,739075.0,3.149042970745755,0.14311194931130086,0.35709152382394865,0.053486756361847396
2024-07-29,739095.1660682005,0.5567989325968196,2.283442955133583,0.4986231087582138,-0.019938599471617864,-0.005597000252480158,-0.0023448883235036404,-0.005082116741728709,2024-05-03,2024-07-09,739008.0,739075.0,0.5319809911668534,0.8686554530222624,0.35709152382394865,0.05223653213065499
2024-07-28,739094.1804129293,0.8644380400546667,3.625064385214345,0.34288742544348455,-0.00022840611059383076,-0.0008514493121075928,-0.0002500499194163954,-0.00081390476647354,2024-05-10,2024-07-09,739015.0,739075.0,0.818018045090004,0.06396863226273691,0.35709152382394865,0.045962912350109374
2024-07-22,739088.9392154781,0.7068058287953308,12.632121296974454,0.3532509295089566,-0.002032585767513892,-0.00014356049893315858,-0.00014315521454056135,0.000010779675495267723,2024-05-17,2024-07-09,739022.0,739075.0,3.1545773993620596,0.7922053232555581,0.35709152382394865,0.04211905392497458
2024-07-27,739093.101975182,0.6503057352148446,5.231926685579706,0.33472927696842086,-0.002420257422135797,-0.005157611907943397,-0.005154647424732674,-0.0001748442725866038,2024-01-18,2024-07-10,738902.0,739076.0,2.009784338685938,0.05832689199875434,0.35709152382394865,0.7987141497418244
2024-08-31,739128.4498069553,0.4371147261485705,10.29118352759653,0.5159735270809206,-0.030060904570969816,0.006329936871371514,0.004287566289372794,-0.00465670227841362,2024-01-25,2024-07-10,738909.0,739076.0,2.3442616191116814,0.20171248547432755,0.35709152382394865,0.8125321542034796
2024-08-07,739104.372251738,0.27751670415232016,3.2161625438125556,0.4772932072968473,-0.05720019826076777,0.014483994618903645,0.01330694605427358,0.005719378185527037,2024-02-01,2024-07-10,738916.0,739076.0,0.9689707654753311,0.3407691874113629,0.35709152382394865,0.5439545496923469
2024-07-10,739076.4094949387,0.5027997443344715,8.860334692685663,0.420683226500372,-0.019364695697396645,-0.0030319744536583884,-0.0020801866747246086,0.0022058314726957854,2024-02-08,2024-07-10,738923.0,739076.0,8.35656162629968,0.3624349410610441,0.35709152382394865,0.49096252990547185
2024-08-08,739105.172140699,0.148607572642272,4.3375027691756705,1.088015154952947,-0.4212245028828228,0.020230727365749594,0.01982791942857435,0.004016956669078394,2024-02-15,2024-07-10,738930.0,739076.0,1.2374634559106692,0.713351049228549,0.35709152382394865,0.41153002658845445
2024-08-12,739109.0720814994,0.2954698614391878,3.548858659675782,0.8658308403216283,-0.16165081229726058,-0.014728528340371569,-0.012957640025968957,-0.007002079121984817,2024-02-23,2024-07-10,738938.0,739076.0,0.9282200303914845,0.9137828901776879,0.35709152382394865,0.35215188530443675
2024-08-13,739110.7277448307,0.8713601210960504,5.1668988513464065,0.43295516311176513,-0.00295896738013957,-0.0004933072912492811,-0.00012088099413730309,-0.00047826757035793275,2024-03-01,2024-07-10,738945.0,739076.0,1.2851551354486805,1.0115570080643839,0.35709152382394865,0.3239834095135475
2024-08-30,739127.0984353521,0.6582391392168071,10.29684154684597,0.526876675066539,-0.011280913751200935,-0.00030688079877108887,-0.00019678560369882365,-0.000235480892709517,2024-03-08,2024-07-10,738952.0,739076.0,2.018328608116832,2.3499262648838433,0.35709152382394865,0.34199298107596254
2024-07-20,739086.3456930268,0.4546715995880183,13.992316373980891,0.4688165720534658,-0.028536913056959337,-0.007119978211905838,-0.006956416437725392,0.0015173529856160124,2024-03-15,2024-07-10,738959.0,739076.0,5.590381459913064,0.13023764623982043,0.35709152382394865,0.23039155539878392
2024-07-29,739095.2278309602,0.18367624374848315,2.068954555421668,0.37525734828138385,-0.03313532614480344,0.017050227700776386,0.01251559746239744,0.01157886370968901,2024-03-22,2024-07-10,738966.0,739076.0,0.6273585325586554,0.172529396908735,0.35709152382394865,0.18933782407585964
2024-08-28,739125.4305153091,0.9575868024398704,14.329886270141627,0.4206183046784846,-0.0014671038418956936,-0.0005214630653980184,-0.0003950940118353207,-0.0003403299140336762,2024-04-01,2024-07-10,738976.0,739076.0,2.5230245662478348,0.18800643286383806,0.35709152382394865,0.07773235126517442
2024-08-02,739099.7639832984,0.18825965148418705,7.045558890164251,0.6653399758963962,-0.16604376173344676,0.016203877092244967,0.005425447693973975,-0.015268600136899705,2024-04-08,2024-07-10,738983.0,739076.0,1.785147689501797,0.2738075533085378,0.35709152382394865,0.10215570840891079
2024-07-26,739092.1782388571,0.21999449793360687,4.694806617952311,0.6438492370212702,-0.14382093806284907,0.017209082047839365,0.015045415651256094,0.008353919607597697,2024-04-15,2024-07-10,738990.0,739076.0,1.3771313037978838,0.39161428298733447,0.35709152382394865,0.09471560195486377
2024-07-22,739088.3067783236,0.4166756822346821,13.7454717222651,0.4114900002356774,-0.019205797755983654,-0.005877612919722871,-0.002115735495956807,0.005483611669806828,2024-04-22,2024-07-10,738997.0,739076.0,4.384233888456182,0.09905351153221895,0.35709152382394865,0.06437539237248861
2024-07-24,739090.9958034346,0.20869867914342738,11.272065253501879,0.468953725245333,-0.06560252820531799,-0.008131286929584161,-0.007575311947993699,-0.0029550763140416734,2024-04-29,2024-07-10,739004.0,739076.0,3.1540211669519977,0.14937485492749739,0.35709152382394865,0.059490595431934884
2024-07-11,739077.5451814329,0.2555739075704209,5.638849901354829,0.3859118345752776,-0.02578376257346111,-0.006280489932042373,-0.0037686714987005825,-0.005024108768863143,2024-05-06,2024-07-10,739011.0,739076.0,3.3768739771250256,0.18607102428215494,0.35709152382394865,0.04963401528382858
2024-07-14,739080.0198084939,0.8184335923688077,7.219806313580466,0.3447829324462272,-0.000975718228088953,-0.0011455628037549434,-0.00019981994820879735,-0.0011280009422180118,2024-05-13,2024-07-10,739018.0,739076.0,3.1441019655255475,0.09655247579156023,0.35709152382394865,0.041111550257454395
2024-07-23,739089.3482947461,0.5697082534722137,9.841698716069224,0.38374460393523224,-0.00742168498621118,-0.001200789691205133,-0.0011409415747661421,0.0003743637341873199,2024-05-20,2024-07-10,739025.0,739076.0,2.4637539116031943,0.35778160773661544,0.35709152382394865,0.03683335310796038
2024-07-20,739086.6541325265,0.7730836610790812,8.832925670772,0.34762496115734143,-0.0023248761282999094,-0.0021641317951430544,-0.001346214775644979,0.0016944533645350754,2024-01-19,2024-07-11,738903.0,739077.0,4.141031510708957,0.09402385022500186,0.43286408229627904,0.9088210069204034
2024-07-14,739080.242894814,0.7833082815319403,6.756988782393408,0.36481756607050503,-0.003124832608053564,-0.001758797740950363,-0.0014193095053056399,-0.0010387155634345527,2024-01-26,2024-07-11,738910.0,739077.0,4.259433448739898,0.2059635548526714,0.43286408229627904,0.712599199168022
2024-08-12,739109.5736877986,0.24148639512305597,5.608519749554658,0.733147923529464,-0.15227294642773842,0.013938890569836195,0.0131455918140889,-0.0046353086386159105,2024-02-02,2024-07-11,738917.0,739077.0,1.5861690336591583,0.47036928820341434,0.43286408229627904,0.47215907381388866
2024-09-12,739140.5529494015,0.38053525392658083,14.73716714744159,0.7588145451450381,-0.07751829746908304,0.002632398780181481,0.0021062964135298142,-0.0015789359569825469,2024-02-09,2024-07-11,738924.0,739077.0,2.875484537663828,0.7603848107346965,0.43286408229627904,0.48411260595065103
2024-09-15,739143.8334609574,0.7845494314635075,4.344814854993602,0.5276179932499827,-0.005812740099875175,-0.000639237415345882,-0.000294586434395907,0.0005673123529837772,2024-02-16,2024-07-11,738931.0,739077.0,0.8009672459877198,1.641979594547075,0.43286408229627904,0.40512351258114015
2024-08-31,739128.712683796,0.6387886652077869,14.84133162118297,0.5982322763413612,-0.016034734031550722,0.0019064587831515974,0.0017292159957271575,-0.0008027435032295212,2024-02-26,2024-07-11,738941.0,739077.0,3.045204581261641,0.3620084202812769,0.43286408229627904,0.3409716026922786
2024-08-08,739105.7435547343,0.9512358462714285,4.2950834539687035,0.4258057242921936,-0.002118725584070856,0.0003971607864320014,0.00035498123215232805,0.00017811517369079147,2024-03-04,2024-07-11,738948.0,739077.0,1.1638403777887651,1.181476125234929,0.43286408229627904,0.3221367161293439
2024-07-19,739085.611646716,0.7333599530560423,12.685999303295198,0.42259811544682274,-0.006766500754519794,-0.002163490467923316,-0.002157923970340369,0.00015509720508605573,2024-03-11,2024-07-11,738955.0,739077.0,5.489996211209882,0.180801344545816,0.43286408229627904,0.253953961793765
2024-07-27,739093.1349924403,0.6540566181755977,12.446489704512404,0.44132779771293223,-0.00961502945711592,-0.002172663936969974,-0.0021722894500583218,0.000040337676868911394,2024-03-18,2024-07-11,738962.0,739077.0,4.150497459867922,0.23255545098861205,0.43286408229627904,0.23202323385088922
2024-08-21,739118.5392108808,0.9835838089825728,13.869380564721556,0.4023243375601852,-0.0011448610576978875,0.0005953841919964994,0.0004198933695795951,0.0004221041272747972,2024-03-25,2024-07-11,738969.0,739077.0,2.8274796006565412,0.13636715804323746,0.43286408229627904,0.08920319114145539
2024-08-08,739105.3750901181,0.23076531482351964,5.802208299663805,0.6925837191541104,-0.1460731726357354,0.012266005183594603,0.012222305067733816,-0.0010344766769811535,2024-04-02,2024-07-11,738977.0,739077.0,1.393896924128971,0.4736358148721499,0.43286408229627904,0.10473572621189166
2024-08-18,739115.6545774083,0.7147930189965931,12.029794763985633,0.45161865263711287,-0.0061201621609515535,-0.0016221316063426776,-0.00041355644964896204,-0.0015685286134621904,2024-04-09,2024-07-11,738984.0,739077.0,2.3463753983562805,0.22418106466194385,0.43286408229627904,0.08239388480643862
2024-08-08,739105.4846016141,0.9756984800637372,5.770920455478733,0.43122546542232476,-0.0021050921042526927,0.0007643476830433585,0.0007522209531376067,0.00013561348839441088,2024-04-16,2024-07-11,738991.0,739077.0,1.2776629199695642,0.4656404380657617,0.43286408229627904,0.068199257966862
2024-07-18,739084.2326688331,0.5199760456797456,7.744400550094556,0.40858510705248036,-0.012930984856519919,0.004715237652819079,0.004296706619068729,0.0019421066788963325,2024-04-23,2024-07-11,738998.0,739077.0,3.0548263108888265,0.18412957316918574,0.43286408229627904,0.060616309303598334
2024-07-15,739081.5355897474,0.7549741678027702,9.9616092343766,0.361966700426292,-0.002327705371375811,-0.0011108464900329092,-0.0010661020196863675,0.0003120999968585106,2024-04-30,2024-07-11,739005.0,739077.0,4.480135689881415,0.15880952695301037,0.43286408229627904,0.06211602503177965
2024-08-03,739100.5560008325,0.09053014044166276,13.610018045631396,0.6817326534575175,-0.24539574872979167,-0.0048995990802005954,-0.00413808469987235,0.0026234187929846196,2024-05-07,2024-07-11,739012.0,739077.0,2.8684699175390014,0.33315089421514066,0.43286408229627904,0.06138658952190838
2024-07-16,739082.833234602,0.9528538447277328,4.100774393510312,0.35412248997111917,-0.0006384291137814683,0.0007957602730584925,0.0004193796628651375,-0.0006762803490810967,2024-05-14,2024-07-11,739019.0,739077.0,1.5616175347515664,0.18641928731267213,0.43286408229627904,0.049932220462367206
2024-07-15,739081.8519737766,0.7333649779839598,2.5024871322521216,0.3963761539967305,-0.006370427182590715,-0.0015955855469097007,-0.0013121246309268587,-0.0009078668351813409,2024-05-21,2024-07-11,739026.0,739077.0,0.9731330140918266,1.170029401960247,0.43286408229627904,0.03951632138458384
2024-08-26,739123.6785596086,0.9340051393933564,9.795914028081976,0.3790095859635312,-0.0011433551790373331,-0.0007760366326160621,-0.0006986060331407645,0.00033790896055210177,2024-01-22,2024-07-12,738906.0,739078.0,2.434314096076373,0.1404763588555164,0.4436168740725408,0.8812242040645892
2024-07-28,739094.7769748276,0.7852070174945929,10.532658748417086,0.38698960144818373,-0.003360863327262838,0.0013617355410099083,0.0005886652405642694,-0.001227923824266375,2024-01-29,2024-07-12,738913.0,739078.0,3.994301448134443,0.18399424443916954,0.4436168740725408,0.6824101757468507
2024-07-21,739087.7424582666,0.4517398242355396,4.73993718716781,0.46215775505367246,-0.02676300876895704,0.005474026674602021,0.0037716652202386975,0.003967305067762781,2024-02-05,2024-07-12,738920.0,739078.0,2.146930074590752,0.4659548312230346,0.4436168740725408,0.4667814992439557
2024-09-23,739151.8093956007,0.7198700279522533,11.766721593876204,0.5742635993451444,-0.00866984252066175,-0.000390832359196276,-0.00004579724457808485,0.0003881398528674706,2024-02-12,2024-07-12,738927.0,739078.0,2.0857867666850844,1.357123306105587,0.4436168740725408,0.474307702468156
2024-07-14,739080.2701472681,0.731620339115257,7.787593930595357,0.4215820642380069,-0.007260535025247344,-0.0006940054536309584,-0.00006330695338843529,-0.0006911120020099402,2024-02-20,2024-07-12,738935.0,739078.0,5.1544969152670825,0.9828521997658493,0.4436168740725408,0.42329901747403653
2024-08-31,739128.8721604497,0.37902735316615865,10.153361469486804,0.7917302263762122,-0.08724496062116752,0.001051619533943135,0.0010085310107702831,-0.00029794100839838694,2024-02-27,2024-07-12,738942.0,739078.0,2.102536936582167,3.0970085999702994,0.4436168740725408,0.41235459469055624
2024-09-02,739130.7068321444,0.5214167100814086,8.218599856661474,0.6028243673744036,-0.027498120407366083,0.0018588146511441643,0.0007828609292855948,0.0016859183469866794,2024-03-05,2024-07-12,738949.0,739078.0,1.6188836387421066,0.938542689486359,0.4436168740725408,0.34791862547300195
2024-07-28,739094.2665908408,0.6923856444344781,2.3826372143175965,0.5071975505953298,-0.013387419082103447,-0.00342093266118456,-0.0011650696990158822,-0.0032164254800623503,2024-03-12,2024-07-12,738956.0,739078.0,0.8115328185997717,1.1372147068373069,0.4436168740725408,0.3173266634160692
2024-08-18,739115.8228091893,0.2315655561775672,7.945676054219535,0.6742712042415299,-0.13186618934377195,-0.011283995835441738,-0.00878097140307941,-0.007086826033745154,2024-03-19,2024-07-12,738963.0,739078.0,1.765836549371579,0.34057569032233376,0.4436168740725408,0.22637408588709657
2024-07-24,739090.5281214962,0.4423329997854434,6.7867579280455805,0.42938519107488987,-0.019629838694715525,-0.006076342299735758,-0.005688080623552221,0.00213721186678528,2024-03-26,2024-07-12,738970.0,739078.0,2.4453505359433723,0.2105530231768066,0.4436168740725408,0.14428208074553633
2024-07-30,739096.4872583597,0.22808726900830295,7.1209722982314005,0.6546460227523768,-0.1367666564143422,0.011410745284542091,0.00493755766201676,-0.010287158610761241,2024-04-03,2024-07-12,738978.0,739078.0,2.105428722201138,0.38390871202547344,0.4436168740725408,0.1154363119801868
2024-08-11,739108.0572388105,0.6534417577423207,4.852350058814459,0.5418593903985933,-0.01513982807276763,-0.0032016410411526866,-0.002852425642299212,0.001454019708101367,2024-04-10,2024-07-12,738985.0,739078.0,1.0885578994814278,0.6368000150178842,0.4436168740725408,0.08389269505174186
2024-08-06,739103.55531447,0.7503076372382127,5.461038916327429,0.4651299904052939,-0.007050057024387308,0.0020198168710578333,0.00042921010836533495,-0.001973686620385029,2024-04-17,2024-07-12,738992.0,739078.0,1.2808468274354876,0.47956196387269556,0.4436168740725408,0.07159288974588007
2024-08-08,739105.4383043868,0.25311495167122927,4.316801683740226,0.9284105966468704,-0.21833112462114657,0.019775633884844532,0.01949791439749837,0.0033025792488957863,2024-04-24,2024-07-12,738999.0,739078.0,0.9313693915779081,0.6473526664852208,0.4436168740725408,0.0694479457111198
2024-07-29,739095.7597372188,0.17656980992339036,9.592567291905619,0.5732713094555797,-0.12428547637451932,-0.012648266768189817,-0.012139257592653049,-0.0035520525528925048,2024-05-01,2024-07-12,739006.0,739078.0,2.4735705613873873,0.1808718411631618,0.4436168740725408,0.05852546674459881
2024-08-01,739098.3373365797,0.4991224541285214,5.731658982504813,0.4299453354422987,-0.014285823604943683,0.0028102914563762063,0.002718132634065113,-0.0007137878210023961,2024-05-08,2024-07-12,739013.0,739078.0,1.3082662913137237,0.4426706059396756,0.4436168740725408,0.06343910949254995
2024-07-21,739087.490602669,0.970962583514853,8.278859799817988,0.372852220815403,-0.0011477027233407066,-0.00059198242436776,-0.000576310560464762,-0.00013531196790056175,2024-05-15,2024-07-12,739020.0,739078.0,2.5847599042543354,0.2273801589330545,0.4436168740725408,0.0570924150433116
2024-08-05,739102.3641280892,0.506705585746351,6.015989692089547,0.5491995489477848,-0.03176558337874436,0.0030734664329854365,0.0029282643000645443,-0.0009335224173289729,2024-05-22,2024-07-12,739027.0,739078.0,1.0811988888980675,0.8705164246517659,0.4436168740725408,0.03055027462491446
2024-07-27,739093.4656590441,0.9929600811456099,10.601719741643736,0.35303941944387496,-0.0008422874991237622,0.0007489312576382265,0.0005060110334086558,-0.0005521330118153414,2024-01-23,2024-07-15,738907.0,739081.0,4.5646447900015605,0.10533528346401064,0.43286408229627904,0.7825148778626673
2024-08-09,739106.8047555138,0.684908607078324,6.240914111674935,0.42173339062081283,-0.0061324811041148005,-0.0023873625238310997,-0.0018143863110447024,0.0015516127527468947,2024-01-30,2024-07-15,738914.0,739081.0,1.9975891041451215,0.2819046662763488,0.43286408229627904,0.5809407675867632
2024-08-28,739125.270339067,0.9711889918965244,14.965459529211591,0.4391508519509608,-0.0016251805492635467,0.00034516095496009864,0.0001980257144029065,-0.0002827046183991089,2024-02-06,2024-07-15,738921.0,739081.0,3.642121482317642,0.30555799270464246,0.43286408229627904,0.4433042547372817
2024-08-08,739105.9516412419,0.6997662390426472,7.868689583988131,0.4814681028531867,-0.008814705698160829,-0.0006091671790162612,-0.00012000299029573045,-0.0005972302188525902,2024-02-13,2024-07-15,738928.0,739081.0,2.4603140471728047,1.286832122325839,0.43286408229627904,0.45165861354028614
2024-09-10,739138.5234108006,0.9448739577390477,11.876507985086915,0.5173602895806553,-0.0025716039478946083,-0.00012222349149880042,-0.00008797686410793616,-0.00008484487760549293,2024-02-21,2024-07-15,738936.0,739081.0,2.379131942393481,1.6739192824836473,0.43286408229627904,0.4063411166984948
2024-08-21,739118.2743383074,0.7099218067968972,9.256606385078399,0.5264939945189985,-0.009454591619505829,0.0001934564305392444,0.00014822235237126093,0.00012432025086250127,2024-02-28,2024-07-15,738943.0,739081.0,2.2806369194624323,3.7481617489804044,0.43286408229627904,0.3832989601462819
2024-08-30,739127.2539238455,0.35689346573386743,5.063433517747164,0.8315242086408513,-0.10530881231394375,0.006998099731782516,0.003329394478746492,-0.006155366135403068,2024-03-06,2024-07-15,738950.0,739081.0,1.0826362129465783,1.0606645938291737,0.43286408229627904,0.32265335235229425
2024-08-09,739106.9985032413,0.16657322891498685,5.5641448126479,0.9274571181718623,-0.30657229517282936,0.013963833303917966,0.010842294639231505,-0.008799618599445109,2024-03-13,2024-07-15,738957.0,739081.0,1.5520223826369233,0.6572567113829809,0.43286408229627904,0.32294599723599665
2024-07-26,739092.2055110093,0.9082061914177681,14.74700601179078,0.4023815180516812,-0.00229495651926207,0.0008831722266322105,0.00017772303332445403,0.0008651056035655137,2024-03-20,2024-07-15,738964.0,739081.0,5.720319598365649,0.1600330415621266,0.43286408229627904,0.15606841281920267
2024-07-22,739088.7884594294,0.2489103181489008,11.82585033495582,0.5752949984745439,-0.10083014255348176,0.012656471976728673,0.01248762367722071,0.0020604702846279883,2024-03-27,2024-07-15,738971.0,739081.0,5.112364436215808,0.16768269326478316,0.43286408229627904,0.13647446425271006
2024-08-18,739115.7299155842,0.17879698710638728,8.690555043510225,0.8743479912708665,-0.2593122935779289,0.015313121581673103,0.00544423117997117,0.014312653123517398,2024-04-04,2024-07-15,738979.0,739081.0,1.8954700963533233,0.3483951153661846,0.43286408229627904,0.10932640566462769
2024-08-20,739117.0146694876,0.2537487138233195,5.060547266997009,1.1304770775319573,-0.27595774901970604,-0.021069947579218554,-0.010936921874937942,-0.01800906524205301,2024-04-11,2024-07-15,738986.0,739081.0,1.040094183414816,0.6567279539130523,0.43286408229627904,0.08063895854070191
2024-07-23,739089.8728753891,0.9589750174024152,5.426428313531373,0.40266728122281065,-0.002104461636161327,-0.0008138007915250462,-0.0006064839322069415,-0.0005426315216254928,2024-04-18,2024-07-15,738993.0,739081.0,2.0644525173963664,0.4569999246033472,0.43286408229627904,0.07723747997833585
2024-08-12,739109.2012999286,0.17123663995414387,11.16928582926933,0.8105981195793567,-0.23898449008488412,0.015301084366935384,0.01496539650942459,-0.0031874896266147613,2024-04-25,2024-07-15,739000.0,739081.0,2.4066228292395464,0.23945218215367028,0.43286408229627904,0.0692064962086173
2024-07-17,739083.1324331877,0.1884738485925977,11.765167779491334,0.5001874727536129,-0.08713685494307122,0.0037169787702980694,0.0031801616523697055,-0.0019241889313795914,2024-05-02,2024-07-15,739007.0,739081.0,6.694527000807904,0.3755474125260024,0.43286408229627904,0.06845670754929677
2024-08-01,739098.8080209353,0.43440181315215487,4.3386297848824,0.4795865453510282,-0.02697578790292608,0.0056216339783466485,0.005165143533922079,0.002219022501121723,2024-05-09,2024-07-15,739014.0,739081.0,1.0777142053186641,0.48045266724641944,0.43286408229627904,0.05640595108612792
2024-07-25,739091.9957844622,0.9589670980867537,7.619204258929198,0.387026076099951,-0.0014672563561780433,0.0005711089821602108,0.00016293363458309354,0.0005473738212826906,2024-05-16,2024-07-15,739021.0,739081.0,2.261694058388796,0.3233561306600444,0.43286408229627904,0.055494211663438604
2024-07-23,739089.5406810958,0.7306974695337157,14.989078305649203,0.42625993167186277,-0.007147329456022186,-0.0015871974997263222,-0.00098640649994555,0.001243462150611211,2024-05-23,2024-07-15,739028.0,739081.0,4.711192643206695,0.2195207134955824,0.43286408229627904,0.026280046899110565
2024-08-21,739118.4655694945,0.6948853319408844,12.365961043874421,0.4367190282357886,-0.005907902073323609,-0.0019809304613916277,-0.0018320564503383097,-0.0007534286002290057,2024-01-24,2024-07-16,738908.0,739082.0,3.4499946096312377,0.16759047354585832,0.5643663906940205,0.9125697934468624
2024-09-13,739141.8024162201,0.552415588533585,13.704539514520059,0.5931571458522537,-0.02146952122035591,0.0019085473237112844,0.0016325582179330693,-0.0009885881609167225,2024-01-31,2024-07-16,738915.0,739082.0,2.9075388874475157,0.45344112336830494,0.5643663906940205,0.6360877255235958
2024-08-20,739117.9402774741,0.27283851728652203,6.713386089742101,0.7950725250274132,-0.14649609677805955,0.010716016134072666,0.007323571413435672,-0.007822934458246056,2024-02-07,2024-07-16,738922.0,739082.0,1.8120706835845921,0.5555929817829109,0.5643663906940205,0.4758783029572583
2024-08-26,739123.5732108459,0.09195126936272115,6.977355943900482,2.018554940457205,-1.1357824913981625,0.02298802690080919,0.013256118417207582,0.018780966569942478,2024-02-14,2024-07-16,738929.0,739082.0,1.7138631550085284,0.6511189319701087,0.5643663906940205,0.44421195159016924
2024-08-20,739117.3676454838,0.9495667598452242,11.363571312381508,0.4888831656330293,-0.0026436950873427725,0.00023706801812825722,0.0002368307518776554,-0.000010603781604886238,2024-02-22,2024-07-16,738937.0,739082.0,2.946519530685301,0.9318565382144673,0.5643663906940205,0.4110830633825696
2024-08-05,739102.683638173,0.166052143057589,4.283711779674258,1.045586892672093,-0.37125163831979907,0.019218842042677296,0.01921842267647616,0.00012696176466720974,2024-02-29,2024-07-16,738944.0,739082.0,1.3891617558867504,0.7487992553596821,0.5643663906940205,0.3435184255587395
2024-08-19,739116.0182361321,0.11401913632886854,7.854907171898089,1.5404368743964516,-0.7491604599169888,-0.010483896751303155,-0.0055949883831357735,-0.00886612632915641,2024-03-07,2024-07-16,738951.0,739082.0,1.9741816815618984,1.0372627989910532,0.5643663906940205,0.38046505651523804
2024-08-16,739113.4429147609,0.5452223448668875,2.308080780784679,1.0065803069455963,-0.06882426684786186,0.014950837531114947,0.005237148088769641,-0.014003564645406957,2024-03-14,2024-07-16,738958.0,739082.0,0.5870517881547963,1.087423497618236,0.5643663906940205,0.32987133321474965
2024-07-29,739095.1699754234,0.5139534883991307,2.0518509810504795,0.5502202668513186,-0.029567468882584127,-0.00461227976955091,-0.0035835062351013613,-0.002903723081769035,2024-03-21,2024-07-16,738965.0,739082.0,0.7481218773475232,1.605744738465308,0.5643663906940205,0.2299717271742115
2024-08-30,739127.1730572847,0.6777484428942303,12.309880327553293,0.5079408084788504,-0.008861214272585472,0.0014435153513876419,0.0012800323593128683,0.0006672733538840876,2024-03-28,2024-07-16,738972.0,739082.0,2.4177047091836137,0.3379765193644042,0.5643663906940205,0.1672288492203919
2024-08-23,739120.7470122369,0.5371139429469182,5.209812778025177,0.7029508347937098,-0.03729319515504494,0.004875802336941776,0.00275054251957363,-0.004025911608188192,2024-04-05,2024-07-16,738980.0,739082.0,1.0695517168813025,0.7885474151111312,0.5643663906940205,0.12180186901277845
2024-08-10,739107.8751912841,0.5800063489976727,10.407980756508898,0.5195826842689112,-0.017482430109364053,-0.0034759044972067312,-0.0029961954225224915,0.00176202300318618,2024-04-12,2024-07-16,738987.0,739082.0,2.553423116005439,0.280285242674226,0.5643663906940205,0.1014377008664587
2024-07-17,739083.7688130253,0.11154423837894425,4.7697921887214125,0.8776708662005225,-0.37445805786242614,0.017647906683324374,0.015115106591553533,0.009109454595600117,2024-04-19,2024-07-16,738994.0,739082.0,2.981073119711767,0.4962010355188587,0.5643663906940205,0.09918728250962279
2024-07-25,739091.7799708073,0.052716643104759445,2.2100556668206424,3.30382195661888,-2.456472000633779,-0.06929069260545896,-0.06739659769427965,-0.016090329424210816,2024-04-26,2024-07-16,739001.0,739082.0,0.7837155201321325,0.8456320808857819,0.5643663906940205,0.0739192517769199
2024-08-15,739112.9723231135,0.657852209161356,13.356909450569418,0.4668050451816263,-0.008323233073105651,-0.0016627591798245621,-0.0014686414835614824,-0.0007796539507070935,2024-05-03,2024-07-16,739008.0,739082.0,2.5947794391873735,0.24653867506596172,0.5643663906940205,0.09718509897061237
2024-07-29,739095.1939576794,0.0893664810873951,7.033138284613153,1.0336529727579165,-0.4954927615384998,0.01597735271300356,0.01401941234467457,-0.0076636725677516025,2024-05-10,2024-07-16,739015.0,739082.0,2.0200945970499373,0.39405604357097357,0.5643663906940205,0.08663522780302885
2024-07-30,739096.0686348326,0.8274436481665393,5.816642972231156,0.4463146813356575,-0.004830788913370828,0.0007043870245488866,0.0005802601858435555,-0.00039932342415345,2024-05-17,2024-07-16,739022.0,739082.0,1.53770759682771,0.97560211393076,0.5643663906940205,0.0892759730026335
2024-07-25,739091.0135432128,0.8210121743516225,14.015565541134375,0.4526203310578903,-0.006296064298831984,0.0014031019526370325,0.0008690272853457696,-0.0011015837084935559,2024-05-24,2024-07-16,739029.0,739082.0,4.302079677312822,0.26285660603852384,0.5643663906940205,0.04983877863727661
2024-09-19,739147.2162321089,0.3086772783376253,14.997369115355054,0.7718987516331373,-0.10754376843617496,0.010690932423568751,0.009068167227588911,0.005662541763006791,2024-01-25,2024-07-17,738909.0,739083.0,3.129048709279638,0.2070423783933334,0.5992942717535988,0.92534384786858
2024-07-24,739090.518305197,0.5624822853879038,6.102878024863673,0.47044998321699855,-0.01653155225212284,0.0032393084947737153,0.0018214024159406734,0.002678733425243846,2024-02-01,2024-07-17,738916.0,739083.0,3.054446403734164,0.4703655257291764,0.5992942717535988,0.5783263632615421
2024-08-17,739114.6598324267,0.17556919429505416,12.582309094541712,1.1791154858392494,-0.40457038314014326,0.009366175790749717,0.006112294383794052,-0.007096837768264522,2024-02-08,2024-07-17,738923.0,739083.0,3.605914412373986,0.6027257533418544,0.5992942717535988,0.5395325152029464
2024-09-08,739136.6271102539,0.2120207122806153,13.085897526723222,1.296114163665899,-0.37065700091681497,-0.003892756772308694,-0.0038177882662665816,0.0007602947075393921,2024-02-15,2024-07-17,738930.0,739083.0,2.809253028705635,1.5427292457592385,0.5992942717535988,0.5114541394992478
2024-07-25,739091.6693321837,0.13219554106470047,3.468069725374687,1.1027885288722254,-0.47653625841128894,-0.02873457715248552,-0.013167726790213458,0.025539907895496365,2024-02-23,2024-07-17,738938.0,739083.0,1.5868925228036805,0.6321499767862677,0.5992942717535988,0.39702935490609026
2024-08-03,739100.999388075,0.449972581529963,7.973513105189702,0.5997063071772047,-0.04411103426195524,-0.001477285889759893,-0.00010538428359595863,-0.0014735222267935602,2024-03-01,2024-07-17,738945.0,739083.0,2.740475557342548,1.6850742033700137,0.5992942717535988,0.42155275031905937
2024-07-29,739095.2904265252,0.4480146237518884,11.186043610200057,0.5877578370451715,-0.04479935721328626,-0.005068898773260358,-0.004816767508481838,-0.0015787607617349837,2024-03-08,2024-07-17,738952.0,739083.0,4.372545687500946,0.3539760236462817,0.5992942717535988,0.3591754741754263
2024-08-11,739108.4678435766,0.6595470315265309,8.638174740153822,0.50971057863199,-0.01129572525543137,0.0005864818854784042,0.0005762496423095106,0.00010907498215661109,2024-03-15,2024-07-17,738959.0,739083.0,2.4329494971068897,1.4705618759651695,0.5992942717535988,0.37540952940290107
2024-07-29,739095.9516062045,0.7460466811315313,2.084831042665556,0.5480218986299288,-0.011565831310099127,-0.0032310159772031676,-0.002461968431958288,-0.002092409062536049,2024-03-22,2024-07-17,738966.0,739083.0,0.7651374063305841,1.2809520878633103,0.5992942717535988,0.250282072212122
2024-07-20,739086.5709647603,0.12134036061161149,10.83117096583866,0.9492489827623547,-0.4008643918150823,-0.018655168765869326,-0.003155247616426672,0.018386400794122272,2024-04-01,2024-07-17,738976.0,739083.0,5.917616182039673,0.2407288649853975,0.5992942717535988,0.15436254821867884
2024-08-04,739101.6190715906,0.2161479794660866,14.635920265215818,0.8629238198282007,-0.22424795095089342,-0.008642298356869221,-0.0032320333938961458,0.008015190642142246,2024-04-08,2024-07-17,738983.0,739083.0,4.313383107355426,0.3832042996966487,0.5992942717535988,0.17910993515986504
2024-08-10,739107.481127654,0.5426684087960424,2.2154289757729355,1.6468812653980318,-0.1524939874301356,-0.04092156556967243,-0.022080186655860177,-0.0344534451966037,2024-04-15,2024-07-17,738990.0,739083.0,0.5530035575672883,0.9128032727040388,0.5992942717535988,0.07562430587016464
2024-08-25,739122.4056821292,0.944227022954611,3.645431552039958,0.959982465043506,-0.011094087436885195,0.0034045084709178734,9.912464922777646e-6,-0.0034044940404691754,2024-04-22,2024-07-17,738997.0,739083.0,0.6716516311554205,0.844043136210907,0.5992942717535988,0.07835182808653463
2024-08-14,739111.7951701961,0.4198427731959965,7.384253322736991,0.6169873929345768,-0.04909488542486113,0.004798678741430586,0.001363743694436596,0.004600817405564174,2024-04-29,2024-07-17,739004.0,739083.0,1.5513469464508383,0.5816941145079302,0.5992942717535988,0.13822097181135812
2024-08-19,739116.7291694694,0.19130299440709791,4.092232256714446,1.896319886665808,-0.6957651144264246,0.04510079623180885,0.043992465388277655,0.00993704230665926,2024-05-06,2024-07-17,739011.0,739083.0,0.7441206872700703,0.7211737889450327,0.5992942717535988,0.07285686916360376
2024-07-29,739095.843754273,0.9121643307968079,11.082324456423605,0.4435547327864794,-0.0030487767452826394,-0.0009170130994181884,-0.0008188660155734073,-0.0004127607939757413,2024-05-13,2024-07-17,739018.0,739083.0,3.178108120446785,0.2736480189248834,0.5992942717535988,0.1322013111509411
2024-08-14,739111.2270504872,0.24826260130351901,12.055275761689487,0.9295008646514139,-0.21601372521637074,-0.009078509891237593,-0.009060562165206145,-0.0005705743560078012,2024-05-20,2024-07-17,739025.0,739083.0,2.1425700767422167,0.490005469648406,0.5992942717535988,0.09911052157425876
2024-08-02,739099.6275989396,0.10581143909843108,10.00472413096048,1.6800169657734993,-0.9039934855181438,-0.012380754169279189,-0.011834170154843705,-0.00363806137198516,2024-05-28,2024-07-17,739033.0,739083.0,2.210201762552149,0.7722282827720653,0.5992942717535988,0.07189108566119252
2024-07-20,739086.0931267646,0.4670363917246557,8.13226726229781,0.4732011434968777,-0.02606861436982948,-0.005427394416476879,-0.0005476846971213271,-0.005399689956334862,2024-01-26,2024-07-18,738910.0,739084.0,5.736753792597684,0.2758453348101517,0.5133225039645779,0.851256169440985
2024-08-30,739127.8395797055,0.20494710643351982,14.968918654801742,1.132387722919241,-0.32423199735020297,0.013189477882783953,0.01213952758132122,-0.005156956168398999,2024-02-02,2024-07-18,738917.0,739084.0,3.7416678423555596,0.33657327641981866,0.5133225039645779,0.5424694720995881
2024-10-01,739159.6683525827,0.6908025163827113,4.784181050576983,0.6930623557228082,-0.013302068453429055,0.000416256246568853,0.00039311156778458717,0.00013686693567671357,2024-02-09,2024-07-18,738924.0,739084.0,0.8650298972660578,4.614288228350256,0.5133225039645779,0.571642833757585
2024-08-04,739101.2164383595,0.4214638635886675,14.931949781289532,0.6244093391698885,-0.05376593554290051,-0.006699823366842023,-0.006552796291146626,0.0013958846347808939,2024-02-16,2024-07-18,738931.0,739084.0,5.445036787767972,0.22651015500733476,0.5133225039645779,0.4070571127707699
2024-08-03,739100.3832065864,0.46022482825994226,8.314717717506195,0.6229957856361261,-0.04595073248195724,0.0009189133219862268,0.0003719692622087607,0.0008402621979451613,2024-02-26,2024-07-18,738941.0,739084.0,3.0106444015526184,2.767836458370389,0.5133225039645779,0.4824315519631749
2024-09-14,739142.0111995499,0.49228101033983507,8.095409343957652,0.7267592350091707,-0.04124709709937448,0.002661448327762135,0.0002598555523858581,0.0026487322048939044,2024-03-04,2024-07-18,738948.0,739084.0,1.5554887674579345,0.942431122930042,0.5133225039645779,0.39411959896863963
2024-08-06,739103.1478487311,0.25888140625376194,6.263899648459217,0.8000350843643462,-0.1644394301162866,-0.004750033598953178,-0.0022039243957753195,0.004207794725136965,2024-03-11,2024-07-18,738955.0,739084.0,2.0397403103584693,1.4307552528229508,0.5133225039645779,0.4056162153622891
2024-07-19,739085.041920225,0.47068182820022,3.708580285035281,0.48531936281971616,-0.027716755588806444,-0.0019799295806660565,-0.001647890397974726,0.0010975328608561863,2024-03-18,2024-07-18,738962.0,739084.0,2.816301067843826,1.7766930127805562,0.5133225039645779,0.33405559949133323
2024-08-13,739110.9832126318,0.2984543836963652,3.1497479878399055,0.97885346253236,-0.18477972484182967,-0.014688524943985943,-0.013167819326104523,0.006508555847894791,2024-03-25,2024-07-18,738969.0,739084.0,0.8324022133239046,1.1920055732737875,0.5133225039645779,0.24692441261773918
2024-08-22,739119.8943180451,0.242697922041137,5.153711764304542,1.1925128174889201,-0.3046162114525347,0.01856318426386904,0.006547541814514779,-0.01737013259021173,2024-04-02,2024-07-18,738977.0,739084.0,1.1331813490063514,0.7727632654493615,0.5133225039645779,0.14321830190416993
2024-08-22,739119.8417137132,0.28273414234014155,8.682327819012691,0.8398118593301825,-0.1501448513045484,0.008632343292738032,0.001981548699406363,0.008401834054274117,2024-04-09,2024-07-18,738984.0,739084.0,1.8411269840972275,0.5664007472436333,0.5133225039645779,0.17320668846184564
2024-07-19,739085.9208590208,0.7595217003914199,2.2072002801994723,0.5352457334255112,-0.016169042932290125,-0.007247477538479144,-0.007064564806862609,0.0016179786031953526,2024-04-16,2024-07-18,738991.0,739084.0,1.3701138512596993,0.7677076710855861,0.5133225039645779,0.08943233300361553
2024-07-24,739090.5719290378,0.5297730397047192,14.739223697440314,0.4892171609404523,-0.020465632771871557,0.0035420689243559644,0.0033158190996642124,0.0012456307491348424,2024-04-23,2024-07-18,738998.0,739084.0,6.205113565519136,0.2076746141380085,0.5133225039645779,0.14049180335121345
2024-07-29,739095.7437070516,0.8920914619963725,4.112655797733652,0.49956267985243524,-0.005622464380480179,0.0020401096321144433,0.0007158312811712352,-0.001910401237421835,2024-04-30,2024-07-18,739005.0,739084.0,1.338371499725554,0.5978059397910312,0.5133225039645779,0.11299177639957643
2024-08-17,739114.2955442774,0.342993303226052,5.484821413189409,0.8737119444830912,-0.12953039373335615,0.014603043733744122,0.013827304702867752,-0.00469622518025859,2024-05-07,2024-07-18,739012.0,739084.0,1.0622462098109893,0.5546914211130413,0.5133225039645779,0.08791316238257312
2024-08-14,739111.4931310705,0.21084068565781183,2.9312662871735435,1.7381177757356783,-0.5754951719446727,0.05584291084032656,0.0027034191386042694,0.055777434649522,2024-05-14,2024-07-18,739019.0,739084.0,0.5659879148493578,0.7412637855910653,0.5133225039645779,0.06449057637492063
2024-07-25,739091.5240543112,0.33786042799608845,9.260086334731396,0.6425198523314817,-0.09001688426165737,0.004995058357724385,0.003301550178552458,0.0037483829067442498,2024-05-21,2024-07-18,739026.0,739084.0,3.1897384408273517,0.6575150566524307,0.5133225039645779,0.09486540283208285
2024-07-26,739092.1080584686,0.24993043367701345,13.72120752751396,0.8197312754294633,-0.19888757456058634,-0.012116380052492047,-0.0009817953053752747,-0.01207653690238931,2024-05-29,2024-07-18,739034.0,739084.0,4.300872055337275,0.2989933809466059,0.5133225039645779,0.06258662334485394
2024-07-24,739090.5942613601,0.8011028281323145,2.370713609953917,0.4149973219450882,-0.0031775867694604503,0.0015498700420683523,0.0004879546562611902,0.0014710531604037907,2024-01-29,2024-07-19,738913.0,739085.0,1.3046502325940879,0.6928054681449057,0.4982468415591307,0.8780469246095749
2024-07-31,739097.667985565,0.2094862367004165,12.134825505895114,0.8655453691376498,-0.23526743354162966,0.0156881823896613,0.004022231391448289,0.015163796402119326,2024-02-05,2024-07-19,738920.0,739085.0,5.1002976461917555,0.2588875374017744,0.4982468415591307,0.4910638641854653
2024-09-16,739144.810257493,0.44921854118643567,6.778500629933504,0.7761793796713382,-0.05562426177098621,0.002562160801816842,0.00016148005010456005,0.002557067102714545,2024-02-12,2024-07-19,738927.0,739085.0,1.3943331686648366,1.4387386478892163,0.4982468415591307,0.5304450915000023
2024-08-22,739119.3646820204,0.06593489631329665,4.939701953598148,3.1902957139291024,-2.1555471514574154,-0.03318943585709861,-0.015310269722069465,-0.02944714406440709,2024-02-20,2024-07-19,738935.0,739085.0,1.3206897116502103,0.8669064587862045,0.4982468415591307,0.4118342348532482
2024-09-22,739150.3004283739,0.4181910319530643,11.853950000542872,0.9407122620458811,-0.0859494965253223,0.0013779854367897196,0.0007104172168275676,-0.0011807418185359269,2024-02-27,2024-07-19,738942.0,739085.0,2.1884406619360965,2.2004440652776935,0.4982468415591307,0.4631632858992625
2024-09-18,739146.7340975252,0.18214870090229798,6.838236868335174,1.7078914596995762,-0.5918411474806258,-0.01705691195272541,-0.011845341850231493,0.012272983411305557,2024-03-05,2024-07-19,738949.0,739085.0,1.2669212678726613,0.9242440988564222,0.4982468415591307,0.3689215834292107
2024-08-11,739108.4629729382,0.40723919448513,5.9260369868332194,0.6350415456297956,-0.055701402133055,0.004155837799971421,0.002262615525379678,0.003485908605225062,2024-03-12,2024-07-19,738956.0,739085.0,1.765118654756363,0.9210702403660391,0.4982468415591307,0.3921795536136908
2024-08-13,739110.9435833547,0.49251498035468366,7.810530313951219,0.5712938014587735,-0.029592336430635607,-0.0026984487035347777,-0.0017459097316205514,0.002057528763988775,2024-03-19,2024-07-19,738963.0,739085.0,2.164094145613575,0.6915188314205896,0.4982468415591307,0.32061100809889814
2024-07-31,739097.85366359,0.566511164983201,11.583494582265708,0.5090597035103718,-0.018060055261711595,0.004345737440791632,0.004344683025417478,0.00009572519494590619,2024-03-26,2024-07-19,738970.0,739085.0,4.235155942814921,0.20324715012964892,0.4982468415591307,0.17819854892702497
2024-08-03,739100.6767037369,0.9762863480536239,12.128165905853946,0.4483924189933869,-0.002090402349059138,-0.0005649275660067543,-0.0005511315488834121,0.00012408533619927376,2024-04-03,2024-07-19,738978.0,739085.0,3.9712669141402785,0.29786481456395025,0.4982468415591307,0.17491961261080927
2024-08-26,739123.2630799559,0.26493755565439453,13.131601410085104,0.9309650714246124,-0.18867838070575899,-0.013113365045653035,-0.0031904049581031003,-0.012719341925739161,2024-04-10,2024-07-19,738985.0,739085.0,2.684913803287716,0.290291167778606,0.4982468415591307,0.1369098206974276
2024-08-14,739111.3410757274,0.4238925480058796,14.262879079450823,0.6657702213815743,-0.055879370650272424,-0.0040956236347250595,-0.0011627647477479566,0.003927099578405562,2024-04-17,2024-07-19,738992.0,739085.0,3.429654857887457,0.40548990552715,0.4982468415591307,0.1670276724188627
2024-08-15,739112.2306018461,0.972574767531639,7.403095311818844,0.4945578111758379,-0.0026652715560321547,-0.0005801497147194839,-0.00009283188661826895,0.0005726743684817671,2024-04-24,2024-07-19,738999.0,739085.0,1.6790910935124337,0.603546921049222,0.4982468415591307,0.1601352747269709
2024-08-08,739105.3977238998,0.30021077715030026,3.9726457710791587,0.934907323695116,-0.18101896400194686,0.02054029119313392,0.009649567015194664,-0.01813255135710367,2024-05-01,2024-07-19,739006.0,739085.0,1.0013237258706764,0.6659841840863803,0.4982468415591307,0.08025812475743059
2024-07-31,739097.917345346,0.768192181904717,13.222021401004094,0.4776708061466585,-0.006563692636030336,0.0009040995849443765,0.0006677909168117762,0.0006094680885167668,2024-05-08,2024-07-19,739013.0,739085.0,3.96271710765944,0.4217974919399503,0.4982468415591307,0.16338335630727235
2024-08-04,739101.789372921,0.9542000048447263,10.760268240284198,0.47643000884780723,-0.003025760871401675,-0.0005356446644985233,-0.0005254146045899921,0.00010418589102790163,2024-05-15,2024-07-19,739020.0,739085.0,2.711653530302743,0.5009266479329736,0.4982468415591307,0.15336125103380177
2024-07-24,739090.3042363332,0.856796739093395,2.7370154754017033,0.5681729632620455,-0.012880407106199592,0.004502806009455563,0.00019705191279549978,-0.004498492247681753,2024-05-22,2024-07-19,739027.0,739085.0,1.0800705296543556,0.8954614721394065,0.4982468415591307,0.045740773978915066
2024-07-25,739091.7936727069,0.14922621644426218,5.19062681278114,1.147240878516135,-0.48105801404391596,0.01345597748114952,0.011838537883814934,0.0063962763188187555,2024-05-30,2024-07-19,739035.0,739085.0,1.7541977378667677,1.027797422884368,0.4982468415591307,0.06713387633270584
2024-07-22,739088.4376783754,0.4950346840675538,13.868976460271663,0.4970977397173998,-0.02596320601355549,-0.007918945454728007,-0.006447395995794393,0.004597910611176755,2024-01-30,2024-07-22,738914.0,739088.0,13.217052624907828,0.11702595264417566,0.5403844260075351,0.4758111547605405
2024-07-26,739092.2185321669,0.025617409462882275,12.922300734398293,4.302539827398194,-3.6144712277654825,-0.03975982698715592,-0.004096330468419403,-0.03954824798574614,2024-02-06,2024-07-22,738921.0,739088.0,7.616700306095504,0.18021695693957945,0.5403844260075351,0.467871629164395
2024-08-04,739101.0032326941,0.48274312522601803,11.13291166551898,0.596547568725289,-0.03750351333983296,-0.0019980108992833034,-0.001950900666076736,-0.00043131675686926697,2024-02-13,2024-07-22,738928.0,739088.0,4.5857672568441386,0.8139194671872302,0.5403844260075351,0.5128339610020528
2024-08-20,739117.6953842991,0.8718680920956012,10.095065736339851,0.5260023602530064,-0.004341254966100842,0.00016022242812566113,0.00013943530453074354,-0.00007892415552225734,2024-02-21,2024-07-22,738936.0,739088.0,2.9102429683228412,2.3400956902612524,0.5403844260075351,0.4923185696790117
2024-08-03,739100.679250386,0.9740132411370854,11.336276893630998,0.470503204737584,-0.002495303992618818,0.0004260141603611879,0.00004648479034873867,-0.0004234704583492,2024-02-28,2024-07-22,738943.0,739088.0,4.547721210795265,0.5032616559003363,0.5403844260075351,0.4091032338627694
2024-09-05,739133.1653474915,0.6843699030371141,6.373053047623736,0.6240143540638349,-0.013328247920690364,0.0013022930267230003,0.0011124331304809686,-0.0006770964906567345,2024-03-06,2024-07-22,738950.0,739088.0,1.4200840377237978,1.0990253654370543,0.5403844260075351,0.39475368445370873
2024-08-06,739103.3921233729,0.9025971962968196,12.496195985405729,0.4907106902107893,-0.0037285815716488814,-0.0007382706454256764,-0.0002894627152922956,-0.0006791574797886394,2024-03-13,2024-07-22,738957.0,739088.0,4.4797091674220235,0.3647910716789874,0.5403844260075351,0.36458888389979555
2024-08-05,739102.7539608694,0.4788635934963562,2.71538685991047,0.6915169776268606,-0.05165077676945144,0.0076990385172799655,0.006955498636161256,0.003300944230507295,2024-03-20,2024-07-22,738964.0,739088.0,0.9685692098477878,1.1830973266730387,0.5403844260075351,0.27315745376911066
2024-08-14,739111.714008306,0.230723705996768,6.897227070510171,0.8331757281902682,-0.1881230776491149,-0.01186928129517303,-0.0011047191363801688,-0.011817759267037901,2024-03-27,2024-07-22,738971.0,739088.0,1.9546838813131449,0.5301946577630814,0.5403844260075351,0.22360885752347812
2024-08-26,739123.340241096,0.20127489581277108,4.178472214423602,1.905267728474642,-0.6583554196014735,0.03585613728392266,0.019986884912173764,0.02976889336927105,2024-04-04,2024-07-22,738979.0,739088.0,0.9357899066846881,0.8844412810763129,0.5403844260075351,0.1327948131180296
2024-08-23,739120.2750090327,0.8595776247610771,11.260214300510594,0.5377133442536385,-0.0048227010831859785,-0.0007173259361415542,-0.00023121714907830805,0.0006790398579122264,2024-04-11,2024-07-22,738986.0,739088.0,2.5548387540543347,0.5132302630702169,0.5403844260075351,0.1771475702973175
2024-09-07,739135.016138529,0.8910234657049867,12.673813926816758,0.5756055312076647,-0.004248577723380432,-0.0003826826991581912,-0.00025428995783235417,-0.0002859766871278465,2024-04-18,2024-07-22,738993.0,739088.0,2.229802913851296,0.7805245258270569,0.5403844260075351,0.18761725873730017
2024-08-28,739125.1617481845,0.16327490280966453,13.180845755724954,1.3948985256126152,-0.5193497105250193,0.019422275893526738,0.005843747623333403,-0.018522295068350875,2024-04-25,2024-07-22,739000.0,739088.0,2.5474110918745962,0.3312347792807473,0.5403844260075351,0.13373127925988604
2024-08-12,739109.2814681903,0.2677689672600317,2.309884160822584,1.591606426789202,-0.41321918611066755,0.052155912108424435,0.014444322587363584,-0.05011587286333417,2024-05-02,2024-07-22,739007.0,739088.0,0.577138527480546,0.9184319342508348,0.5403844260075351,0.08150078197447821
2024-07-25,739091.8369250994,0.7633584331356629,4.9974941834688895,0.49165834910427575,-0.008581618235394687,-0.002080272405919923,-0.00168452600067642,0.0012206168259847026,2024-05-09,2024-07-22,739014.0,739088.0,2.394037437161498,0.630122797709126,0.5403844260075351,0.15101681828977162
2024-07-22,739088.2060794892,0.588004901008096,11.811676554559421,0.5006645369238433,-0.01908400208125231,0.001150238602947248,0.0000597565961736672,-0.0011486853324230181,2024-05-16,2024-07-22,739021.0,739088.0,10.879387571105301,0.8259445968353405,0.5403844260075351,0.132567605067046
2024-08-18,739115.8404006389,0.9685916012016667,4.172434162374985,0.8213611462195443,-0.009525006456179031,0.0022668165399877286,0.002218978584090325,-0.000463239969465539,2024-05-23,2024-07-22,739028.0,739088.0,0.7630311080991276,0.9754389924055537,0.5403844260075351,0.047538663629894166
2024-07-24,739090.7695294226,0.33598034821876427,11.724871575050972,0.6860329250239199,-0.10602434067382097,-0.005538908211712405,-0.005527210629103613,-0.0003597872139183816,2024-05-31,2024-07-22,739036.0,739088.0,5.56920868404105,0.5485133391438248,0.5403844260075351,0.07362519241549752
2024-09-14,739142.9329550107,0.9350552188186652,9.041349082472147,0.5061080625086487,-0.002239521237862577,0.0005101434013994413,0.00041318204773974705,-0.00029921043667790207,2024-01-31,2024-07-23,738915.0,739089.0,2.0740093835889404,0.4540115828252536,0.5924056107584136,0.6699031541266028
2024-08-30,739127.6635209264,0.9457645287350525,7.080291513577897,0.4892263066236346,-0.002210796450446184,0.000394193655828204,0.0001286484077875961,0.00037261001793956227,2024-02-07,2024-07-23,738922.0,739089.0,1.8833773802534743,0.7491538413145741,0.5924056107584136,0.5904415946506186
2024-09-18,739146.253953394,0.2758422179759293,3.5983383723835773,1.8219625702593363,-0.40981418183207347,0.023361909257186227,0.023176167565169707,-0.002940078422794057,2024-02-14,2024-07-23,738929.0,739089.0,0.763726808529011,1.3447370996261756,0.5924056107584136,0.5012662984105762
2024-08-16,739113.8369960941,0.7509056928454749,11.294819716224817,0.5679951042984375,-0.009288291474577815,0.0007816793921657005,0.0007089980024297635,-0.0003291572643693954,2024-02-22,2024-07-23,738937.0,739089.0,3.5285501662091114,0.7899748525356617,0.5924056107584136,0.4755169743028601
2024-09-14,739142.2414686962,0.1537329217276471,14.275276542249664,1.9093641084510067,-0.7769776423490578,-0.002636216178340393,-0.000832834395951955,-0.0025012042315378756,2024-02-29,2024-07-23,738944.0,739089.0,2.986855609853012,3.174021411092656,0.5924056107584136,0.45719738153027156
2024-09-09,739137.5424032334,0.770506107904928,6.171980700100704,0.6367974729410324,-0.009006139183248307,0.0010618768206147238,0.0005530955402898735,-0.0009064588823936181,2024-03-07,2024-07-23,738951.0,739089.0,1.322394423028788,1.058805137708937,0.5924056107584136,0.4051378487568395
2024-08-19,739116.8435332273,0.6555481611982771,5.335039821948454,0.5931514480610727,-0.01544189878626838,0.001743020271787674,0.001725348471205634,-0.00024757285952050213,2024-03-14,2024-07-23,738958.0,739089.0,1.47855033343694,1.0885921583061586,0.5924056107584136,0.4073033128646881
2024-08-09,739106.819392232,0.09740382619775881,12.926972862009729,1.6228328834478836,-0.8604870811431281,0.026186975748662522,0.01085182596092687,0.023832657681735644,2024-03-21,2024-07-23,738965.0,739089.0,4.2675796610288375,0.24759290102369683,0.5924056107584136,0.23204739783948178
2024-09-09,739137.3367518075,0.20590790923692098,7.935169419900904,1.264656125336339,-0.3649356628370511,0.013314515813108102,0.012964910317840464,-0.0030310776611396167,2024-03-28,2024-07-23,738972.0,739089.0,1.5531308519018434,0.7112262115039311,0.5924056107584136,0.22621668368392542
2024-09-02,739130.6060401628,0.6602775202195262,9.800841196984754,0.6177261256270912,-0.01449713844519414,0.0011889947486427189,0.000505926691005646,0.0010759863826406168,2024-04-05,2024-07-23,738980.0,739089.0,2.00662845253366,0.8214204466594628,0.5924056107584136,0.22286184290059602
2024-08-01,739098.2314557814,0.06436907708105856,5.4316778987355505,2.285318655814962,-1.5204735623304635,-0.02446530425743327,-0.013780300825560327,-0.020215202733730963,2024-04-12,2024-07-23,738987.0,739089.0,2.151683643512933,0.7364979224957567,0.5924056107584136,0.16412719420723829
2024-07-25,739091.0822734422,0.5280653048373426,10.41406658360098,0.5291250063645606,-0.025242983297684405,0.0032318333213010833,0.0030539809888289952,0.0010573300036143232,2024-04-19,2024-07-23,738994.0,739089.0,6.3680868307187986,0.396058200348517,0.5924056107584136,0.16137060109877052
2024-08-11,739108.9546267405,0.4306985920887775,7.322975004759361,0.6939992933382951,-0.05954680710391164,0.0032542530648731463,0.001237148342524298,0.003009921425689656,2024-04-26,2024-07-23,739001.0,739089.0,1.9676345390876349,1.076200172641742,0.5924056107584136,0.18560957916919343
2024-07-30,739096.7469881733,0.03568211215784701,11.701781811948043,3.0901004487703996,-2.394736605362345,0.023631357634453422,0.023548379634908023,-0.0019786056245975694,2024-05-03,2024-07-23,739008.0,739089.0,4.541426375843104,0.3090065162602388,0.5924056107584136,0.12987298826420618
2024-08-06,739103.9378481699,0.20763949651345653,11.587198198238752,0.9792710288614631,-0.2775582895084028,0.008067024355728305,0.0067107282748262225,0.00447694181080808,2024-05-10,2024-07-23,739015.0,739089.0,3.290054333787904,0.616555769098591,0.5924056107584136,0.15752335546007878
2024-07-27,739093.3537847906,0.8322351997607189,7.507597106851815,0.5106230207074811,-0.0075923743238709845,0.0012809637621827164,0.0012766837376901757,-0.00010462692742665182,2024-05-17,2024-07-23,739022.0,739089.0,3.3415825710685727,0.6570310441689676,0.5924056107584136,0.1485878587276855
2024-08-08,739105.7797451258,0.8814171949130833,4.429843061799318,0.6827512405956934,-0.011690982491594665,0.0027328097767802,0.00273248551974869,-0.00004209703587166147,2024-05-24,2024-07-23,739029.0,739089.0,1.0721894757409813,0.851206214055635,0.5924056107584136,0.04575381206434264
2024-08-08,739105.0200729177,0.1344516987843414,2.594796755262028,1.1742257062492023,-0.4526345702905521,0.06220031268618506,0.05938305391800396,0.018507614801227864,2024-06-03,2024-07-23,739039.0,739089.0,0.5848202620569994,0.3770666305961166,0.5924056107584136,0.04589993739623525
2024-08-22,739119.533309301,0.6285303162904562,10.297671712160502,0.5742824970647861,-0.015356608298294423,0.0015090861234642492,0.00008075546451999622,-0.0015069238477715173,2024-02-01,2024-07-24,738916.0,739090.0,3.163635507750052,0.621109924628684,0.5476395968887071,0.6843805817881097
2024-09-30,739158.7483640768,0.2729063343418506,7.226906066648847,1.249017790756788,-0.24899541712387538,0.005368585312743697,0.00008101340771637179,-0.005367974020799435,2024-02-08,2024-07-24,738923.0,739090.0,1.4174026280410859,1.7514296636547826,0.5476395968887071,0.5906649533241031
2024-09-11,739139.3805345922,0.9261413117514363,2.3170387910225876,0.9639800576982034,-0.008933164432598142,0.0027437466550117437,0.002681638606732594,-0.0005804826352005749,2024-02-15,2024-07-24,738930.0,739090.0,0.5327214117300411,1.3013834285449684,0.5476395968887071,0.5112609675814203
2024-09-03,739131.3525905675,0.5124083180800868,5.389474481039724,0.7967830245164137,-0.04663654556379453,0.004489549886819624,0.001873622563077278,0.004079901552411507,2024-02-23,2024-07-24,738938.0,739090.0,1.3229944867092482,0.9876278400834074,0.5476395968887071,0.4150169589486087
2024-08-09,739106.4167464293,0.724782379327844,12.761678513119689,0.5498430752730171,-0.010321105038630535,0.0014222161955756742,0.001317703180411262,-0.0005351235701142207,2024-03-01,2024-07-24,738945.0,739090.0,4.642423949968036,0.41215484032816835,0.5476395968887071,0.40307698612081594
2024-08-26,739123.895331425,0.7616643055542018,8.728002262366186,0.5818048048310067,-0.008387246053680514,0.00019586641319977856,0.00012058745495378369,0.00015434480077902067,2024-03-08,2024-07-24,738952.0,739090.0,2.2553621545089246,3.736871524195666,0.5476395968887071,0.4619675167568459
2024-09-07,739135.2175887167,0.42121250758475115,4.788590819430494,1.0256910227318905,-0.10282283246853,0.00898618369059534,0.0013207920003163707,-0.00888858851635184,2024-03-15,2024-07-24,738959.0,739090.0,1.0366718153401187,1.0064861463133632,0.5476395968887071,0.35190212084748707
2024-08-27,739124.646780735,0.007605450265204318,14.602323571488482,22.77593456890139,-21.700677368182948,0.04145894007947598,0.003181789122973857,-0.04133666569149609,2024-03-22,2024-07-24,738966.0,739090.0,3.5359575120014375,0.2726202164279167,0.5476395968887071,0.22879910307971493
2024-09-18,739146.7281889647,0.5490489710971295,11.266928193890687,0.7132733873640522,-0.02898291164588942,-0.0025853004831694138,-0.002579151704416515,0.00017819953389778932,2024-04-01,2024-07-24,738976.0,739090.0,1.9757364857957045,0.5463067179394134,0.5476395968887071,0.22760546102338533
2024-07-25,739091.5537470431,0.7159089107815236,3.8652228043640733,0.5171034357697046,-0.012188749859588108,-0.002760410955443828,-0.0019162798134847077,-0.0019868921257494886,2024-04-08,2024-07-24,738983.0,739090.0,2.6123632226929945,0.8178405822192608,0.5476395968887071,0.18870330417331363
2024-08-15,739112.6027619491,0.07300353686409157,13.041623364486341,2.557016891153466,-1.635550422486944,-0.020620256065023098,-0.015181991293356895,0.013953569455718393,2024-04-15,2024-07-24,738990.0,739090.0,3.5096508668200386,0.4439991419994152,0.5476395968887071,0.18182426903801957
2024-08-31,739128.5684434554,0.9918963073634539,6.27800532084154,0.6415170621973818,-0.003963450117416069,-0.0010446343680868087,-0.00036573972432861165,-0.0009785169477511146,2024-04-22,2024-07-24,738997.0,739090.0,1.2260811433520624,0.5994509887196561,0.5476395968887071,0.0985662779077378
2024-08-23,739120.3426626095,0.038378068999313404,8.787413735474786,4.718942714077901,-3.7104679601339448,-0.006884562988521067,-0.00030697655601331464,0.006877715677241407,2024-04-29,2024-07-24,739004.0,739090.0,1.8796442427746263,2.353825983981293,0.5476395968887071,0.18366803678209995
2024-07-29,739095.9428602008,0.8228747678836494,13.593724708983109,0.4924992718616626,-0.005916912548400843,-0.0009639047933635066,-0.0007148478548726928,0.0006466103889151904,2024-05-06,2024-07-24,739011.0,739090.0,5.754474472335146,0.37158338396384694,0.5476395968887071,0.20053061655573307
2024-08-01,739098.4080444478,0.2666988766127419,3.0407599409891874,0.8615173414659474,-0.1857559227513775,0.025114686412441405,0.009348669041979882,0.023309866167329142,2024-05-13,2024-07-24,739018.0,739090.0,1.0927274123407746,0.648715031627341,0.5476395968887071,0.07120109032327775
2024-07-29,739095.2739837972,0.9881040664607972,10.150045952161335,0.501747750449557,-0.0037676135263121765,0.0005494158793893458,0.00023514293758291653,-0.0004965537306576649,2024-05-20,2024-07-24,739025.0,739090.0,4.18334275776352,0.6675746215167866,0.5476395968887071,0.15688788937001488
2024-08-09,739106.1253599077,0.4446270997512739,10.313158810083834,0.8043825327874788,-0.08137017432381359,0.0023366440435457765,0.0022833962927745546,-0.0004959906817485368,2024-05-28,2024-07-24,739033.0,739090.0,2.4814242386174326,1.5013325885521622,0.5476395968887071,0.10030737587600196
2024-08-05,739102.3754393565,0.9741740878506469,11.895285214308574,0.5797059378571802,-0.00586411091529112,-0.0005960870549245611,-0.00003257696981037412,-0.0005951962013375187,2024-06-04,2024-07-24,739040.0,739090.0,3.062160472969906,0.8056644476676851,0.5476395968887071,0.10573450318337248
2024-07-29,739095.9108418034,0.5894679950142631,10.033848692314724,0.5301196340256239,-0.018383579971787672,-0.0010099351204682922,-0.0007486883294278629,0.000677816149803042,2024-02-02,2024-07-25,738917.0,739091.0,5.741693333549325,1.0693732006567052,0.6308284161606871,0.6597208828517387
2024-09-26,739154.2283496564,0.559103586010803,9.930574276316745,0.758575938858376,-0.029757806156542724,-0.0021734888732380434,-0.0004813112011616658,-0.0021195266947424594,2024-02-09,2024-07-25,738924.0,739091.0,2.0425099529689525,0.7708349594755227,0.6308284161606871,0.587108668794304
2024-09-11,739139.5339495313,0.6307987432878271,8.953598750360651,0.6941145089433056,-0.019542467014101676,0.000857770785782394,0.00015962802373893384,-0.0008427868146684236,2024-02-16,2024-07-25,738931.0,739091.0,2.0774334435563895,1.6050971674241463,0.6308284161606871,0.5562200138885118
2024-07-27,739093.2963862191,0.5652201446964301,11.164975272839666,0.5658709059748065,-0.025106816019752898,-0.003577515695409363,-0.0035774400993067103,0.00002325697256164835,2024-02-26,2024-07-25,738941.0,739091.0,7.453448455759805,0.3552793443201459,0.6308284161606871,0.41977834497989924
2024-08-17,739114.3913109215,0.16794938137668283,6.437949394433137,1.344903403237214,-0.49407084847400956,-0.01095474420941011,-0.00887495098008589,-0.006421967439552835,2024-03-04,2024-07-25,738948.0,739091.0,2.0103040772155882,1.1765701843321845,0.6308284161606871,0.44387686423236616
2024-09-20,739148.4553882153,0.8937350499211472,10.027952230236341,0.6013981866348013,-0.003914259930791392,-0.00021216928439326044,-0.00016085661351739335,-0.00013835084071903638,2024-03-11,2024-07-25,738955.0,739091.0,1.9376026526975967,1.6442342261835874,0.6308284161606871,0.49282839912989684
2024-08-15,739112.1067865177,0.5950394125085628,4.537832918156707,0.6370947701319649,-0.024350146331360394,-0.0030606479440985824,-0.0023234192005408675,0.0019923074703149905,2024-03-18,2024-07-25,738962.0,739091.0,1.4168139006110594,1.043242879972029,0.6308284161606871,0.3900508918107034
2024-07-26,739092.1512304313,0.09221413354942888,2.61180406635806,1.455071512238513,-0.8001412954303704,0.025268308844191813,0.011464885825393614,-0.022517633642462318,2024-03-25,2024-07-25,738969.0,739091.0,1.942305942380149,1.118014419308666,0.6308284161606871,0.22501071518103052
2024-07-29,739095.138902264,0.057061649628883174,12.346180570801366,2.2604013827735487,-1.5482487914095702,-0.01770638841745872,-0.017257371256047708,-0.003962237766825032,2024-04-02,2024-07-25,738977.0,739091.0,6.585412293634128,0.40413127498959456,0.6308284161606871,0.17833030644938586
2024-07-31,739097.2656868406,0.4817127507862874,12.443018075424636,0.610251524218678,-0.0400817814807959,-0.0037279798768411294,-0.002982455855938097,-0.0022366919836027837,2024-04-09,2024-07-25,738984.0,739091.0,5.732467900328922,0.41623238420498126,0.6308284161606871,0.2092334158691675
2024-08-09,739106.304672211,0.7418179411489308,11.259262134265054,0.5553486703928261,-0.009886405350835513,0.0014175557416636804,0.0014171495977969445,-0.00003393078524917093,2024-04-16,2024-07-25,738991.0,739091.0,3.618734082138809,0.45950016310847197,0.6308284161606871,0.21460074940150115
2024-09-09,739137.4855345957,0.24065661086654605,5.096650461848035,2.1231932616583564,-0.6067360839444407,0.03557467151427961,0.03097797011726192,-0.017490643806416163,2024-04-23,2024-07-25,738998.0,739091.0,0.8913154339264774,0.8053262808241762,0.6308284161606871,0.08988758155111513
2024-08-21,739118.3488954363,0.8939375368777769,6.756823206283686,0.6062508272142828,-0.005965810491432721,0.0014303485357732824,0.0010956988295239337,-0.0009194242811502501,2024-04-30,2024-07-25,739005.0,739091.0,1.5289719366033332,0.5518133409900543,0.6308284161606871,0.17112928751757944
2024-07-31,739097.6409391614,0.49889956021726556,9.628911116594422,0.6153407906423066,-0.0386553855786625,-0.0037953270992168563,-0.0020884696715466433,-0.0031690380592665174,2024-05-07,2024-07-25,739012.0,739091.0,3.9184359957235246,0.5277117223772948,0.6308284161606871,0.18708347446974322
2024-07-27,739093.350311612,0.36550927210932477,12.545795610562593,0.6558554037590426,-0.0793095604576941,-0.004947572234465027,-0.004940600414915363,-0.0002625615268606593,2024-05-14,2024-07-25,739019.0,739091.0,6.897168586698205,0.4670179679681645,0.6308284161606871,0.1560422177730128
2024-08-22,739119.4553771002,0.9616822443751043,13.285424260920191,0.6262501538190043,-0.0049269118495134994,-0.00038591672546630176,-0.0003859146069207979,1.2787336700714007e-6,2024-05-21,2024-07-25,739026.0,739091.0,2.514380950074932,0.9241391326623368,0.6308284161606871,0.1678737026827302
2024-08-02,739099.8686534814,0.2661025206632511,11.082465112357069,0.9989003115494456,-0.24304716565778514,0.006652115078011926,0.00343793261495123,0.005694844541000939,2024-05-29,2024-07-25,739034.0,739091.0,3.536723728398672,0.8772904924914755,0.6308284161606871,0.09031804374627861
2024-08-03,739100.0402431088,0.2803022630407706,8.34210217438065,1.0128830273834606,-0.2381748688400138,0.0039279272860213875,0.0036614547500560916,0.0014220977032408948,2024-06-05,2024-07-25,739041.0,739091.0,2.4914483951104724,2.037434212354337,0.6308284161606871,0.0811490346947389
2024-09-30,739158.3890516412,0.12420417637662598,13.188972322974738,2.520316722698039,-1.20716022745061,0.0020308475094106037,0.0005995759288080545,-0.001940322218620714,2024-02-05,2024-07-26,738920.0,739092.0,2.6834177488308133,5.597741587051853,0.6505875661411493,0.6740637104219672
2024-08-17,739114.7072218652,0.7004494904338759,3.175150118610997,0.6660388287468105,-0.016229673503443634,-0.0025101174673704566,-0.0024956082772635414,-0.0002694977299569975,2024-02-12,2024-07-26,738927.0,739092.0,1.067381117207049,1.4263571966621156,0.6505875661411493,0.5904261325320583
2024-09-09,739137.7886313348,0.14148777526073622,2.921836989323581,4.2531925762357385,-2.0498392457371355,-0.08996758492238004,-0.07439855683716336,0.050586767808519215,2024-02-20,2024-07-26,738935.0,739092.0,0.6920165998160702,1.1033077691106035,0.6505875661411493,0.4268344539777779
2024-07-26,739092.5150128984,0.4661709079527564,5.679058694633659,0.5969476266668551,-0.04297666317653771,0.0025895199869705007,0.002527957603156535,0.0005612879114703695,2024-02-27,2024-07-26,738942.0,739092.0,5.131723905355638,1.3623297330405946,0.6505875661411493,0.47022418725169923
2024-09-19,739147.4592393026,0.9534653288852235,12.022419706393569,0.6220677167313976,-0.003205048004582104,0.00021237299682306675,0.0001654044792539582,-0.0001332052852642763,2024-03-05,2024-07-26,738949.0,739092.0,2.439496507995501,1.1968735327713609,0.6505875661411493,0.5223037379518638
2024-08-28,739125.4260829677,0.6715751982118395,4.631572046470847,0.7366478799720367,-0.020745591745752977,-0.0033152221484738066,-0.002868064825936161,-0.0016627994611374698,2024-03-12,2024-07-26,738956.0,739092.0,1.196433434876398,0.9073595545945207,0.6505875661411493,0.3945764285933125
2024-09-05,739133.8996931765,0.24900262843545923,5.767489428300489,1.2966298390658924,-0.31268172176125286,-0.01471956341079882,-0.014580256180326937,0.002020315995225879,2024-03-19,2024-07-26,738963.0,739092.0,1.2904166251949427,0.9171168869528814,0.6505875661411493,0.356492291447452
2024-08-09,739106.7197762915,0.08055137621300991,6.68475805289892,2.101100848479783,-1.2626956300895404,-0.008780459047262677,-0.008780345580578887,-0.00004463817050250292,2024-03-26,2024-07-26,738970.0,739092.0,2.371185453615241,1.7328809499424926,0.6505875661411493,0.2937171316976027
2024-09-19,739147.0079658007,0.6964618965781623,8.114846143227371,0.7489361502596218,-0.0162004398934363,-0.0019341618158183178,-0.00047191323103963086,0.0018757078216341014,2024-04-03,2024-07-26,738978.0,739092.0,1.4496872823398177,0.7188711804329357,0.6505875661411493,0.22713650956716414
2024-08-15,739112.7891467699,0.6728824414038775,7.348916936007939,0.6336190685103626,-0.016919375366716647,-0.0014452144777229493,-0.0003773242895706378,0.0013950882649925878,2024-04-10,2024-07-26,738985.0,739092.0,2.1239656527725614,1.0719335875635265,0.6505875661411493,0.2592059422357853
2024-07-29,739095.1674699957,0.9235383293205044,7.046566747152016,0.5098303686194078,-0.004461326809611925,0.0010593477813132034,0.0007830556679971167,-0.0007134714728640492,2024-04-17,2024-07-26,738992.0,739092.0,3.906641832923965,0.5519539317563126,0.6505875661411493,0.23382195621986085
2024-08-12,739109.4685829127,0.6853049733501492,10.486957676139433,0.6187157264443296,-0.015854218746181956,-0.002167055266877727,-0.0020930975357869334,-0.0005613120659536591,2024-04-24,2024-07-26,738999.0,739092.0,3.0782763673665823,0.4780895234522943,0.6505875661411493,0.2248728989349863
2024-09-05,739133.541916441,0.8570696351214906,8.250702923249188,0.6833931044903759,-0.0075567827348045485,0.001508986261797271,0.00084414314965737,0.0012507845062917262,2024-05-01,2024-07-26,739006.0,739092.0,1.47300461355725,0.5202077391411855,0.6505875661411493,0.18309131314337243
2024-08-08,739105.6701954567,0.6945227131291872,9.778436405169423,0.6098265901838692,-0.01574551157776752,0.002442389219896152,0.002214373155152354,-0.0010304448705319193,2024-05-08,2024-07-26,739013.0,739092.0,2.978466147471676,0.45788765910485946,0.6505875661411493,0.21220585586670448
2024-08-05,739102.3183634134,0.6721163812716097,11.81232352539996,0.6093270703312224,-0.018243071814966996,0.0017567569094646077,0.00014345752908917993,0.0017508897099187245,2024-05-15,2024-07-26,739020.0,739092.0,3.904116374010105,0.5908747677676989,0.6505875661411493,0.2110926006739563
2024-08-16,739113.663903269,0.5721934457262691,4.629307922071799,0.9047074583773564,-0.05633354106053962,-0.00753722198790505,-0.0006364107980426876,0.007510306025129329,2024-05-22,2024-07-26,739027.0,739092.0,1.0214606145139917,0.9238097777243997,0.6505875661411493,0.053748081071803906
2024-08-23,739120.087808603,0.877206570935434,14.052128751390807,0.7199520204641159,-0.009736447056075051,0.0004971013758781972,0.0002428888612556052,-0.0004337220065640572,2024-05-30,2024-07-26,739035.0,739092.0,2.4787826583746537,1.2226870074873253,0.6505875661411493,0.14556817742236275
2024-08-08,739105.159976382,0.6154570349345573,3.1005132658660886,0.7798688058729988,-0.03930285205491715,0.008316623070773086,0.0010957088384492264,0.008244127694465885,2024-06-06,2024-07-26,739042.0,739092.0,0.7739905694470885,0.9380828456686447,0.6505875661411493,0.04876496901522281
2024-08-27,739124.2998779276,0.7379618695784512,14.833903305627288,0.5840851372300031,-0.009006408853895054,-0.0009268364584156248,-0.00019536222935580928,-0.0009060129248468513,2024-02-06,2024-07-29,738921.0,739095.0,4.573275249670624,0.4834226869449174,0.6330432564902398,0.6862383020517764
2024-09-12,739140.390843174,0.005316816286256022,10.80938180774554,49.19744589778567,-47.683814612986964,0.006907569951008508,0.0027109951185801577,-0.006353347786412309,2024-02-13,2024-07-29,738928.0,739095.0,2.6547282140675867,3.395443406678806,0.6330432564902398,0.5948132846315505
2024-08-20,739117.0644922532,0.5805777088254239,14.906712053953445,0.6686961291227131,-0.026360579250416183,0.002547305203006457,0.00016554994055277252,-0.002541919946506335,2024-02-21,2024-07-29,738936.0,739095.0,4.993787849166757,0.4030440008823307,0.6330432564902398,0.4968623973126628
2024-09-05,739133.1108718327,0.0610099270985678,13.72391298051,4.428712603989482,-3.109252831239781,0.015278642685881883,0.007839132870030444,0.013114302046577245,2024-02-28,2024-07-29,738943.0,739095.0,3.5102909047308244,0.9046775525999311,0.6330432564902398,0.4985717969093895
2024-09-05,739133.5420990953,0.2634005788955545,2.4333147508318613,2.9655092741465947,-0.8023252599802685,0.08156688622681973,0.08142022249326347,0.004889202172791426,2024-03-06,2024-07-29,738950.0,739095.0,0.6044159068810733,1.064768067500837,0.6330432564902398,0.35508354588051005
2024-08-02,739099.6077235737,0.6199147769407763,9.826956859045016,0.5835765850187896,-0.01954797042349323,-0.001519770489858484,-0.0010362627278399097,-0.0011116932583831235,2024-03-13,2024-07-29,738957.0,739095.0,5.368246949120522,0.8114029927635853,0.6330432564902398,0.476124456427487
2024-09-06,739134.9988808159,0.591552017611699,2.4441078619030088,1.3285684404530858,-0.06627674295411996,0.014643745849202196,0.013689116622639809,0.0052007094312019626,2024-03-20,2024-07-29,738964.0,739095.0,0.5651295103103294,1.095422221734953,0.6330432564902398,0.2854510780129249
2024-08-20,739117.1201648547,0.5254651920224723,7.0303024830274765,0.6730211817875219,-0.033554455645971946,0.0016896472097380057,0.0010523006770908287,-0.0013219572528526068,2024-03-27,2024-07-29,738971.0,739095.0,2.1124296860973204,1.4843082579882343,0.6330432564902398,0.3583947075554666
2024-09-20,739148.6118187106,0.7843709910982317,4.566782433623027,1.102691410239114,-0.02012068931317061,-0.0036530237682182326,-0.0020825341255696524,-0.0030012721081243495,2024-04-04,2024-07-29,738979.0,739095.0,0.8371166574050248,0.9460227028435064,0.6330432564902398,0.15550282288466372
2024-09-04,739132.3591926061,0.31999019174500903,2.65583856404705,3.033378110290679,-0.6586309233037185,0.0785421742756273,0.058432646126906546,0.052483321222562954,2024-04-11,2024-07-29,738986.0,739095.0,0.577176554693365,1.0103554573176727,0.6330432564902398,0.1237204281642435
2024-09-06,739134.4706018303,0.007012872588709753,14.234868067587803,35.641800838375524,-34.2060363890676,0.030169500864938092,0.0027115944409473827,-0.03004739652660983,2024-04-18,2024-07-29,738993.0,739095.0,2.8920551867845843,0.5585693876716824,0.6330432564902398,0.21325587125878462
2024-09-12,739140.1001453795,0.9306697455685113,3.8704957336754893,1.1733661790117291,-0.012732290064067151,0.0033186108520861695,0.003237079121176232,0.0007310928469278051,2024-04-25,2024-07-29,739000.0,739095.0,0.6982284314650922,0.9225272384141385,0.6330432564902398,0.0910274241612375
2024-09-08,739136.0533747035,0.8932220514814266,9.253360619614732,0.6828255430095703,-0.0060859210908922,0.0009237932103153212,0.0008317305706847561,-0.00040201760311346706,2024-05-02,2024-07-29,739007.0,739095.0,1.6867821244972399,0.6359332013686767,0.6330432564902398,0.25014041252921554
2024-09-03,739131.9673150682,0.21443051178972633,8.24397205753547,1.6385841969688353,-0.5049150592592747,0.02311602744082815,0.02147422188359587,0.008556197703373404,2024-05-09,2024-07-29,739014.0,739095.0,1.5224899196608168,0.568139773199805,0.6330432564902398,0.1682213821953144
2024-08-14,739111.5550228617,0.8219138907324353,8.991561934718323,0.6383267411042999,-0.009939029421999573,-0.0009775696321898434,-0.0006094427804600812,0.0007643440868645945,2024-05-16,2024-07-29,739021.0,739095.0,2.4317402130741574,0.9293674430374337,0.6330432564902398,0.22107601714924716
2024-08-23,739120.7146821992,0.8002582411253314,9.659428322712603,0.7682041209919989,-0.01500314180249972,-0.0011605773832755895,-0.00026609566362530943,-0.0011296605509490982,2024-05-23,2024-07-29,739028.0,739095.0,1.9715917114106571,1.0709935173529248,0.6330432564902398,0.14318853390443784
2024-08-21,739118.45090499,0.39411407983719726,6.7169527696137274,1.1961423694699795,-0.1719927894019902,-0.013074270636134028,-0.008230698330929664,-0.010158354081843582,2024-05-31,2024-07-29,739036.0,739095.0,1.3440927795234703,0.7718669139276935,0.6330432564902398,0.05503487035451897
2024-08-05,739102.5890988712,0.6827971180863456,12.046753610656584,0.7329313113169529,-0.030652853281092615,-0.0017999347564136919,-0.001318374108825478,-0.001225420269346253,2024-06-07,2024-07-29,739043.0,739095.0,3.951095547012169,0.9652410752551841,0.6330432564902398,0.08670991753197883
2024-08-12,739109.7938953252,0.24763222827632642,11.274702877358699,1.0244567659617676,-0.24196555465494782,0.0016752666523598945,0.00003548325516045395,-0.0016748908308043158,2024-02-07,2024-07-30,738922.0,739096.0,4.685456295291884,3.172281087799177,0.6678293725756554,0.6438759536580017
2024-10-13,739171.9892312313,0.20192186658369843,6.534565844466713,2.2661845962878537,-0.7190745468751726,-0.01870555117667984,-0.01734527880534756,0.007002781446550308,2024-02-14,2024-07-30,738929.0,739096.0,1.2089323385682913,1.1878730257683714,0.6678293725756554,0.5493395658442459
2024-10-03,739161.8838633928,0.23141690511789076,13.562761216370356,1.7821849353933847,-0.47522085699631406,-0.007738949953198748,-0.0023129244524359048,0.007385237088641026,2024-02-22,2024-07-30,738937.0,739096.0,2.6500688895596087,1.047756636926686,0.6678293725756554,0.5591905981065025
2024-08-10,739107.660029249,0.42339822202726707,7.076963403183863,0.7499999792912058,-0.06958057165013878,0.0006773084102828106,0.0001590712679367972,0.0006583638920512025,2024-02-29,2024-07-30,738944.0,739096.0,2.975350823760064,6.146156354791242,0.6678293725756554,0.514316957861102
2024-09-12,739140.2945848363,0.41482016953251055,12.225543782647074,0.9802796708650229,-0.09436840635171233,0.0011395427446816717,0.0010454032874503921,-0.0004535301903341723,2024-03-07,2024-07-30,738951.0,739096.0,2.8260973764767754,2.809879396998963,0.6678293725756554,0.5404567582000369
2024-08-01,739098.301150194,0.09980372893125412,5.416604139050725,1.5672832474316736,-0.8307382655282906,-0.01036723066283265,-0.005501701229807486,-0.008786965073010834,2024-03-14,2024-07-30,738958.0,739096.0,3.543475422592091,1.4764580933370233,0.6678293725756554,0.4053448792440483
2024-08-09,739106.6140887474,0.8622252942513702,7.300127529841493,0.522995851096058,-0.004466722516263793,0.000665866806899087,0.0004071842177156685,-0.0005268582516894511,2024-03-21,2024-07-30,738965.0,739096.0,3.010267963667785,0.7923041301723741,0.6678293725756554,0.4719664466758659
2024-09-15,739143.465853356,0.8979191056985458,6.943581640342847,0.6840239990250438,-0.00540593283455952,-0.0007884870774073232,-0.0007274039326746211,0.0003042949062469457,2024-03-28,2024-07-30,738972.0,739096.0,1.4193680864874472,0.8866040928891008,0.6678293725756554,0.3519260206220907
2024-08-21,739118.790321402,0.7044369630127226,11.104479721143042,0.6449338824184105,-0.013942057411745758,0.0008156440952755582,0.0006430462974259767,0.0005017636391017448,2024-04-05,2024-07-30,738980.0,739096.0,3.192913643074232,1.0843515160081885,0.6678293725756554,0.32289915511184686
2024-08-14,739111.7980638864,0.7487682959536052,8.69523739685894,0.6299653765556738,-0.012118977123983871,-0.0013404831028459665,-0.0004027532214538026,0.0012785479230846737,2024-04-12,2024-07-30,738987.0,739096.0,2.8602370929406162,0.778521526550332,0.6678293725756554,0.28001193809887426
2024-09-14,739142.0866019663,0.24754011432334427,13.0532801741512,1.5317568272170046,-0.3824335341999168,0.008157240051322553,0.007075399660839278,0.004059468548258035,2024-04-19,2024-07-30,738994.0,739096.0,2.4250068268077967,0.8890755179973624,0.6678293725756554,0.2616028020320508
2024-08-25,739122.1132946289,0.8242802639622284,8.311128056068082,0.6653695230794286,-0.008887025501227101,0.0010761198172979226,0.0008291660814959748,0.0006859427603509821,2024-04-26,2024-07-30,739001.0,739096.0,2.0294822557421734,0.8190505848565566,0.6678293725756554,0.28724295723738313
2024-08-24,739121.1685739935,0.1560388728447191,2.3010212249421564,2.0550144771520653,-0.8338424316088583,0.0782377437545423,0.0752799021590782,-0.021309173581371837,2024-05-03,2024-07-30,739008.0,739096.0,0.550530415362901,0.7227362756459597,0.6678293725756554,0.09249159478953162
2024-08-11,739108.3152373792,0.8083500783919766,3.4861918025368794,0.7160180112427266,-0.014605405879257445,-0.004387544046092695,-0.004331709211293811,-0.0006977378198118563,2024-05-10,2024-07-30,739015.0,739096.0,1.1236414970645952,0.771863222794149,0.6678293725756554,0.08385356132672994
2024-08-19,739116.1905874654,0.2966591886886914,5.101516813596624,1.2732328327452047,-0.2753930067545187,-0.021215327741826804,-0.013005498682729088,-0.016761477715483735,2024-05-17,2024-07-30,739022.0,739096.0,1.2504589112541804,0.7548517126936781,0.6678293725756554,0.08143589395192748
2024-08-17,739114.5032612097,0.3577334639694976,12.664331682969806,1.1187502694519431,-0.18068020215865038,0.003407308709362414,0.0017667280755651019,-0.0029134900974444695,2024-05-24,2024-07-30,739029.0,739096.0,3.085078723663955,1.4978777719382679,0.6678293725756554,0.12908780446574858
2024-08-03,739100.2505693758,0.19800700568579993,9.520065233421459,1.2458273627573455,-0.4317526299659373,-0.0077763758229156925,-0.0009247686323239273,0.0077211931665965685,2024-06-03,2024-07-30,739039.0,739096.0,4.0423404857997145,1.1547776834658414,0.6678293725756554,0.08693809526750589
2024-08-12,739109.5249407504,0.76059954921333,4.720425174957063,0.827074119978375,-0.02603139233985606,0.003623268899314332,0.0017899840740383342,0.003150243567000435,2024-06-10,2024-07-30,739046.0,739096.0,1.16215134599427,1.157635342859931,0.6678293725756554,0.043923885691404804
2024-07-31,739097.7189575761,0.45051338677014885,6.99084903105746,0.6397612781418215,-0.04893350112331525,0.002836104758263423,0.0021837797477375536,-0.0018095845416049882,2024-02-08,2024-07-31,738923.0,739097.0,6.111813072318647,1.1118899334022347,0.6396584956089592,0.6167728125959115
2024-09-04,739132.037158955,0.28928719055422986,4.2258273822513885,1.365522468525426,-0.2802547144044141,-0.016776955770660264,-0.01007769558033278,0.01341291529537229,2024-02-15,2024-07-31,738930.0,739097.0,1.1783559788050406,1.143555424360683,0.6396584956089592,0.5032344913208304
2024-09-29,739157.8370369363,0.45506420460123487,3.8900782565741885,1.7337120728208375,-0.15872546483166722,0.01750965712441867,0.0005507489563215566,0.01750099334900207,2024-02-23,2024-07-31,738938.0,739097.0,0.7953825495603186,1.0604331676858043,0.6396584956089592,0.4016961592596785
2024-10-04,739162.1242415714,0.6222707960073767,4.93491587401215,1.1825404213525237,-0.04223901079888095,0.0052818619281742125,0.004413180604880298,0.0029020514084014053,2024-03-01,2024-07-31,738945.0,739097.0,0.9457769517212811,1.0083849620173522,0.6396584956089592,0.38848236675523146
2024-08-25,739122.7255790224,0.5103126849296632,4.3637845092723095,0.8672329596977518,-0.05714296196640701,-0.007517654232375479,-0.004723157487322988,0.0058486672419875065,2024-03-08,2024-07-31,738952.0,739097.0,1.3144248596830186,0.8889011511932831,0.6396584956089592,0.3907547930878168
2024-09-23,739151.0335222909,0.33452300106111227,5.074052767554359,1.5688570791350172,-0.25590945213333527,0.017567939715015392,0.013468952678867977,0.011279176369080776,2024-03-15,2024-07-31,738959.0,739097.0,1.0240395605250698,0.9603653879621741,0.6396584956089592,0.3591582500326552
2024-09-05,739133.1066440272,0.2759114928489926,11.144835401994612,1.1579224386111233,-0.2321075780673331,0.005512739694606797,0.0023821222867191146,0.004971497998753449,2024-03-22,2024-07-31,738966.0,739097.0,2.7176691148802328,1.0423605494057164,0.6396584956089592,0.42000101276845964
2024-08-03,739100.3050416891,0.6723029560729493,4.48899761013689,0.6037813305049938,-0.017498470879682017,0.002385400631077091,0.0007147138771590879,0.00227581199674736,2024-04-01,2024-07-31,738976.0,739097.0,2.591503030922794,1.0986374927615408,0.6396584956089592,0.30638638855446165
2024-09-11,739139.96632924,0.07115920999378635,9.070185700997236,4.050485131121471,-2.678753023770675,0.02559157905915835,0.0033382048508940887,-0.02537292468586582,2024-04-08,2024-07-31,738983.0,739097.0,1.8703036754273534,0.8212030046609663,0.6396584956089592,0.25281264573229767
2024-08-16,739113.1259029472,0.2296485877656101,7.989871058049815,1.2372020129475416,-0.3417171903491224,-0.011198832599549147,-0.00039713187755842106,-0.011191788859005153,2024-04-15,2024-07-31,738990.0,739097.0,2.584939627146298,0.8770373369831169,0.6396584956089592,0.23606766775025254
2024-08-08,739105.2464748162,0.7266595671541903,3.95270644035715,0.6992418795491535,-0.020079710498363754,0.005440896641452928,0.0017642292360428948,-0.005146926409583222,2024-04-22,2024-07-31,738997.0,739097.0,1.6196779611849723,0.6784586839897554,0.6396584956089592,0.12113256277786666
2024-08-04,739101.7178704878,0.7911047297131732,7.605734249849481,0.5945913836965667,-0.010336507163707149,-0.0018210788710374458,-0.0010961064352398948,0.0014542623343691155,2024-04-29,2024-07-31,739004.0,739097.0,3.6686652458114155,0.5903884990082717,0.6396584956089592,0.26531314546820295
2024-09-05,739133.5987709963,0.15933470959692844,5.859519869644098,2.279226913492531,-0.9565631251560369,-0.03968024698547951,-0.03719202050539487,0.013830242642663337,2024-05-06,2024-07-31,739011.0,739097.0,1.1273879292526168,0.6555225412952936,0.6396584956089592,0.08564871438418334
2024-09-02,739130.969196282,0.3512205806781015,4.605715770971544,1.2123366063673227,-0.18105294855401932,-0.02115991579860451,-0.018947012305260115,-0.009420868394599012,2024-05-13,2024-07-31,739018.0,739097.0,0.8808445119698172,0.6524909466422806,0.6396584956089592,0.07674351934078465
2024-08-21,739118.5737298508,0.8645153195652897,12.44574349720048,0.7008399912918473,-0.009339429876983189,0.0006770191537550954,0.000617569951430206,-0.0002774207808397895,2024-05-20,2024-07-31,739025.0,739097.0,2.9063773294955095,0.9582332963961174,0.6396584956089592,0.22136139146638287
2024-08-17,739114.8335127187,0.26312469778346675,10.696476843738113,1.4024351579519014,-0.3636304272313295,0.004536485360528989,0.00040491520414740167,0.004518378371024731,2024-05-28,2024-07-31,739033.0,739097.0,2.593784960882157,1.9717940942638073,0.6396584956089592,0.12254921134332646
2024-08-03,739100.4360578763,0.4669600356677174,9.76919754659831,0.7988840157828807,-0.08000943424897881,-0.0035783676688501058,-0.002249818524949592,0.002782630370398732,2024-06-04,2024-07-31,739040.0,739097.0,4.4580636058014145,1.0687522941822272,0.6396584956089592,0.0995088396705676
2024-08-02,739099.4014017907,0.44269584401485684,12.496217641210636,0.8323926441128632,-0.09924262096189576,-0.0062528369770243845,-0.005283040773764051,-0.0033447646320765184,2024-06-11,2024-07-31,739047.0,739097.0,6.131340436539289,0.5622739765120809,0.6396584956089592,0.06271942312757063
2024-10-19,739177.5526370817,0.23010833327691277,4.249930864880035,2.6880664028285577,-0.7488317896342188,-0.029409104593529037,-0.010472408855911233,-0.027481340683230188,2024-02-09,2024-08-01,738924.0,739098.0,0.7840478849593012,1.378646594740283,0.5619939103403903,0.6052850454475425
2024-08-18,739115.7173587631,0.06591675417953759,4.591086618180776,3.3015746240798287,-2.241661061410373,-0.03452007313976454,-0.025850171123477574,0.022878026629532963,2024-02-16,2024-08-01,738931.0,739098.0,1.712953085142531,0.9323491266032601,0.5619939103403903,0.46023519610487207
2024-09-09,739137.9023900852,0.5499600046057275,8.995762651889025,0.8380011901707366,-0.03957146304831022,-0.00022729660420411107,-0.00018960478172181554,0.00012535458918979796,2024-02-26,2024-08-01,738941.0,739098.0,2.2854145532374113,10.643446429625577,0.5619939103403903,0.6094940055816938
2024-10-06,739164.6937990409,0.13419145126374102,9.001854478462903,2.673477361073481,-1.2215430770757014,0.02126360124336575,0.00907244216520891,0.01923100441983738,2024-03-04,2024-08-01,738948.0,739098.0,1.6882432329430181,0.8563766734556593,0.5619939103403903,0.46809195942223225
2024-08-10,739107.5212202813,0.2492376871109579,5.345642050514789,1.0110521231081941,-0.23828095627084075,0.0064765523475881,0.0022814742293408305,-0.006061402944195557,2024-03-11,2024-08-01,738955.0,739098.0,2.3598920134734946,1.7153758519091014,0.5619939103403903,0.46592468485616095
2024-08-06,739103.2302984264,0.5703342919812496,3.975919220148964,0.6531335701557351,-0.030378069298782194,0.0038295545536787164,0.0034323404928181334,-0.0016983894785832742,2024-03-18,2024-08-01,738962.0,739098.0,2.0856182211517558,1.1378993269487174,0.5619939103403903,0.44532935708221943
2024-08-15,739112.8405410886,0.5020047908018294,6.243816362908144,0.6951883420659694,-0.04035494067585559,0.0010013229992683398,0.0006748739951585282,0.0007397248404119673,2024-03-25,2024-08-01,738969.0,739098.0,2.2571109413272277,3.2402630017329215,0.5619939103403903,0.4337353278739802
2024-09-02,739130.4718567604,0.9506741977148603,7.072357286502025,0.6276235774848239,-0.003925032168841689,-0.0004595511612523713,-0.00025562190168089817,0.0003818962073514794,2024-04-02,2024-08-01,738977.0,739098.0,1.7482192193449528,1.1480924657170433,0.5619939103403903,0.3580151436932273
2024-08-14,739111.0660953786,0.08639319545868075,13.880122501429732,2.416413123813792,-1.4473604651082026,0.014462985632538115,0.014341584772510577,-0.0018699998983680891,2024-04-09,2024-08-01,738984.0,739098.0,5.024987776811856,0.6228808650139971,0.5619939103403903,0.23745578745789658
2024-08-17,739114.6628083882,0.9103048480528226,10.92673119765012,0.6007646954810714,-0.005163751822904531,0.0007207342744547478,0.000719959824478007,-0.000033402777001457536,2024-04-16,2024-08-01,738991.0,739098.0,3.4857024973064625,0.5968796636050279,0.5619939103403903,0.30292299246245347
2024-08-13,739110.5309597496,0.30544168032393154,8.187725701697326,0.9856886020460363,-0.18026169808393785,0.007055446220751361,0.004954665271065127,-0.005023008403896591,2024-04-23,2024-08-01,738998.0,739098.0,2.860375761126462,0.953112109446842,0.5619939103403903,0.23667166083140231
2024-09-09,739137.4222324087,0.1885438512002669,5.980349974706186,2.0570467662958327,-0.7373377642233176,-0.03368905061715737,-0.029714606232008233,-0.015874328583032705,2024-04-30,2024-08-01,739005.0,739098.0,1.1532660719331083,0.6900228603509688,0.5619939103403903,0.0944495826357167
2024-08-13,739110.7511805408,0.9374218944188932,7.39301871206225,0.6157027740440539,-0.005528172114373748,-0.0010773636449308986,-0.00010394896169534077,0.0010723371842761272,2024-05-07,2024-08-01,739012.0,739098.0,2.4085486907335323,0.6506276665265595,0.5619939103403903,0.27747385788778794
2024-08-27,739124.9934830333,0.6315267596874287,8.282152236226331,0.8415121024682309,-0.0326058436852215,0.0030391023246027758,0.003036365872898749,-0.000128938843262276,2024-05-14,2024-08-01,739019.0,739098.0,1.8029358336669596,0.8180854487867397,0.5619939103403903,0.24194410354530074
2024-09-03,739131.2748256468,0.9203590462843674,13.068680133327318,0.7569778197920961,-0.007363513044791083,-0.00038209161037747863,-0.00035195238116989507,-0.00014873977312640963,2024-05-21,2024-08-01,739026.0,739098.0,2.3956249441147133,1.3571977018829133,0.5619939103403903,0.21933189848132853
2024-08-30,739127.0387262653,0.17484124982477692,8.288999448913351,2.4802537443190955,-1.024091995573187,0.028597279340691426,0.014403384447393778,-0.024705199901035237,2024-05-29,2024-08-01,739034.0,739098.0,1.5360983666364962,0.7553635872704927,0.5619939103403903,0.06795506288163117
2024-08-07,739104.74465225,0.6802483906513345,12.749808385168569,0.7356123985075247,-0.029297882269351927,-0.0018931426644588926,-0.0007814283538442589,0.0017243430273013447,2024-06-05,2024-08-01,739041.0,739098.0,4.5578467100011375,0.8256894805271667,0.5619939103403903,0.11404354958827871
2024-08-13,739110.4844675569,0.8412706955468627,5.915930108890738,0.8074385859903325,-0.01846262675169894,0.0027501928800546245,0.002031619848129542,-0.0018536670872055874,2024-06-12,2024-08-01,739048.0,739098.0,1.5163021641608534,0.9546475516610861,0.5619939103403903,0.046699356442553484
2024-09-27,739155.7315007484,0.4741805882378488,10.534469441259974,0.960449840752001,-0.06436797610606075,0.00231515170579551,0.0017045136599577503,0.0015667037383836466,2024-02-12,2024-08-02,738927.0,739099.0,2.3375658821855305,1.2514730537432874,0.5007752879124892,0.6872980505280194
2024-09-21,739149.9193248118,0.2355335483821544,13.058916837752392,1.6046748116290066,-0.41795248693942094,-0.003742099855241162,-0.002093187374270837,-0.0031019152056091224,2024-02-20,2024-08-02,738935.0,739099.0,2.992925284502567,2.014453098146043,0.5007752879124892,0.6036490807015863
2024-09-14,739142.014741286,0.317980199844264,6.793663853457288,1.1808578820538957,-0.19420956840272305,-0.009830600133147918,-0.00269219006934992,0.009454777184489414,2024-02-27,2024-08-02,738942.0,739099.0,1.6617097068822384,0.9246696759835101,0.5007752879124892,0.48266410544078425
2024-08-30,739127.5512679401,0.13290119167718054,10.507227758805733,2.0880238364882104,-0.9687731050629314,0.0020130538164047198,0.0005819807129734243,0.001927092140368113,2024-03-05,2024-08-02,738949.0,739099.0,3.0655758672532767,6.087057678325312,0.5007752879124892,0.5232721810067263
2024-09-16,739144.6870190741,0.9578240581167232,3.7868304589347312,0.8706885321470076,-0.006259618160313419,0.001477645919362607,0.0012458598422254198,0.0007945254662621054,2024-03-12,2024-08-02,738956.0,739099.0,0.8547843811207716,1.0714880766021637,0.5007752879124892,0.4050782435819237
2024-09-09,739137.8430949416,0.6080381843670107,8.682350578008108,0.7218103937578595,-0.022623688871639507,-0.001549557064932634,-0.0007146728497928365,0.0013749072024146303,2024-03-19,2024-08-02,738963.0,739099.0,2.0787814663643704,1.0224671898632232,0.5007752879124892,0.5041401508686849
2024-09-06,739134.099685321,0.16187386293735376,13.017766453522341,1.7435087451863756,-0.6711979011688777,-0.014706354701892748,-0.0031325360954045,-0.014368858208948647,2024-03-26,2024-08-02,738970.0,739099.0,3.1953642614288604,0.5675260597320392,0.5007752879124892,0.35623718283687383
2024-08-04,739101.4757352895,0.6768836028218949,9.36948347174354,0.5779815515267787,-0.014451406656719344,-0.0014540419141762697,-0.0014502800215268029,0.00010452629976042916,2024-04-03,2024-08-02,738978.0,739099.0,5.829855641036643,0.7180117322619977,0.5007752879124892,0.3080687952090901
2024-09-01,739129.6404864701,0.8498860924944722,5.923168582551548,0.7306193702489433,-0.009235655494353881,-0.0020054619675939525,-0.0019606620639019785,0.00042152339750177714,2024-04-10,2024-08-02,738985.0,739099.0,1.4630059233162325,0.6607846159033632,0.5007752879124892,0.16270575553541697
2024-08-17,739114.2735198035,0.05146359243927569,6.774408648244671,4.04807951257483,-2.986666280031741,0.021314705172914665,0.005227748323415795,-0.020663671118058814,2024-04-17,2024-08-02,738992.0,739099.0,2.242766537101343,1.06447649766987,0.5007752879124892,0.23162696464266389
2024-08-24,739121.6930590887,0.35410025318284416,11.727416449845514,1.0025619190796615,-0.1418585813247735,-0.0063075280379611826,-0.003030405831097085,-0.005531866814061888,2024-04-24,2024-08-02,738999.0,739099.0,3.1499151812573225,0.679079018573839,0.5007752879124892,0.25939606899797374
2024-09-08,739136.8267265593,0.30872870465102925,12.094763724379671,1.2504094027103805,-0.2241870168222689,-0.0065681825602192465,-0.0002605004015678383,0.006563014679638557,2024-05-01,2024-08-02,739006.0,739099.0,2.3885786774428683,0.8712541599607686,0.5007752879124892,0.2718611847695448
2024-08-06,739103.3230466987,0.5924314860565983,10.594202803823615,0.6510057053608457,-0.02831670699457857,-0.003643327740680913,-0.0028588992179272438,0.0022584358055411004,2024-05-08,2024-08-02,739013.0,739099.0,5.1248467174251955,0.4346246521172022,0.5007752879124892,0.24161466199833428
2024-08-28,739125.2298942431,0.7328571365497226,7.107908357468334,0.81469351245554,-0.02060097014829774,0.003393053997640563,0.0021433469384905452,0.0026303762719747555,2024-05-15,2024-08-02,739020.0,739099.0,1.5715985757580089,0.6260001009299154,0.5007752879124892,0.16807552164856115
2024-08-20,739117.8938597657,0.1534228050259401,6.969921767196213,2.238585233787118,-1.0137704093439672,0.029816421458639462,0.010281379556804927,-0.027987715573231948,2024-05-22,2024-08-02,739027.0,739099.0,1.742546038570207,0.7484212452374341,0.5007752879124892,0.09272237225504708
2024-08-29,739126.5659928847,0.9589518524639766,10.319018933996615,0.7806814275217101,-0.007543671068727217,0.0008310790660385389,0.00014324852007994535,0.0008186405044354912,2024-05-30,2024-08-02,739035.0,739099.0,1.9715709564267647,0.8435266215579373,0.5007752879124892,0.15264023537284954
2024-08-28,739125.2625084274,0.6588475853104517,2.916196002952329,0.12831150168398303,0.03232532647465839,-0.022114360499538906,-0.022050133701131888,0.001684204282673088,2024-06-06,2024-08-02,739042.0,739099.0,0.5355357255711076,0.33024540454370105,0.5007752879124892,0.07511442262545706
2024-08-25,739122.8927548933,0.7957556289016685,7.756569571060885,0.9036655297619364,-0.02154344886573142,-0.0028138593975593333,-0.0014461114734854563,0.002413828145392023,2024-06-13,2024-08-02,739049.0,739099.0,1.3937952019275401,0.7854578139290049,0.5007752879124892,0.05426587306185483
2024-08-17,739114.1724126232,0.3707031561054533,5.251507565645351,0.8025978777896688,-0.09429800158336918,-0.004891453284830687,-0.0002052394085098327,-0.0048871455905134835,2024-02-13,2024-08-05,738928.0,739102.0,2.279654628660649,1.3608393751894137,0.40823903499088976,0.6229944999016997
2024-09-30,739158.1898429516,0.23385255544371414,11.659131987542604,1.718391163870327,-0.45242535242635834,0.005128923304280823,0.002606620360284905,-0.004417169292493,2024-02-21,2024-08-05,738936.0,739102.0,2.5510834139094034,1.7692802506944045,0.40823903499088976,0.6182217420167103
2024-10-11,739169.6338910945,0.2537562003087455,7.02363638335838,1.8102412658249085,-0.4303108749162445,0.015829502452784718,0.0027072579571054797,-0.015596278474572265,2024-02-28,2024-08-05,738943.0,739102.0,1.3517297679910125,0.9821316349412559,0.40823903499088976,0.47220349818074875
2024-08-21,739118.1519038905,0.0027570994338843584,9.48136855533941,68.74525266763501,-67.60484823836381,0.00567738442277991,0.004160017543446309,-0.0038635408529279084,2024-03-06,2024-08-05,738950.0,739102.0,3.5353458468642174,3.4626686966792786,0.40823903499088976,0.5436891681684789
2024-08-27,739124.7768305092,0.8259496809539792,11.922566629093005,0.6191408964003215,-0.006885058069267515,-0.0004846277649768382,-0.0004028730000604448,-0.0002693648388501037,2024-03-13,2024-08-05,738957.0,739102.0,3.7891711859923443,0.9841995162942041,0.40823903499088976,0.5871209695899154
2024-09-03,739131.2326299652,0.49122170889502226,12.718266852276384,0.7836889751670135,-0.047329449395285,-0.003856070354413887,-0.003187206435291794,0.0021704823696644527,2024-03-20,2024-08-05,738964.0,739102.0,3.530364263082583,0.47406306678285615,0.40823903499088976,0.4448225552298416
2024-09-24,739152.3050900581,0.5407995976440941,2.290482285484215,1.2128634579645454,-0.0630249031473473,0.011809958110271744,0.010433265332495903,0.005533722532627784,2024-03-27,2024-08-05,738971.0,739102.0,0.4673696166421054,1.2600078542114077,0.40823903499088976,0.34337523303285217
2024-08-26,739123.8270785667,0.18605413489703262,14.116669919922048,1.444576597987834,-0.4878612465795245,-0.015026833293823608,-0.013570593138817255,0.006453272092593931,2024-04-04,2024-08-05,738979.0,739102.0,4.25170219558546,0.4278937263178038,0.40823903499088976,0.2864390986387978
2024-08-28,739125.7003988218,0.3914748080226268,2.166363635019139,1.1527087084568273,-0.14451490800852948,0.012833841024255159,0.004653733965353129,-0.011960361015269283,2024-04-11,2024-08-05,738986.0,739102.0,0.61165583421307,2.0348315295954227,0.40823903499088976,0.2993202124658332
2024-09-08,739136.2144315821,0.5188934818017586,4.859379090351062,0.9994444470089608,-0.06443794641149812,0.006876676317199742,0.0010243847452158078,-0.006799949489908358,2024-04-18,2024-08-05,738993.0,739102.0,1.1072649976407247,1.0006001029567169,0.40823903499088976,0.2022211162487601
2024-08-20,739117.1414382556,0.27939761596061025,13.064766846232047,1.0390219285709184,-0.21073541208489294,-0.009813312469448858,-0.009808434610967377,0.00030937373097545984,2024-04-25,2024-08-05,739000.0,739102.0,4.254182729454227,0.45924340207774766,0.40823903499088976,0.2738519394316382
2024-09-07,739135.7587461211,0.2674103529158594,10.692938535956852,1.283531642584162,-0.2801002075806605,-0.002892975776802103,-0.000053319222803728154,0.0028924843829558097,2024-05-02,2024-08-05,739007.0,739102.0,2.2782468082269274,2.4213065680940535,0.40823903499088976,0.31307515246251044
2024-09-04,739132.4874787802,0.9905548185187583,6.122878923991159,0.714009180017102,-0.004737667785483408,-0.001246840779203541,-0.0009307879440478606,-0.0008296057689650248,2024-05-09,2024-08-05,739014.0,739102.0,1.322856798496715,0.6147187347586145,0.40823903499088976,0.14152638705602213
2024-08-17,739114.6832430634,0.7733633881906679,11.077133990997499,0.6600969904652809,-0.012420969074152851,0.0011723859276266126,0.001151291255948627,-0.00022139830006832973,2024-05-16,2024-08-05,739021.0,739102.0,3.5253224594176853,0.7396752425937412,0.40823903499088976,0.2690267801637681
2024-08-30,739127.0525009877,0.786072211380793,4.758252242561036,0.7270177388058958,-0.012209689847413668,-0.0029866655116452087,-0.0017217008588175224,-0.0024404747552879834,2024-05-23,2024-08-05,739028.0,739102.0,1.0410415344981616,0.6753564124706325,0.40823903499088976,0.12817760548112556
2024-08-29,739126.3099175914,0.6773818909815573,11.899261262793734,0.8514841151043461,-0.028639162643918768,-0.0011655997348699783,-0.0008759183941383661,0.0007690186660537111,2024-05-31,2024-08-05,739036.0,739102.0,2.4853872806171395,1.3986996232156592,0.40823903499088976,0.19922752173096903
2024-08-09,739106.5355351092,0.2201870866820657,5.385430007209939,1.1759973427038741,-0.3553595004207086,-0.013565881962386455,-0.010030909065033013,-0.009133127435136373,2024-06-07,2024-08-05,739043.0,739102.0,2.2624964047624982,1.071004649374676,0.40823903499088976,0.19430423057858986
2024-08-30,739127.7461396643,0.7163040034336353,6.674112279468917,0.758628995979223,-0.01765924916103481,0.005882271171017792,0.003077018471083994,-0.005013289484758979,2024-06-14,2024-08-05,739050.0,739102.0,1.1739252612597986,0.32220410011988465,0.40823903499088976,0.0723939715952055
2024-10-28,739186.0276230205,0.3268132156884603,12.366195287249262,1.425247140322257,-0.2120311448003581,0.006429203260426607,0.006340977023101598,0.0010614447495643424,2024-02-14,2024-08-06,738929.0,739103.0,2.2240195296952496,0.8715775025276431,0.4906229164484712,0.6379762782099957
2024-08-06,739103.8796384092,0.6772424107683838,10.848969472373973,0.5848798335431422,-0.014757911408305402,-0.0015339023064043136,-0.0014316033283402045,0.0005507887034768612,2024-02-22,2024-08-06,738937.0,739103.0,9.05726203506494,0.6005965848148789,0.4906229164484712,0.5781189545391864
2024-10-10,739168.4199301316,0.33532627892195493,7.475046822579755,1.3752254149050223,-0.20462971559204093,0.009770024062201775,0.00686404314992089,0.0069525737545189535,2024-02-29,2024-08-06,738944.0,739103.0,1.4665221854092458,0.9395648035980705,0.4906229164484712,0.48231079447726855
2024-10-09,739167.739112566,0.09948293021430257,9.079135399925525,3.4462623116168127,-1.9204795562367376,-0.026909780962478463,-0.0074156186086926255,0.025867835473788296,2024-03-07,2024-08-06,738951.0,739103.0,1.7460222227159945,0.7819943251209482,0.4906229164484712,0.48115366850874103
2024-09-23,739151.8174336089,0.8480506041500533,2.190027546555816,1.1983568280969326,-0.016248482365344707,0.0047470680513471775,0.003651415554041518,-0.0030334501043901754,2024-03-14,2024-08-06,738958.0,739103.0,0.4805960174851023,1.3254383620975427,0.4906229164484712,0.5107879782453862
2024-10-04,739162.104618944,0.8120982674649222,11.50888746990249,0.6653484946858085,-0.0061621617443372075,0.0009217442390381523,0.0004175893210257646,-0.0008217247721501788,2024-03-21,2024-08-06,738965.0,739103.0,2.206141900976697,0.47173478521844237,0.4906229164484712,0.46202889157032273
2024-09-14,739142.8735668063,0.5738485083860442,6.307516688564515,0.8720049043053034,-0.03829312024901618,0.004236394459236132,0.004009622780046382,-0.0013674659688561622,2024-03-28,2024-08-06,738972.0,739103.0,1.4608455324140264,0.822362338849337,0.4906229164484712,0.3171227904793848
2024-08-13,739110.6671525649,0.558658968398588,5.440886883716777,0.6808783569913609,-0.03295826422335413,0.0034743954814587356,0.002755058265163292,-0.0021168556675258505,2024-04-05,2024-08-06,738980.0,739103.0,2.455564419381421,0.9740071784650096,0.4906229164484712,0.31771552223988125
2024-08-31,739128.6462088651,0.5837169833074801,2.760577197693121,0.9019018980853092,-0.0424194028793622,0.004723181170830626,0.0006362443379283428,0.004680131783929068,2024-04-12,2024-08-06,738987.0,739103.0,0.7508375872694915,1.8990324212555074,0.4906229164484712,0.30438553571048105
2024-09-17,739145.0126031372,0.6915217314671899,2.8010232073402985,0.9254049017738855,-0.022573801555250735,-0.004043237062141302,-0.003308640050615625,0.0023239335094049625,2024-04-19,2024-08-06,738994.0,739103.0,0.5703494532405708,1.3783662252470967,0.4906229164484712,0.27904446789627574
2024-09-07,739135.3124738911,0.01466296411734547,7.871679047392057,18.530367240654872,-17.040398358464476,0.06475210271236727,0.0406275967605168,-0.05042056313784888,2024-04-26,2024-08-06,739001.0,739103.0,1.7849074426748643,0.4902078490574941,0.4906229164484712,0.1751804696602599
2024-08-19,739116.054420719,0.0002136845996403292,6.25834397573617,797.2170031644393,-796.1578337195634,-0.03367263118151149,-0.024476631232454547,0.02312445921954782,2024-05-03,2024-08-06,739008.0,739103.0,2.1051521573143264,0.8073017857279372,0.4906229164484712,0.2719333292263426
2024-08-18,739115.1586772517,0.7008597045286108,4.660342253219817,0.7289613385211506,-0.02138146149185034,-0.0050856863135792345,-0.0037853643404135258,0.003396354235125191,2024-05-10,2024-08-06,739015.0,739103.0,1.5640669486693142,0.6322678470466848,0.4906229164484712,0.14539474324063756
2024-09-01,739129.1800245078,0.6513689606253715,9.474547501364631,0.8060198281435625,-0.02707633576367214,0.00142387591493317,0.00045349106629279475,-0.0013497290372216917,2024-05-17,2024-08-06,739022.0,739103.0,2.125434644616687,1.3073333166013918,0.4906229164484712,0.2717362859125453
2024-08-12,739109.7436510206,0.658083456233374,9.181906875297102,0.6956997290191064,-0.025333806143743032,0.0011073646433659447,0.0006589912608703715,0.0008899364985623772,2024-05-24,2024-08-06,739029.0,739103.0,3.6280510295616177,1.639675393618136,0.4906229164484712,0.2197422647795269
2024-08-24,739121.7326135127,0.03988481673648981,2.974997456731436,-4.809385284558696,4.5344970358433985,-0.22109970325830577,-0.2174989882584391,-0.039740016198615745,2024-06-03,2024-08-06,739039.0,739103.0,0.7032907406546068,0.2749552172076691,0.4906229164484712,0.0758624055044197
2024-08-28,739125.5837995113,0.3466920030926424,7.940915237969797,1.3629531310801766,-0.2424835123140829,-0.015680705051565914,-0.015453386564016292,-0.0026603297948347665,2024-06-10,2024-08-06,739046.0,739103.0,1.591899576405819,0.6751338634502425,0.4906229164484712,0.12323963744399632
2024-08-09,739106.4525884193,0.9006396082567938,14.61890235112334,0.6463058043224764,-0.009796657861186504,-0.0011356498960741032,-0.00015542080937218586,0.0011249644698688112,2024-06-17,2024-08-06,739053.0,739103.0,6.374311536079057,0.531458983743788,0.4906229164484712,0.16963549045907617
2024-09-21,739149.0373143083,0.34590317617952865,11.38998144909382,1.1393290937342737,-0.15808765228288313,-0.002514532545393648,-0.0023376725865998757,0.0009263696884631463,2024-02-15,2024-08-07,738930.0,739104.0,2.8673532273039113,1.9092914246706358,0.4192584302405003,0.6870411593916053
2024-09-17,739145.4497747215,0.8092759058063852,3.519934764516547,0.835199827360427,-0.011565373158104396,0.0018340596069416886,0.0014442285924474206,-0.0011304770738818385,2024-02-23,2024-08-07,738938.0,739104.0,0.902174081018359,1.4498003477628443,0.4192584302405003,0.571214160961134
2024-09-30,739158.9187372731,0.25337803564738565,9.325326362654849,1.4277343737586992,-0.324114542271569,-0.011036672402393137,-0.004492663275163676,0.010080878652862649,2024-03-01,2024-08-07,738945.0,739104.0,2.0180901524088153,0.7979309127599076,0.4192584302405003,0.5343225711983592
2024-10-06,739164.9373697011,0.37353002259321905,9.419518191546356,1.121167158453759,-0.12838941947423946,-0.0057125521386349855,-0.005711074418505315,0.00012992660588705587,2024-03-08,2024-08-07,738952.0,739104.0,1.8756798477298038,0.8912424896671619,0.4192584302405003,0.5394198794536614
2024-08-08,739105.130782452,0.30281855495132254,14.69320106180879,0.7727011980561675,-0.12667131760713693,-0.010466534322797734,-0.006769578322410182,0.007982552854009624,2024-03-15,2024-08-07,738959.0,739104.0,11.368811778109217,0.24942584213210592,0.4192584302405003,0.5262273997793732
2024-09-26,739154.8891892654,0.7421506847698575,12.693875158810844,0.7101721010503976,-0.01054158975846525,-0.0009554442284932693,-0.0007164648888224866,-0.000632101049552744,2024-03-22,2024-08-07,738966.0,739104.0,2.649634512093474,0.6450578122806654,0.4192584302405003,0.4832485585190105
2024-08-20,739117.242961855,0.19491439083578027,6.994659140231183,1.2066856157047625,-0.37573683467065844,0.0055562366610844805,0.004533020144122071,-0.0032130194843733428,2024-04-01,2024-08-07,738976.0,739104.0,2.635043289084201,1.88443163385906,0.4192584302405003,0.3802279891925294
2024-09-05,739133.2586921441,0.3660177840046102,9.37041282558241,0.9761790564264289,-0.12181641845163294,0.0030188256071605225,0.0014623593234397224,-0.0026409871744476564,2024-04-08,2024-08-07,738983.0,739104.0,2.4401155594929356,1.5761997851024359,0.4192584302405003,0.3673417792181764
2024-09-18,739146.2959491562,0.6204060691900396,9.258741095962113,0.841341121696525,-0.0284107759467918,0.003407424238348088,0.0030733221703818096,0.0014714723161248018,2024-04-15,2024-08-07,738990.0,739104.0,1.926050175888291,0.5587029757764057,0.4192584302405003,0.25613009358818434
2024-09-14,739142.4902153941,0.1439601569590703,5.832912411774044,2.213746574310954,-0.9722944353453309,-0.028816106700178194,-0.023120691802596977,-0.017198884147681778,2024-04-22,2024-08-07,738997.0,739104.0,1.2344139308584665,0.8327590346636458,0.4192584302405003,0.23204891660832988
2024-09-01,739129.0582526826,0.5129321443726217,11.81816316184099,0.8097752834657999,-0.04789459389954498,0.0032882143657018436,0.001517319034009386,-0.00291720699708485,2024-04-29,2024-08-07,739004.0,739104.0,3.023721185776167,0.6321735302104274,0.4192584302405003,0.3249413066074717
2024-08-23,739120.3398340228,0.9828712375747573,2.7130147018714257,0.5194653456670286,-0.0007792745743778422,-0.0025735111014347166,-0.001087685397369062,0.0023323592916953922,2024-05-06,2024-08-07,739011.0,739104.0,0.820769543675032,0.10970058399921129,0.4192584302405003,0.20403382842675044
2024-09-13,739141.3970376998,0.22976983224062703,14.240555603158526,1.5499559209849365,-0.4244464639050903,0.012516547160731695,0.007787210752781375,-0.009799147999626641,2024-05-13,2024-08-07,739018.0,739104.0,2.705729139693369,0.5471475425909688,0.4192584302405003,0.2963768598780067
2024-09-11,739139.2917342024,0.3239910685196766,5.243341804716522,0.7736305504097847,-0.08678537965278262,0.027938120085133085,0.0067709594729558715,0.027105214658934278,2024-05-20,2024-08-07,739025.0,739104.0,0.9806299437591448,0.19194387427260187,0.4192584302405003,0.14626874371134455
2024-08-21,739118.7236201769,0.8970569021329933,5.188724225239069,0.6924567979489715,-0.008529198838481189,-0.0020430367252344353,-0.00008329763974165806,-0.002041337934755079,2024-05-28,2024-08-07,739033.0,739104.0,1.4548111016075929,0.7217577711908434,0.4192584302405003,0.14553745369060414
2024-09-07,739135.5400741352,0.6030495882089836,10.796041813235497,1.0057712996708035,-0.04904828916129709,-0.004660640034715709,-0.0032299241412869777,-0.003359933864635795,2024-06-04,2024-08-07,739040.0,739104.0,1.9043065911554202,0.5878503341318957,0.4192584302405003,0.18740608481456766
2024-08-23,739120.876588454,0.12164616466009862,14.643062174510089,2.2080633673084513,-1.1262383886502025,-0.007890993810267736,-0.007856335912191936,0.0007387620377950088,2024-06-11,2024-08-07,739047.0,739104.0,3.440933326565352,1.1856735674981707,0.4192584302405003,0.24965866281607613
2024-08-23,739120.1477068631,0.6275804846976912,3.785691297080064,0.2597492290400025,0.026034979343878734,0.0213230811521352,0.019145149116693634,-0.009388133739999046,2024-06-18,2024-08-07,739054.0,739104.0,0.8496087774204325,0.20240978858706143,0.4192584302405003,0.04898581225763461
2024-09-20,739148.6583935504,0.9003348162904097,13.154551850829804,0.639391855819453,-0.004232866631173968,0.00005058999275718594,7.743130743608685e-6,-0.000049993912564026285,2024-02-16,2024-08-08,738931.0,739105.0,3.3634530789978085,5.726614590042283,0.47519844612283957,0.720322111190329
2024-10-16,739174.1913850902,0.22383611233329087,11.969087559676305,1.8713838950411557,-0.5122748004375827,-0.0076254670721831305,-0.0075283456786778575,-0.0012131609173071751,2024-02-26,2024-08-08,738941.0,739105.0,2.3144693322167655,1.2563355612916638,0.47519844612283957,0.6284282171084722
2024-10-18,739176.1219110682,0.4639404092981879,14.16816444639544,1.1127651348679442,-0.07900450499029583,0.002730280182424156,0.002516108279823059,0.0010600136785645408,2024-03-04,2024-08-08,738948.0,739105.0,2.628090433671813,0.9475306167431033,0.47519844612283957,0.5799043657697389
2024-09-30,739158.8882945095,0.729359216579777,13.289304645974099,0.7674136488833703,-0.01292273717303783,0.000684535664733395,0.0006584435575321313,0.00018719283596447208,2024-03-11,2024-08-08,738955.0,739105.0,2.814421627771503,1.0360903993644215,0.47519844612283957,0.5984191920137598
2024-10-15,739173.0748089498,0.7372378722916001,8.126329885698219,0.8227787334256638,-0.013177473296848171,-0.0013502796187529816,-0.0003973358756139376,-0.0012904957383772341,2024-03-18,2024-08-08,738962.0,739105.0,1.4635568100961895,0.8853635148286715,0.47519844612283957,0.5006207283701671
2024-09-22,739150.3962550351,0.14355597887075924,3.100174410260319,0.9612545191742489,-0.2909789580380225,0.053186087960991404,0.04616596506741882,-0.026409536572764396,2024-03-25,2024-08-08,738969.0,739105.0,0.6834956567838957,0.25333704156506975,0.47519844612283957,0.4048199653606974
2024-09-01,739129.458529502,0.23649546600556232,9.972738049442214,1.241035708884393,-0.3148325477207779,-0.0037110868536423397,-0.0036797010913847375,-0.00048162798230477934,2024-04-02,2024-08-08,738977.0,739105.0,2.904458201916733,2.01180976828609,0.47519844612283957,0.38051313889467236
2024-08-30,739127.7161865309,0.2429707877500003,5.90856331147482,1.3587646040312462,-0.35563409412298547,-0.026856901560721142,-0.0225475858797619,0.014591077151363005,2024-04-09,2024-08-08,738984.0,739105.0,1.7347725145744182,0.5445272903959711,0.47519844612283957,0.19707665890313467
2024-10-02,739160.9356892703,0.9793157628965439,11.654846628430343,0.6988728474401488,-0.0032794195317246435,0.0003811240017179933,0.0003070461987202951,0.00022578338410289184,2024-04-16,2024-08-08,738991.0,739105.0,2.061226627236384,0.7230142570474715,0.47519844612283957,0.3333453672382486
2024-08-21,739118.9536346454,0.33757819868569233,7.377126827978952,0.8895326167364641,-0.128548823574298,-0.004068972642071896,-0.0019797343946107103,0.003554882570314372,2024-04-23,2024-08-08,738998.0,739105.0,2.5356787268564105,1.4456743586199639,0.47519844612283957,0.34791937079855395
2024-08-29,739126.6595865801,0.903663471109835,9.231997378991174,0.6234298006479241,-0.005153491716107164,0.0005582779675157661,0.00042642788252705724,-0.00036032422901745726,2024-04-30,2024-08-08,739005.0,739105.0,2.5357177617876325,0.9035707176781813,0.47519844612283957,0.3569990456099343
2024-08-29,739126.4273037158,0.5153135483937356,8.778189885180282,0.7707675783757679,-0.044088055565028,-0.0012759987456381345,-0.0012758950999810497,-0.000016263231980147887,2024-05-07,2024-08-08,739012.0,739105.0,2.3405120563643056,2.028323805315913,0.47519844612283957,0.35076614032347303
2024-09-15,739143.4961849394,0.7931407898376086,4.197467745010501,0.36327816212876046,0.0034510560519773513,-0.005597558640667561,-0.005298769956255681,-0.001804355753834107,2024-05-14,2024-08-08,739019.0,739105.0,0.7840982735237919,0.11649741240159929,0.47519844612283957,0.1693685253130634
2024-09-04,739132.0297004787,0.24303749372968203,12.931631052316682,1.4252239409766414,-0.3740590437445279,-0.00676407110338672,-0.0065642573884569545,0.001631926110385985,2024-05-21,2024-08-08,739026.0,739105.0,2.8130211379028585,1.0393264207043387,0.47519844612283957,0.2820846999099308
2024-08-27,739124.7835778854,0.8505721845142182,5.747134351993545,0.7051383532440062,-0.009547921949823759,0.0024800136934748727,0.00025468418338410204,0.0024669016775211872,2024-05-29,2024-08-08,739034.0,739105.0,1.393637801920653,0.5697897177118697,0.47519844612283957,0.1430813356375197
2024-08-11,739108.6239607161,0.5744721364998412,12.84849927743945,0.6719609686411329,-0.03337761118383251,0.0012694186289331875,0.0007398807406626738,-0.0010315038269822687,2024-06-05,2024-08-08,739041.0,739105.0,5.9841911226219695,1.1756199531226428,0.47519844612283957,0.27027268927849535
2024-08-15,739112.3732755489,0.8789563729689511,8.059467915367797,0.66373398961753,-0.010202070180857368,-0.0013962614054479476,-0.00023803859663038598,0.001375821041726617,2024-06-12,2024-08-08,739048.0,739105.0,2.7794102126899083,0.7968609076019829,0.47519844612283957,0.21347190168734595
2024-08-30,739127.2106633815,0.6834686851027344,13.871045934735239,0.8296298782471131,-0.027405115948147298,-0.002653928174866107,-0.002652936291424137,0.00007255198820772713,2024-06-20,2024-08-08,739056.0,739105.0,2.5720617229572214,0.5088056085709719,0.47519844612283957,0.21056708642232566
2024-10-12,739170.4099563117,0.299934156434242,2.578667258650353,1.9646421291135117,-0.37825922666510287,-0.01932270634349105,-0.0008231114526062065,0.019305166872456102,2024-02-20,2024-08-09,738935.0,739106.0,0.531913036497835,2.2769431973878733,0.4542552722775965,0.6701776366068093
2024-08-13,739110.5516330133,0.47465389843044814,4.231043512785282,0.6847551664678316,-0.04823359312138647,0.005530295870542157,0.0045962112947999356,0.003075551031813508,2024-02-27,2024-08-09,738942.0,739106.0,2.432125791351789,0.9784323634055515,0.4542552722775965,0.5786678561961304
2024-10-11,739169.6772875154,0.14522010235740226,5.1108321063355895,2.811771303455577,-1.2240410718167183,-0.01436441576548157,-0.002372234446943469,0.014167178406879406,2024-03-05,2024-08-09,738949.0,739106.0,1.0109709058143193,2.4212695911567828,0.4542552722775965,0.590911629387006
2024-09-03,739131.9082935038,0.6806625011576358,9.148055336054847,0.677654749120261,-0.015427102416242242,-0.0004436146131239259,-0.00041396716355162326,0.00015945253989232684,2024-03-12,2024-08-09,738956.0,739106.0,2.7887419058946064,2.587507165568493,0.4542552722775965,0.6170416442105509
2024-09-14,739142.7972871022,0.4862975195541904,12.17978928003388,0.8202915280524179,-0.049981331471322735,0.0011426164888066084,0.0009690162487414655,0.0006054584627930811,2024-03-19,2024-08-09,738963.0,739106.0,3.0752060881710386,1.7465041179650307,0.4542552722775965,0.5508675925998449
2024-09-08,739136.7821950894,0.9320390500193327,5.538482953234089,0.648590248923548,-0.004458291021721107,-0.0008201983701203134,-0.0005732659659847891,0.0005865931286603562,2024-03-26,2024-08-09,738970.0,739106.0,1.4894776844562672,0.914729736482279,0.4542552722775965,0.4120899244517657
2024-09-07,739135.467179148,0.38009734016186825,9.635257892179816,0.9341565753798574,-0.10566674679581695,0.0031453887300828282,0.003133809687004525,0.0002696425577846877,2024-04-03,2024-08-09,738978.0,739106.0,2.5700521479489384,1.3252429352742168,0.4542552722775965,0.38840490743131156
2024-09-13,739141.5209507548,0.30169007290699384,9.266261143557774,1.1594607130831358,-0.20500997360389747,0.011218528287191004,0.010099834816289897,-0.004883514473630968,2024-04-10,2024-08-09,738985.0,739106.0,2.1871848716366515,0.5949707109703616,0.4542552722775965,0.30381269022867613
2024-09-11,739139.4038858529,0.1401349444971163,14.666859391845582,1.9934244033728126,-0.8729924691035968,0.012337416557310984,0.010117574188025258,0.007060208202200294,2024-04-17,2024-08-09,738992.0,739106.0,3.465282643090193,0.6760761043207154,0.4542552722775965,0.35469057636914186
2024-08-20,739117.8783295756,0.03573025760965121,3.7759287334900025,4.452429523606085,-3.5230353131658245,0.058806116070708056,0.05843799516925152,-0.006569627685046103,2024-04-24,2024-08-09,738999.0,739106.0,1.3842369040871774,0.5669005235959084,0.4542552722775965,0.23687874978688733
2024-09-18,739146.866629429,0.03307200153328683,6.018705243383535,6.382864282169728,-5.172397243225112,0.06507547468705477,0.03784158958281634,-0.05294177465472037,2024-05-01,2024-08-09,739006.0,739106.0,1.1854092694493459,0.43674901210632927,0.4542552722775965,0.19939467208675613
2024-09-01,739129.229519347,0.354467843440695,7.445173528072175,1.0550339878111972,-0.15261342966075103,-0.01539841414076733,-0.013877155552877843,0.006673508208717127,2024-05-08,2024-08-09,739013.0,739106.0,1.9079166732173796,0.47186609709814503,0.4542552722775965,0.24734364229882772
2024-09-03,739131.2664082987,0.08397266769807345,5.002385851375244,1.9978466608563068,-1.1152695691471612,0.07247836075133099,0.06776504806449136,-0.025710134928025014,2024-05-15,2024-08-09,739020.0,739106.0,1.1802604344371572,0.2583046670472339,0.4542552722775965,0.13261059447489287
2024-08-22,739119.5863693149,0.4065378255670292,3.5634671836981955,0.6192010711847048,-0.035221435201541425,0.02502021425448995,0.016473825231450693,-0.018831468439402185,2024-05-22,2024-08-09,739027.0,739106.0,1.0883906944112132,0.16059951171046816,0.4542552722775965,0.12646196560830028
2024-08-30,739127.3235056173,0.10296750094130805,5.800726284616163,2.2129803341289827,-1.1845046523744243,-0.06357788068543771,-0.03628955287302651,0.05220359436597798,2024-05-30,2024-08-09,739035.0,739106.0,1.3529601237475635,0.3307109105772258,0.4542552722775965,0.1087767722717075
2024-09-09,739137.3842280238,0.42280831797010265,5.739702322785721,0.6041447620840997,-0.025958523659839666,-0.023346109026566232,-0.023075014304706855,0.0035474669156866645,2024-06-06,2024-08-09,739042.0,739106.0,1.015455913253719,0.08190673858282244,0.4542552722775965,0.09713553759698257
2024-09-02,739130.2048418928,0.7051358405562304,7.548265301267241,0.7652206542498844,-0.01911857676814304,-0.00581239941589101,-0.0054917181719007545,0.0019039481322413142,2024-06-13,2024-08-09,739049.0,739106.0,1.4541331059015208,0.3072739492502484,0.4542552722775965,0.11595796299908089
2024-08-13,739110.259653497,0.47633729550474324,12.366662668182512,0.6994104416068109,-0.05142129643527032,0.0007696277286924518,0.0007280795285946003,-0.0002494534842686442,2024-06-21,2024-08-09,739057.0,739106.0,4.971695126201944,2.573501273987706,0.4542552722775965,0.2878031658743149
2024-08-12,739109.371975522,0.31033046491576016,3.1448018854969466,0.8264546325483996,-0.14133245380281104,-0.01341845715119943,-0.004626479765506769,0.012595661050454296,2024-02-21,2024-08-12,738936.0,739109.0,3.0753216590113492,1.039370619883084,0.42472292471257905,0.7245934320147015
2024-10-25,739183.1638857495,0.26179078242491155,12.708676600684202,1.6486828289511755,-0.35712961203908156,0.008537288781750904,0.001125220454748174,0.008462811511030247,2024-02-28,2024-08-12,738943.0,739109.0,2.3767016873640823,0.8617075789808117,0.42472292471257905,0.6041482329582862
2024-10-07,739165.8267146916,0.9828339408521072,2.5846567566252414,0.8389555987616224,-0.004270713505722397,-0.0008218158011593716,-0.00007359787015092555,0.0008185136312514693,2024-03-06,2024-08-12,738950.0,739109.0,0.5489484887642834,1.9760740738139628,0.42472292471257905,0.6188299761691212
2024-08-24,739121.1256477848,0.1948353845916862,12.729327939370968,1.221439739261233,-0.3806329856058192,-0.008994331644752716,-0.0020731503144100966,0.008752145423246883,2024-03-13,2024-08-12,738957.0,739109.0,5.278188745219042,0.6477387552318149,0.42472292471257905,0.6197731849721999
2024-10-21,739179.4157484482,0.16683052388787292,5.632903326773837,1.8928417454512538,-0.6770217414733736,0.020802050184933914,0.020401426578464717,-0.0040628912685453985,2024-03-20,2024-08-12,738964.0,739109.0,1.0024290372370894,0.9639171150640352,0.42472292471257905,0.46586796902782013
2024-08-13,739110.5666455149,0.019789569672131527,8.293983409146481,5.331280233315929,-4.599773515487793,0.01674908265625787,0.004805907193210348,-0.016044781889337327,2024-03-27,2024-08-12,738971.0,739109.0,5.926407041325527,0.6552674734599098,0.42472292471257905,0.5872511606330043
2024-10-05,739163.7036640629,0.08886942381106457,11.981448060188693,3.4652173527787204,-2.0377440943701006,-0.03157203922741321,-0.004365669992947545,0.031268747760183756,2024-04-04,2024-08-12,738979.0,739109.0,2.3203660682634357,0.4787293614117457,0.42472292471257905,0.31397815038500426
2024-08-24,739121.7697636681,0.8086905416887908,3.9539964358324173,0.6700878699977052,-0.010418807178467784,0.0019681965983760967,0.0019675290002071576,0.00005125898168185207,2024-04-11,2024-08-12,738986.0,739109.0,1.4875853752589159,1.0826687808238091,0.42472292471257905,0.3074559072689085
2024-09-27,739155.6607399791,0.2241826392132012,14.454048413946037,1.6347442426087735,-0.45056470655268027,-0.009190957542390079,-0.008935395170166907,0.002152304276577772,2024-04-18,2024-08-12,738993.0,739109.0,2.8726972103064186,0.7603418277242292,0.42472292471257905,0.36597566492053657
2024-08-20,739117.7916036103,0.0702745350311458,12.012205370053081,2.298220927286785,-1.449489799849323,-0.021333841469834296,-0.0016892068402382034,-0.02126686088991307,2024-04-25,2024-08-12,739000.0,739109.0,4.961354982985903,0.3974855381102542,0.42472292471257905,0.3863333819198328
2024-08-20,739117.6084211597,0.573688994390048,6.528419784926023,0.6692661147198395,-0.02840842976134827,-0.003238676293429462,-0.0011749856147459242,-0.0030180180481173624,2024-05-02,2024-08-12,739007.0,739109.0,2.6529095656459547,0.7708114073313996,0.42472292471257905,0.35700452464161037
2024-08-21,739118.5296510186,0.3534563864550964,5.825911060164286,0.8642840686643433,-0.11827774345495395,0.01315416484762721,0.006655401324381668,0.011346263087464972,2024-05-09,2024-08-12,739014.0,739109.0,2.220756104929799,0.5455213259573146,0.42472292471257905,0.30997290486235896
2024-09-04,739132.5035427113,0.4971440848510452,14.134617299013277,0.8152812157760707,-0.05186296485638292,-0.001155188594390964,-0.0008298540432981014,-0.0008036186629445363,2024-05-16,2024-08-12,739021.0,739109.0,3.502404926616437,1.5790746820633088,0.42472292471257905,0.3501909915730831
2024-08-21,739118.077153498,0.0533828823850091,3.474874601751284,1.7688104654548877,-1.084562759115123,0.0975258408123492,0.02801686238153508,-0.09341490806316625,2024-05-23,2024-08-12,739028.0,739109.0,1.2691827278048957,0.17084326689850698,0.42472292471257905,0.1085562598620685
2024-09-02,739130.037453021,0.9326804720648476,13.643882223990719,0.6727820488353398,-0.0058659431427324936,-0.00031779521276538566,-0.00017638826849884236,-0.00026435010117754264,2024-05-31,2024-08-12,739036.0,739109.0,3.2515667783014384,1.2617851747286246,0.42472292471257905,0.29088965024621066
2024-08-29,739126.1601145996,0.5800349040355016,3.194202304996149,0.15584484068684853,0.03643098388113323,-0.0245466783485195,-0.009600854647246816,-0.02259121528355912,2024-06-07,2024-08-12,739043.0,739109.0,0.802304271914936,0.2695068934645596,0.42472292471257905,0.10266393549197401
2024-08-17,739114.6934743276,0.8059029206165633,13.434681241697175,0.6312888351222199,-0.010901207110719983,-0.0003426750287541447,-0.00022268359274481747,-0.00026045766038631726,2024-06-14,2024-08-12,739050.0,739109.0,5.196542391001138,1.90830371613298,0.42472292471257905,0.28385144640680693
2024-08-24,739121.3871770615,0.19790388970801592,12.409463716435909,1.1266945223445357,-0.32793809249397254,-0.01956275771564171,-0.010754967942518151,0.01634111850505669,2024-06-24,2024-08-12,739060.0,739109.0,3.1611088050101706,0.26733948465670576,0.42472292471257905,0.2924895659600253
2024-09-06,739134.0522947464,0.7907520997230417,4.494344570518882,0.6831130826489927,-0.009813859107046867,-0.0015113121561052027,-0.0013388472615615374,-0.0007011080112226139,2024-02-22,2024-08-13,738937.0,739110.0,1.5044406866739517,1.1425090037270702,0.46478168526458397,0.5774087743743351
2024-09-07,739135.1988302266,0.998222155493329,5.396792395890817,0.6077350626393265,-0.002868899811776716,-0.0005303172153945709,-0.00009581774047716756,0.0005215892153349244,2024-02-29,2024-08-13,738944.0,739110.0,1.7406279251902188,1.0006245391729842,0.46478168526458397,0.5645044773700777
2024-10-21,739179.0116591243,0.4359493211893729,11.28375356302924,1.0399302218911248,-0.08097684681477266,0.004225659200480151,0.003738574092123155,0.0019695835692623144,2024-03-07,2024-08-13,738951.0,739110.0,2.1462767019156157,0.7403699894500707,0.46478168526458397,0.572050198862035
2024-09-07,739135.4280764762,0.40864296677891143,6.324759394419108,0.8971659162153397,-0.08848904115431887,0.00795835348787439,0.0053733641286448025,-0.005870464051414995,2024-03-14,2024-08-13,738958.0,739110.0,1.9555657674012432,0.7183999338028959,0.46478168526458397,0.5218825435652188
2024-09-07,739135.6655773543,0.5349781636347809,3.263244030240722,0.6272986391473012,-0.02182361514713874,0.006957183166826646,0.0059795396575278,-0.003556332816375367,2024-03-21,2024-08-13,738965.0,739110.0,0.9839589072771308,0.5142564652441427,0.46478168526458397,0.425641725836816
2024-10-11,739169.4030494408,0.5934665452829041,9.568032815221194,0.8756796333082875,-0.030163152539575803,-0.0026520363907904278,-0.0011077891625009377,-0.0024095850658406295,2024-03-28,2024-08-13,738972.0,739110.0,1.8287332461847723,0.7054574711773188,0.46478168526458397,0.39486021612559236
2024-09-10,739138.3654547126,0.25405959330809386,5.838215901253195,1.3583275257203677,-0.327440598217063,-0.01919762083206027,-0.01878099283398805,-0.003977807660162062,2024-04-05,2024-08-13,738980.0,739110.0,1.5979434110677684,0.742233517889796,0.46478168526458397,0.3019504968731128
2024-10-12,739170.3665208378,0.5989422149818092,3.3124802572509866,0.6573182878537587,-0.014890480519169398,0.004304431928074329,0.0019894231920222277,0.003817110109293388,2024-04-12,2024-08-13,738987.0,739110.0,0.5857441323068958,0.6254959391248333,0.46478168526458397,0.4039604943819559
2024-09-19,739147.2003394064,0.10990679585934252,10.23926410859881,2.4361080126505144,-1.2569789936015605,-0.02527459452104733,-0.011670429458536857,-0.022418880535313778,2024-04-19,2024-08-13,738994.0,739110.0,2.306624176691426,0.5338258800386123,0.46478168526458397,0.3300120940803698
2024-09-17,739145.456453114,0.9640665170197931,14.784533787818885,0.6422169165905027,-0.0034370310951630408,-0.00042053582530204495,-0.0003411432652618295,0.00024590984715738633,2024-04-26,2024-08-13,739001.0,739110.0,3.305239601416827,0.532941853079835,0.46478168526458397,0.3687444364401776
2024-08-21,739118.2058002016,0.9827775475939613,13.140749709884885,0.5595888443918643,-0.0031150897512998254,-0.0005749244222761869,-0.00047784074900733396,-0.0003196972159993223,2024-05-03,2024-08-13,739008.0,739110.0,5.432468492596065,0.4052237480391294,0.46478168526458397,0.36771939410032756
2024-09-03,739131.9299518226,0.9100873268007379,2.3893622998353226,0.09896794381517887,0.011527219933333957,0.008526758922894185,0.0009152735610144431,0.008477493263793469,2024-05-10,2024-08-13,739015.0,739110.0,0.6364809097931726,0.5149222458641932,0.46478168526458397,0.19301341892273802
2024-09-09,739137.0533828168,0.8198070501040262,8.236032811412905,0.7495723557919896,-0.011075705016105525,0.00211697269983826,0.0018697586125469914,0.0009927618761147324,2024-05-17,2024-08-13,739022.0,739110.0,1.897501042284398,0.5207744916965108,0.46478168526458397,0.2333068651898337
2024-08-31,739128.2276810566,0.5134245041379034,2.789238131785657,0.08623570289472106,0.05307162727353574,-0.031803984734056163,-0.03130760880703368,0.0055970595628262645,2024-05-24,2024-08-13,739029.0,739110.0,0.7522133829092496,0.3071650975407302,0.46478168526458397,0.1450556036856296
2024-09-03,739131.062734077,0.4625006421280321,4.482088604026014,0.49039004146719434,-0.004062159257628461,-0.022365487914328807,-0.020152012369793904,-0.009701105457300291,2024-06-03,2024-08-13,739039.0,739110.0,1.0521611435988096,0.018741764284498037,0.46478168526458397,0.10368901663487018
2024-08-28,739125.6987849603,0.9636297470656636,6.930942162302264,0.6510469570855055,-0.005122314148865375,0.001430419565081644,0.0013960575268737105,-0.0003116464564656859,2024-06-10,2024-08-13,739046.0,739110.0,1.7921643779776057,0.49787542675494445,0.46478168526458397,0.2189008779688857
2024-09-08,739136.359038296,0.8195728883814151,9.707042652208127,0.7257716409197801,-0.010188904453821264,0.002738348857160395,0.0026189593552549614,-0.0007997539365543375,2024-06-17,2024-08-13,739053.0,739110.0,1.778741576728839,0.31415166087705604,0.46478168526458397,0.1987562937479492
2024-08-18,739115.504360147,0.944283761425613,3.209733839318205,0.43333243736170723,0.0035918959718498848,-0.006608390000808248,-0.006581836960324143,-0.0005918113132523587,2024-06-25,2024-08-13,739061.0,739110.0,1.1712348666112156,0.15990483117118354,0.46478168526458397,0.05801361662291285
2024-08-15,739112.748650714,0.0286115041237709,3.717834592163347,4.702020415542484,-3.9013072158281923,-0.046797884129191045,-0.011971296187199325,-0.04524080046338191,2024-02-23,2024-08-14,738938.0,739111.0,2.72453924559441,0.6415559820282172,0.4436168740725408,0.9024085930893869
2024-09-12,739140.3994296197,0.74907857770929,2.020847178757207,0.6329115904020493,-0.008526447671340075,0.0010378606947604877,0.0009832174715461415,0.0003323224719683192,2024-03-01,2024-08-14,738945.0,739111.0,0.6091857766952667,3.045250133827404,0.4436168740725408,0.653931640664354
2024-08-14,739111.7569786563,0.5630932974805488,7.647003022446517,0.6025856288307645,-0.02432911760076241,-0.0005132057891174365,-0.0004962947566454652,0.0001306587023885864,2024-03-08,2024-08-14,738952.0,739111.0,6.513786246944452,3.490791478125468,0.4436168740725408,0.6737444476271973
2024-08-29,739126.6690555234,0.9959003151682626,12.144476409540212,0.554130519905359,-0.0024032223606103007,0.00024596961153476154,0.0001181056450482082,-0.00021575937153761862,2024-03-15,2024-08-14,738959.0,739111.0,4.581450939694392,0.8012159294399741,0.4436168740725408,0.617017959032317
2024-10-17,739175.8225836776,0.8321834674354729,3.9052313063633264,0.5118375085087268,-0.0017805879211608884,-0.0018832078328511323,-0.0011807122696355715,-0.001467102681492974,2024-03-22,2024-08-14,738966.0,739111.0,0.7300623481581914,0.20148257496476007,0.4436168740725408,0.451795518652475
2024-09-07,739135.7205429869,0.9927926538377443,2.2401548989406037,0.4924866043254903,-0.0005945247453988462,0.0014005501416536384,0.0005709081884138455,0.0012789075571314947,2024-04-01,2024-08-14,738976.0,739111.0,0.6652137145117388,0.1881272813194675,0.4436168740725408,0.41376838762113627
2024-09-03,739131.5014487727,0.4606118399539646,14.448710516854636,0.7756015830803061,-0.055116387036725535,0.003160106462449352,0.0017239263600877567,-0.0026484619610273306,2024-04-08,2024-08-14,738983.0,739111.0,4.553403749972784,0.5560131133960061,0.4436168740725408,0.41652269284190574
2024-09-18,739146.8041579225,0.32241842762672174,10.166268417223083,1.0804092050508534,-0.16571341538453077,-0.00929230908852437,-0.005957596901903039,-0.007131202377657496,2024-04-15,2024-08-14,738990.0,739111.0,2.3896960902679716,0.5655777354320911,0.4436168740725408,0.36248791105182615
2024-09-02,739130.2234973153,0.9913904427431905,3.018425140445598,0.5313345579704822,-0.0014835443511570182,-0.0011833541044960706,-0.000736577337378713,-0.0009261645440675122,2024-04-22,2024-08-14,738997.0,739111.0,0.9299985988793248,0.41176566592869,0.4436168740725408,0.3391988804354346
2024-09-09,739137.1230065365,0.4025927698050894,7.348610193641621,0.9961088593785026,-0.109510035233217,-0.014210410940443246,-0.014110264516426205,-0.0016841064018501513,2024-04-29,2024-08-14,739004.0,739111.0,1.9045907921893261,0.4221900965960156,0.4436168740725408,0.21949948652768694
2024-08-21,739118.0703607701,0.15254418909811143,6.549998512503455,1.1800725346182637,-0.43523261425747634,-0.01317589511560198,-0.010517996930914902,-0.007935738948491743,2024-05-06,2024-08-14,739011.0,739111.0,2.832975520948879,0.7693000666508834,0.4436168740725408,0.42014984833678726
2024-09-17,739145.8235934514,0.23316093462632265,6.933211016450713,1.3288822398070415,-0.33412279123993643,-0.03236607690658987,-0.03009405379794659,0.011912634483168982,2024-05-13,2024-08-14,739018.0,739111.0,1.434884084271545,0.3471661779402501,0.4436168740725408,0.1598851022277834
2024-09-05,739133.4279336693,0.37462749228746,2.4002831751490326,-0.7523074688479487,0.27531314870518003,-0.08583450763619314,-0.011005786625386,0.08512599698038298,2024-05-20,2024-08-14,739025.0,739111.0,0.601974078137207,0.5006130854386226,0.4436168740725408,0.1684122769126742
2024-09-09,739137.2022008364,0.05276618602486073,10.36949420348317,4.451916411782679,-3.253310349183835,-0.027742875324971206,-0.013281163101638606,0.024357295374580677,2024-05-28,2024-08-14,739033.0,739111.0,2.2783000519689898,0.5967221454350555,0.4436168740725408,0.33259963653082164
2024-09-13,739141.1156097027,0.2933188504649252,4.575910052887206,0.18734980751088962,0.07987925810774091,0.04906592747042125,0.00435321471485798,-0.048872433540585895,2024-06-04,2024-08-14,739040.0,739111.0,0.8821063732884161,0.10435577922841337,0.4436168740725408,0.12046490950731156
2024-08-24,739121.0761154627,0.23226006492560863,6.0541078259267955,0.8953116966735883,-0.19318059287860956,-0.030636014637757485,-0.017047561604299242,0.02545478415214934,2024-06-11,2024-08-14,739047.0,739111.0,1.92219272360531,0.24191100054579404,0.4436168740725408,0.28488473338758247
2024-09-01,739129.2977213997,0.8029904110241997,2.234343511100009,-0.27691691455408696,0.0399914964600966,0.022293832234703923,0.019457317158406408,0.010882452145831254,2024-06-18,2024-08-14,739054.0,739111.0,0.5030674782407076,0.644678731995735,0.4436168740725408,0.13326399643835019
2024-09-02,739130.001019752,0.6114204250966454,6.279839919268772,0.543167182791112,-0.0045876803337944,-0.01317144183091814,-0.009557869045346199,-0.009062782090355763,2024-06-26,2024-08-14,739062.0,739111.0,1.2743511818776332,0.033911827950718565,0.4436168740725408,0.05633066694744841
2024-10-13,739171.6889999639,0.3056805241614174,9.40457792350771,1.3192882356133082,-0.2217449006520229,-0.01047108323358208,-0.007979968976907892,-0.00677965185036749,2024-02-26,2024-08-15,738941.0,739112.0,2.023537757284417,0.6883201601661229,0.4906229164484712,0.5701946223390925
2024-08-31,739128.0765963388,0.9303933383354452,5.394962183834547,0.5874831102911557,-0.003913120782162592,0.000679166178664704,0.00027800019876365623,0.0006196632857684761,2024-03-04,2024-08-15,738948.0,739112.0,2.0744771358957617,0.9936315885473113,0.4906229164484712,0.5797860129539705
2024-09-13,739141.7876457208,0.7964936715927879,10.03659294909147,0.6454940157869384,-0.007605718431893809,-0.00029253138208688975,-0.00010833092225758798,0.00027173336340701034,2024-03-11,2024-08-15,738955.0,739112.0,2.9325836882262553,2.0633067506676466,0.4906229164484712,0.6473041290364858
2024-10-06,739164.9770053098,0.33940559902259243,8.216893870499595,1.2030862696175966,-0.16964634672173554,-0.009673694870333111,-0.005586084401650794,-0.007897849929059352,2024-03-18,2024-08-15,738962.0,739112.0,1.7566276928115407,0.7243749974451869,0.4906229164484712,0.5058909716679113
2024-08-23,739120.0352653674,0.17771634843543319,4.355545594844886,1.2088819130027086,-0.41017890851569166,-0.020783048427465887,-0.0060974118828981,0.01986848434754613,2024-03-25,2024-08-15,738969.0,739112.0,2.0336417476641584,0.8052836699203165,0.4906229164484712,0.49472963580300855
2024-10-12,739170.5326221635,0.1573821318933706,7.45351427369668,2.349396083096657,-0.9425561722128486,0.019431046484881243,0.011961802969213184,0.015312767131493196,2024-04-02,2024-08-15,738977.0,739112.0,1.4186074259988786,1.0242486198450487,0.4906229164484712,0.3690357784693498
2024-10-01,739159.2872789161,0.1328959948454074,2.95217354540312,0.16924426404665124,0.1206052899461249,0.08073860181871757,0.0656821275795248,-0.04695295454248275,2024-04-09,2024-08-15,738984.0,739112.0,0.6155943257098756,0.06724424800260058,0.4906229164484712,0.3961065686575267
2024-08-30,739127.4111102618,0.34023377594767595,4.427669739882871,0.9369910660411004,-0.13514788631147848,-0.011086435001641397,-0.01100999091094754,0.001299669645129888,2024-04-16,2024-08-15,738991.0,739112.0,1.5366263347661921,0.9367410413172371,0.4906229164484712,0.36196351430473434
2024-09-23,739151.8316177932,0.6614100595419664,11.26842658585039,0.7372624406373829,-0.017565581829550814,-0.0010997679004515106,-0.0010464610244688356,-0.00033824363871499345,2024-04-23,2024-08-15,738998.0,739112.0,2.4232726249502257,0.9374951214276714,0.4906229164484712,0.391322885178985
2024-09-28,739156.1170404365,0.8005640030238053,10.450843381751932,0.7469722600186168,-0.009456164556879738,0.0016288220006002178,0.0014649271481501286,0.0007120741255319051,2024-04-30,2024-08-15,739005.0,739112.0,2.047873308205015,0.44471943930810093,0.4906229164484712,0.2955817141808838
2024-10-03,739161.507780346,0.6317412685173297,10.944318267141309,0.9046855746976968,-0.02866751863971104,-0.004119727411758421,-0.004119490067033238,-0.0000442214292873906,2024-05-07,2024-08-15,739012.0,739112.0,1.9251165610850298,0.4016725527663461,0.4906229164484712,0.2537462593646099
2024-09-20,739148.6862133876,0.20683749635004772,7.708277100996568,1.5992863190667674,-0.4834772686533305,0.03493571722378373,0.03492513397785614,0.0008598572957054381,2024-05-14,2024-08-15,739019.0,739112.0,1.5491140601473663,0.3713456578136512,0.4906229164484712,0.16613531287636898
2024-08-21,739118.3162189925,0.6320218958739529,11.590691930326974,0.6292797010768558,-0.019562070668340568,-0.0010726820314809202,-0.0010627771031951985,-0.00014543579197039545,2024-05-21,2024-08-15,739026.0,739112.0,4.947710853675524,0.9944125098008526,0.4906229164484712,0.36436638945180777
2024-08-24,739121.4146203054,0.5387985547804638,6.573938662038589,0.718615601629732,-0.039320004641072576,-0.004906298063492234,-0.0028203836757666766,-0.004014622847702694,2024-05-29,2024-08-15,739034.0,739112.0,2.3315174963463825,0.6568412310737339,0.4906229164484712,0.31379453234929944
2024-08-17,739114.4057990286,0.33981682730765744,8.754496535899353,0.7175419210696738,-0.0892243949251269,0.00298697019139523,0.0022368690024227146,-0.001979496903327729,2024-06-05,2024-08-15,739041.0,739112.0,4.7625409260869285,1.1594884543386497,0.4906229164484712,0.399207756446414
2024-08-18,739115.2719779407,0.59301886924541,2.292042889648104,0.44600734526957847,0.005166836561880347,0.01855952816593772,0.018075373148443583,0.004211528378957017,2024-06-12,2024-08-15,739048.0,739112.0,1.1028873833289923,0.07202836643915128,0.4906229164484712,0.12623570316860672
2024-08-17,739114.1615450815,0.5819827310160394,5.297192148175382,0.5388031756666962,-0.007955653122075527,-0.015708553805725643,-0.005692503569850879,-0.014640835555889995,2024-06-20,2024-08-15,739056.0,739112.0,2.775738816411374,0.055642163311676554,0.4906229164484712,0.18030225368390296
2024-08-29,739126.0973316134,0.6263664041425981,6.275844684217019,0.49434041458926736,0.0009029749053648479,-0.013379650842379173,-0.013359932196854404,-0.0007261324668617996,2024-06-27,2024-08-15,739063.0,739112.0,1.4969420306143773,0.006735768763545415,0.4906229164484712,0.07458089987411622
2024-10-10,739168.9325465051,0.8984675291856268,14.742278700180487,0.6911863377075005,-0.00440131702794873,-0.0002786822988227606,-0.00016912961717264883,0.00022149265512014544,2024-02-27,2024-08-16,738942.0,739113.0,3.2860172691549403,0.9625228243019116,0.5007752879124892,0.6588530426770487
2024-10-11,739169.4627331543,0.5617036819845279,8.595112589648298,0.8914469284852433,-0.03628037461602673,0.0030068052003062716,0.0030067866949635112,0.000010549103243521102,2024-03-05,2024-08-16,738949.0,739113.0,1.8633564781168588,0.7885371715947763,0.5007752879124892,0.5472773806192931
2024-10-26,739184.9081235826,0.6812907404457357,3.637734800684971,0.7831003329421848,-0.014294762800364963,-0.0010663682492191265,-0.001022161596566668,0.00030385344073573576,2024-03-12,2024-08-16,738956.0,739113.0,0.6704000297415028,2.51056343506615,0.5007752879124892,0.643913901721778
2024-09-11,739139.6199219044,0.37102748426391613,12.432230079673014,0.8790563823535477,-0.09779780035849203,-0.0037428346304690273,-0.002204033591185128,0.003025069751256292,2024-03-19,2024-08-16,738963.0,739113.0,3.744280605679154,0.7798040573217304,0.5007752879124892,0.567532985935388
2024-10-15,739173.2838262437,0.1653570555505184,7.694747296529297,2.174475213870829,-0.8224707380649054,-0.019993226243583427,-0.01564212965958785,0.012452022941665147,2024-03-26,2024-08-16,738970.0,739113.0,1.4886188137803087,0.8840278431721481,0.5007752879124892,0.42297744352461514
2024-08-21,739118.293116908,0.0813084457419582,7.132619035883686,1.792847272150459,-1.028917627480728,0.01604661887003863,0.015777519345782882,-0.0029264074312588006,2024-04-03,2024-08-16,738978.0,739113.0,3.7203936029902103,0.7309433192835786,0.5007752879124892,0.5321763688543119
2024-08-18,739115.4750679022,0.5552032442864633,5.552412067257739,0.6328827212036597,-0.0285263333173853,0.004636786724014053,0.004465714055465762,-0.0012478738312860448,2024-04-10,2024-08-16,738985.0,739113.0,3.503770313769838,0.6151756515675888,0.5007752879124892,0.38771631933932715
2024-08-16,739113.1377892913,0.963837998765706,13.685707840750254,0.5305655428442754,-0.0030187997141622584,0.00039282405810234125,0.00030972222377641896,-0.00024162550511686766,2024-04-17,2024-08-16,738992.0,739113.0,14.765574791892332,0.5412189593956851,0.5007752879124892,0.3989621206490005
2024-09-25,739153.5530569627,0.1822168122185908,3.396813426901715,0.01746105359260931,0.17874183447932906,0.06964193958088463,0.04424147538178389,0.05378374851784314,2024-04-24,2024-08-16,738999.0,739113.0,0.72330923566711,0.13768039522131087,0.5007752879124892,0.317032346989109
2024-08-28,739125.2265640444,0.6343113823033298,7.735610572753427,0.6476567414341786,-0.018891282658357895,-0.0018653215013035905,-0.0012090965523209576,-0.001420390731591506,2024-05-01,2024-08-16,739006.0,739113.0,2.8038632842638176,0.8304541431181474,0.5007752879124892,0.39165864360480035
2024-08-20,739117.7876531316,0.9452647048146419,7.916864258172187,0.5601383620091182,-0.00379303323535678,0.0006003311555802797,0.000012723199079485564,-0.0006001963150216256,2024-05-08,2024-08-16,739013.0,739113.0,3.8882534061202874,0.7543901494467533,0.5007752879124892,0.3832934661289404
2024-09-13,739141.8517491582,0.55949067079296,12.943886369323653,0.7605271333524035,-0.03218139276180812,0.0016535478070058708,0.0016200146038912932,-0.00033132013707720936,2024-05-15,2024-08-16,739020.0,739113.0,2.967827390610766,0.8412328775186868,0.5007752879124892,0.3819548333725586
2024-08-24,739121.4672757917,0.9971251062387665,4.475471808309184,0.5659497138212033,-0.0026783942571279922,-0.0016025635927696476,-0.001477279703577485,0.0006211720746047577,2024-05-22,2024-08-16,739027.0,739113.0,1.718083638821575,0.372366033398502,0.5007752879124892,0.2091605031209232
2024-09-19,739147.0260880459,0.44670799333837474,9.415163488251896,1.049201600436485,-0.0945324820321676,0.010879162659732093,0.01031228234900564,0.003465979361060275,2024-05-30,2024-08-16,739035.0,739113.0,1.7855829890460175,0.41226972990950594,0.5007752879124892,0.20695035936211117
2024-09-06,739134.3654428747,0.33171767849953576,8.857696095293116,1.0135477592679272,-0.15707114037293718,-0.01077280173315278,-0.00592043156966084,0.009000097066742272,2024-06-06,2024-08-16,739042.0,739113.0,2.0638374657807317,0.5460288270774528,0.5007752879124892,0.3157072032327419
2024-08-25,739122.4325348822,0.024159925289122038,4.774815464956818,2.157155507581394,-1.5448921950733745,-0.11732102857127673,-0.10394114174944578,-0.05441013505629214,2024-06-13,2024-08-16,739049.0,739113.0,1.5595412872601053,0.06662869579663712,0.5007752879124892,0.09844573247668287
2024-09-06,739134.1096775209,0.10547602215076517,6.054575780281472,1.3715543516923296,-0.5943548631789243,-0.07999306631647794,-0.0643756477835209,-0.047483330034492094,2024-06-21,2024-08-16,739057.0,739113.0,1.2483614002038872,0.12943850833686024,0.5007752879124892,0.062325059870290876
2024-09-08,739136.56448795,0.9324060366861897,4.8609711343635285,0.5489068423408726,-0.0023982837432970213,0.0033999969941627757,0.0029445945535126936,-0.0016998065995104527,2024-06-28,2024-08-16,739064.0,739113.0,0.8701483799757093,0.13530195286820934,0.5007752879124892,0.09373397148347568
2024-09-14,739142.8716965615,0.7925150513931334,2.2365748918339357,0.6379479311541261,-0.007190813843371643,0.0005289373897209811,0.0001715004172760393,0.0005003622379026912,2024-02-28,2024-08-19,738943.0,739116.0,0.7142739896849899,4.81723521075043,0.5572319965801465,0.67420251093911
2024-10-07,739165.3679244684,0.08039098652599065,4.4492623929423685,3.5062189446492393,-2.1516112262421965,0.01344004537465172,0.011794534753629961,0.006443893979428289,2024-03-06,2024-08-19,738950.0,739116.0,1.0430970906034709,2.8925601985657745,0.5572319965801465,0.6589632920008135
2024-10-02,739160.5168050096,0.4608544485231504,10.046538568755137,0.8933155019691291,-0.060337955545902024,0.004003330829967383,0.0016589497105964721,-0.0036434247064923986,2024-03-13,2024-08-19,738957.0,739116.0,2.4302245766183153,0.6913794037981895,0.5572319965801465,0.5825727051464826
2024-09-03,739131.4994073473,0.5541932415925376,3.802248329900621,0.6913875118600609,-0.028078251361848564,0.004292421845495339,0.0009968102965572764,0.004175075392416643,2024-03-20,2024-08-19,738964.0,739116.0,1.4403566789563387,0.953429112078415,0.5572319965801465,0.46404333138696774
2024-10-23,739181.4309311396,0.17165044646819097,8.610521868919253,2.285766253737068,-0.8379405628997322,0.020050506040260378,0.01095207785150694,0.0167950821136739,2024-03-27,2024-08-19,738971.0,739116.0,1.600858042382767,0.8331119031602541,0.5572319965801465,0.4059752261545395
2024-09-11,739139.384115268,0.6896696969794341,6.925442882480485,0.7236168253613393,-0.01701121834489386,-0.0029155639907010376,-0.0009308346924632782,0.0027629803037986624,2024-04-04,2024-08-19,738979.0,739116.0,2.1223378639757273,0.5810405384165667,0.5572319965801465,0.30008647306014113
2024-10-18,739176.9135060963,0.9562162449033311,13.413237194353565,0.6976937970770827,-0.003206622997165068,-0.0003657464140151679,-0.00021162615799961277,-0.00029830321589831635,2024-04-11,2024-08-19,738986.0,739116.0,2.43870256438725,0.625014854441487,0.5572319965801465,0.3640443671112621
2024-10-01,739159.129905175,0.873199500121745,8.712560659089686,0.764797964499728,-0.007034140457294494,0.0014364957276403662,0.0009136678363653073,-0.0011084814208278653,2024-04-18,2024-08-19,738993.0,739116.0,1.8699676994860224,0.49076587974288716,0.5572319965801465,0.20286735938150285
2024-10-11,739169.2986168141,0.5762901296050612,12.17822298179595,0.9041631880864277,-0.034820032644621905,-0.0037598749855352266,-0.003395453821581811,-0.0016147920152016467,2024-04-25,2024-08-19,739000.0,739116.0,2.2401100810924643,0.43824102281354055,0.5572319965801465,0.30263747297629334
2024-10-09,739167.273160558,0.5820966765314791,4.553565881737361,0.33253739307967506,0.007630115218532365,0.010058808633392119,0.009892683850343885,0.0018205596283420945,2024-05-02,2024-08-19,739007.0,739116.0,0.8259750844894459,0.09696791231244252,0.5572319965801465,0.27065865069487827
2024-09-09,739137.1966487857,0.2797510531621031,14.317146626062135,1.0283776734144148,-0.1923495374717269,0.0053762404209019565,0.0031077832214478026,-0.004386985811673838,2024-05-09,2024-08-19,739014.0,739116.0,4.010275042774554,0.6990813593109817,0.5572319965801465,0.40002372276145437
2024-08-19,739116.222815141,0.15958966907530095,14.999887096770191,0.911157240628415,-0.2810213864320771,0.0050505191571902025,0.004928047093824598,-0.0011054843274294617,2024-05-16,2024-08-19,739021.0,739116.0,14.46142320879316,0.5919978552290851,0.5572319965801465,0.4771791652965832
2024-09-18,739146.9643412457,0.7315869615585576,13.71383907743746,0.7490914640191108,-0.01447692746624335,0.0004020772582594929,0.00031106899404199776,-0.0002547591069131201,2024-05-23,2024-08-19,739028.0,739116.0,2.937786417254482,1.9207630672295326,0.5572319965801465,0.33260128539764783
2024-08-22,739119.2959382418,0.5936681375028693,5.294182202323546,0.6192343792761605,-0.02027059497766109,0.008023731704496011,0.006116609293557748,-0.005193010804504208,2024-05-31,2024-08-19,739036.0,739116.0,2.721337444162187,0.2832924202792691,0.5572319965801465,0.2500467388584581
2024-09-17,739145.6680079271,0.6803335808374239,3.786088765955406,0.31797246931411827,0.008246016062303903,-0.009473359286168007,-0.0018367992121291858,0.009293584067470802,2024-06-07,2024-08-19,739043.0,739116.0,0.7480551257574957,0.15641243743561492,0.5572319965801465,0.19222915373719165
2024-08-31,739128.2333109857,0.6200215743761269,9.912905150685102,0.6954962672014381,-0.023757773739348134,0.0024824974249750523,0.0018250589105381048,-0.0016828408831714393,2024-06-14,2024-08-19,739050.0,739116.0,2.9274517036554584,0.5985808051006084,0.5572319965801465,0.31647445134508156
2024-09-04,739132.1210439266,0.9246805588472877,8.140535422373961,0.5483444464356086,-0.0018170972898543607,0.003209677905004141,0.0016249089258544155,-0.0027679781857071093,2024-06-24,2024-08-19,739060.0,739116.0,1.941103988590041,0.06430659054113512,0.5572319965801465,0.14417049061016748
2024-09-06,739134.0120348427,0.46981664275465207,9.25779243946408,0.5157287221930889,-0.0027653995208815,-0.017116958826828305,-0.016964772963493305,-0.0022774454497225646,2024-07-01,2024-08-19,739067.0,739116.0,1.9358309843535695,0.008198836667764409,0.5572319965801465,0.15135324912681838
2024-09-10,739138.6182719718,0.17892534015911868,3.272894366493139,1.3701693689724175,-0.45546977311806613,0.013461728489095048,0.012185845536480028,0.00572042852198706,2024-02-29,2024-08-20,738944.0,739117.0,1.1446724672830009,1.8496885008662889,0.5428086696190414,0.6737880420651459
2024-09-07,739135.400530912,0.4274307762286568,12.594036229229399,0.8264448370148835,-0.07060005494024017,-0.001117228244501156,-0.0007074655217848226,0.0008646915552940616,2024-03-07,2024-08-20,738951.0,739117.0,4.619609348522375,2.1446873173914573,0.5428086696190414,0.6615248026296935
2024-10-06,739164.862716198,0.5860741528952341,5.635136468287274,0.8569028868533718,-0.030796956179353012,0.001887388774869662,2.806361774875249e-6,-0.0018873866884762305,2024-03-14,2024-08-20,738958.0,739117.0,1.312750345438516,1.697049686355059,0.5428086696190414,0.5965637166484947
2024-09-15,739143.1088234663,0.9117169622704728,3.0912482092596103,0.5391064488734828,-0.002023201272088846,0.0014062262641732967,0.0006030871343313709,-0.0012703378347726094,2024-03-21,2024-08-20,738965.0,739117.0,0.9446756033358138,0.42433615947726944,0.5428086696190414,0.4487539910225517
2024-08-23,739120.8749579198,0.10703412843540554,12.629020551255232,1.474577593652031,-0.7151246924762856,-0.024290915910923555,-0.001088330349002143,0.02426652288324387,2024-03-28,2024-08-20,738972.0,739117.0,7.333523966181469,0.24951145598506413,0.5428086696190414,0.503292252141945
2024-10-12,739170.6726615216,0.559278405323207,2.744530870559264,0.3844720198312999,0.0029903793851232792,0.010875372945193055,0.0007945679625776155,-0.010846308056195091,2024-04-05,2024-08-20,738980.0,739117.0,0.5537185960542899,0.05603276604710615,0.5428086696190414,0.41680935251658624
2024-10-06,739164.8999625827,0.7946877596460009,6.6480822444120085,0.781270920870803,-0.009905524589510434,-0.0009234621044189863,-0.0008302788020682096,0.0004042516161181317,2024-04-12,2024-08-20,738987.0,739117.0,1.3883074539186537,1.2822081776086864,0.5428086696190414,0.36446331333646026
2024-09-22,739150.6253673803,0.23564819839929801,2.905265297061764,0.36914134888392836,0.01804404265215015,0.046866830558512255,0.0069323969772531625,-0.04635128562132951,2024-04-19,2024-08-20,738994.0,739117.0,0.7114180510456198,0.03122817378632695,0.5428086696190414,0.3545005745677672
2024-09-24,739152.0344165233,0.42274533885312804,8.426087835927314,1.0667401603567153,-0.1034757038990848,-0.012367208385135928,-0.01218076403054117,-0.0021393529100292956,2024-04-26,2024-08-20,739001.0,739117.0,1.9595163421782837,0.419777886424788,0.5428086696190414,0.19521718242443123
2024-09-13,739141.3860322229,0.12948008200833575,7.012022162650504,2.0803236062553636,-0.969453229720622,-0.044743770471418746,-0.03292886914767539,0.030293474093511893,2024-05-03,2024-08-20,739008.0,739117.0,1.8963449658967315,0.40008656607350684,0.5428086696190414,0.20322006339037074
2024-09-20,739148.7638104035,0.44708066255264256,5.853050643541915,0.7760100060793075,-0.04944988123946005,0.012979735551204897,0.00013755273673367264,-0.012979006673233184,2024-05-10,2024-08-20,739015.0,739117.0,1.3393225936762385,0.29100671646744714,0.5428086696190414,0.19287093322318724
2024-09-26,739154.0096148433,0.10052665120914142,12.213332873630486,2.7264859395438417,-1.492214199261347,0.02311914991097119,0.02017275597800838,0.011294025361122857,2024-05-17,2024-08-20,739022.0,739117.0,2.4719403076690067,0.5312590344310614,0.5428086696190414,0.34716383483304136
2024-08-26,739123.8570266981,0.24378694978791998,6.759892455045267,0.98725161296594,-0.2279412936856872,0.013076878359468355,0.00477758886960568,-0.012172895802616228,2024-05-24,2024-08-20,739029.0,739117.0,2.826415477797252,0.628622022720764,0.5428086696190414,0.3636535432453116
2024-09-03,739131.1339272008,0.3050343963934444,13.794286891157032,0.9487675301015983,-0.15769764901657912,0.0016483982403101894,0.0015812942907452879,-0.0004655374579065422,2024-06-03,2024-08-20,739039.0,739117.0,4.115694148881613,2.115498085559959,0.5428086696190414,0.3684622736233868
2024-09-11,739139.5158179456,0.005073068365460732,4.549665665070487,30.226783198358362,-29.186794384796837,0.09127947395042357,0.03260194092708022,-0.08525875798094425,2024-06-10,2024-08-20,739046.0,739117.0,1.0310575873169414,0.356536914377017,0.5428086696190414,0.16348641165448866
2024-09-14,739142.2050995482,0.9067424195089486,2.1828319606033846,0.2598571632948051,0.004396867043023429,0.006340310963036934,0.0019502370678005673,0.0060329195657975575,2024-06-17,2024-08-20,739053.0,739117.0,0.43908677450128725,0.28806891981001526,0.5428086696190414,0.22006499579516034
2024-09-14,739142.0332584659,0.25220611636825035,3.9469684548770543,2.0393763582072912,-0.608249001138157,-0.06683650054701365,-0.06403717121671723,-0.019140493931239032,2024-06-25,2024-08-20,739061.0,739117.0,0.7378938537547484,0.5815133116453085,0.5428086696190414,0.12905757242832044
2024-08-28,739125.8201257819,0.23407780590141553,4.562610234399826,0.6998890479688898,-0.09785143803906901,-0.05436773712733895,-0.05294005271337718,-0.012377465776655407,2024-07-02,2024-08-20,739068.0,739117.0,1.36540292353331,0.09233637544577111,0.5428086696190414,0.0711500666081949
2024-09-15,739143.6252071984,0.6290315087644579,12.925569642949071,0.7233529571349161,-0.02081134354438018,-0.00027888301205350496,-0.0002271655896825091,-0.00016177617029783248,2024-03-01,2024-08-21,738945.0,739118.0,4.212758002812013,3.6316230697722824,0.5690945318899665,0.6625354100370636
2024-10-14,739172.6562256806,0.4444345024202577,5.94893188822436,1.055437061380629,-0.08233293267781004,0.002938596416690764,0.0028089753155324157,0.0008631376349791278,2024-03-08,2024-08-21,738952.0,739118.0,1.3213026190780595,2.093159922355049,0.5690945318899665,0.6178988474217191
2024-08-27,739124.5802592213,0.8265240880096247,9.076715767997001,0.5761280092989497,-0.0058866024323117406,-0.000216532028999118,-0.00016656397152965108,0.0001383566513426241,2024-03-15,2024-08-21,738959.0,739118.0,4.659400161462164,2.4755365291177345,0.5690945318899665,0.6351380881476807
2024-09-19,739147.1493392772,0.35664918293414655,12.12212186051536,0.9431896831843257,-0.11364288168856627,0.0031612546377338168,0.002860671433306779,0.0013453957913031039,2024-03-22,2024-08-21,738966.0,739118.0,3.524609946955028,1.057658212979437,0.5690945318899665,0.5280002525338752
2024-10-11,739169.0106267052,0.8443165195888778,11.721246861550284,0.6861645014415676,-0.005533468204495936,0.0006234348092040631,0.0002769119083294773,0.0005585613272977585,2024-04-01,2024-08-21,738976.0,739118.0,2.482434392348559,0.6393487868287563,0.5690945318899665,0.4023992374149665
2024-08-21,739118.261669848,0.07798823246818357,6.284230213815156,1.525781828000297,-0.8492069632788087,-0.03234854166969182,-0.022287368658279412,0.023445710619337864,2024-04-08,2024-08-21,738983.0,739118.0,6.248921925297718,0.32578856075880763,0.5690945318899665,0.5648739468523859
2024-09-25,739153.3859776276,0.667921954535342,12.925414071368905,0.7634865000428781,-0.018321111144774253,0.0004823672204673881,0.00036981267473734403,0.00030970424760575236,2024-04-15,2024-08-21,738990.0,739118.0,3.147017639837155,1.9627061172946936,0.5690945318899665,0.4259493640770629
2024-10-03,739161.4331834828,0.6671228031311743,10.014249269159327,0.8432346927106945,-0.021418091856550883,0.003445975265813329,0.001955170840842739,-0.00283761387713613,2024-04-22,2024-08-21,738997.0,739118.0,2.1218179557900165,0.4140530700929396,0.5690945318899665,0.22489812903688014
2024-09-26,739154.663658303,0.018349845718831363,9.093846661569154,14.942207390873767,-13.410192191723635,0.0743976972575402,0.0727394518002333,0.01562016354031354,2024-04-29,2024-08-21,739004.0,739118.0,2.0454601509483124,0.36371423500045136,0.5690945318899665,0.20171619526424886
2024-09-03,739131.0176639592,0.5062122502832233,2.1839194621773745,0.3601933629310309,0.016246276801915947,0.021242516331590862,0.018099302706752838,0.011120240178486878,2024-05-06,2024-08-21,739011.0,739118.0,0.7720939874727353,0.17727354105543439,0.5690945318899665,0.3103268416437436
2024-09-04,739132.0401532697,0.6121320767004389,8.116275141741397,0.70520479385694,-0.024305449213112118,0.003113269796385936,0.002874603765426222,-0.0011954505497452895,2024-05-13,2024-08-21,739018.0,739118.0,2.7057275616869916,0.5888101263780812,0.5690945318899665,0.35760559491709465
2024-09-20,739148.6983314557,0.13607435353880518,7.836973986170778,2.1128101842650246,-0.9449900649693557,0.04631230999388819,0.04039194746214935,0.022656580438913602,2024-05-20,2024-08-21,739025.0,739118.0,1.7382744900843583,0.35428981996940123,0.5690945318899665,0.1789111666504205
2024-09-06,739134.0326121454,0.22775208882419,10.725862581108329,1.1704858373188216,-0.3017142797799471,-0.0068403352070611385,-0.006762661141286877,0.0010279105180358008,2024-05-28,2024-08-21,739033.0,739118.0,3.1424134049837797,0.9365880687097838,0.5690945318899665,0.3672699914483438
2024-08-31,739128.4824578098,0.5012329761255213,13.8297229081134,0.7442468353832168,-0.045437895093706486,-0.001563821645520277,-0.0010877593971993639,-0.001123529097443508,2024-06-04,2024-08-21,739040.0,739118.0,4.695102286972611,1.0530697588303704,0.5690945318899665,0.35443243660443485
2024-08-28,739125.3244634131,0.06772364896244357,10.426777198183416,2.1029036500918687,-1.2990846799515385,0.00995353264681606,0.00290300915589833,-0.009520785156278008,2024-06-11,2024-08-21,739047.0,739118.0,3.9323540576276566,0.8477161798285385,0.5690945318899665,0.4019144257224236
2024-09-21,739149.2698204351,0.4954680392359142,4.662889038915209,0.8344764950178066,-0.05114550036693683,0.011926682226390454,0.011878571171209927,0.0010701849652272192,2024-06-18,2024-08-21,739054.0,739118.0,0.8267679983026295,0.4556678082273675,0.5690945318899665,0.19554442771299965
2024-09-11,739139.533167926,0.28315218181338514,13.971272260519179,0.9540529741374357,-0.16021941231222106,0.00486488906056911,0.0036922420109648693,-0.003167727024873055,2024-06-26,2024-08-21,739062.0,739118.0,2.848675468691688,0.6674613920582253,0.5690945318899665,0.32784953552737633
2024-09-05,739133.0155495971,0.34342970552470625,8.09921440523463,0.4849176997949506,0.007241501999302975,0.03170017331641878,0.0005671478762963985,-0.03169509948836561,2024-07-03,2024-08-21,739069.0,739118.0,1.8691447016350624,0.009686390644337364,0.5690945318899665,0.09208739909891052
2024-10-21,739179.812901768,0.5804302505737128,8.92197575482577,0.9359947616438549,-0.0342166837960228,-0.0026888824803710486,-0.0020310056594121145,0.0017621308137259067,2024-03-04,2024-08-22,738948.0,739119.0,1.9001112551988142,0.8278565607311137,0.5379542911542435,0.5468474736210183
2024-09-17,739145.3249905239,0.8875005083997143,2.312934723273377,0.5993007407839471,-0.003588920896911116,-0.0007402177851310192,-0.00002350641469968517,0.0007398444552013867,2024-03-11,2024-08-22,738955.0,739119.0,0.7282103785764644,1.8604140256330945,0.5379542911542435,0.6425530226525489
2024-09-13,739141.014659447,0.6501891308172928,9.380624764181198,0.6704824750947205,-0.01609266840945572,0.0013815478818966687,0.001109494100583731,-0.0008232237792624007,2024-03-18,2024-08-22,738962.0,739119.0,3.128911375845866,0.8073652677645791,0.5379542911542435,0.5809774175148511
2024-10-19,739177.7636508336,0.44073421718111006,4.605035348443181,0.778638198729556,-0.04627279440999201,0.008468899377839548,0.00321672385384227,0.007834216254360944,2024-03-25,2024-08-22,738969.0,739119.0,0.9291000635170932,0.5229287930670595,0.5379542911542435,0.4559601773686395
2024-10-29,739187.4879288945,0.7422459552696622,7.5149906049605315,0.855614962870719,-0.012843788982006853,-0.0008798062400248279,-0.0005852662979486769,0.000656903631038888,2024-04-02,2024-08-22,738977.0,739119.0,1.342887656660014,1.4418680598630367,0.5379542911542435,0.39257635368442445
2024-09-09,739137.3478784857,0.6027542361021739,9.988166205495189,0.7054770167197203,-0.023451256062463188,-0.0009254706670761557,-0.0007999836747735411,0.00046531932660722966,2024-04-09,2024-08-22,738984.0,739119.0,3.37517111610788,1.5291777179948032,0.5379542911542435,0.4346754441722713
2024-10-10,739168.1902798717,0.9197196772407086,8.614595278144643,0.7795818999777274,-0.005440435960833907,0.0009690302219495741,0.000803148434215069,-0.0005421919988984749,2024-04-16,2024-08-22,738991.0,739119.0,1.7570461069510759,0.5994003334074516,0.5379542911542435,0.2387144820241398
2024-08-28,739125.2436556563,0.8525093814152165,7.980129549684294,0.59195130592958,-0.005893551656736547,0.0007390280846729188,0.0004569882456671009,-0.0005807962235220098,2024-04-23,2024-08-22,738998.0,739119.0,3.8286955018483484,0.85193287361123,0.5379542911542435,0.3915640636710192
2024-10-03,739161.0721280872,0.06820866774112112,3.8929517380360874,0.6913016524899794,-0.19608177961743065,-0.08460883660286349,-0.08420739141050881,-0.008232281769194898,2024-04-30,2024-08-22,739005.0,739119.0,0.8122310248092839,0.04060523831172872,0.5379542911542435,0.3162607845461079
2024-09-30,739158.9877747092,0.8054315679840616,12.830984144508625,0.7033120315688126,-0.007753229043804592,0.00030379091816716726,0.0001026352986830603,-0.00028592816829597174,2024-05-07,2024-08-22,739012.0,739119.0,2.658374983032376,1.6020516237212021,0.5379542911542435,0.4046449512664406
2024-09-11,739139.1160757432,0.8569810264234317,11.798537128735816,0.6359439693597939,-0.005885528536067927,0.00041281571669670114,0.000399902677794919,0.00010244346852905868,2024-05-14,2024-08-22,739019.0,739119.0,3.3555065660261585,1.0355529007851594,0.5379542911542435,0.3891527984841586
2024-09-18,739146.490212633,0.4107771098081071,8.542614367213009,0.9987511000427756,-0.10229825703642892,-0.010933237669110763,-0.010841791181525338,0.0014111165456694114,2024-05-21,2024-08-22,739026.0,739119.0,2.0091322211694296,0.4499195642534127,0.5379542911542435,0.24035634924751112
2024-10-01,739159.8779988883,0.36386311705573876,7.122627862672715,0.9680899921511684,-0.10527013788112626,0.017412097782415117,0.003023954809246712,-0.01714750263146266,2024-05-29,2024-08-22,739034.0,739119.0,1.2749855418526364,0.30885303666718567,0.5379542911542435,0.17176853461446193
2024-08-22,739119.8215186844,0.7012921733930094,3.434400138768776,0.5115640616266444,-0.0016360401382074167,-0.010077484313520964,-0.00012461923326898735,-0.010076713756774103,2024-06-05,2024-08-22,739041.0,739119.0,2.494573801770634,0.03315048774571804,0.5379542911542435,0.10993958721867768
2024-09-18,739146.4804823283,0.20246622127725306,14.800936678641976,1.4516219914018003,-0.4384110939728694,-0.004891936654099821,-0.004658194175786835,0.0014940787289801567,2024-06-12,2024-08-22,739048.0,739119.0,3.0067001959438246,1.2259255249780874,0.5379542911542435,0.3528087246997191
2024-09-21,739149.6701583271,0.7855734598815491,12.43877005064752,0.7041326210847203,-0.00925524696514709,0.002569639758349496,0.0017897777599459137,0.0018438394880502594,2024-06-20,2024-08-22,739056.0,739119.0,2.210305074275707,0.22747052607264492,0.5379542911542435,0.23549813824457813
2024-08-24,739121.6691517255,0.6142079428446982,14.147493684686786,0.5950492149687184,-0.014522527896281482,-0.00392235587958888,-0.002316620315733128,0.0031651454877900946,2024-06-27,2024-08-22,739063.0,739119.0,6.95792386227555,0.16074265742767163,0.5379542911542435,0.3008195031123922
2024-09-10,739138.5842416277,0.25211764975246337,4.4235617410545665,1.9450832628886106,-0.5861787034858021,0.07666823987217171,0.004597532308097344,-0.07653026657325106,2024-07-05,2024-08-22,739071.0,739119.0,0.8720486045585611,0.4357583318944472,0.5379542911542435,0.0808775837857716
2024-11-04,739193.1632863979,0.24049637666835882,9.69223209862898,1.8976473734993742,-0.46784986857766386,0.014568741770674548,0.009781463135085228,0.010796815072861348,2024-03-05,2024-08-23,738949.0,739120.0,1.8590141149897486,0.7968364616825254,0.617435358824249,0.5426917806296886
2024-10-05,739163.3947489846,0.976189163086949,3.2634538757666824,0.6629346249118387,-0.0027625101913664684,0.0002915485070940817,0.0002731123170728725,-0.00010203035946165517,2024-03-12,2024-08-23,738956.0,739120.0,0.8124817971903759,2.83432449548239,0.617435358824249,0.6426178685092837
2024-08-29,739126.0393430882,0.16109831579888792,6.4442878781238795,1.1797400801168594,-0.41200150542564423,-0.017288778063375993,-0.011711090691736063,-0.012718183900801403,2024-03-19,2024-08-23,738963.0,739120.0,3.380198839038916,0.5957315086491882,0.617435358824249,0.5639404382711485
2024-10-24,739182.429315831,0.7744946454310668,12.823796323989573,0.7352600698343983,-0.008116563128031077,0.0009216847990900491,0.00022248176631188858,0.0008944298365620447,2024-03-26,2024-08-23,738970.0,739120.0,2.4993201766973523,0.5318529271149507,0.617435358824249,0.46020461849142524
2024-09-08,739136.4258168334,0.5738773230915722,6.099696405163362,0.768990691961539,-0.03326497997119993,-0.0049282357786453665,-0.0022497589671726698,-0.0043847568324305594,2024-04-03,2024-08-23,738978.0,739120.0,2.200245162961716,0.6350481175310169,0.617435358824249,0.3132432805930336
2024-08-24,739121.2859819453,0.8466118174311703,2.8503651403587282,0.5757790802478938,-0.005311352981219407,-0.0012477589622217461,-0.0011957482984358075,0.00035649464875725734,2024-04-10,2024-08-23,738985.0,739120.0,2.115474214076384,1.2643237467375088,0.617435358824249,0.39627030987619744
2024-09-21,739149.3055153531,0.707383605901737,10.351647376901171,0.7105130837364498,-0.01350701290409546,0.0013678502686624231,0.0009033738613405552,-0.0010270978649216044,2024-04-17,2024-08-23,738992.0,739120.0,2.768508923021539,0.6747863295359344,0.617435358824249,0.37458417071029476
2024-10-15,739173.1211231587,0.5850523227625964,6.217217270832284,0.8240733910865777,-0.02683259810047594,-0.0032755718997007884,-0.0007591742877652902,0.003186381281470485,2024-04-24,2024-08-23,738999.0,739120.0,1.1747121870357298,0.7708577662799441,0.617435358824249,0.34364420266128753
2024-09-08,739136.1572255698,0.8996309555524531,3.541641296547213,0.5574661265598339,-0.0024451260397110727,0.0019244323289829522,0.001914376942847604,0.00019647063273734098,2024-05-01,2024-08-23,739006.0,739120.0,1.1760268574444481,0.3227441836766808,0.617435358824249,0.29839773028811034
2024-10-06,739164.0859667716,0.9780514921497832,14.135973820613453,0.6734884541955894,-0.0029808015482105828,-0.000019472228999709897,-0.00001676393290052043,-9.906475454165918e-6,2024-05-08,2024-08-23,739013.0,739120.0,2.7711079244254937,10.591400303082246,0.617435358824249,0.41611935624925894
2024-09-12,739140.5034871855,0.20079543284031104,8.479386972848507,1.3742445267486736,-0.4188229820745293,-0.023485227626668947,-0.008838696490186326,0.021758523870677032,2024-05-15,2024-08-23,739020.0,739120.0,2.3901418522744993,0.42230391313074733,0.617435358824249,0.31093808864125233
2024-09-12,739140.7993655431,0.6520845778898102,13.277066567605429,0.740881236120436,-0.02113564767546858,-0.0002934531620724053,-0.00008447048939672618,0.00028103290688346623,2024-05-22,2024-08-23,739027.0,739120.0,3.591262322281048,3.537354322959603,0.617435358824249,0.3464479427520293
2024-09-20,739148.9208200925,0.9179499102924102,14.285615109481894,0.697557259155843,-0.005343677631521234,-0.0001757169916023127,-0.0001330928694928971,0.00011472902521992376,2024-05-30,2024-08-23,739035.0,739120.0,3.117009487002931,1.9540988541954742,0.617435358824249,0.33036163807774427
2024-09-14,739142.6685630779,0.3073686656502915,4.641157073001965,0.9533019204004278,-0.14423680165341335,0.02186511981399891,0.01731222294738429,-0.01335553821830436,2024-06-06,2024-08-23,739042.0,739120.0,1.1012391832203885,0.43687535623425977,0.617435358824249,0.20534345999807135
2024-09-16,739144.031061819,0.5686572084290916,7.245536862310023,0.6599021854263697,-0.017905418753941242,-0.01117305959522784,-0.010449008670681482,-0.003956700458530584,2024-06-13,2024-08-23,739049.0,739120.0,1.585433734916261,0.12577442643767903,0.617435358824249,0.08627421847873973
2024-09-21,739149.579596655,0.786831690290031,9.5320443247242,0.5939273014345953,-0.004100010250824638,0.004685678931718569,0.002364409732826138,0.004045386714081646,2024-06-21,2024-08-23,739057.0,739120.0,1.7309547823609244,0.07222843511215968,0.617435358824249,0.0721300009524046
2024-09-18,739146.0467026606,0.029652062639121908,3.9355360290714367,23.14283993449582,-20.234217712453322,-0.2352454457988922,-0.17898422129658026,-0.15265997607747847,2024-06-28,2024-08-23,739064.0,739120.0,0.718683879471943,0.6480614829628819,0.617435358824249,0.11738399891498079
2024-09-08,739136.2445275679,0.690978709458841,3.2497432839765668,1.3325861520814,-0.07791249401046688,0.026671369552091255,0.026047135357039015,0.005736609928896026,2024-07-08,2024-08-23,739074.0,739120.0,0.6947793470117041,0.6211226987929503,0.617435358824249,0.07902082550557955
2024-10-04,739162.3705412357,0.2091915380121479,7.796914295900147,1.745564121699298,-0.520242194707306,-0.0201959803128338,-0.006562853023258971,0.019099910496949223,2024-03-06,2024-08-23,738950.0,739120.0,2.0002090858710164,0.6911335680074964,0.617435358824249,0.5193712047247712
2024-08-29,739126.5746478891,0.3521763965048044,4.255799100093455,0.8613730438486181,-0.11390303015852554,-0.008138471035814047,-0.003560481392751358,0.007318311489179425,2024-03-13,2024-08-23,738957.0,739120.0,2.201376164560376,1.1581680567738595,0.617435358824249,0.620277161922951
2024-09-23,739151.4655992707,0.6340615333783594,5.448053486228453,0.768156126276198,-0.02154330691356005,-0.0023704717152197748,-0.0023467338020884965,-0.0003346290704530166,2024-03-20,2024-08-23,738964.0,739120.0,1.5474863913051475,1.0577124954856882,0.617435358824249,0.48010918033863154
2024-09-16,739144.5360155723,0.7073495609063233,10.271237854901983,0.6693239070078374,-0.011933452880976808,-0.0011326649989485172,-0.0009310070131009223,-0.0006451014969754325,2024-03-27,2024-08-23,738971.0,739120.0,3.1979063466387037,0.7255643637332598,0.617435358824249,0.4809278989320928
2024-09-10,739138.0241223351,0.8867030856833056,4.14875799666692,0.6417422993807489,-0.005214629627405355,-0.0006752858272102714,-0.0005822209165808762,0.00034209611621119704,2024-04-04,2024-08-23,738979.0,739120.0,1.4376907058963109,1.6504255952053875,0.617435358824249,0.4005721580819801
2024-10-07,739165.3446479172,0.13667524975060277,5.127043180456038,2.1631353390157977,-0.9418362401436018,-0.01740244204918696,-0.017402287406420875,0.0000733641577053596,2024-04-11,2024-08-23,738986.0,739120.0,1.1220061581911014,1.4427400974134,0.617435358824249,0.4181789512061714
2024-09-11,739139.455524818,0.9849764947889812,3.482367703251744,0.5974832675766362,-0.0024932953769921246,0.0006338665839212712,0.000633440978821355,-0.000023224395834241873,2024-04-18,2024-08-23,738993.0,739120.0,1.1187757116575892,1.1125694098945593,0.617435358824249,0.38217390362115833
2024-09-06,739134.0976082204,0.6474103134854142,5.180423606405997,0.7082370190396444,-0.02022907996596673,0.0037024978960027975,0.0034549983263652394,0.0013309685325801407,2024-04-25,2024-08-23,739000.0,739120.0,1.8572155585473873,0.6828033617023279,0.617435358824249,0.27831131649194923
2024-10-03,739161.4642576406,0.7758249913436079,6.814169243653023,0.7366417980064079,-0.009367951401288644,-0.001967803244069249,-0.0017702286367961072,-0.0008593836051708555,2024-05-02,2024-08-23,739007.0,739120.0,1.4262709623763778,0.5420181207959952,0.617435358824249,0.2588132616625787
2024-09-12,739140.5472511238,0.5015229929752675,9.511823140779615,0.8018318878619995,-0.04693693813933763,0.003661390361328102,0.003474803024275483,0.0011539165136665158,2024-05-09,2024-08-23,739014.0,739120.0,2.752017327503894,0.675920788529383,0.617435358824249,0.38249154842041944
2024-09-15,739143.4967988926,0.7405903918698676,2.2392080827217393,0.2970363269320951,0.010430362866916563,0.01001111203641239,0.004745197271865937,0.00881507045103311,2024-05-16,2024-08-23,739021.0,739120.0,0.5884637433300263,0.3445884496823375,0.617435358824249,0.32613184803599593
2024-10-03,739161.5863880197,0.5930189776642883,11.53542553669949,0.9643932655890383,-0.03971454751022478,0.00438932325994405,0.0019065834994459378,-0.003953618347782997,2024-05-23,2024-08-23,739028.0,739120.0,2.1424735936660118,0.46514357237924325,0.617435358824249,0.22535209546192822
2024-09-07,739135.4484431618,0.7943815211432037,12.944808425336236,0.6751371828769178,-0.0098881277136147,-0.00009859352096013882,-0.00007352795656681532,0.00006568349852455981,2024-05-31,2024-08-23,739036.0,739120.0,3.836418856900584,6.1545909830667185,0.617435358824249,0.33922172272802364
2024-09-02,739130.3919802443,0.8555064133247743,11.936688308005762,0.6513786358125153,-0.007713299517601432,0.00030618866898547063,0.00009867782434254659,0.00028985201051246064,2024-06-07,2024-08-23,739043.0,739120.0,4.0453391846862194,1.8054709164367075,0.617435358824249,0.32814541607305164
2024-08-28,739125.5974452404,0.1553304727099545,10.72889838769158,1.0831456967673905,-0.3602437596533354,-0.00289602231521547,-0.0010600295731691722,-0.0026950477832930453,2024-06-14,2024-08-23,739050.0,739120.0,4.444963016620319,1.80092693800875,0.617435358824249,0.3755470038799838
2024-08-25,739122.7334499484,0.78553188325139,12.427145231760347,0.6052837262381928,-0.008442176901365147,-0.0023225976449399153,-0.0020484656723922827,0.001094645243588476,2024-06-24,2024-08-23,739060.0,739120.0,6.197230927300756,0.22975919984326273,0.617435358824249,0.2990623797110985
2024-09-10,739138.1362427307,0.6104800495101835,14.905152931211335,0.6819420911835604,-0.018521065581427028,-0.0018639828699270114,-0.0016008749234299336,0.0009547940191028336,2024-07-01,2024-08-23,739067.0,739120.0,3.242088648525948,0.4069669038022302,0.617435358824249,0.2920732011175919
2024-09-02,739130.2037147233,0.7130622862084678,9.288561050839348,0.5206776764267513,0.0005223898508043192,-0.005871206876418755,-0.003894533251164844,0.004393595445791323,2024-07-09,2024-08-23,739075.0,739120.0,2.495816414980606,0.006830403731223159,0.617435358824249,0.14264001586347438
2024-09-18,739146.2324149782,0.1310479197794481,11.324392622813411,2.0474330531227527,-0.9351961238025203,0.006483903490544144,0.00047894595519194826,0.006466190164748936,2024-03-07,2024-08-26,738951.0,739123.0,3.8365222527779106,1.669096203860699,0.6374582746993567,0.6764715716015515
2024-09-03,739131.866945702,0.04041770224750075,8.851815985801311,4.245649054543161,-3.267432873619843,-0.012476438151238741,-0.009882743651018112,0.007615306091677917,2024-03-14,2024-08-26,738958.0,739123.0,4.192562911014957,1.1957910517018309,0.6374582746993567,0.7046454790091016
2024-10-02,739160.71644188,0.8825028615662824,9.373500730585308,0.6509408790614715,-0.004276600302094835,-0.00017730484757046407,-0.00008176890736048412,0.00015732404381104008,2024-03-21,2024-08-26,738965.0,739123.0,2.456418440052808,2.270870441994697,0.6374582746993567,0.6012621190791936
2024-09-08,739136.525963293,0.3316005098691928,11.263881760596934,0.9226838436699737,-0.12910065783869687,-0.0027392699376894898,-0.002487237654296703,0.0011477145300892626,2024-03-28,2024-08-26,738972.0,739123.0,4.478990628258385,1.3874608281037073,0.6374582746993567,0.49272366185724326
2024-09-15,739143.8868594145,0.9264711157019483,9.060560747367603,0.6257277248008292,-0.0038124859792324686,0.0004081098727311579,0.00025425676454599884,-0.00031922901795300874,2024-04-05,2024-08-26,738980.0,739123.0,2.970668915662258,0.9552300179883428,0.6374582746993567,0.4191781113631797
2024-10-19,739177.3493301567,0.32536130862941964,2.6910670264755083,0.9570101290459481,-0.1193028670613324,0.014353733691248819,0.0011917573811488634,-0.0143041736994406,2024-04-12,2024-08-26,738987.0,739123.0,0.5368392642076556,1.004910508121034,0.6374582746993567,0.4343131595253898
2024-09-28,739156.2770873226,0.12131533435034239,13.548956987792893,2.330512443863464,-1.1225506926463171,0.0050097639611579895,0.004330965451986108,-0.002518029626557272,2024-04-19,2024-08-26,738994.0,739123.0,3.4166520397364217,2.0063122893425915,0.6374582746993567,0.4228504884184698
2024-10-22,739180.035719864,0.4189717213658971,4.328640192549511,0.7092474550081155,-0.038513585954647364,0.011768363438332093,0.01077153090437928,-0.004740094934985338,2024-04-26,2024-08-26,739001.0,739123.0,0.7880659541692681,0.31676056468184427,0.6374582746993567,0.3750820002996606
2024-09-18,739146.3536425178,0.45549340502823654,14.514994356849737,0.867446607853961,-0.06355591660940568,0.003277865883728484,0.00042317334073908034,0.0032504352132289665,2024-05-03,2024-08-26,739008.0,739123.0,4.109865546253247,0.6084571913728547,0.6374582746993567,0.3909008296063722
2024-09-10,739138.5296454234,0.8515070089159373,12.51579617766681,0.6487009781378861,-0.006368868598565661,-0.000581049681092052,-0.0005563019475900307,-0.00016777030429940254,2024-05-10,2024-08-26,739015.0,739123.0,4.130768920435687,0.7457251096142861,0.6374582746993567,0.3926747691857085
2024-09-23,739151.7485608886,0.39844461152035116,4.205083405478241,0.785221906488052,-0.06138956256556667,-0.011792088718921085,-0.008236809082655415,-0.008438502976878728,2024-05-17,2024-08-26,739022.0,739123.0,1.0085817086981141,0.4932841311342013,0.6374582746993567,0.3178639744093454
2024-09-30,739158.8939982555,0.5824633553063351,11.577001188813368,0.9469379532663421,-0.0411139400305076,0.0044750892970065945,0.0009252561110202243,-0.004378393009450236,2024-05-24,2024-08-26,739029.0,739123.0,2.369776371265298,0.4622319084709019,0.6374582746993567,0.23890165370785818
2024-10-05,739163.2184187995,0.6526969116441327,13.450464313657422,0.9195489454507226,-0.02761653509051728,0.002950840354064533,0.0012226429758783275,0.0026856289670598743,2024-06-03,2024-08-26,739039.0,739123.0,2.414111361401016,0.4541483661323336,0.6374582746993567,0.25999891456096097
2024-09-03,739131.8201725658,0.6769069454046533,5.60917358031616,0.6003934708238728,-0.009075241387424611,-0.00811963229084059,-0.0018170771053304493,0.007913700735543717,2024-06-10,2024-08-26,739046.0,739123.0,2.031145365202867,0.1348813530166517,0.6374582746993567,0.11892280787220942
2024-08-28,739125.3536747433,0.6398660771032735,10.074051205395678,0.6541866338623045,-0.01915276156023655,0.0015807382208836275,0.001460633235325168,-0.0006043871894951685,2024-06-17,2024-08-26,739053.0,739123.0,5.4923659609389475,0.7695846205015457,0.6374582746993567,0.33140779312059393
2024-08-31,739128.3969773619,0.6918583089844287,2.6909169452277153,0.7547422772983244,-0.030208679925309543,-0.014263563658181433,-0.012431708189208435,-0.006992987897126808,2024-06-25,2024-08-26,739061.0,739123.0,1.081286346432694,0.5445284439400934,0.6374582746993567,0.13740084345004813
2024-08-31,739128.6859827676,0.8499229519071649,11.851299962663408,0.5991268623836263,-0.004769293553379237,0.001535022159951415,0.0015056059955950434,0.00029907125834851753,2024-07-02,2024-08-26,739068.0,739123.0,4.465955625389986,0.22281938533057402,0.6374582746993567,0.2737433788814233
2024-09-06,739134.526317401,0.3254178315063983,12.267148553558503,0.5644934285856569,-0.011054301074578575,-0.015413635237735217,-0.0060085794615184155,0.01419426377437632,2024-07-10,2024-08-26,739076.0,739123.0,3.172307873218534,0.01902496794848589,0.6374582746993567,0.18199960374437718
2024-09-04,739132.557742244,0.5052109247985966,7.687701672403145,0.7260271696624071,-0.03928610845140402,-0.0023054355519718005,-0.0012926389991819083,-0.0019089571765991803,2024-03-08,2024-08-27,738952.0,739124.0,3.730822534276655,1.119856142649411,0.624154309072994,0.6382086521156415
2024-10-22,739180.852870259,0.11270124721941491,5.094538540021194,2.865268248223121,-1.4446834570372844,-0.014669654769124355,-0.013037569530254142,-0.0067246227990186746,2024-03-15,2024-08-27,738959.0,739124.0,1.1039714627622939,2.1785958727456576,0.624154309072994,0.6141961354320907
2024-10-08,739166.3022627397,0.29582014613629065,12.587743314386653,1.193055071829853,-0.20223955819133702,-0.01236345500639078,-0.002160017111644576,-0.012173304636476149,2024-03-22,2024-08-27,738966.0,739124.0,3.115263322481897,0.38442013255534374,0.624154309072994,0.42388207265572075
2024-08-29,739126.6027399707,0.9009726633888633,11.881829694770062,0.5801727654606351,-0.004159388979376332,-0.0003673021839558974,-0.00010065987171892873,-0.00035323998154838113,2024-04-01,2024-08-27,738976.0,739124.0,7.674041494005823,0.8586858711615417,0.624154309072994,0.46490835124844637
2024-09-11,739139.867390213,0.03125212735380068,3.8312242397152256,5.6578115649686085,-4.60047512562247,-0.0417441493772279,-0.03151280187230682,0.027377314064477777,2024-04-08,2024-08-27,738983.0,739124.0,1.3970383608137906,0.8989780433495359,0.624154309072994,0.4009307033678297
2024-10-04,739162.6505413654,0.44807762652204886,10.6997246416324,0.9943677185380246,-0.07735920606046526,-0.007854787209228524,-0.004788051223611682,0.006226736511394287,2024-04-15,2024-08-27,738990.0,739124.0,2.5487664308263227,0.4124375873209581,0.624154309072994,0.26541862058136506
2024-10-05,739163.165792317,0.01951421351605998,2.172463455231311,1.4702140697155306,-0.9674948770527158,-0.12735593232443593,-0.04767647849504174,0.11809524502086498,2024-04-22,2024-08-27,738997.0,739124.0,0.49968377797055563,0.06823827937161701,0.624154309072994,0.40742741482230255
2024-09-30,739158.5637287387,0.5065585802532268,5.484675543256893,0.8406109732422025,-0.04283874848795576,-0.005546600439131674,-0.004531863752495454,-0.0031979661286814015,2024-04-29,2024-08-27,739004.0,739124.0,1.3074508804072338,0.713326942630504,0.624154309072994,0.33190666479677405
2024-10-11,739169.7709566574,0.7954327433011072,10.960200486310576,0.829869507466252,-0.010888930663384996,-0.0019462011733409274,-0.0009540743962821085,-0.0016963021704497505,2024-05-06,2024-08-27,739011.0,739124.0,2.169669985166498,0.4060527613910799,0.624154309072994,0.2150147632663297
2024-10-01,739159.9758005798,0.6456658107444363,4.802908953784279,0.6665049857671386,-0.012257488598675054,0.004282038041242286,0.003672134791132788,0.0022025612051423745,2024-05-13,2024-08-27,739018.0,739124.0,1.0493852539392536,0.3848171448346232,0.624154309072994,0.3279877750907814
2024-10-12,739170.5241105752,0.38074178599093356,10.654614255000128,1.2816262665799514,-0.15261461114958488,-0.013083094414822808,-0.012336456505322902,0.004356512407814765,2024-05-20,2024-08-27,739025.0,739124.0,1.9337666394407325,0.4168486994046571,0.624154309072994,0.18731143338066525
2024-09-05,739133.8623630889,0.05969923606050466,11.212763271942578,2.9135048855758185,-1.9665507445587314,-0.009844137511556038,-0.0035163954183355843,-0.009194672729811173,2024-05-28,2024-08-27,739033.0,739124.0,4.1491729744996615,1.063612924790049,0.624154309072994,0.3931053801971912
2024-08-28,739125.7794515985,0.3594169902998528,12.38735363779686,0.7822919500864259,-0.09111414657286417,-0.0019604948486016184,-0.0008573204227279209,-0.0017631057098674203,2024-06-04,2024-08-27,739040.0,739124.0,7.640530690040405,1.348466535642324,0.624154309072994,0.3806380371454901
2024-09-19,739147.3198794445,0.16161253064999584,3.349778208607678,2.730542027698795,-1.2044097803586051,-0.06551447749494932,-0.0014596188531053168,0.06549821580959204,2024-06-11,2024-08-27,739047.0,739124.0,0.7778729090019705,0.8869435292450751,0.624154309072994,0.24024364667289513
2024-09-21,739149.8999951091,0.5912184819202827,9.791999134487277,0.6953478001080843,-0.01858861759368124,-0.009651292645710111,-0.005655105986167202,0.007820947897688231,2024-06-18,2024-08-27,739054.0,739124.0,2.0401030074915023,0.1162888951258474,0.624154309072994,0.10072113787284194
2024-09-12,739140.4652350202,0.32178253337112267,9.497553787930054,0.8562400804353391,-0.1041821820065445,0.02622953834810774,0.020496417692589107,-0.016367209405569867,2024-06-26,2024-08-27,739062.0,739124.0,2.3601918809639004,0.13457162818472362,0.624154309072994,0.17966067944300837
2024-08-29,739126.8665033396,0.16998344607508667,5.302842039839556,0.7808340659015627,-0.1589587378616114,0.06042547191877272,0.05940450637634214,-0.011060844397672218,2024-07-03,2024-08-27,739069.0,739124.0,2.5361790508840176,0.08432615410096157,0.624154309072994,0.09820930275006858
2024-09-06,739134.096664551,0.7224310849690915,6.026654054296843,0.6154214110515378,-0.008634559958029966,-0.008115223834245884,-0.007006900909035567,-0.004093922023056743,2024-07-11,2024-08-27,739077.0,739124.0,1.6618040315270084,0.1275439517034701,0.624154309072994,0.07387329137720941
2024-10-12,739170.3110603206,0.6487494133327391,4.050730761365753,0.8354004921238146,-0.020789918699162604,-0.0008946281800403333,-0.0008154299097051456,-0.0003680131015066406,2024-03-11,2024-08-27,738955.0,739124.0,0.9907029062678026,3.7218067321173045,0.624154309072994,0.6513565465693104
2024-11-04,739193.1005839889,0.17665592304668135,6.981349785198701,2.284405361445335,-0.8001424660330223,0.011867224339156332,0.01075457896210918,0.0050169756690284124,2024-03-18,2024-08-27,738962.0,739124.0,1.3414394782129397,1.7061097835790684,0.624154309072994,0.5751327785371668
2024-11-07,739196.6539671522,0.0051407069926450175,12.296889414084767,66.47779329075269,-64.44075105002054,0.03999113727360042,0.023578365837611154,0.032300955479114296,2024-03-25,2024-08-27,738969.0,739124.0,2.235252950871707,0.6736346561988754,0.624154309072994,0.45537831920489025
2024-08-29,739126.9689068866,0.5111079996870008,12.992953778668376,0.6933664053197242,-0.0365764657373084,-0.002242008590297279,-0.0014164445182656851,-0.00173789742092043,2024-04-02,2024-08-27,738977.0,739124.0,8.110759837791091,0.6417549858258154,0.624154309072994,0.44021870577681377
2024-09-07,739135.619024015,0.36575087302478054,6.572353654210739,0.9367065259265513,-0.11829639095149896,0.013290634706182584,0.012866914166288792,-0.00332918769830447,2024-04-09,2024-08-27,738984.0,739124.0,2.6869466294078577,0.49532496841285184,0.624154309072994,0.29834788447814986
2024-10-20,739178.71685646,0.960353521071788,4.028651892852162,0.7237228496154082,-0.003231741275382402,-0.00029463806943227195,-0.00023687640886355365,-0.00017521746169455504,2024-04-16,2024-08-27,738991.0,739124.0,0.7904227604557006,2.6146834338750096,0.624154309072994,0.4295427954747496
2024-09-23,739151.2142905555,0.4612485394023228,3.2176354128241824,0.7711424030409993,-0.04521924788913083,0.0062450459424870305,0.005673495366472,-0.0026099902586780807,2024-04-23,2024-08-27,738998.0,739124.0,0.884962068467375,1.0379725486699654,0.624154309072994,0.40066587874808113
2024-10-16,739174.5259993566,0.9280418333911238,5.347927795318297,0.670945332879134,-0.0031183057054692243,-0.0007879391008796857,-0.0006411192026077584,-0.00045805479447624987,2024-04-30,2024-08-27,739005.0,739124.0,1.0303315815961762,0.686764843877417,0.624154309072994,0.3596395774906454
2024-09-05,739133.2249287141,0.9606093837618672,3.736965615292422,0.5778307958138684,-0.002255012621621329,0.001632714117710464,0.0013042320909451824,0.000982208757403342,2024-05-07,2024-08-27,739012.0,739124.0,1.5319372082484681,0.35503122582225904,0.624154309072994,0.28403667214617134
2024-10-14,739172.9729986035,0.04535559623221364,4.822290083960007,3.950643751636311,-2.8568740310390757,0.05262972358010986,0.0046066009933486,0.05242773151116554,2024-05-14,2024-08-27,739019.0,739124.0,0.879167548243092,0.5105491423772287,0.624154309072994,0.3575232704495438
2024-09-30,739158.495332253,0.8941558681399078,3.271210206228989,0.561947704541169,-0.0017778712536894179,0.0018187630110071662,0.0017917519435909153,-0.0003122881087169836,2024-05-21,2024-08-27,739026.0,739124.0,0.7006229963351218,0.2671953976172913,0.624154309072994,0.3382968797033066
2024-09-22,739150.7301346613,0.29397580516353267,5.301360720441797,1.1134557196194452,-0.19140021598618465,-0.01754247539287907,-0.016106488652859387,0.006951220481690937,2024-05-29,2024-08-27,739034.0,739124.0,1.2437311927551595,0.6050284267689563,0.624154309072994,0.24415286668286518
2024-09-28,739156.2964136476,0.9251982664152563,11.968185465706497,0.7698738690029261,-0.006173148061474561,0.000951049667934024,0.0009456141453898302,-0.0001015350132519734,2024-06-05,2024-08-27,739041.0,739124.0,2.423948242011064,0.5017761269161576,0.624154309072994,0.24927375508139732
2024-10-02,739160.320485858,0.46144143355120815,3.510087914619949,1.5431258507747014,-0.1597930348783317,-0.0195514902579956,-0.019533325846732823,0.000842586893949977,2024-06-12,2024-08-27,739048.0,739124.0,0.6306990763342811,1.074426158091401,0.624154309072994,0.26482058155870725
2024-09-25,739153.5839179439,0.5434789542901434,11.968009564869812,0.8426172799308789,-0.03798430919885656,0.008290623644716076,0.006834815947847534,-0.004692518660311783,2024-06-20,2024-08-27,739056.0,739124.0,2.2733058065114626,0.20805484578047342,0.624154309072994,0.20046999841756463
2024-08-27,739124.698921903,0.36628141329874847,12.240936645567299,0.690339815113962,-0.05857328456745271,-0.008027019400921343,-0.0057205879542577805,0.005630978060725188,2024-06-27,2024-08-27,739063.0,739124.0,8.728901428872637,0.21834612893054847,0.624154309072994,0.31297542574642684
2024-09-03,739131.4683735379,0.4135202056037658,2.5230064968782373,1.1146780773689065,-0.16571760247376716,-0.04392879903429583,-0.043722070788533095,-0.004256748824872265,2024-07-05,2024-08-27,739071.0,739124.0,0.8398168459656303,0.6182977661708823,0.624154309072994,0.16487229850406399
2024-08-28,739125.5065462989,0.9410435306415983,3.1858079960698724,0.6390472720038767,-0.009134143489342533,0.007588168987030736,0.0020883895694316767,-0.007295131087377665,2024-07-12,2024-08-27,739078.0,739124.0,1.749809187654991,0.35556659364337495,0.624154309072994,0.06877092375737526
2024-09-18,739146.6192385479,0.212577627032073,4.8984357319745016,1.4435741015932528,-0.41456394976257294,0.010307656335598185,0.008966568344531965,0.005084135251508823,2024-03-12,2024-08-28,738956.0,739125.0,1.6969732337657888,1.7453870257023751,0.5947071077466928,0.6334328628090238
2024-11-16,739205.203336837,0.9270695468944434,12.087495506502977,0.7866092733980116,-0.003811804116128715,0.0002142410090818719,0.000036183690919931655,0.00021116332655986823,2024-03-19,2024-08-28,738963.0,739125.0,2.1261908294114176,1.364595576397422,0.5947071077466928,0.6241582202648761
2024-10-12,739170.7883789034,0.6141429829132002,5.49101404672126,0.8417951745034296,-0.024697010353487724,-0.0020626630457608397,-0.0002836340797792783,-0.002043068904646914,2024-03-26,2024-08-28,738970.0,739125.0,1.2918500594746574,1.3391617469177315,0.5947071077466928,0.475594536470813
2024-09-12,739140.6985621931,0.51480268622174,9.068434401715699,0.7698102461816272,-0.039995029303744614,-0.0030004846377124335,-0.00028362821191473366,-0.0029870492293489845,2024-04-03,2024-08-28,738978.0,739125.0,3.3748793997755624,0.7566988960151951,0.5947071077466928,0.40850631753257555
2024-10-03,739161.0446596815,0.8123275964111158,2.3705328254655296,0.6889612988739358,-0.0063674115222032476,-0.0010043279716077903,-0.00046001230797942174,0.0008927840450306359,2024-04-10,2024-08-28,738985.0,739125.0,0.5983613539427283,2.1725640776372237,0.5947071077466928,0.43921116690010714
2024-09-13,739141.9322105197,0.5715370730486004,10.552022635129202,0.7594175914369844,-0.03025856287600147,0.0010197497947134026,0.000891973465824342,-0.0004942398001813879,2024-04-17,2024-08-28,738992.0,739125.0,3.6627277826910256,1.607175721236526,0.5947071077466928,0.42455038035116405
2024-09-03,739131.753310309,0.08128737299437196,13.169108900885512,2.1255551064448035,-1.2394835323064688,0.012997510865188883,0.004252833824556893,-0.012282047596040641,2024-04-24,2024-08-28,738999.0,739125.0,6.242639598384347,0.5886366127648578,0.5947071077466928,0.44960941137893395
2024-10-05,739163.3578904462,0.34746002187101005,2.292461518689882,0.17545679814586324,0.06607833331027019,-0.042997714633749136,-0.020353766554433227,0.037875158755745965,2024-05-01,2024-08-28,739006.0,739125.0,0.5150178746039834,0.23292520990539517,0.5947071077466928,0.3846927765701565
2024-10-07,739165.1936581813,0.6701676584033992,14.906544277839576,0.8065552003768082,-0.018314229256989157,0.0007293955008418475,0.0006610125716283735,0.0003083507366580692,2024-05-08,2024-08-28,739013.0,739125.0,3.158785898181615,1.128839134846601,0.5947071077466928,0.411438849756903
2024-09-01,739129.2022082353,0.2308351228566659,5.544219701559293,0.9456589883039586,-0.21074775314638736,0.03116138916744707,0.00048398482513382614,0.03115763042232396,2024-05-15,2024-08-28,739020.0,739125.0,2.8744657409224907,0.28158375821738174,0.5947071077466928,0.24204860955741478
2024-09-15,739143.0302928264,0.787271889507611,5.875172661363535,0.6590836853276555,-0.0077010823758470555,-0.0031488731886637994,-0.0013536200931595667,-0.002843081954794904,2024-05-22,2024-08-28,739027.0,739125.0,1.7408980184992922,0.3277183112295699,0.5947071077466928,0.1838762296210152
2024-09-22,739150.0277456436,0.957146885517818,13.72999417876036,0.7072667666867797,-0.004614710402138496,0.0003196320814008677,0.00029916039402330685,0.00011255099336954196,2024-05-30,2024-08-28,739035.0,739125.0,3.33283611348991,1.006473457951809,0.5947071077466928,0.3261532050100339
2024-09-11,739139.8931680012,0.9229341591287756,8.244285701320493,0.6737666394336435,-0.00527401680395097,0.0015974268560771524,0.0010062393783969459,0.0012406671084057412,2024-06-06,2024-08-28,739042.0,739125.0,2.4706858585811053,0.36960532040297667,0.5947071077466928,0.21534085096195207
2024-09-27,739155.3896494574,0.8886485998651867,14.046375749891133,0.7734660322144087,-0.007350629085735478,-0.000893593361590049,-0.0005571856982315116,0.0006986080400081772,2024-06-13,2024-08-28,739049.0,739125.0,2.8011582232155727,0.5204156568769763,0.5947071077466928,0.2817706826608044
2024-09-29,739157.5800325479,0.702558476155929,4.763236330979515,1.092745423581542,-0.03493663507665976,-0.006890082764239269,-0.0009354785474696161,0.006826281592879919,2024-06-21,2024-08-28,739057.0,739125.0,0.8545630391747813,0.7478887195619732,0.5947071077466928,0.1993856877276972
2024-09-02,739130.3383872695,0.6891490172707343,14.311025472238153,0.6476579503601313,-0.012947279685752294,0.001813333180369983,0.0014061666418642173,-0.0011449334471221575,2024-06-28,2024-08-28,739064.0,739125.0,5.739376766782582,0.3438296362574055,0.5947071077466928,0.29598920615100266
2024-09-05,739133.6597743203,0.41508726335122936,13.913693016614438,0.6795392148715742,-0.03587947165353239,-0.006113180353264119,-0.0029510623730890913,0.005353709452489198,2024-07-08,2024-08-28,739074.0,739125.0,4.273787821494345,0.1750958371324968,0.5947071077466928,0.23936357266322275
2024-09-09,739137.6800660085,0.7818590705178601,6.340344021145164,0.6445982353204883,-0.008506944406477845,0.006763783249561185,0.00419512990349964,-0.0053056242742779616,2024-07-15,2024-08-28,739081.0,739125.0,1.5110133320456807,0.15509563268363008,0.5947071077466928,0.06409847666112017
2024-09-10,739138.6264250033,0.8910954762506167,14.048436261780646,0.6268195071910553,-0.004667614403413011,-0.0003872397070858739,-0.00038648463756023267,0.000024170553859789812,2024-03-13,2024-08-29,738957.0,739126.0,5.961208969967366,0.7645595931663446,0.6196800286780728,0.649115814050671
2024-09-16,739144.5413607057,0.5434827449054004,12.502310418175895,0.7595592306217174,-0.032992057334352204,-0.0014450259982931412,-0.0011794199965250204,0.0008349063465682903,2024-03-20,2024-08-29,738964.0,739126.0,4.528707390832287,0.9924970394435132,0.6196800286780728,0.567383397115018
2024-10-17,739175.6031983978,0.41435317727019727,14.395367681353962,1.0731394239473067,-0.09536762276032651,-0.005209606468409329,-0.0006207505531689173,0.005172491498923205,2024-03-27,2024-08-29,738971.0,739126.0,3.2465194293749264,0.5269191109401087,0.6196800286780728,0.4424222025651996
2024-09-12,739140.0667599767,0.4007596081616066,4.4304035466268115,0.8779269898067028,-0.08533886243544093,-0.006144669268666664,-0.0008508771558714219,-0.006085471919819583,2024-04-04,2024-08-29,738979.0,739126.0,1.7190871645788202,1.2562873719931695,0.6196800286780728,0.40728806944551643
2024-09-22,739150.0361602502,0.8296062840175462,12.057634969597252,0.6934881617169866,-0.007223817121472951,-0.00022842852377752605,-0.00010279482579984298,0.00020399219167399445,2024-04-11,2024-08-29,738986.0,739126.0,3.6855541647717716,2.1758367650614185,0.6196800286780728,0.44037011641570273
2024-09-08,739136.9351415163,0.051677678018898124,2.5660477043976178,3.2104927840666915,-2.2626498460460183,-0.031961462925624434,-0.0311856310098268,-0.006999395035643738,2024-04-18,2024-08-29,738993.0,739126.0,1.0526003577635779,1.4257026825083927,0.6196800286780728,0.4010160651184555
2024-10-01,739159.0741338966,0.5570019647269017,7.320711150575736,0.9148699689048946,-0.04130859962226511,0.004792050642803833,0.003592404494697891,-0.003171494806817601,2024-04-25,2024-08-29,739000.0,739126.0,1.8299709706288032,0.6558771925380801,0.6196800286780728,0.26878876811859237
2024-09-11,739139.6385749497,0.09684052301416116,9.35923974923682,2.0889466028740196,-1.1198676904167848,0.01611262439577285,0.0100113230039224,-0.012624978282372946,2024-05-02,2024-08-29,739007.0,739126.0,3.3883616135419805,0.7191458613478287,0.6196800286780728,0.40241587674788926
2024-10-07,739165.6971124484,0.5938342385260303,12.352681231628285,0.8931661039654126,-0.03235457272317487,-0.003312363925743343,-0.0028470751014021147,-0.0016929022841091531,2024-05-09,2024-08-29,739014.0,739126.0,2.6356211172024318,0.4695713834359331,0.6196800286780728,0.3366219069154313
2024-09-21,739149.9663130743,0.19757652541251797,2.008378997959842,0.8600280143188624,-0.18213454163289622,0.03932125003402933,0.030367216140197422,0.024979849641925088,2024-05-16,2024-08-29,739021.0,739126.0,0.5379285959219244,0.4556744455536329,0.6196800286780728,0.37649019732560784
2024-09-19,739147.8997892203,0.8527209702136092,3.8419512492247607,0.6681370873612015,-0.005921747486338002,-0.0010867440742324673,-0.0006629300880524127,0.0008611250671268389,2024-05-23,2024-08-29,739028.0,739126.0,1.0396010359744603,1.209421534379692,0.6196800286780728,0.3102270412701104
2024-10-02,739160.833842099,0.040346159354776485,5.872448872445537,6.615442621210849,-5.176505973208762,0.04710897205132326,0.04685046577042396,-0.004928397795094055,2024-05-31,2024-08-29,739036.0,739126.0,1.1929553758060056,0.7549462755334954,0.6196800286780728,0.2565074554072354
2024-09-12,739140.3433480011,0.6100261668908907,12.832061058658915,0.7818171834461115,-0.029126819446978872,0.0014325081709977514,0.0014213769602151884,0.00017823354607018793,2024-06-07,2024-08-29,739043.0,739126.0,3.9108920543745387,0.9666026973671147,0.6196800286780728,0.3366415638409177
2024-09-02,739130.1770194598,0.9669518164907018,11.782255088112572,0.6335186638896503,-0.004472876945346926,0.00035934941951191665,0.00013980178566961183,0.00033103997647888304,2024-06-14,2024-08-29,739050.0,739126.0,5.540551258807457,1.0215189209922089,0.6196800286780728,0.313102776621586
2024-09-20,739148.4760270941,0.2969366084954244,8.310617853728306,0.8254479287156966,-0.10125837030848578,-0.03398268443672006,-0.017390390741649168,0.02919584133705447,2024-06-24,2024-08-29,739060.0,739126.0,1.8124394647394695,0.10646422130810512,0.6196800286780728,0.07267792909562387
2024-09-15,739143.3390076119,0.2128648708062953,12.864663889266735,1.034025314084532,-0.23388708451564752,0.021222958982973612,0.012945275583260973,0.01681766416796362,2024-07-01,2024-08-29,739067.0,739126.0,3.0348190411894924,0.18235003753985798,0.6196800286780728,0.2606480873463032
2024-09-11,739139.4611912393,0.607152057169673,14.738381970547733,0.6255926594425926,-0.010250280469310069,0.003996096882992009,0.003184737442910493,0.0024137600787945733,2024-07-09,2024-08-29,739075.0,739126.0,3.673937179990282,0.10566895265300326,0.6196800286780728,0.22334817354428835
2024-09-09,739137.1662046546,0.4531681631458123,11.932007385117304,0.5922011810998717,-0.008386155469018903,0.006612392665033197,0.0047526434027991005,0.00459740333692999,2024-07-16,2024-08-29,739082.0,739126.0,3.033634811690093,0.04816706144082724,0.6196800286780728,0.165652122878988
2024-09-14,739142.4789441748,0.2838478756522563,8.948253800024556,1.0572522159921578,-0.19346976407381622,-0.00894434634239337,-0.004509533762127655,-0.007724340537606846,2024-03-14,2024-08-30,738958.0,739127.0,3.529143429942623,0.6861385955001371,0.6015799870344549,0.608834031120207
2024-10-19,739177.1683116881,0.0018783450526995709,7.435365758565406,160.22546105943508,-158.41874005883406,-0.039381664635984484,-0.010348605493924974,0.03799765616235109,2024-03-21,2024-08-30,738965.0,739127.0,1.7064226763602062,1.0162148187617634,0.6015799870344549,0.46829555294391073
2024-11-08,739197.756768268,0.6785279663420308,12.017929124860524,0.9430786517494963,-0.019444337606684025,0.001431184668361911,0.0014280184226681863,-0.00009514693623263935,2024-03-28,2024-08-30,738972.0,739127.0,2.2191485030156826,0.7670710488241297,0.6015799870344549,0.4359443695389843
2024-11-05,739194.9544401339,0.8346457204183961,9.700346445537647,0.8995733284474958,-0.008543175379016506,0.00082651035146317,0.0006499041228723851,0.0005106309745297955,2024-04-05,2024-08-30,738980.0,739127.0,1.777889398261074,0.889377115306317,0.6015799870344549,0.3566640130368418
2024-10-23,739181.1775512169,0.7335653744177494,9.557657694443053,0.9394904236960002,-0.016650978213999836,0.00199653258823381,0.000620139892887034,-0.0018977799896536093,2024-04-12,2024-08-30,738987.0,739127.0,1.9417556227352084,0.6401042351471916,0.6015799870344549,0.26756147817116344
2024-09-01,739129.3219874456,0.3649856322680008,10.415241150864144,0.7966378160712051,-0.09005397348584944,0.0030645581600082425,0.0003054846556761733,-0.0030492943185628217,2024-04-19,2024-08-30,738994.0,739127.0,6.738682011172983,1.0297728821172942,0.6015799870344549,0.43785140404992956
2024-09-19,739147.4539828713,0.02058208996336131,6.819036576393251,9.768091172823315,-8.571962404252279,-0.052358657871089204,-0.039756251457156354,0.03407153539447738,2024-04-26,2024-08-30,739001.0,739127.0,2.136416843443614,0.4941493224434214,0.6015799870344549,0.2796836190047133
2024-09-29,739157.1277790124,0.46908123906347254,11.404388678916202,0.9338697312142199,-0.06438698640634624,-0.004479543841516201,-0.0006388921914324753,-0.004433748954980686,2024-05-03,2024-08-30,739008.0,739127.0,2.9029346081126093,0.5912080796195927,0.6015799870344549,0.3695637816101904
2024-09-28,739156.2610515837,0.6117055336562974,10.045888767109027,0.858087732882211,-0.030037741632562516,-0.004462518370952823,-0.0004216235248006179,-0.0044425560001452044,2024-05-10,2024-08-30,739015.0,739127.0,2.5171576281633365,0.4098654443041478,0.6015799870344549,0.25087261298673447
2024-10-16,739174.0087326386,0.0922052202582231,6.5741452964782665,3.3195700131111954,-1.8917428318811975,-0.030468768843341557,-0.02677817123416233,-0.014535316308318244,2024-05-17,2024-08-30,739022.0,739127.0,1.2279515386620654,0.8708099894774374,0.6015799870344549,0.31102158587186485
2024-09-23,739151.2053770074,0.5990499227019345,5.570921735126511,0.7708771968231537,-0.024603018190964165,-0.004931749249846014,-0.0040933977243464105,-0.0027506809581760573,2024-05-24,2024-08-30,739029.0,739127.0,1.4355834359621484,0.5364427248314069,0.6015799870344549,0.24228275549793682
2024-10-01,739159.9953567024,0.9385661381762838,10.578149117036176,0.7415936718115341,-0.004943763344950629,0.0011890045428337068,0.0006064540245613715,0.0010227146811171272,2024-06-03,2024-08-30,739039.0,739127.0,2.187599291685859,0.3689175841040536,0.6015799870344549,0.1822668565745425
2024-09-04,739132.5799988153,0.5241909275042879,12.473164060672673,0.7474015180563014,-0.04030951724905071,-0.0008019164737423285,-0.0007931065374521807,0.00011854134768064448,2024-06-10,2024-08-30,739046.0,739127.0,5.443086698650809,2.112473779726368,0.6015799870344549,0.3570301551423818
2024-09-18,739146.5585041054,0.7963621271255856,12.59818348382967,0.7326081063864406,-0.010487975507681196,0.0014597503181129202,0.0008773752210194677,0.0011666549244621616,2024-06-17,2024-08-30,739053.0,739127.0,3.1382783016006943,0.45416718785431426,0.6015799870344549,0.28840190075878414
2024-09-08,739136.2818370061,0.0008059602953334191,9.650697773591679,132.4769803394888,-131.59732791445458,0.05449689388698051,0.042181163021127455,-0.03450595498626119,2024-06-25,2024-08-30,739061.0,739127.0,3.215032018035407,0.201664871158614,0.6015799870344549,0.28533568451002944
2024-09-13,739141.7972704052,0.3510596386248886,3.0554205267594825,1.6233340773928786,-0.32133034866094623,0.052678215307027924,0.05119270496757025,-0.012421808484954977,2024-07-02,2024-08-30,739068.0,739127.0,0.7814016107895004,0.7008589145992933,0.6015799870344549,0.18876319641453196
2024-09-13,739141.6006232658,0.8774349113819184,12.438618320499756,0.5882157028995866,-0.0018064772094762496,-0.0020362721385576944,-0.000797998941367728,-0.0018733931546374108,2024-07-10,2024-08-30,739076.0,739127.0,2.9744920881503396,0.06258055873002812,0.6015799870344549,0.1726976591403317
2024-09-04,739132.0109028632,0.4323813489612286,14.916644893255478,0.6006925265418558,-0.011014393397334772,-0.010136018085989244,-0.007197886480379512,-0.007136476221152207,2024-07-17,2024-08-30,739083.0,739127.0,5.413864652060147,0.0314984373126551,0.6015799870344549,0.16013988878868823
2024-11-11,739200.2130211354,0.48468825637727686,14.592460491367142,1.0817596261175375,-0.0624140970220093,0.003683146700870257,0.0033560482945554004,-0.0015174022092850807,2024-03-15,2024-09-03,738959.0,739131.0,2.899574192302795,0.5628564478183283,0.5831462853456167,0.5590181452153455
2024-09-30,739158.2088855859,0.6806953090165221,2.262091239774445,0.5703720989412796,-0.0046323497886153414,-0.00551159396663388,-0.000527340665714059,0.005486308401404288,2024-03-22,2024-09-03,738966.0,739131.0,0.7038590578348042,0.25291044706029636,0.5831462853456167,0.49990055739192546
2024-10-04,739162.3612877559,0.7986196774053567,9.342711427815576,0.7368537185293385,-0.00860940677703112,-0.0010721712719794912,-0.0009146119442148837,0.0005594964056699478,2024-04-01,2024-09-03,738976.0,739131.0,2.6498927063142217,0.6863981957280092,0.5831462853456167,0.38435880476354767
2024-09-06,739134.7481212878,0.7160909013142086,10.09731075603839,0.6607519201663271,-0.012437455758429979,-0.0004084066479173959,-0.00037577289499724127,-0.00015997100189883175,2024-04-08,2024-09-03,738983.0,739131.0,5.947591126441296,2.159738545636607,0.5831462853456167,0.45030489383120953
2024-10-02,739160.7132453525,0.8684751244876918,14.416677847612286,0.7237448611903835,-0.00606689011178785,-0.0003257167670281099,-0.0003135152393750891,0.00008831538372687174,2024-04-15,2024-09-03,738990.0,739131.0,4.011660862303532,1.1220654833964658,0.5831462853456167,0.4298653591909535
2024-10-01,739159.7187142503,0.3335484958793807,10.065656038479943,1.1685013862855456,-0.17171413075491243,0.014841861324144385,0.0074758639518583015,-0.012821556291591063,2024-04-22,2024-09-03,738997.0,739131.0,2.7786255539347993,0.3833845146115593,0.5831462853456167,0.24326360029606567
2024-10-28,739186.2251137603,0.46092045695911266,11.608854937040235,1.208734366797631,-0.08980416420119218,-0.008076948074187861,-0.007566116410826603,0.0028268308493695463,2024-04-29,2024-09-03,739004.0,739131.0,2.2057190094569528,0.44145433296441183,0.5831462853456167,0.21153780000074163
2024-10-29,739187.7047548433,0.2459653110337779,14.099329399742372,1.7513275772428263,-0.41745839852421357,-0.019439696816876354,-0.01052852665167683,0.016341723864911048,2024-05-06,2024-09-03,739011.0,739131.0,2.550555222610347,0.3746270395933648,0.5831462853456167,0.2681949268136175
2024-10-06,739164.5480876486,0.392757365441608,8.885205721595508,1.0715453347971409,-0.11080179125583901,0.012926132663845747,0.010007589874642193,0.008181262160834294,2024-05-13,2024-09-03,739018.0,739131.0,2.084947919524632,0.37890908913532806,0.5831462853456167,0.19638870425721983
2024-10-08,739166.4192321934,0.1504647517729152,8.516722762646303,2.0303760444126144,-0.8132217001966309,0.038874772139921944,0.029025281216911558,-0.02586079966300448,2024-05-20,2024-09-03,739025.0,739131.0,1.8766245092529095,0.3695756634330361,0.5831462853456167,0.20556340277080537
2024-10-18,739176.5482124017,0.3968300973175264,2.1840096208970996,0.8483756253922005,-0.07326744126921819,-0.01851137337440724,-0.015569648409071813,0.010012841386170103,2024-05-28,2024-09-03,739033.0,739131.0,0.39900521696755237,0.7191548945305806,0.5831462853456167,0.3303759086264534
2024-09-28,739156.6402765021,0.9466022006456152,12.55758489575513,0.7590167909499496,-0.005428455931756776,-0.0007876081278695592,-0.0006005832072470042,0.0005095354494626393,2024-06-04,2024-09-03,739040.0,739131.0,3.027742133012364,0.5195501974142354,0.5831462853456167,0.26883116229374354
2024-10-07,739165.8407300058,0.2463936362304922,4.871522561291017,1.912635040282612,-0.5056315494608615,-0.02614137336235129,-0.022141615659228227,0.013896771469261087,2024-06-11,2024-09-03,739047.0,739131.0,0.9513238440277102,0.9782965750796542,0.5831462853456167,0.26212320090114877
2024-09-18,739146.4075887147,0.2227916485848523,5.082033559951748,1.26506208569573,-0.3285580733907206,-0.031506052216186374,-0.0008935429813758387,0.031493378783317316,2024-06-18,2024-09-03,739054.0,739131.0,1.4488981302089339,0.4571719048096176,0.5831462853456167,0.21864095883417944
2024-09-22,739150.6714069652,0.37610798050262206,7.612466585945599,0.8496307342082398,-0.07979698798297458,0.022592606173340316,0.021491914677621474,-0.006965878063352354,2024-06-26,2024-09-03,739062.0,739131.0,1.8243348424798873,0.1745047754215141,0.5831462853456167,0.09386203627806064
2024-09-12,739140.1602303057,0.8426677183454518,5.1770734030679835,0.6957690470391921,-0.009537128941174372,0.005285963912899856,0.0010668272449079865,0.005177189789644726,2024-07-03,2024-09-03,739069.0,739131.0,1.6891632134659758,0.2936739973312135,0.5831462853456167,0.09421226224411502
2024-09-06,739134.9090886425,0.05192204767041478,8.458850414184457,1.0860652526020043,-0.46126159912547954,0.05668862870751836,0.05655015100493319,0.003959930057226828,2024-07-11,2024-09-03,739077.0,739131.0,3.6289593538617204,0.04994497675155519,0.5831462853456167,0.13037336085116152
2024-09-10,739138.4542421666,0.41439229777723285,2.652446516695586,0.5068140592663303,0.022485095399001443,0.025797004461807823,0.024597566051159144,-0.007774650060381876,2024-07-18,2024-09-03,739084.0,739131.0,0.8394779268539054,0.1361728398805614,0.5831462853456167,0.11815191845180874
2024-10-09,739167.3344063635,0.3317311892379325,4.1619188985941715,1.1089857865715116,-0.1517394717946308,-0.006837428451646199,-0.000032022633513446176,-0.00683735346331622,2024-03-18,2024-09-04,738962.0,739132.0,1.165662419676967,1.7688803834460998,0.5643663906940205,0.5923456786675255
2024-10-14,739172.5687803283,0.1868947728048085,3.4575633492275344,1.3185515046694287,-0.3780659897352615,-0.027228871708994157,-0.0021044889057422536,0.027147423100369415,2024-03-25,2024-09-04,738969.0,739132.0,0.8876178429841994,0.7505246728179548,0.5643663906940205,0.5001760838984284
2024-10-16,739174.4155248515,0.599752876467139,7.462387317916281,0.9447647093582977,-0.03270492343224541,0.002189609132882338,0.001056075062745356,0.0019180963522850293,2024-04-02,2024-09-04,738977.0,739132.0,1.8264035228457254,1.2004417577300752,0.5643663906940205,0.39419109253021895
2024-09-23,739151.0094918977,0.9356447319018699,8.118686531881373,0.6855939183191149,-0.00446848894898298,-0.000935523168910616,-0.0004425337322839453,0.0008242375236298109,2024-04-09,2024-09-04,738984.0,739132.0,2.8079415224194695,0.5504670702819366,0.5643663906940205,0.2849629968556658
2024-11-07,739196.4428836014,0.2706980001937767,4.271533175339151,1.4500186982607213,-0.2791432399110636,0.009530045454563405,0.009413208937268495,0.0014877042277862804,2024-04-16,2024-09-04,738991.0,739132.0,0.7881937694941559,1.856236920432622,0.5643663906940205,0.43488506604627974
2024-09-06,739134.5636102053,0.8348045063552807,5.651465690396992,0.6651638376443825,-0.008033770372238583,-0.001733341068337989,-0.0008414929137830654,0.0015153748497450943,2024-04-23,2024-09-04,738998.0,739132.0,3.5756847434757506,0.6846349672433301,0.5643663906940205,0.2730577548323263
2024-09-28,739156.7026793662,0.9729624861885653,11.980981873730816,0.6731108052156853,-0.003255627825082163,0.00021356915633422875,3.623859943963377e-6,0.00021353840913620337,2024-04-30,2024-09-04,739005.0,739132.0,3.4609216255555477,1.2379408787988453,0.5643663906940205,0.4284423611546264
2024-10-19,739177.0696472903,0.6179412189950403,14.470900446791365,0.8996589775466385,-0.027015944859630596,-0.0018900601800697233,-0.0013671556561571706,0.0013050719888659976,2024-05-07,2024-09-04,739012.0,739132.0,2.989808702455388,0.6103741580530586,0.5643663906940205,0.38110260035857635
2024-10-07,739165.8805439934,0.5955589425555244,9.772553489414499,0.8906044658807981,-0.03205171451634195,0.00491266722254787,0.00010472803638449332,-0.00491155080172154,2024-05-14,2024-09-04,739019.0,739132.0,2.2813545431217377,0.39760387943406905,0.5643663906940205,0.20403470233210402
2024-09-29,739157.7570029739,0.037817613771824916,13.490386676729834,6.392129409783945,-5.062494436546156,0.020693007293954787,0.02063435385717522,0.0015569173916891465,2024-05-21,2024-09-04,739026.0,739132.0,3.5045474873440496,0.6858208309764051,0.5643663906940205,0.38178474797246215
2024-09-04,739132.772835719,0.2833444912883563,10.248507741201264,0.874662912455383,-0.14760750115036608,0.004955197245074737,0.003776120898679511,0.003208565208337226,2024-05-29,2024-09-04,739034.0,739132.0,7.911672379318208,0.823572092416485,0.5643663906940205,0.43800343833932426
2024-10-07,739165.5881634419,0.5250186502165438,8.943925950652387,0.8491444439600659,-0.03821890286031664,0.008962138862604396,0.005264304983660229,0.007253070110760966,2024-06-05,2024-09-04,739041.0,739132.0,1.8659412762392051,0.25033010595166927,0.5643663906940205,0.15625229144214298
2024-09-11,739139.1618130204,0.6641547192031175,11.623567888273708,0.731977654048146,-0.020314443204623642,0.0017114934887347425,0.00009293383878130487,0.001708968479402352,2024-06-12,2024-09-04,739048.0,739132.0,4.7060333632528,0.6782026439164389,0.5643663906940205,0.3356429271625273
2024-09-19,739147.6969609642,0.6286604403259385,7.205922870724628,0.6799471256961753,-0.014958416260468177,-0.0077887093698815815,-0.006106449974682255,-0.004834797033504533,2024-06-20,2024-09-04,739056.0,739132.0,2.0242301620823113,0.167550851342745,0.5643663906940205,0.10174853466142929
2024-09-10,739138.6504180606,0.06959623232524595,8.400019694879052,1.8653807156679998,-1.0512823261905149,0.06683828053453929,0.04260402982166352,0.05150002318221399,2024-06-27,2024-09-04,739063.0,739132.0,3.250607799646235,0.13031653361279055,0.5643663906940205,0.1720073833541462
2024-09-26,739154.9875105461,0.13441206683806087,2.6267303136842455,4.617932450414573,-2.4559637970975103,0.13441279455468527,0.06133046268746258,-0.11960507383276762,2024-07-05,2024-09-04,739071.0,739132.0,0.5416837320904607,0.9349838800008572,0.5643663906940205,0.25138753886045
2024-09-04,739132.9083283956,0.3267165782721338,5.781071156611418,0.6999459360844604,-0.05941066937546312,-0.02681293499220276,-0.02161374971870189,0.01586755513598126,2024-07-12,2024-09-04,739078.0,739132.0,3.774022153036778,0.12522266649087538,0.5643663906940205,0.10869715643657832
2024-09-11,739139.3615555027,0.15769476790487638,4.976978327198985,0.8753876629665429,-0.19580511076514187,0.04566695508767006,0.0230097349606052,0.03944645591205852,2024-07-19,2024-09-04,739085.0,739132.0,1.5837350075675478,0.13585433552407247,0.5643663906940205,0.07518536305125485
2024-10-19,739177.5571165851,0.7584068225396676,11.55381435444982,0.7497892516950808,-0.009358599007075063,0.0007124349651092992,0.0002766683242820635,0.0006565197771958156,2024-03-19,2024-09-05,738963.0,739133.0,2.8903067212440527,0.8622683782454342,0.5572319965801465,0.5929625383803867
2024-10-04,739162.935430719,0.7240774975192305,7.647367513318438,0.7791710512673122,-0.013675329318192651,0.0014606411801370315,0.00023246606183757385,0.0014420236430814268,2024-03-26,2024-09-05,738970.0,739133.0,2.267868487589928,0.8864767342888215,0.5572319965801465,0.4657914422186406
2024-10-26,739184.8663481192,0.07811060576598218,3.7927806743218113,3.4039746406861515,-2.068297175311624,-0.030909011742752717,-0.021455420367241088,-0.02224931333274359,2024-04-03,2024-09-05,738978.0,739133.0,0.8350769440092021,1.3780979787770855,0.5572319965801465,0.4474963574257054
2024-09-22,739150.2836425337,0.293458224027561,12.526095940256678,1.1231645675960809,-0.19980494570546378,-0.0011915368181911227,-0.0008037629932485837,-0.000879616416279904,2024-04-10,2024-09-05,738985.0,739133.0,4.501332055823996,3.9285231677973558,0.5572319965801465,0.47879283783881044
2024-09-17,739145.863205506,0.7007368809943163,11.475289466283108,0.7104336258314304,-0.01429896950117607,0.00038401057381117534,0.00003686240628263061,-0.00038223720881390183,2024-04-17,2024-09-05,738992.0,739133.0,4.53243760057034,2.2738032514670996,0.5572319965801465,0.43980575635210245
2024-10-17,739175.9621961529,0.40618977468590567,6.420166211535389,1.0945912970468343,-0.10166356040988427,-0.005914033479198552,-0.0056148843524197545,0.0018571121942502916,2024-04-24,2024-09-05,738999.0,739133.0,1.4464776599227345,1.0875876097619364,0.5572319965801465,0.37587160261546365
2024-09-21,739149.1185031604,0.2504529062150849,5.905204977039379,1.096391683517797,-0.2273637669508203,0.02308221852493668,0.010944503956934682,-0.020322564925952902,2024-05-01,2024-09-05,739006.0,739133.0,2.0523389995521173,0.4177676490076848,0.5572319965801465,0.28011160915972777
2024-11-02,739191.2971296065,0.8372736638899729,6.567833884911867,0.7498897282413008,-0.00563085054259123,-0.001107148164969023,-0.0006635237998799424,-0.0008862918403027062,2024-05-08,2024-09-05,739013.0,739133.0,1.1685429827576204,0.6483559884591663,0.5572319965801465,0.350310009733567
2024-10-06,739164.0611790852,0.7180665621063663,13.271488095396858,0.7985205235411206,-0.01489663165053578,0.0010815963290551642,0.0005934391013790191,0.0009042569612560743,2024-05-15,2024-09-05,739020.0,739133.0,3.2407398919599957,0.7451916093921526,0.5572319965801465,0.3852269343067479
2024-10-26,739184.4818641188,0.87592661781642,7.564734160943538,0.7922664238562834,-0.0057814672420068765,-0.0007955380707847935,-0.0006080871335299503,0.000512943330303962,2024-05-22,2024-09-05,739027.0,739133.0,1.3461298580916559,0.8414942537951232,0.5572319965801465,0.29322630941135863
2024-09-23,739151.8540648342,0.023058453642593072,13.97151974661019,8.784825444840372,-7.5767838037444974,0.022308700911115417,0.0169045475239574,0.014557280286917178,2024-05-30,2024-09-05,739035.0,739133.0,4.056351606431612,0.5605277840191889,0.5572319965801465,0.3920222151324727
2024-09-17,739145.3686442857,0.3574000208484434,4.174475128229201,0.9179453409151543,-0.10931241379423767,-0.013025696351244103,-0.00908479300656839,-0.009334629155066634,2024-06-06,2024-09-05,739042.0,739133.0,1.4105875484401689,0.7184908307143192,0.5572319965801465,0.29943658071241525
2024-10-14,739172.5547956483,0.7007964069376057,13.006936718427744,0.8179684532211501,-0.015425124590348605,0.0041139212195761355,0.002671636021281549,0.0031283715844940304,2024-06-13,2024-09-05,739049.0,739133.0,2.3578601691522345,0.20201775889871695,0.5572319965801465,0.12858563738375894
2024-09-24,739152.8533954455,0.4673813215845012,13.299944153442462,0.8781125045062884,-0.058449710969767546,0.008054741140725208,0.002246079795895524,-0.007735242749556163,2024-06-21,2024-09-05,739057.0,739133.0,3.3327090476158117,0.25500712502659617,0.5572319965801465,0.2850499667063905
2024-09-30,739158.9920703954,0.7068458796654865,5.280282378135634,0.8879246276108356,-0.022423307630714095,-0.004625510591559456,-0.004285318170136457,-0.0017410905815973608,2024-06-28,2024-09-05,739064.0,739133.0,1.0891380283703898,0.6489445326811252,0.5572319965801465,0.23217437784111877
2024-09-15,739143.0249768365,0.007260722751760264,4.628496319025842,13.421002995004951,-12.5706992422954,0.048685400270741794,0.04844149411261723,-0.004867221759855965,2024-07-08,2024-09-05,739074.0,739133.0,1.4212805026859152,0.4050425252003585,0.5572319965801465,0.2185867784618718
2024-09-24,739152.5842864767,0.5829653887047647,13.598779057338728,0.6319013569370874,-0.008856287826364306,0.0052631732284706845,0.002582851077731132,-0.004585833920145132,2024-07-15,2024-09-05,739081.0,739133.0,2.8052699603526836,0.0721351453861359,0.5572319965801465,0.15552798240312304
2024-09-08,739136.1554907669,0.3390412422364351,4.8973887070333,0.6339447468464892,-0.03215974372035569,0.028041577502707797,0.027308619969091192,0.006369406897358808,2024-07-22,2024-09-05,739088.0,739133.0,2.124210786843468,0.07939590305748473,0.5572319965801465,0.06570147816256684
2024-11-06,739195.4797653259,0.011498567482149282,6.947805552003251,28.136510568229962,-26.227450577627067,0.03267298853338499,0.027853306209158445,0.017079739837642806,2024-03-20,2024-09-06,738964.0,739134.0,1.4660226455264358,1.328505326308343,0.5738004229273791,0.5196820256057152
2024-11-03,739192.5235758174,0.649674923031342,6.990952746306208,0.9233979575917783,-0.02211606485719164,0.0014245367730358093,0.0013908362602138619,0.0003080251856676593,2024-03-27,2024-09-06,738971.0,739134.0,1.481040610567149,1.4427594489450426,0.5738004229273791,0.47367556299107405
2024-11-11,739200.5925896493,0.4201840351167748,10.58538595994004,1.3614634946995547,-0.12295395182032424,0.005981266453774712,0.003954584045789161,-0.004487406089918825,2024-04-04,2024-09-06,738979.0,739134.0,2.0254457106166592,0.8159850306818265,0.5738004229273791,0.36485302329830704
2024-09-12,739140.9580566769,0.25732925968454295,11.601886697172466,1.064452974139875,-0.22434881563196923,0.003620770590713565,0.0017699284294263693,-0.003158691663534851,2024-04-11,2024-09-06,738986.0,739134.0,5.730151588694388,1.3743056208804318,0.5738004229273791,0.5211370426908168
2024-09-27,739155.4407723759,0.4807406521858185,11.847174120875657,0.8706227664110276,-0.054251174483053825,0.0020387868425009205,0.002038776494367119,6.495781014968577e-6,2024-04-18,2024-09-06,738993.0,739134.0,3.8182470623580134,1.0797753264904781,0.5738004229273791,0.42838850137230855
2024-11-08,739197.4226906169,0.6822133233855728,14.291284474452574,0.9540929644701213,-0.019969177604388946,-0.0024320745879511277,-0.0006245100861925511,-0.0023505263141691086,2024-04-25,2024-09-06,739000.0,739134.0,2.582784902478992,0.39195140202536394,0.5738004229273791,0.2525074987615764
2024-10-22,739180.0417386619,0.7879789802274249,5.349333854290118,0.7236731960304982,-0.007008740749069462,-0.0014830866571647835,-0.0010085762729133232,-0.001087345361132553,2024-05-02,2024-09-06,739007.0,739134.0,1.127204541339025,0.6961268699461717,0.5738004229273791,0.3625170142627167
2024-10-12,739170.7742425216,0.9005466813974843,7.495697587338413,0.7242739630929595,-0.004591368763983119,0.0010712901154865582,0.0004992362590323758,0.0009478531896905559,2024-05-09,2024-09-06,739014.0,739134.0,1.729828041363567,0.5149075394323047,0.5738004229273791,0.2850887222382944
2024-09-07,739135.0482852258,0.009662339783290232,2.4720407646403757,8.048762778123423,-7.32628185769386,-0.05346314081943408,-0.026023763269045434,0.046701939698424955,2024-05-16,2024-09-06,739021.0,739134.0,1.8450118928839443,0.535618824022747,0.5738004229273791,0.49599952086763693
2024-10-16,739174.0700516497,0.9316193714190442,9.440748375821745,0.7441004863294187,-0.004276024944978622,-0.0009729861898344236,-0.0005067169866223741,-0.0008306262824380465,2024-05-23,2024-09-06,739028.0,739134.0,1.9434733193315197,0.4336762528403628,0.5738004229273791,0.22240653754610004
2024-09-07,739135.5973403683,0.45609679514951884,9.481953013598492,0.7593604681634503,-0.05409353271855312,0.004253386843828571,0.0011849925342765871,-0.004084983762141867,2024-05-31,2024-09-06,739036.0,739134.0,6.23680039431136,0.61174395055238,0.5738004229273791,0.39315275385209697
2024-09-08,739136.5399477258,0.9588753871891225,3.2100714647092503,0.6203504532593216,-0.0038513793873421226,0.0012620823780860378,0.0010987177037705869,-0.0006210244250401083,2024-06-07,2024-09-06,739043.0,739134.0,1.8424260787937419,0.9115407091017766,0.5738004229273791,0.2763174374476229
2024-10-06,739164.7306337145,0.10069698446765354,12.344535624036865,2.4389875249999093,-1.275409199524752,-0.05854132769722206,-0.0567379378284209,0.014418511002589129,2024-06-14,2024-09-06,739050.0,739134.0,2.5881444071398705,0.17771688204817207,0.5738004229273791,0.1593093378137789
2024-10-12,739170.7296889527,0.2754359414886088,6.828784645242761,1.4845320460924405,-0.3061228144673123,0.019738212497812886,0.00023962013170966662,-0.019736757960751562,2024-06-24,2024-09-06,739060.0,739134.0,1.199329415574652,0.6255543823938171,0.5738004229273791,0.2636276259308337
2024-09-25,739153.719604303,0.8794072657313325,10.516613245785175,0.6199168569753428,-0.0029116278185014263,0.002813717460021591,0.002088352651011136,-0.0018856800231866254,2024-07-01,2024-09-06,739067.0,739134.0,2.4789664516917336,0.08653056137539215,0.5738004229273791,0.09188993366953925
2024-10-01,739159.9843275915,0.4289404051778777,7.273060971032768,0.8767297573458195,-0.06460707674671529,0.011855560393217142,0.011199031970783908,-0.0038905006303275296,2024-07-09,2024-09-06,739075.0,739134.0,1.3716582502657726,0.3213939766655008,0.5738004229273791,0.17794882804380457
2024-09-22,739150.3986005154,0.4263013870030973,8.12595583655957,0.7549020522029231,-0.04535619540055704,-0.01782868349461923,-0.004462599102397152,0.01726114609180376,2024-07-16,2024-09-06,739082.0,739134.0,1.8470146910290808,0.13346261514658314,0.5738004229273791,0.06130433904013977
2024-09-25,739153.1745575498,0.19563613169539568,5.742042292592203,0.350519832696271,0.10533304375812458,0.04912162692907682,0.04860864066093382,-0.007080556846436272,2024-07-23,2024-09-06,739089.0,739134.0,1.1039809091639152,0.07305914267248192,0.5738004229273791,0.06439515052160216
2024-11-25,739214.6036555258,0.4488571395184632,3.514738767104357,0.49815674066890336,-0.005202765189636614,-0.016138558221498542,-0.01609816283486539,0.0011411462705792318,2024-03-21,2024-09-09,738965.0,739137.0,0.6535105408389809,0.041170351826165345,0.5784842722398057,0.4978814025247172
2024-09-11,739139.7762286926,0.5212032748361298,14.26570262274724,0.7287737873244793,-0.035144620420072985,0.0028675793833672805,0.0007460790900743719,-0.0027688224051511273,2024-03-28,2024-09-09,738972.0,739137.0,9.312365342942314,0.44777245782170955,0.5784842722398057,0.4899529113233432
2024-09-22,739150.5167984724,0.4395965851710705,3.38304228714427,0.8294578912730078,-0.059884996599510965,0.005207647213758669,0.004461523459327454,0.002685963127974622,2024-04-05,2024-09-09,738980.0,739137.0,1.3648611992806223,1.4942503189335783,0.5784842722398057,0.44997328240378326
2024-11-07,739196.4247681957,0.7536687048905784,10.030635757931018,0.9507249832885887,-0.014069610177101618,-0.0012699222994274554,-0.0007073580221984041,0.001054678754415143,2024-04-12,2024-09-09,738987.0,739137.0,2.01094260761883,0.8324476609505762,0.5784842722398057,0.34265032568230863
2024-11-07,739196.0158290622,0.5669101352501406,11.098675821565296,1.0908688964324738,-0.0440391709745816,0.003515192705922288,0.0011314602643932388,0.003328119203073779,2024-04-19,2024-09-09,738994.0,739137.0,2.1736377110059366,0.63993085622254,0.5784842722398057,0.30185347752110203
2024-09-11,739139.6428191887,0.7574470551336541,5.988991707368806,0.6794962599040928,-0.010996485930274571,-0.0022382858288134957,-0.0010871809953943172,-0.0019565175528782606,2024-04-26,2024-09-09,739001.0,739137.0,3.7746356261097733,0.6213509225799181,0.5784842722398057,0.2815791652855545
2024-09-21,739149.8646681907,0.2606902495674966,11.291177031867244,1.1052801929648992,-0.22305635900902898,-0.0049623008139058605,-0.0038516087019330666,0.0031288240242756133,2024-05-03,2024-09-09,739008.0,739137.0,4.313610817758987,1.037808187025742,0.5784842722398057,0.4438634722736995
2024-10-22,739180.5126819363,0.2557340266796358,4.233298167076333,1.0230427170182768,-0.17552214882928005,0.022142390832387712,0.010023316259664423,-0.019743824425195688,2024-05-10,2024-09-09,739015.0,739137.0,0.9001273303689379,0.47886938567909126,0.5784842722398057,0.3730676100054951
2024-10-29,739187.2461111409,0.45380660394693717,11.314620295846828,1.1076948653938894,-0.08024334922644302,-0.007925217734914905,-0.0013735870765225389,0.007805276080256223,2024-05-17,2024-09-09,739022.0,739137.0,2.1438309375006024,0.40609596266980524,0.5784842722398057,0.24422160118289102
2024-11-01,739190.7932526303,0.07176209904345067,12.065384215430926,4.533725757160884,-2.92526620327969,0.04747498302015067,0.039586372382748224,-0.026206738338411813,2024-05-24,2024-09-09,739029.0,739137.0,2.114541219019302,0.3664836064579064,0.5784842722398057,0.2500874641102125
2024-10-20,739178.4330072837,0.9643857670705751,8.929875021646687,0.7261634327290407,-0.0032070217183984176,-0.0008101314805768624,-0.00038639400106006065,0.0007120482369660478,2024-06-03,2024-09-09,739039.0,739137.0,1.7246762679870258,0.4275154397419752,0.5784842722398057,0.24058351332071687
2024-09-26,739154.776135298,0.3778546674334359,13.410897746677442,1.0302759686882932,-0.11912469655599602,0.006213264952866529,0.004812613166084601,-0.003929811177162163,2024-06-10,2024-09-09,739046.0,739137.0,3.866346447220812,0.5401929024322254,0.5784842722398057,0.36470432033775174
2024-09-15,739143.6500211614,0.5092766288196117,14.09783128559721,0.7674879417120862,-0.03997709443898385,0.0010287304852489403,0.000989361541783586,0.000281869031502444,2024-06-17,2024-09-09,739053.0,739137.0,5.861514051673096,1.4038187988481796,0.5784842722398057,0.36946614078337187
2024-10-03,739161.4776552982,0.941780253176981,4.581511859916378,0.7962215052589597,-0.006540479081903221,0.0016962145551575058,0.0013316558438988765,0.001050636250344593,2024-06-25,2024-09-09,739061.0,739137.0,1.029715788355356,0.7926282381492226,0.5784842722398057,0.2500904141825301
2024-09-15,739143.3218333443,0.6169679785460217,10.613260607111702,0.6517313197042209,-0.012483461871484419,-0.007791968529688319,-0.004399732991341254,-0.0064309504097416655,2024-07-02,2024-09-09,739068.0,739137.0,4.185316797467804,0.09313258233936506,0.5784842722398057,0.16896962081094935
2024-09-29,739157.5673746892,0.43932065585497215,8.513844273444965,0.8387089900480418,-0.056484793655859525,-0.016217148123252655,-0.005073919252382358,-0.015402961944763122,2024-07-10,2024-09-09,739076.0,739137.0,1.866843170961511,0.17972685888999085,0.5784842722398057,0.08917101684037851
2024-09-21,739149.6735627702,0.40028167417926086,12.415764578782522,0.6715727313825828,-0.027784315259218307,0.011194936084226873,0.010855286784326464,-0.002736666358903136,2024-07-17,2024-09-09,739083.0,739137.0,3.280784070264388,0.08001479891762539,0.5784842722398057,0.1466778793750744
2024-09-27,739155.6968228875,0.902520288233561,11.214413706268264,0.6451892858517573,-0.0036587032925776246,-0.002809473357970701,-0.0017048464245060803,0.002233078417341407,2024-07-24,2024-09-09,739090.0,739137.0,2.2429896429772977,0.10480516188783973,0.5784842722398057,0.06278537831332166
2024-11-05,739194.0935216033,0.5640685927849814,6.079690699801256,0.9491716583167399,-0.034686539222177605,-0.00262224302740974,-0.001669772467194874,0.0020218848638329876,2024-03-22,2024-09-10,738966.0,739138.0,1.357304767284416,1.2272653294488574,0.6106709587357069,0.49904747221952733
2024-11-09,739198.1576833583,0.12129330407619546,9.249676660606045,3.419794724359417,-1.6742596525950062,0.018639305020443968,0.006515973031579992,-0.017463269656535396,2024-04-01,2024-09-10,738976.0,739138.0,1.9232197925091417,1.1778863018740404,0.6106709587357069,0.4327292686005644
2024-11-18,739207.4556665353,0.08392382603458472,6.9389601910526,4.60688381453654,-2.776604752128882,0.01814806736716157,0.007407808300207956,0.016567339114969694,2024-04-08,2024-09-10,738983.0,739138.0,1.295414255701803,1.8504380869274215,0.6106709587357069,0.4437126040484934
2024-10-02,739160.8584469759,0.2991454417297373,5.91048951721608,1.1908775273951715,-0.204343619568959,0.006165470251554715,0.00598320190818061,-0.0014880585837762131,2024-04-15,2024-09-10,738990.0,739138.0,1.8921989337969176,1.6774663362417341,0.6106709587357069,0.4586134460948109
2024-11-06,739195.0427916632,0.10902974779251554,9.26270324180927,3.5764507906977525,-1.8728541251658184,0.023255634861498387,0.00580079442103817,-0.0225205536542997,2024-04-22,2024-09-10,738997.0,739138.0,1.8349155667729085,0.9479447138455234,0.6106709587357069,0.3721420838783037
2024-10-02,739160.8543572819,0.30002692695218874,10.641926721433064,1.1814880583921978,-0.2024577822004263,0.01571400423578007,0.00014774756994544167,0.015713309637936986,2024-04-29,2024-09-10,739004.0,739138.0,3.262393521329533,0.36323490795377883,0.6106709587357069,0.2997143624949581
2024-11-01,739190.7220823375,0.29743785682706464,5.6604704080186465,1.214720740520016,-0.188742119387874,0.013123760949858586,0.012911676286377963,-0.002349833386608092,2024-05-06,2024-09-10,739011.0,739138.0,1.1048332941667725,0.7557083749214487,0.6106709587357069,0.36832628631101355
2024-10-06,739164.4144771398,0.5481676035090483,5.21951655662148,0.8025460119881296,-0.03045200646181734,-0.004825163765610314,-0.004232168846728268,0.0023175314922868747,2024-05-13,2024-09-10,739018.0,739138.0,1.4226183577025049,0.662806778416564,0.6106709587357069,0.3491370163109969
2024-10-06,739164.7111637694,0.06910489904508556,11.182384764718512,3.9662981037679814,-2.6129379137883224,-0.04523759809896426,-0.020919701981866715,-0.04010992833144053,2024-05-20,2024-09-10,739025.0,739138.0,2.9445584125169417,0.3569471823257196,0.6106709587357069,0.2810569531525718
2024-10-09,739167.3071922491,0.9834167115955028,3.1198197534534025,0.6425636729489252,-0.002262611099375198,0.0007303127169250095,0.0006804356580276181,-0.00026526209640073223,2024-05-28,2024-09-10,739033.0,739138.0,0.7558731892812077,0.976582934429659,0.6106709587357069,0.3283468762453849
2024-10-28,739186.2224940439,0.41310246434388576,2.480743609729971,1.0975010788634503,-0.10733032246280556,-0.016665005081316416,-0.0010460947209223422,-0.016632139976417975,2024-06-04,2024-09-10,739040.0,739138.0,0.4379782193793147,1.072489102845637,0.6106709587357069,0.3252293093260163
2024-10-20,739178.9346440192,0.9203658752658017,9.061774003529683,0.7488128079230154,-0.0043322938876481105,-0.00098813576899039,-0.0009522735325846761,0.00026379427040201456,2024-06-11,2024-09-10,739047.0,739138.0,1.6878804043074633,0.44529577089664146,0.6106709587357069,0.2330473299360966
2024-10-20,739178.226517663,0.19416944426590482,7.851966814288729,1.7629499519979965,-0.5427830902511114,-0.020762706335402805,-0.019457250688656304,-0.0072460589294429225,2024-06-18,2024-09-10,739054.0,739138.0,1.4091137117109735,0.6464646474808905,0.6106709587357069,0.29191446833682966
2024-09-11,739139.0625104415,0.7825955662687698,14.82448067269925,0.6505479875914038,-0.008296956912031726,-0.0008342653697004612,-0.0008243468962527642,-0.00012826106860572203,2024-06-26,2024-09-10,739062.0,739138.0,10.107582728241225,0.5250159689773992,0.6106709587357069,0.33735840464591643
2024-10-09,739167.9143654112,0.5820246882196992,10.254459958657284,0.8292750835729338,-0.02804745789574376,0.008674876342286232,0.007048448535772157,0.005056960825686579,2024-07-03,2024-09-10,739069.0,739138.0,1.9517917609608813,0.18350961548896833,0.6106709587357069,0.0919212455385101
2024-09-27,739155.6598756283,0.4781841005439381,14.54428970053741,0.6600034199764669,-0.01740581212366397,-0.0074754151990895044,-0.006914998644827285,-0.0028398285407424144,2024-07-11,2024-09-10,739077.0,739138.0,3.457929705967362,0.07655288946918512,0.6106709587357069,0.16258917166872966
2024-09-24,739152.7576098837,0.9043303941116672,8.610137348589337,0.6600310040090708,-0.004375411233732189,-0.0029342968839098415,-0.00196295451933929,-0.0021810336443825124,2024-07-18,2024-09-10,739084.0,739138.0,2.1087274185949796,0.15661446571484758,0.6106709587357069,0.051733853722636954
2024-09-29,739157.0951172612,0.7702752253397986,5.138354225433812,0.43204808610881085,0.009195818387675539,-0.007124832520598532,-0.0028496211718447564,-0.006530152955601617,2024-07-25,2024-09-10,739091.0,739138.0,1.0154244972448425,0.19348068445508934,0.6106709587357069,0.0695015717366919
2024-11-12,739201.6123569045,0.8575115042743915,2.475271696966731,0.36102735823032783,0.0027022098167462415,-0.0037777724949524627,-0.003248441410362285,-0.0019285210465698436,2024-03-25,2024-09-11,738969.0,739139.0,0.5170264647242013,0.24779945466603576,0.6106709587357069,0.4971995208258882
2024-10-11,739169.508593322,0.5753392347470819,9.499212844714613,0.8968836293958864,-0.03478364986335525,-0.0036217965997356397,-0.002505209579520416,-0.0026155946881227187,2024-04-02,2024-09-11,738977.0,739139.0,2.7850217543148097,0.5816844668022365,0.6106709587357069,0.33543904176532013
2024-11-24,739213.5172560767,0.00983655552561258,13.334611944773592,41.0370196719502,-38.69986174261285,0.04396822480966655,0.011490518816297316,0.04244022585055002,2024-04-09,2024-09-11,738984.0,739139.0,2.3874416464425843,0.6492816784445388,0.6106709587357069,0.36750727484979195
2024-11-08,739197.2194375702,0.31038891714726075,2.8438276058314385,0.9314827751836947,-0.1129906559930672,0.020522834820983132,0.018373991753332635,-0.009142383504197474,2024-04-16,2024-09-11,738991.0,739139.0,0.5724246374573624,0.6009081861118699,0.6106709587357069,0.43942227667433703
2024-09-23,739151.1851713533,0.46128404795913835,3.2162972739765463,0.7761704132419426,-0.04578074058844841,0.006261979811261606,0.005535284132403832,-0.0029279721190964723,2024-04-23,2024-09-11,738998.0,739139.0,1.2958115423564405,1.0485361409914455,0.6106709587357069,0.40640986586671696
2024-10-22,739180.6758205657,0.04825861759458451,14.128877403903488,5.926361799570502,-4.399720910717516,0.039304231793216536,0.01709675377076918,0.03539101082699649,2024-04-30,2024-09-11,739005.0,739139.0,3.2352201800380733,0.38234290583971764,0.6106709587357069,0.33461412161397874
2024-10-29,739187.7614389132,0.12596330995232655,7.151507187154557,2.5805126911374945,-1.1841454575656312,0.02778004651720776,0.022031845311081877,0.01692125221982069,2024-05-07,2024-09-11,739012.0,739139.0,1.4593832304281027,0.7507901554577449,0.6106709587357069,0.3463028537399813
2024-10-08,739166.262749918,0.8654712944803511,14.172303362405883,0.7307979632901346,-0.006045296159474172,0.00020627326720178642,0.0001233806516772294,-0.00016530540086095722,2024-05-14,2024-09-11,739019.0,739139.0,3.8045007290633093,1.7897272983236168,0.6106709587357069,0.4183146486007183
2024-10-16,739174.4321269687,0.33120701138774994,7.451013281912573,1.1682329110337155,-0.1608563569150904,0.011543066559351552,0.0027842503496776187,0.011202246898901142,2024-05-21,2024-09-11,739026.0,739139.0,1.6987629550972858,0.6194428051799712,0.6106709587357069,0.31570636122003515
2024-10-27,739185.2075922898,0.04759017159328606,8.141006681725084,6.198379123561051,-4.61507191607783,0.03918589768201288,0.021753665971574906,-0.03259313722154292,2024-05-29,2024-09-11,739034.0,739139.0,1.5360427468329347,0.6884744572242965,0.6106709587357069,0.3152856611046099
2024-10-11,739169.1473719068,0.623434847291166,11.006548885877033,0.8412323340971011,-0.024164117752426644,-0.005596156825002088,-0.002559682459382831,-0.004976444204162779,2024-06-05,2024-09-11,739041.0,739139.0,2.5349231515654176,0.24458001865969625,0.6106709587357069,0.14850117760320408
2024-09-25,739153.1074164909,0.8677268740864157,8.55150363487617,0.6509220463357277,-0.004450011176132773,-0.002681822906070432,-0.0020165176236841493,-0.0017680019154105266,2024-06-12,2024-09-11,739048.0,739139.0,2.7333003259730058,0.168372658516456,0.6106709587357069,0.11278316418548628
2024-10-08,739166.721262989,0.7033510150455474,4.19898531603151,0.8874452612648107,-0.021351126889034015,0.0037266629886181244,0.002708957601767392,-0.00255921193779703,2024-06-20,2024-09-11,739056.0,739139.0,0.9254577814281494,0.9596844193225048,0.6106709587357069,0.27829052582123454
2024-09-22,739150.5531515413,0.007845894893444784,10.622623766021565,12.922244314100915,-12.041134955179263,0.06779548020912693,0.04594504220790348,-0.04985258502124128,2024-06-27,2024-09-11,739063.0,739139.0,3.424038797017887,0.1311829426689437,0.6106709587357069,0.227000811231685
2024-09-14,739142.8687098717,0.31741171630254256,8.637017420325003,0.7147944378948023,-0.05938433997173321,-0.023785792972077068,-0.01592250650368104,0.017670249968541638,2024-07-05,2024-09-11,739071.0,739139.0,4.016541261216539,0.09175156002757948,0.6106709587357069,0.14858283143291007
2024-09-18,739146.9667215988,0.5420323474725693,12.417612202525904,0.6350561833665708,-0.011596763590368594,0.006799821841074842,0.0044707199087287925,-0.0051234988599642,2024-07-12,2024-09-11,739078.0,739139.0,4.265601719688469,0.07444343117711401,0.6106709587357069,0.15421526456831527
2024-10-07,739165.943587879,0.681868802593809,4.854879762797552,0.41480749268348577,0.0118655994632841,-0.006696481334925507,-0.003009636358463294,-0.005982052428625272,2024-07-19,2024-09-11,739085.0,739139.0,0.8499514278724999,0.2488658832089525,0.6106709587357069,0.129921360868266
2024-09-11,739139.7986636518,0.7282541683930807,14.723933240489728,0.6149337316553779,-0.006395875964930972,0.003449851014894319,0.0029044508767985294,-0.0018616221768209616,2024-07-26,2024-09-11,739092.0,739139.0,9.588700549313463,0.09169778227383532,0.6106709587357069,0.14114472784013582
2024-09-20,739148.5463542831,0.8714162346054306,7.14931395877337,0.6648709735801802,-0.005549745576026414,-0.0008072163342584914,-0.00040264532686117737,-0.0006996248645171011,2024-03-26,2024-09-12,738970.0,739140.0,3.4583128752580174,0.838000754392189,0.6286086594223741,0.48621104723873015
2024-09-19,739147.8162748592,0.8643714305424082,6.3604035620890444,0.688633193090231,-0.0064864996399699604,0.001052929953118361,0.0010353829225819738,0.00019142541576144996,2024-04-03,2024-09-12,738978.0,739140.0,3.1163428869663856,0.8371950460151251,0.6286086594223741,0.35384934722878014
2024-09-13,739141.0886841802,0.44902464205510884,13.989105150569769,0.7746882585501647,-0.055324965159747885,-0.003852829512638688,-0.002014757203361433,-0.003284059784011687,2024-04-10,2024-09-12,738985.0,739140.0,11.055262944059322,0.4609158022052629,0.6286086594223741,0.48437808025278184
2024-11-19,739208.4446585038,0.13050812393368008,10.695388671239424,3.4665678224817347,-1.6101963407436308,0.020478082732231433,0.020105193689100687,0.0038901232772061488,2024-04-17,2024-09-12,738992.0,739140.0,1.9597864333265094,0.9594680497468073,0.6286086594223741,0.38395864879103286
2024-10-03,739161.2619229591,0.8240633742345753,13.9942015910023,0.7193407488212149,-0.007301899749269673,0.00015377333738247437,0.00007068741502513856,0.000136563277079924,2024-04-24,2024-09-12,738999.0,739140.0,4.526419453068612,2.7961940832766667,0.6286086594223741,0.4383409204940045
2024-10-30,739188.8784948104,0.9342524788124154,4.933713931076746,0.6916721573998889,-0.0028220547587418906,-0.0007228572551374677,-0.00047297828697294,0.000546638958872323,2024-05-01,2024-09-12,739006.0,739140.0,1.0360921233726943,0.7392701769790611,0.6286086594223741,0.37844205551750765
2024-09-30,739158.3450938347,0.2599168649423849,3.2751839202136805,1.021166972395025,-0.1844174804362249,0.016281665807413307,0.016278600832888526,-0.0003159056627737661,2024-05-08,2024-09-12,739013.0,739140.0,1.0788807472728994,0.8988806154200262,0.6286086594223741,0.38812289133013517
2024-10-20,739178.0112268408,0.47700109309711414,7.860743967927702,0.9606884558692743,-0.05747211648934588,-0.006411165196729804,-0.006198413035886885,-0.0016378995745487672,2024-05-15,2024-09-12,739020.0,739140.0,1.7825140959765404,0.5439712495222367,0.6286086594223741,0.31328752172589763
2024-10-10,739168.8937928533,0.20489008420859084,9.306751910090346,1.57013444503013,-0.45291454981438223,-0.02905433529224272,-0.029033173056928027,-0.001108720668396366,2024-05-22,2024-09-12,739027.0,739140.0,2.357283553712738,0.34318486960592953,0.6286086594223741,0.22785538222337315
2024-10-08,739166.1022386221,0.09218695329054173,12.764913531501628,2.914103447266933,-1.655605781795994,0.032275507265388664,0.007237953128035038,-0.0314534640978466,2024-05-30,2024-09-12,739035.0,739140.0,3.278912317083684,0.3704549844380377,0.6286086594223741,0.32881413519517527
2024-09-25,739153.734703126,0.09501793345127998,10.446076330665152,2.2433087452302622,-1.207448956714266,0.04153228872070541,0.03430790922082949,-0.023407229038810998,2024-06-06,2024-09-12,739042.0,739140.0,3.485028883817064,0.26444496462088646,0.6286086594223741,0.316570020521767
2024-09-20,739148.943222952,0.5527922454742359,8.248025256993817,0.7036125014187591,-0.022970595870651856,-0.011058287155009686,-0.004620412668068899,0.010046765727307498,2024-06-13,2024-09-12,739049.0,739140.0,3.1685059248579615,0.13921831015069674,0.6286086594223741,0.10075297939168067
2024-10-10,739168.9918208726,0.4550342312090644,3.0612277384732405,1.4472354499319104,-0.15026299764132522,0.022698807550511665,0.012258586748217086,0.01910400259504803,2024-06-21,2024-09-12,739057.0,739140.0,0.6584208441810968,0.9840052933641188,0.6286086594223741,0.27437380414781076
2024-10-14,739172.1679433482,0.08924199702689185,7.916771976185645,2.624231418226883,-1.4529097411546852,-0.030720117251937507,-0.028833819854134315,-0.010598888460216865,2024-06-28,2024-09-12,739064.0,739140.0,1.528012436735856,0.5331346511767043,0.6286086594223741,0.28434455628943617
2024-09-22,739150.7333301057,0.7960428773461958,12.26088863008461,0.6278372000280225,-0.004109145922029075,0.003013332866005213,0.002673200531301529,-0.0013907458002080798,2024-07-08,2024-09-12,739074.0,739140.0,3.8383319555091684,0.08853581079041863,0.6286086594223741,0.15547386252734352
2024-09-28,739156.6290800762,0.07642837293501129,13.307950253649027,1.2775081862351818,-0.5423009515578461,0.028099740772337182,0.0019647613346899313,-0.028030967596040204,2024-07-15,2024-09-12,739081.0,739140.0,3.2081484355378143,0.11083616700433413,0.6286086594223741,0.16467188440374003
2024-09-21,739149.3009435736,0.3567576790336156,6.361005690523082,0.6857495349207964,-0.03716869882783565,0.02194962949807205,0.004117544764582015,0.021559964290654512,2024-07-22,2024-09-12,739088.0,739140.0,1.9090344604920797,0.09497246490708282,0.6286086594223741,0.06557475829478963
2024-09-25,739153.5477219595,0.5239792136661184,14.319010314323197,0.7285679130674547,-0.027112912506416318,-0.00678502681246461,-0.000059534453181346564,0.006784765618261883,2024-07-29,2024-09-12,739095.0,739140.0,3.335512614690726,0.14622635730564415,0.6286086594223741,0.11443548931462272
2024-10-17,739175.6476521061,0.7021123126554351,14.098431115228028,0.7905939665590852,-0.01400208924105365,0.0013565329957177076,0.0012998324604271028,0.000388094503041311,2024-03-27,2024-09-13,738971.0,739141.0,3.9851850707348477,0.5140416179773034,0.6699638451042883,0.4593027206428271
2024-09-18,739146.7674025996,0.33883753069581984,7.205047372105264,0.9746304346312983,-0.13532755807091398,-0.012547954531173721,-0.01089621296459455,-0.006222837451404684,2024-04-04,2024-09-13,738979.0,739141.0,3.8648517297047844,0.5071868401099419,0.6699638451042883,0.3840462721385323
2024-11-06,739195.9420318147,0.5366957063652357,3.139182503749822,0.8908756589915247,-0.0346697788747237,0.003620043403793714,0.002556120283358717,0.0025633890345307577,2024-04-11,2024-09-13,738986.0,739141.0,0.6697621766374121,1.637377618788672,0.6699638451042883,0.44939553945213756
2024-11-13,739202.1965465388,0.31974468480821977,6.126310503586031,1.4230355182371264,-0.2108946104539046,-0.006396034821392366,-0.006198817081969623,0.001576048292643753,2024-04-18,2024-09-13,738993.0,739141.0,1.198493949501388,1.7209132995922563,0.6699638451042883,0.41472998693096474
2024-11-07,739196.1627055596,0.33475698236400825,8.773918916976715,1.4280157076865847,-0.20093612675194927,-0.008300107093095152,-0.0074719647032712305,0.0036140726652790665,2024-04-25,2024-09-13,739000.0,739141.0,1.7715690573523746,0.9236562181037935,0.6699638451042883,0.3617545540060528
2024-11-16,739205.0744662597,0.20573106765142307,2.0774825364860505,-2.3065933651209387,1.0558709199876757,-0.18889375601703914,-0.07146902310028105,0.17485145066403143,2024-05-02,2024-09-13,739007.0,739141.0,0.37316117096209855,0.5535485593680739,0.6699638451042883,0.3979583418574795
2024-11-07,739196.6230298053,0.11345848149957607,12.84560077210678,3.3222831527483856,-1.6851537954141607,-0.035675176364716905,-0.029426762686602295,-0.020168883123268047,2024-05-09,2024-09-13,739014.0,739141.0,2.4304860058715856,0.4172112018078927,0.6699638451042883,0.27224219548847256
2024-10-17,739175.0385843221,0.03452884605282059,13.814970848634976,7.7760045896149,-6.285450172643848,0.04185144845983379,0.0033259012934119137,-0.04171908578543643,2024-05-16,2024-09-13,739021.0,739141.0,3.319427420488316,0.37536863951029964,0.6699638451042883,0.33777340203008444
2024-09-17,739145.7499127534,0.34966909396246854,2.262275751076567,0.8313488765127834,-0.09398975646786713,-0.015738655788835605,-0.005609602494191382,0.014705021111736301,2024-05-23,2024-09-13,739028.0,739141.0,1.1559253525449478,0.9230486572429459,0.6699638451042883,0.3342200629064894
2024-10-01,739159.8594310601,0.23045295400818994,8.23146759690415,1.230078369339307,-0.28543080424817313,-0.03278022805644068,-0.02985449362237438,-0.013537080999383439,2024-05-31,2024-09-13,739036.0,739141.0,2.46574402242958,0.24377764485474368,0.6699638451042883,0.16654535737224244
2024-09-18,739146.8546601604,0.9143277631204723,7.456296796340682,0.6386410956139398,-0.003730951836349103,0.0022565253809293767,0.00025254373545331087,-0.0022423488703727087,2024-06-07,2024-09-13,739043.0,739141.0,3.4126765004459974,0.20274872899547544,0.6699638451042883,0.13376953834853492
2024-09-16,739144.0082161488,0.13083251125250886,7.834006490999975,1.1172828654346487,-0.3805155906515192,0.05850892621449417,0.052335293714355816,-0.02615934782453935,2024-06-14,2024-09-13,739050.0,739141.0,4.291600933147945,0.1086130672037774,0.6699638451042883,0.17289674621740644
2024-09-20,739148.9751076384,0.9205737559987723,11.843457553838588,0.6648007225327028,-0.0041756216580792664,-0.0018102250968472422,-0.0005676701408115824,-0.001718914050348814,2024-06-24,2024-09-13,739060.0,739141.0,4.546546256401695,0.17929519120770057,0.6699638451042883,0.22453568389549536
2024-09-27,739155.8206335882,0.15156056577858348,12.067154738354441,1.240550665319792,-0.39508378925969057,0.03841253611303423,0.03714035883325893,-0.009803911279276458,2024-07-01,2024-09-13,739067.0,739141.0,3.4389293756860266,0.12918067959418456,0.6699638451042883,0.19632194406072156
2024-10-15,739173.0438647988,0.571591340710012,8.081190390667611,0.8353074087659159,-0.028019245985139486,-0.004220848676661056,-0.0007048323072367057,-0.0041615832287660364,2024-07-09,2024-09-13,739075.0,739141.0,1.438326173343827,0.4695339110708782,0.6699638451042883,0.2131640370257857
2024-09-26,739154.2108598874,0.2050762665572719,6.1202301333400975,0.9121960450944036,-0.1651492875252186,0.028785388048353577,0.008457540853447831,0.02751487902583905,2024-07-16,2024-09-13,739082.0,739141.0,1.654499105846742,0.19224376601214507,0.6699638451042883,0.1177483644036078
2024-10-05,739163.9615246798,0.7450513198382543,10.41496924212782,0.6961277670509828,-0.00803267752657491,0.004573298353044398,0.003249249049883218,0.0032182974439587783,2024-07-23,2024-09-13,739089.0,739141.0,1.9611904403581808,0.1256489877899114,0.6699638451042883,0.04599517522925445
2024-09-22,739150.1053623327,0.83324570416428,4.3251770387574116,0.6082302594528203,-0.0012829807908613545,0.004134062028530868,0.003973893108392994,0.0011395799308549707,2024-07-30,2024-09-13,739096.0,739141.0,1.22672927366529,0.059787770666393764,0.6699638451042883,0.09536031012395878
2024-11-04,739193.8100070008,0.8195217746147483,12.300268669326266,0.8171368857353641,-0.007596734812051948,0.0005712561700941614,0.000376419666377175,0.00042969971681995075,2024-03-28,2024-09-16,738972.0,739144.0,2.9239542325534655,0.8860168106227264,0.6931471805599453,0.47883294271551835
2024-11-19,739208.0146215446,0.900419920671131,11.81722790891236,0.8743945821032563,-0.005417087125863184,0.0005587367247423947,0.0005211704160402808,-0.00020141530483123454,2024-04-05,2024-09-16,738980.0,739144.0,2.3891391152518646,0.7387339972467449,0.6931471805599453,0.3589931653601045
2024-11-07,739196.2765802566,0.897590164693689,10.935087016352547,0.8577579948560676,-0.005804878261809411,0.0007166151470856221,0.0006655726932776837,0.00026561298724956625,2024-04-12,2024-09-16,738987.0,739144.0,2.4140859622874964,0.664910168281126,0.6931471805599453,0.306231492082387
2024-11-03,739192.4303569049,0.17224893127223354,11.673340563368576,2.3747383334451517,-0.8635032432376591,-0.023255802684181506,-0.01805273490880198,-0.014660529349177883,2024-04-19,2024-09-16,738994.0,739144.0,2.6201749700369605,0.5478908140153569,0.6931471805599453,0.3159000626164847
2024-10-02,739160.3225580379,0.04646124253514828,5.118656298473285,4.278573863825724,-3.13737106632353,-0.03294838144019159,-0.022346292496589166,0.024212373927090348,2024-04-26,2024-09-16,739001.0,739144.0,1.856106029591469,0.8643042589897565,0.6931471805599453,0.4193210571410038
2024-10-01,739159.5166546411,0.34048960979947546,3.286809196878141,0.9310159662105781,-0.10843191777016785,0.009758525928290457,0.009750992698212576,0.0003833662641941366,2024-05-03,2024-09-16,739008.0,739144.0,1.192057847865756,1.151071467377438,0.6931471805599453,0.3979254730979602
2024-11-12,739201.3411571782,0.7463064250359507,2.2134764760072394,0.058733137733201074,0.016376855047582135,-0.01112071605703249,-0.006546728504297927,0.008989475597172135,2024-05-10,2024-09-16,739015.0,739144.0,0.4151900481882774,0.4965237453148883,0.6931471805599453,0.39698531753659333
2024-11-07,739196.0558935658,0.3275875855286435,10.569772793279315,1.3828207967181556,-0.19833546110014752,0.01156727492500979,0.006306756798560635,-0.009696734907924906,2024-05-17,2024-09-16,739022.0,739144.0,2.0305518649564887,0.5314116800251364,0.6931471805599453,0.2995194917466761
2024-09-19,739147.5601826871,0.6697924237500642,7.147281997248824,0.7036387994367511,-0.015264118208958682,-0.005111047807811455,-0.003938955300043302,-0.0032569066363644923,2024-05-24,2024-09-16,739029.0,739144.0,3.987718608131553,0.2798730563591719,0.6931471805599453,0.1817499083422051
2024-10-16,739174.7007133703,0.21895706027778844,4.427202372791642,1.6865537720486143,-0.46734810745700794,0.01890248408701834,0.016731937429266035,0.008794667391272274,2024-06-03,2024-09-16,739039.0,739144.0,1.0471690745579816,1.2227880511899802,0.6931471805599453,0.31975028608302675
2024-10-22,739180.3742024727,0.5409667104962584,6.687298534688151,0.986912604171455,-0.045532564114460806,-0.004423684379463226,-0.00034259999488995055,-0.004410397797547105,2024-06-10,2024-09-16,739046.0,739144.0,1.3908156042733983,0.832641022142597,0.6931471805599453,0.28720119076726647
2024-09-29,739157.1906325136,0.3630852291528755,13.165484868202729,0.9688254411813004,-0.10900136934001087,0.010755017349819164,0.005476124294366504,-0.009256482102157399,2024-06-17,2024-09-16,739053.0,739144.0,4.330496040670194,0.2795069182131636,0.6931471805599453,0.30884725154991866
2024-09-30,739158.4366047912,0.7633271211607675,9.864357056640394,0.6852108724436522,-0.0076525924379509894,-0.004211309077079556,-0.003488370979222515,-0.002359320252532669,2024-06-25,2024-09-16,739061.0,739144.0,2.997738803729669,0.1406155588502926,0.6931471805599453,0.08510861376026439
2024-10-09,739167.2417230105,0.36582782978983036,4.52800912505252,1.149581902732225,-0.14278990655919868,0.013012398037888511,0.011445901018280526,0.006189818460679569,2024-07-02,2024-09-16,739068.0,739144.0,1.0461096596122086,0.886563030168686,0.6931471805599453,0.27949190011087005
2024-10-14,739172.6226276839,0.8989628503364409,11.423656599739274,0.745697434602538,-0.005047681614787563,0.0021702101802280483,0.002154208941846976,0.00026305144217812245,2024-07-10,2024-09-16,739076.0,739144.0,2.211966629159342,0.1830318893282639,0.6931471805599453,0.07791509324130126
2024-10-15,739173.9367673264,0.9778809871486911,12.409586192058757,0.7139878646995881,-0.003008100645405954,-0.0015273253739922176,-0.00021695912894409642,-0.0015118371388507044,2024-07-17,2024-09-16,739083.0,739144.0,2.194429276096327,0.15519920717746544,0.6931471805599453,0.058760711470820244
2024-10-11,739169.7540838084,0.3804033415858329,11.786886439580167,0.862080444217787,-0.06799492442557621,0.018113361338367127,0.00649189355782032,0.0169100318452741,2024-07-24,2024-09-16,739090.0,739144.0,2.1204790712100223,0.12114979078762912,0.6931471805599453,0.05236081923006138
2024-09-23,739151.9342094386,0.1426106225134476,7.215181330583543,1.1306597329689916,-0.35168236428690464,0.03605176966313255,0.011549299711536454,-0.034151775532418056,2024-07-31,2024-09-16,739097.0,739144.0,2.2219675034872246,0.1928095887081959,0.6931471805599453,0.04853683119737551
2024-09-29,739157.9785391159,0.90431874970759,4.7368824694497516,0.6942395352905881,-0.004681233261053375,0.0005062854063249666,0.0005062595084771383,5.120813814512307e-6,2024-04-01,2024-09-17,738976.0,739145.0,1.9907374175823591,1.7651995141250316,0.68267588069265,0.44845721922874915
2024-11-08,739197.0389349713,0.9919958542818352,10.835998434979532,0.8102344935828139,-0.0032154184588761613,0.0004052929763799149,0.0004025105045266344,0.000047409813842752616,2024-04-08,2024-09-17,738983.0,739145.0,2.43887409040969,0.7262887991985221,0.68267588069265,0.3507210657855307
2024-10-14,739172.7113913657,0.9003433506172471,6.402946481674157,0.7615569330560178,-0.005300090910666524,-0.00043063688950884384,-0.00016659681402926557,0.0003971065753184534,2024-04-15,2024-09-17,738990.0,739145.0,1.922013726121965,1.7306146616632454,0.68267588069265,0.4144893730018508
2024-11-18,739207.6021006173,0.3200126316793919,6.098628675365708,1.4644026118567113,-0.21607716574671124,-0.00594070847377806,-0.005761780881830327,0.0014470308359509766,2024-04-22,2024-09-17,738997.0,739145.0,1.1775371252316473,1.908558883877184,0.68267588069265,0.4162789472705061
2024-11-16,739205.4650205799,0.8892010794508636,4.390909408596302,0.7385429951250008,-0.0036409005140619318,0.000793990055873975,0.0007798299270207292,0.0001492832668104574,2024-04-29,2024-09-17,739004.0,739145.0,0.8410833095221647,0.928622609062891,0.68267588069265,0.4125834604837398
2024-09-21,739149.3127920751,0.41028537470272186,13.310060150791818,0.852589996325544,-0.07379208586910055,-0.003257389675804325,-0.003247410335465107,-0.00025478150080216795,2024-05-06,2024-09-17,739011.0,739145.0,7.346335372200621,0.6983065072002514,0.68267588069265,0.43802103560869204
2024-11-07,739196.3400249764,0.5501889272292905,9.869507167702544,1.012834122678791,-0.041188067174415824,-0.004229564503352225,-0.0009243320039099201,0.004127326766148401,2024-05-13,2024-09-17,739018.0,739145.0,1.9559698036371072,0.5428653704816633,0.68267588069265,0.300281859253635
2024-10-21,739179.4510338233,0.4738218748020563,4.793257661109948,0.9971680128390646,-0.06274391542207142,-0.0038506133805617094,-0.001054466165835792,0.003703420650110982,2024-05-20,2024-09-17,739025.0,739145.0,1.1445639069643387,1.610742184102478,0.68267588069265,0.3593931629012523
2024-10-07,739165.4523075621,0.06627803445423376,13.893654413412108,3.8174103692391594,-2.5317235309576747,-0.029096204611823304,-0.029090045333588013,-0.0005986529068516316,2024-05-28,2024-09-17,739033.0,739145.0,4.130884032653448,0.4150812006917072,0.68267588069265,0.3751896005083033
2024-10-18,739176.9695566386,0.3275876551195556,14.52394315665345,1.3110552773637445,-0.19880705457466488,-0.012753668095079626,-0.004854128482923488,0.011793790169013644,2024-06-04,2024-09-17,739040.0,739145.0,3.3632572069448914,0.3515925525937614,0.68267588069265,0.2720835421320583
2024-10-13,739171.4717656618,0.15831603841660805,8.582235286066124,1.8761356502683226,-0.7033351535676987,0.03161948053800963,0.031067569669203047,0.005881977927770916,2024-06-11,2024-09-17,739047.0,739145.0,2.1144214605488236,0.4103288856912398,0.68267588069265,0.26501705157292393
2024-10-19,739177.436522841,0.25230311799552224,2.902619917914792,2.692255954294144,-0.7647019899312372,0.062490904389660235,0.04294084388335432,0.045400408126172714,2024-06-18,2024-09-17,739054.0,739145.0,0.6173911776607667,1.0636723179636147,0.68267588069265,0.28934066792061186
2024-09-27,739155.3613808712,0.9416518679898738,7.858794764344697,0.6800119251961365,-0.00393438186857868,0.001998571911734051,0.0004054820940745016,0.0019570063765244235,2024-06-26,2024-09-17,739062.0,739145.0,2.74967436962293,0.23588001983588508,0.68267588069265,0.11174860271882309
2024-10-24,739182.9447178994,0.4576611271743839,14.6752858982799,0.9179871645930863,-0.05337116560239301,-0.012583118360775815,-0.011890127221475744,-0.004118220773394125,2024-07-03,2024-09-17,739069.0,739145.0,2.568234971711752,0.13227441853551206,0.68267588069265,0.07720031959668346
2024-09-24,739152.8754092198,0.6771787241271717,2.5434100285025303,0.7086974038230509,-0.012378479883724501,0.0027812311453733517,0.0014179396455218372,-0.00239263324511973,2024-07-11,2024-09-17,739077.0,739145.0,0.9170042351075024,1.1849967426362573,0.68267588069265,0.2103753801211095
2024-10-06,739164.8517539827,0.5475194664000881,12.096607174169977,0.7782460272219335,-0.026984387143569887,0.008868767788237987,0.0011404251899565503,0.008795139138626536,2024-07-18,2024-09-17,739084.0,739145.0,2.7036552339356636,0.1377162733976601,0.68267588069265,0.07993825101910293
2024-10-07,739165.8386368046,0.06394199021688408,12.312289257944139,2.343161438079416,-1.3965508100768715,-0.050714485006456,-0.03910903322905272,0.03228687828451212,2024-07-25,2024-09-17,739091.0,739145.0,2.505349566318275,0.14301186197578553,0.68267588069265,0.09573635176166058
2024-09-19,739147.4988888653,0.9346626695119984,13.474260141147132,0.6895893152615707,-0.006221258466016733,-0.0011519641799424185,-0.0008079538758985625,0.0008211163171505599,2024-08-01,2024-09-17,739098.0,739145.0,6.403685506010241,0.37461851606742874,0.68267588069265,0.06114634655525847
2024-10-06,739164.3789598057,0.6409586768849543,4.3568443081960275,0.7966402125517641,-0.020319432110480623,0.0014768947711720013,0.0007385275648496759,-0.001278982095680939,2024-04-02,2024-09-18,738977.0,739146.0,1.6100547821095859,2.024044253182683,0.6847789308894288,0.4475610813943339
2024-10-12,739170.4822070294,0.9771636946799609,11.540446437341062,0.7059273925422799,-0.003113010702522161,0.0004213207963255637,0.0002489922450971485,0.0003398736166546157,2024-04-09,2024-09-18,738984.0,739146.0,3.7292546524017056,0.6256226027501834,0.6847789308894288,0.3763028435668051
2024-11-03,739192.6436276509,0.04919217540484301,12.921494024113427,7.315312952320103,-5.461555716914281,-0.05029088919908856,-0.04642027627296729,-0.01934764810452145,2024-04-16,2024-09-18,738991.0,739146.0,3.0106740195104305,0.4134379623800581,0.6847789308894288,0.28015673866328045
2024-09-20,739148.3908771044,0.019575286663375383,14.611485947571305,7.213537871640031,-6.262701890618427,-0.016135153443344184,-0.003150199639152365,0.015824645932018377,2024-04-23,2024-09-18,738998.0,739146.0,9.631197865556757,0.5199988528114351,0.6847789308894288,0.6069987657266896
2024-11-21,739210.882805524,0.15007389909543847,4.11367244013976,2.0320550745771757,-0.76151428852426,0.02628355178328174,0.02157765070233521,-0.015007667524051348,2024-04-30,2024-09-18,739005.0,739146.0,0.7560111500900478,1.0569865550638973,0.6847789308894288,0.4175591135943948
2024-10-04,739162.6832434353,0.6233279546514773,10.355565827909023,0.8417069006147903,-0.026304532562231527,0.004119335259896781,0.003499452215469485,0.0021731905519476653,2024-05-07,2024-09-18,739012.0,739146.0,3.6271843168996045,0.38436711147830155,0.6847789308894288,0.24982661322022792
2024-10-11,739169.838320649,0.699536282608212,2.7028949743262243,0.7200232513317072,-0.010652616347134903,-0.00235051191836709,-0.002122423859995049,-0.0010100610065285425,2024-05-14,2024-09-18,739019.0,739146.0,0.7936434974155354,1.1729375845544416,0.6847789308894288,0.4127412719193446
2024-11-07,739196.9651386202,0.5617122251375269,13.064971766785549,1.0946051139356523,-0.04535251053673827,0.00415310874546614,0.00006892616194008876,-0.0041525367470821705,2024-05-21,2024-09-18,739026.0,739146.0,2.5166802259650347,0.4694976582595429,0.6847789308894288,0.25054671751759056
2024-09-20,739148.1586770279,0.556094398816786,4.107546970119447,0.7352353183087893,-0.02783876177875554,-0.004708608736880244,-0.004407936738738984,-0.0016556237327062246,2024-05-29,2024-09-18,739034.0,739146.0,2.5940873970794738,0.8004298809293017,0.6847789308894288,0.3251790979643522
2024-09-29,739157.4911179655,0.10761439265599386,4.3286565477315175,1.9171262830556475,-0.927596414988232,0.031810983454371555,0.004292444289278326,-0.031520050608426116,2024-06-05,2024-09-18,739041.0,739146.0,1.5957209180849654,0.7249352137497185,0.6847789308894288,0.35168453662549004
2024-10-12,739170.2154562623,0.5678966965350146,6.518595208396614,0.8817604169719587,-0.03431358922558976,-0.00419370457839538,-0.004193551931303973,0.00003578114463074156,2024-06-12,2024-09-18,739048.0,739146.0,1.679445206695385,0.7128261830421859,0.6847789308894288,0.28764162436318813
2024-10-12,739170.8049171817,0.3860693050209322,7.815110063128493,1.0689613019282815,-0.11058550548848425,-0.010489030683304798,-0.010127133930278157,0.002731469024814015,2024-06-20,2024-09-18,739056.0,739146.0,1.905761445125494,0.5208264440744096,0.6847789308894288,0.271843369807945
2024-10-11,739169.9586529492,0.44237690104523353,9.901962774819282,0.9632003141209318,-0.0704408272359124,0.013238494788491111,0.011137744869033918,-0.007156003318697869,2024-06-27,2024-09-18,739063.0,739146.0,2.357793445271935,0.23771522139281073,0.6847789308894288,0.1387027290376882
2024-10-03,739161.8521601949,0.05800771404555839,3.8044730879974678,3.122059074916802,-2.0643576423944374,-0.023764373074372014,-0.023722039744027562,-0.0014178356747924874,2024-07-05,2024-09-18,739071.0,739146.0,1.057160495920354,1.3244934428535193,0.6847789308894288,0.2799941236192731
2024-10-21,739179.6856515658,0.9219278355039047,4.226438312647212,0.7700417898835593,-0.004097817380398062,0.001061691445414062,0.0002531267907122082,0.0010310749502772036,2024-07-12,2024-09-18,739078.0,739146.0,0.7431627370695937,0.841931338527721,0.6847789308894288,0.1973129017678677
2024-10-12,739170.4582328718,0.5274271561484877,10.3162181191775,0.8215056724125144,-0.03191288289991652,0.00884237252223596,0.00034329759380570985,0.008835705890537612,2024-07-19,2024-09-18,739085.0,739146.0,2.0540882030077676,0.18451819694626034,0.6847789308894288,0.08144814761432632
2024-10-08,739166.7092604402,0.9889735463010683,7.367316321092528,0.6705536552925733,-0.001861222971885411,0.0015378856073478848,0.0002285166229244268,0.0015208130372715073,2024-07-26,2024-09-18,739092.0,739146.0,1.5044020631523614,0.16246122722915757,0.6847789308894288,0.11915390445093169
2024-10-10,739168.6384237777,0.9579569941659398,13.900351758439454,0.7889039944067281,-0.00579084800485784,-0.0009409655118874824,-0.0009398409929248808,-0.00004598915719651435,2024-08-02,2024-09-18,739099.0,739146.0,2.4859012785518853,0.42411993092429884,0.6847789308894288,0.03543316089327723
2024-10-29,739187.1339195205,0.9923677670485254,13.808245535067291,0.7334923447902878,-0.0026804881656761776,0.00027173567619935877,0.00020015839836502223,0.00018378491038023722,2024-04-03,2024-09-19,738978.0,739147.0,3.6277781211319344,0.7089267795687246,0.6763400622435641,0.42587875481643267
2024-10-26,739184.8463111569,0.9763688541534896,7.17023335957606,0.7811374309743171,-0.003509715335208276,0.00030003582537038145,0.00029993521152752155,7.769516820686597e-6,2024-04-10,2024-09-19,738985.0,739147.0,1.8989375736545195,1.5928666003791687,0.6763400622435641,0.41315048414996225
2024-10-07,739165.3524411442,0.8220345915676928,13.100801346492528,0.7388912786445385,-0.007499647647149484,0.00035299590003913853,0.00016680716560674126,0.0003110972114093706,2024-04-17,2024-09-19,738992.0,739147.0,4.682129920179358,1.333102154585889,0.6763400622435641,0.4389537912867001
2024-10-03,739161.6537178617,0.4210079335250333,4.956784358816092,0.9141953411173764,-0.07373515391786493,0.006245278222844104,0.000032717695853279185,0.006245192521700772,2024-04-24,2024-09-19,738999.0,739147.0,1.8988187615989267,1.0027970660411387,0.6763400622435641,0.395649715704064
2024-10-04,739162.3002884756,0.266738266402264,2.513069580686317,1.0925430126984124,-0.20074830309558078,-0.011070149186816964,-0.01105992964681629,-0.00047556201052899175,2024-05-01,2024-09-19,739006.0,739147.0,0.9294873078490711,1.9247716805010613,0.6763400622435641,0.4204895058962583
2024-11-14,739203.2483361225,0.44391635088819126,8.805038401396093,1.1870512937422213,-0.08682059359097777,-0.006178307057593619,-0.006095569103593193,-0.0010077278408534697,2024-05-08,2024-09-19,739013.0,739147.0,1.707639102417487,0.7084727482372315,0.6763400622435641,0.33286952507860496
2024-09-28,739156.6305161639,0.1557377179558397,3.4632947927122224,1.4104169575781833,-0.4928862723772259,0.025137081931431306,0.016086005587420564,0.01931614123651421,2024-05-15,2024-09-19,739020.0,739147.0,1.461973023212184,0.8817312001701194,0.6763400622435641,0.38268052981921113
2024-11-04,739193.4603248712,0.18289018708237118,9.588132648165974,2.0688263938305527,-0.6867759229325675,0.020040771336869122,0.018547552333448198,0.007590837780816765,2024-05-22,2024-09-19,739027.0,739147.0,1.9474158719256778,0.653667659919973,0.6763400622435641,0.3114129485260083
2024-10-31,739189.295404663,0.9765644555860029,5.963351586601907,0.7956851309128662,-0.003578206994645875,-0.0002947978753635672,-0.00004838961166593474,0.000290799299864517,2024-05-30,2024-09-19,739035.0,739147.0,1.2283122008169791,1.987703530007566,0.6763400622435641,0.3306209952889224
2024-11-03,739192.1749013579,0.30627419202262,4.790486686134104,1.7460375930734386,-0.3170489227231759,-0.015169748618144097,-0.01478054328626916,-0.0034142075655133265,2024-06-06,2024-09-19,739042.0,739147.0,0.9158754398739218,1.336222139433035,0.6763400622435641,0.3100169480653796
2024-10-10,739168.7239242276,0.9450861135548927,12.099199255735895,0.726305325658722,-0.003921990465655907,-0.0014420697964652002,-0.0011518050416062396,0.0008677041223871376,2024-06-13,2024-09-19,739049.0,739147.0,3.2866454568718364,0.21243937045401312,0.6763400622435641,0.1324134535846352
2024-10-17,739175.1647828774,0.06941637149727466,8.420085467359119,3.7397319074702184,-2.406105723795983,0.036950629856100696,0.035519355339683215,-0.010184519773454092,2024-06-21,2024-09-19,739057.0,739147.0,1.9217112407922028,0.5368318437734987,0.6763400622435641,0.2965030527680549
2024-10-16,739174.8957650725,0.873275470351113,3.515483854964532,1.0106650163958286,-0.01359386650732873,-0.003421899173616111,-0.003420581161009957,-0.0000949656534669149,2024-06-28,2024-09-19,739064.0,739147.0,0.7721839548321123,0.9868290950770573,0.6763400622435641,0.25809691533474227
2024-10-11,739169.5305631249,0.4193794428001224,13.175644078647643,0.8768206313991593,-0.059997869854751966,0.013145524594568513,0.010160713854266198,0.008340546195431606,2024-07-08,2024-09-19,739074.0,739147.0,3.0292256384405882,0.14527577248729218,0.6763400622435641,0.11887495779079897
2024-10-04,739162.4920031449,0.3724840171884694,12.558817145799,0.8141402916190248,-0.06167893582900329,-0.016449496750467012,-0.01634562283747439,0.001845686159307845,2024-07-15,2024-09-19,739081.0,739147.0,3.318366036916768,0.11120982604761945,0.6763400622435641,0.11848380027663494
2024-10-10,739168.9740284401,0.12230195600554876,13.222549647240037,1.6866128008390708,-0.6971097769783118,0.03940747317805336,0.0319738698338385,0.023035203279496968,2024-07-22,2024-09-19,739088.0,739147.0,2.7447444951073514,0.163621655188444,0.6763400622435641,0.10621627147594549
2024-09-28,739156.7659477786,0.5914021309462071,8.691987522490756,0.7530299654023308,-0.02215043228328872,0.008565627292023741,0.0031427375021503105,-0.00796826028054054,2024-07-29,2024-09-19,739095.0,739147.0,2.5515627357736865,0.17594900841443017,0.6763400622435641,0.060299161005052414
2024-09-25,739153.0957396633,0.948640943119109,9.599021108155373,0.7047788197030029,-0.0054960203858866906,-0.0016529908653490893,-0.00014719148474090008,0.001646424449450171,2024-08-05,2024-09-19,739102.0,739147.0,3.248127098637026,0.3285888325800951,0.6763400622435641,0.03047522166514151
2024-11-11,739200.2646357049,0.014783541388195601,2.9184877225544077,18.63767502393281,-16.97056087529901,0.04176250051676704,0.039527602438733156,0.013478690398492862,2024-04-04,2024-09-20,738979.0,739148.0,0.6702799254354854,2.0584025572724083,0.6286086594223741,0.4657464525596199
2024-11-17,739206.2147674607,0.502496590731864,11.608048017351337,1.2091596839736811,-0.06808625790870976,-0.003955979062427913,-0.0006585100969631028,-0.0039007864328319346,2024-04-11,2024-09-20,738986.0,739148.0,2.4580036838358796,0.7450396824420018,0.6286086594223741,0.35012060952835417
2024-11-29,739218.9508628285,0.4774357778286388,3.9133597407307112,1.0916567373071373,-0.06059222953882415,0.003766184812680238,0.0006510275027324901,-0.00370948934948588,2024-04-18,2024-09-20,738993.0,739148.0,0.7214433010296702,1.962820084632646,0.6286086594223741,0.4385425024692329
2024-09-22,739150.6382396368,0.3783454043640707,7.764850291461292,0.9067277526083339,-0.09801363249538592,0.010676123889660945,0.01011608508778733,0.003412395610716312,2024-04-25,2024-09-20,739000.0,739148.0,4.998583776188277,0.4473302383780971,0.6286086594223741,0.3402273605968521
2024-09-30,739158.5766375721,0.26300804866093125,9.255364529924364,1.2115972224268559,-0.2516080665441665,0.019999499901562974,0.002595891188541539,0.019830313796051494,2024-05-02,2024-09-20,739007.0,739148.0,3.921878252446052,0.3575040244817721,0.6286086594223741,0.2833650698862022
2024-11-22,739211.5276579913,0.17682148347833285,13.159673482004798,2.502685382907515,-0.8718199689173757,0.022710526575185287,0.019991597429985353,0.010775158909250487,2024-05-09,2024-09-20,739014.0,739148.0,2.375924880682135,0.5158097230353127,0.6286086594223741,0.3045335706136494
2024-11-10,739199.3129151928,0.42140159446604286,14.130955115332894,1.3212272281708313,-0.118593618719969,-0.008221020246089849,-0.006616157083953787,-0.004879717135968777,2024-05-16,2024-09-20,739021.0,739148.0,2.801362876320892,0.43018995071282695,0.6286086594223741,0.2532588988815652
2024-10-01,739159.9592105518,0.39804399377904975,11.666372597067356,0.999074221377973,-0.10195134567916425,0.008274193235890863,0.005445064732763117,-0.00623005166598813,2024-05-23,2024-09-20,739028.0,739148.0,4.458066362172657,0.42039983383555,0.6286086594223741,0.33163727209240573
2024-10-31,739189.075799033,0.008672472509283715,4.621520083209415,37.93091213370174,-36.02167221557288,-0.04869288614574334,-0.027740842930674196,0.0400180308698215,2024-05-31,2024-09-20,739036.0,739148.0,0.967610302392099,1.3882140648593324,0.6286086594223741,0.33210301514428336
2024-10-24,739182.1244513129,0.8677498064917342,4.391206186922027,0.8681802416128304,-0.008316750995867556,0.0010869719805726742,0.0005700371609473982,0.0009255083585193121,2024-06-07,2024-09-20,739043.0,739148.0,0.9821773372460281,1.5119799965389684,0.6286086594223741,0.3061843687235279
2024-10-11,739169.5198787734,0.21820853361647147,5.12505296167647,1.4177973388570022,-0.3681533209019016,-0.01789707236814555,-0.017373903243120895,0.004295658907468355,2024-06-14,2024-09-20,739050.0,739148.0,1.3984836670112495,0.8758305730731151,0.6286086594223741,0.3219262308831917
2024-10-29,739187.4302444558,0.0008266364717548493,6.222132671073289,350.7434303941645,-348.9648290445508,-0.052141924328863186,-0.049387513708912825,0.01672285150232585,2024-06-24,2024-09-20,739060.0,739148.0,1.161637775286852,0.88913948884071,0.6286086594223741,0.3103878905589993
2024-10-17,739175.4807364981,0.9594135430433193,5.648187623753352,0.7961744320752591,-0.004859680501287958,0.001007154384302144,0.000984576791368724,-0.00021205776504787263,2024-07-01,2024-09-20,739067.0,739148.0,1.23431899112404,0.8196121726147253,0.6286086594223741,0.26103767993076177
2024-10-06,739164.283911199,0.7596615701350917,11.589060002623837,0.7230888919210644,-0.008693038930741734,0.0038663883917618943,0.0031331950014352166,-0.002265402454075765,2024-07-09,2024-09-20,739075.0,739148.0,3.1386073001397405,0.14737984373366084,0.6286086594223741,0.09936256660622816
2024-10-18,739176.0931190994,0.9031966660083897,3.503162598500145,0.5920739893187241,0.0008312742335905306,0.002432213868008746,0.0012846301919686278,-0.0020652819588658374,2024-07-16,2024-09-20,739082.0,739148.0,0.6739390099120872,0.08811799140559211,0.6286086594223741,0.1659043199745944
2024-10-12,739170.8330524,0.6133104901330185,9.24015355143337,0.7464979185450781,-0.015185473252818342,-0.006182012972224453,-0.00577057320955808,-0.002217604388046246,2024-07-23,2024-09-20,739089.0,739148.0,1.8772003974325744,0.16304204869364342,0.6286086594223741,0.10385939004113975
2024-10-03,739161.5430421046,0.4162335931905011,4.79751399246024,0.8318778812255895,-0.05609862070629119,-0.004652076144496578,-0.004649559918867024,-0.00015298697676409298,2024-07-30,2024-09-20,739096.0,739148.0,1.2039886591480944,1.0462277786057936,0.6286086594223741,0.1340880613956681
2024-09-26,739154.0677693393,0.6357137733637376,11.73893268098673,0.764109596881965,-0.02306888371610643,-0.003996803690484319,-0.0039046117053370744,-0.0008534911662189457,2024-08-06,2024-09-20,739103.0,739148.0,3.979802141456924,0.31256962451693954,0.6286086594223741,0.045612428871910644
2024-12-16,739235.7861971667,0.5738080368197721,6.02573797174253,1.15584904659602,-0.039035688318725406,-0.0011990538166775785,-0.0011329557730394046,-0.00039260829286421494,2024-04-05,2024-09-23,738980.0,739151.0,1.0589652837901289,3.100127460944874,0.6286086594223741,0.4630681313210991
2024-12-10,739229.459678941,0.5491246355395211,2.9853467721431146,1.0366373437601284,-0.037350462930763856,0.0030908411151297313,0.002458305551427994,0.0018735081037440716,2024-04-12,2024-09-23,738987.0,739151.0,0.5360687372262399,2.222774731346918,0.6286086594223741,0.4590272273465756
2024-10-30,739188.4887179609,0.34845616497662785,8.81398629900828,1.307470187258922,-0.17061630456869445,-0.006525655063275967,-0.0047331721799576424,0.00449235518628417,2024-04-19,2024-09-23,738994.0,739151.0,2.309460200780677,1.0336468817561766,0.6286086594223741,0.38891098425020404
2024-09-24,739152.0100588304,0.9774952423785792,4.919435818829738,0.6585243188910912,-0.00302544355632556,0.0006308395002693608,0.0005574929383452544,0.0002952288922095385,2024-04-26,2024-09-23,739001.0,739151.0,3.9205078446267065,0.952948716214954,0.6286086594223741,0.37584216074624277
2024-11-30,739219.3472098149,0.124419549096251,6.418764616119748,3.1067925982457374,-1.4394804980383948,0.018185831979234155,0.0018804607204434146,-0.018088348522068153,2024-05-03,2024-09-23,739008.0,739151.0,1.1532611555860965,1.5342982313789144,0.6286086594223741,0.40539317163066235
2024-09-29,739157.3845402619,0.7875687857429894,10.049372933376533,0.7409064973537307,-0.010086987480788186,0.0019292192468445147,0.00016456788007354454,-0.0019221873777661275,2024-05-10,2024-09-23,739015.0,739151.0,4.965603222359588,0.40975987409374137,0.6286086594223741,0.27773491031470393
2024-09-30,739158.0081801837,0.25285902587314785,11.942370807041197,1.182840384426383,-0.25304719555403166,0.01236183578190517,0.012347949731474506,0.000585765591145179,2024-05-17,2024-09-23,739022.0,739151.0,5.636748658218836,0.43341752445348225,0.6286086594223741,0.4214522670550646
2024-11-04,739193.5474038138,0.5098672396048015,4.515049517206922,1.1032272016259268,-0.06056168926960823,-0.0031562633173635884,-0.0004244380302154245,0.003127595000482299,2024-05-24,2024-09-23,739029.0,739151.0,0.9719536737115259,2.1668025762496312,0.6286086594223741,0.3434543626129083
2024-11-06,739195.5182692218,0.7924260032874828,13.186054313637152,0.885115651930102,-0.010154757091878524,0.001750606426008766,0.0005257708086451382,-0.0016697867874551598,2024-06-03,2024-09-23,739039.0,739151.0,2.6385456490048638,0.34859799031921584,0.6286086594223741,0.20693780865784056
2024-10-22,739180.7286680775,0.0782043075097656,7.158275798817556,3.419968800893809,-2.0804113435711193,0.032031097607566034,0.028746498416859077,0.014129049604093722,2024-06-10,2024-09-23,739046.0,739151.0,1.7216165834250874,0.7095771795339348,0.6286086594223741,0.3435144989224963
2024-10-16,739174.4295478759,0.693885196640785,7.92352602833179,0.8298411850853132,-0.01641294268277231,-0.002532347313477938,-0.002302380578558371,-0.0010544318790496378,2024-06-17,2024-09-23,739053.0,739151.0,2.074881489513058,0.5675868395201505,0.6286086594223741,0.26702376165422254
2024-10-12,739170.0964565893,0.2884256259009071,2.0908744104390125,2.108166031006759,-0.5206994599561414,-0.06705983046904927,-0.06696462252912753,0.003572141104308955,2024-06-25,2024-09-23,739061.0,739151.0,0.5799333582806893,1.0711013639997355,0.6286086594223741,0.30628764078542325
2024-10-04,739162.7372398471,0.8830588612331125,6.612530734492662,0.7478025164454548,-0.006553657094344457,-0.0017522058944708383,-0.0017504791741212505,-0.0000777699015438184,2024-07-02,2024-09-23,739068.0,739151.0,2.1978049274682925,0.49948278715741307,0.6286086594223741,0.23845541938403458
2024-09-30,739158.9837654248,0.556963696355259,13.285316629642509,0.7277526299764101,-0.020058993462638765,0.006149064609860004,0.0033266644681531035,-0.005171489059503111,2024-07-10,2024-09-23,739076.0,739151.0,4.9503626816908115,0.13675873005624237,0.6286086594223741,0.16927207968165014
2024-10-25,739183.3845966373,0.19227003018002137,7.090047460126486,1.121980460235811,-0.24521535977790979,-0.01932388536038443,-0.005194948826291529,0.018612497202511315,2024-07-17,2024-09-23,739083.0,739151.0,1.2766063353640236,0.344124560543517,0.6286086594223741,0.17086187801258043
2024-10-21,739179.3868881727,0.03500950406822923,2.59826540411578,-19.153748121383003,17.228671027448737,-0.3508498740802259,-0.22693305454238316,0.26757620017141687,2024-07-24,2024-09-23,739090.0,739151.0,0.47433451149141304,0.6616569847646858,0.6286086594223741,0.14440931449361114
2024-10-02,739160.7397232461,0.8734641627762265,4.458258747322368,0.703487466387806,-0.005313706357222442,-0.0009694120397791015,-0.00029070764097723165,0.0009247966102587808,2024-07-31,2024-09-23,739097.0,739151.0,1.3329646284191994,1.0739126609348666,0.6286086594223741,0.10453231123278774
2024-10-02,739160.2858566693,0.20156922565626006,13.879853003063488,1.19848254244555,-0.3102496030356223,0.016542943977689715,0.012462456227466263,0.01087916266205574,2024-08-07,2024-09-23,739104.0,739151.0,3.9805944745415354,0.2723565324388538,0.6286086594223741,0.06041675217655834
2024-10-29,739187.8894146222,0.2161375099798893,5.99101992805109,1.7480639892215015,-0.47782342356037694,-0.009401877616420114,-0.0017171539097192922,0.009243737618759922,2024-04-08,2024-09-24,738983.0,739152.0,1.6610244551384838,1.8335055191646552,0.6015799870344549,0.4772739250207854
2024-11-04,739193.872062172,0.573553895540201,6.790021526676429,1.0015458886431143,-0.03696575320698227,0.0013649894459384138,0.0009780541888915082,-0.0009521587005930429,2024-04-15,2024-09-24,738990.0,739152.0,1.7105571120928724,2.28756450371331,0.6015799870344549,0.4497408470258525
2024-12-05,739224.6971837025,0.9872693676353219,14.658022082546033,0.9014729726401721,-0.0033575655830506306,-0.0004275815133038276,-0.0003963759972506283,0.00016034967827457966,2024-04-22,2024-09-24,738997.0,739152.0,2.6635006943385093,0.5288906324986474,0.6015799870344549,0.2792846027219278
2024-11-09,739198.3194860435,0.8905084179555032,5.38145471363445,0.7901639084104073,-0.00469375473274373,-0.000521333253589949,-0.000026387702312599434,-0.0005206650079132882,2024-04-29,2024-09-24,739004.0,739152.0,1.228149043973996,1.4898526025769383,0.6015799870344549,0.41710158773344724
2024-09-27,739155.0856192723,0.5555901344373034,7.026149430882969,0.7727680497970475,-0.029939181568192183,-0.00627059316931598,-0.002804047765557987,-0.005608712403354401,2024-05-06,2024-09-24,739011.0,739152.0,4.298153781990713,0.37754475599911763,0.6015799870344549,0.26771010429604436
2024-09-25,739153.2645570695,0.6097739160186367,6.495058733807362,0.7252293801228544,-0.019788670373786923,-0.005792284887291364,-0.0005640624837125157,0.0057647547848986595,2024-05-13,2024-09-24,739018.0,739152.0,4.830070968344386,0.3207395093550541,0.6015799870344549,0.2511985176889728
2024-09-29,739157.0113249434,0.9493206871541171,3.0802181967296676,0.6681750296643681,-0.0033707986715347618,0.000531819739987727,0.00019618099986868707,-0.0004943129081170506,2024-05-20,2024-09-24,739025.0,739152.0,1.603640571115284,1.953438862399136,0.6015799870344549,0.38125559487457295
2024-11-21,739210.3746609929,0.39209035798735437,7.061444255347126,1.3851120977635987,-0.1403901863845362,-0.005441810317244108,-0.0014739030946659415,0.005238407123964174,2024-05-28,2024-09-24,739033.0,739152.0,1.249042306530189,1.4324714613998577,0.6015799870344549,0.3389742130735823
2024-10-10,739168.4848398252,0.4786160380957617,10.53080131036011,0.8967571645659143,-0.05282463563777905,-0.011050634084715686,-0.005510978032143638,0.00957839416622172,2024-06-04,2024-09-24,739040.0,739152.0,3.4415074352480963,0.2172576813354197,0.6015799870344549,0.1553668318942181
2024-10-26,739184.0475917807,0.514952631010643,9.915343703543499,0.9855499490235411,-0.04934951210289796,0.005900412302871317,0.0030548992242625857,0.005048015062722679,2024-06-11,2024-09-24,739047.0,739152.0,2.2931119809824643,0.4343701889622473,0.6015799870344549,0.26334417453907405
2024-10-17,739175.1585498172,0.47505927225147004,3.576523295637144,1.0572261249040362,-0.07540303910265192,-0.007975540691201538,-0.007852518759479402,0.001395420527667404,2024-06-18,2024-09-24,739054.0,739152.0,0.9419110687514989,1.2557854769367802,0.6015799870344549,0.3249206282284711
2024-10-10,739168.8717992173,0.6430447151648152,6.711402609640241,0.8311525337304191,-0.022161124297652133,-0.003823727796349184,-0.0027062446055313304,-0.0027013208612835975,2024-06-26,2024-09-24,739062.0,739152.0,1.9717957648743423,0.5553064301459272,0.6015799870344549,0.2771339254072359
2024-10-26,739184.2297456362,0.02711144488385054,13.22481234509756,7.088418317507703,-5.836544494152295,-0.06656105564775684,-0.05992103265178766,-0.028980061678457163,2024-07-03,2024-09-24,739069.0,739152.0,2.6815881169817573,0.179762353266348,0.6015799870344549,0.16200317627010846
2024-10-03,739161.6535436418,0.2591596261637768,8.008260862504342,0.9609613490398231,-0.1521758073810078,-0.021349589796728515,-0.021327173208176554,-0.0009780937772067442,2024-07-11,2024-09-24,739077.0,739152.0,2.7673657106920837,0.23066686484899507,0.6015799870344549,0.1445089502078956
2024-09-30,739158.3507633257,0.8093485846936352,5.498364928642452,0.6704492589207339,-0.004680542847773504,0.0024497647942474414,0.001740130191318857,-0.0017243243501136349,2024-07-18,2024-09-24,739084.0,739152.0,2.152917794554472,0.2812379263492568,0.6015799870344549,0.16126702371237073
2024-10-17,739175.1902146704,0.5051675864410358,12.759365804703918,0.8315458654987109,-0.034990073330906514,0.010933114834767626,0.010925118167935682,0.0004180825359395145,2024-07-25,2024-09-24,739091.0,739152.0,2.618300382586404,0.12670896138057822,0.6015799870344549,0.05068338573597832
2024-10-18,739176.5306348813,0.4977673765276006,3.733431932246539,0.7752305708763103,-0.02940833896848598,0.007249424978750052,0.00458940600243825,0.005611730131368484,2024-08-01,2024-09-24,739098.0,739152.0,0.6913841434490247,0.5408603285854092,0.6015799870344549,0.07608894422211172
2024-09-30,739158.397729741,0.5307990682951619,4.940588024281107,0.7967112794539857,-0.037748329230959464,0.007028114847338329,0.001419021760949317,-0.0068833694909782184,2024-08-08,2024-09-24,739105.0,739152.0,1.6684313492600225,0.5770459469762608,0.6015799870344549,0.050759939094925335
2024-10-09,739167.2176135645,0.18808107129215396,10.750179681572316,1.5531680231317966,-0.48998685341180265,-0.025701422650587925,-0.02387735409336547,0.009509736471858573,2024-04-09,2024-09-25,738984.0,739153.0,4.37350368438998,0.3335466867141288,0.5970033200070431,0.37450169317074133
2024-12-07,739226.0010141635,0.6207476526053054,6.173871536046539,1.063766151357245,-0.02791999700096306,-0.0009958889879594294,-0.0007244275973401556,-0.0006833736405150744,2024-04-16,2024-09-25,738991.0,739153.0,1.1487764094532724,2.8187848876862334,0.5970033200070431,0.45613311860225975
2024-12-05,739224.4684699312,0.5106815841198121,6.703125357957743,1.164651320349406,-0.056465380740058906,0.002337739839386473,0.002316336977674059,0.00031561141062150716,2024-04-23,2024-09-25,738998.0,739153.0,1.2304340783696772,1.8401742037054778,0.5970033200070431,0.42824855581298366
2024-10-09,739167.1579092529,0.7630530002143485,6.7530309083726525,0.7522640471956102,-0.009989829734194754,-0.0015732125888663646,-0.00134989542008485,-0.000807948144747889,2024-04-30,2024-09-25,739005.0,739153.0,2.620628779360069,0.7175078221356136,0.5970033200070431,0.35161072399375926
2024-12-02,739221.5005325002,0.41461604356121373,4.6365456577205535,1.0158328291521275,-0.07077953625033635,-0.00873493469687593,-0.004255707140336723,0.007628108605308001,2024-05-07,2024-09-25,739012.0,739153.0,0.8249197638518485,0.7246021404646577,0.5970033200070431,0.41360336693613053
2024-10-08,739166.6330651701,0.25197496593344343,9.747910730360626,1.2498005224153272,-0.26706944411533395,0.022985801167888203,0.0038583474377467857,-0.02265966042065335,2024-05-14,2024-09-25,739019.0,739153.0,3.6958615420524383,0.3003380859216708,0.5970033200070431,0.2750942663186999
2024-10-24,739182.2006406479,0.552512242669328,4.665454384622288,0.9159793007977824,-0.036616887487155005,0.0027883473843781418,0.0009355738605749111,0.0026267056720114994,2024-05-21,2024-09-25,739026.0,739153.0,1.2451864088273563,1.5551865964133293,0.5970033200070431,0.37539015535986425
2024-10-19,739177.067751384,0.6337612587249238,4.794070381337946,0.8497030757879042,-0.022489828912558674,-0.0021079081174986683,-0.00043287906371577327,0.002062981422120262,2024-05-29,2024-09-25,739034.0,739153.0,1.3600058962038704,1.4104437066403681,0.5970033200070431,0.3527061331352234
2024-10-22,739180.0828521345,0.9896447862386182,6.958767622042895,0.7368515863978186,-0.002999070403377745,0.0005077291623677843,0.00042269706100943506,-0.00028127583780459685,2024-06-05,2024-09-25,739041.0,739153.0,1.8120936509106875,0.8400430812504918,0.5970033200070431,0.3050505321149719
2024-10-11,739169.601820124,0.948643289106083,14.111266312335033,0.7440442741960981,-0.004350575062997516,0.0008933884238106323,0.0004634491069894038,-0.0007637786335251664,2024-06-12,2024-09-25,739048.0,739153.0,4.472080790900039,0.3273733300929439,0.5970033200070431,0.2665661793712366
2024-11-07,739196.6232114809,0.821326727615284,2.0366378592469414,1.5221561141118811,-0.031556049387972615,-0.010517819203149726,-0.009107038242204043,-0.005261784416448304,2024-06-20,2024-09-25,739056.0,739153.0,0.3794052932280915,1.2099267237099358,0.5970033200070431,0.310537331207259
2024-11-07,739196.4448150814,0.9727749111888306,6.765847605544585,0.8463925511661847,-0.0041595933305832045,0.0006072885861506337,0.0006027735254023959,-0.00007391551895781318,2024-06-27,2024-09-25,739063.0,739153.0,1.208401501382221,0.9847951570208104,0.5970033200070431,0.29613978126491897
2024-10-28,739186.005480172,0.5205042124734102,3.440176934652911,1.0289890153686747,-0.05352757108922752,-0.004561574401755457,-0.004530212841673353,0.0005339781192975006,2024-07-05,2024-09-25,739071.0,739153.0,0.6834740461288341,1.7754409928626667,0.5970033200070431,0.2972141543615147
2024-10-08,739166.1402220808,0.13990119204556886,2.8129288609463927,0.5633903441692101,0.018909668338518756,-0.04049148255426414,-0.024605332272559365,0.03215801273709595,2024-07-12,2024-09-25,739078.0,739153.0,0.8520693865702901,0.023226453389604305,0.5970033200070431,0.20394532911904642
2024-10-09,739167.2358061788,0.260009869184543,10.173743975840056,0.9598833199783551,-0.1459257813123499,0.026486182130629567,0.02447534701122186,0.01012300511395476,2024-07-19,2024-09-25,739085.0,739153.0,2.8398051516203613,0.14080617291355807,0.5970033200070431,0.08133765937151202
2024-10-04,739162.9572258078,0.06412713341166579,8.702807328327083,1.5784252150339633,-0.7937284794346171,0.05688829043547483,0.05635724309754789,0.007754917092711469,2024-07-26,2024-09-25,739092.0,739153.0,2.7200197347486386,0.1028090955114675,0.5970033200070431,0.09019186901395451
2024-10-14,739172.180937185,0.9928176743859587,12.72571893177997,0.7329570854548273,-0.0035526248534969384,0.0010915506580386632,0.0008154738431505083,-0.0007255930334574462,2024-08-02,2024-09-25,739099.0,739153.0,2.7119950037332807,0.25391749620509213,0.5970033200070431,0.03533923430343487
2024-10-17,739175.9517036175,0.1962256533504259,6.183995797319378,1.4017075021746805,-0.38704818281552034,-0.014705384205161641,-0.0008827535388698337,-0.014678864765745,2024-08-09,2024-09-25,739106.0,739153.0,1.0968202101754587,0.8351707102949524,0.5970033200070431,0.06711023311341169
2024-12-16,739235.6573717685,0.07214122508806621,9.881620090381107,6.510326974353604,-4.2235121868421,-0.014675782525340653,-0.005107252513867137,-0.013758436120820268,2024-04-10,2024-09-26,738985.0,739154.0,1.7638790568181246,2.101008669065893,0.5854691667617565,0.48510444120374185
2024-11-04,739193.5889299479,0.697841727274456,3.0778448744687865,0.7773625073462671,-0.0115610208749028,0.00198174128666573,0.0019785204824764716,0.00011293904416371725,2024-04-17,2024-09-26,738992.0,739154.0,0.7973264608991926,1.3226941571963624,0.5854691667617565,0.4549723362213471
2024-11-01,739190.214555499,0.6567875295559656,5.2163002905088955,0.8664447567965403,-0.01887826433012853,-0.0014759248970131862,-0.001153219732847765,-0.0009211072409844109,2024-04-24,2024-09-26,738999.0,739154.0,1.3813987978568716,1.6104977311948439,0.5854691667617565,0.43366532928804025
2024-12-04,739223.3660137656,0.7403454726993411,5.067886465155279,0.8236003540916073,-0.008996095734496435,-0.0015601291798950261,-0.0007873742628431511,-0.001346864814364133,2024-05-01,2024-09-26,739006.0,739154.0,0.9212631266272168,0.8423664411395837,0.5854691667617565,0.4153801452143137
2024-12-03,739222.214479378,0.004911791521437393,14.023528267187174,76.11039802193815,-73.85634849522225,0.052044519556247566,0.047289854620951345,-0.021732502519726585,2024-05-08,2024-09-26,739013.0,739154.0,2.501312747449541,0.4970447136271353,0.5854691667617565,0.33413640640474024
2024-10-18,739176.7709239469,0.3135999098140166,5.457414486838905,1.1092743605129018,-0.15819627406264686,-0.010123732609316493,-0.0014124003630039933,-0.010024723794675054,2024-05-15,2024-09-26,739020.0,739154.0,1.6757418099320327,0.897934326646506,0.5854691667617565,0.42191382970465596
2024-11-17,739206.0751291786,0.5688521619775061,12.968107209889695,1.0825879790064687,-0.04113141705925763,0.0036840327392872706,0.0017827312072620683,-0.0032239675350093705,2024-05-22,2024-09-26,739027.0,739154.0,2.5492073555265873,0.48974838416527966,0.5854691667617565,0.28713737017629354
2024-10-13,739171.4483565661,0.9976275558751768,11.578346422358038,0.7300529072674639,-0.0032228587959649306,0.0008154594294014437,0.000557377086101759,0.0005952351341179722,2024-05-30,2024-09-26,739035.0,739154.0,3.789987477727827,0.3405342637297467,0.5854691667617565,0.20457670245468007
2024-10-12,739170.5163976828,0.468199278903607,4.694178811474734,0.902553183661367,-0.056580414506131466,0.005774904588524183,0.002839725346401919,0.005028467257878903,2024-06-06,2024-09-26,739042.0,739154.0,1.5328307897982216,0.9772201718240402,0.5854691667617565,0.37234037806302156
2024-10-26,739184.1664372479,0.01571705491787734,11.213097056585632,13.24770549963047,-11.896647173962641,0.05011801753850277,0.0354362849080165,0.03544129503711106,2024-06-13,2024-09-26,739049.0,739154.0,2.676531641843485,0.33271799271639324,0.5854691667617565,0.3374283171316295
2024-10-22,739180.3442526998,0.10323093464876656,5.923229129237563,2.3928847956502923,-1.209667150450493,0.01870975034352339,0.013555554801457863,0.01289580132995412,2024-06-21,2024-09-26,739057.0,739154.0,1.4552907150744958,1.1268061828001266,0.5854691667617565,0.3954204740908358
2024-10-28,739186.6293794845,0.705987503674485,11.41970484249914,0.8384323537958066,-0.014275273937115866,-0.0028060450745709714,-0.0009642639290267192,0.0026351629998354856,2024-06-28,2024-09-26,739064.0,739154.0,2.406288831205293,0.314508178033583,0.5854691667617565,0.23440099639209644
2024-11-04,739193.3987918539,0.10605083636248416,13.261740058966646,2.2165267263761326,-1.0511410675411696,0.026417989055545814,0.010257244066083977,-0.024345412091556863,2024-07-08,2024-09-26,739074.0,739154.0,2.340173090249403,0.3181814340840635,0.5854691667617565,0.24048079690638707
2024-11-01,739190.0426810372,0.6466476838114071,14.813015324884487,0.8140354084002073,-0.01601323234310609,0.004547013354826941,0.0030116873330722285,-0.0034066214724836753,2024-07-15,2024-09-26,739081.0,739154.0,2.6099078456671636,0.15373651412938294,0.5854691667617565,0.09583514093111757
2024-10-21,739179.8240877619,0.03890431935192163,11.757236531716355,3.1517746351399607,-2.2033627308858486,-0.0541815756831588,-0.05417633279951362,-0.0007537293321940541,2024-07-22,2024-09-26,739088.0,739154.0,2.3737708110232187,0.13456339462691813,0.5854691667617565,0.10946478981382889
2024-10-02,739160.9038115647,0.0352531241208598,13.672746155023901,2.6460227563369267,-1.8370871032130005,0.037344991925954876,0.03599895199036871,0.009935989006876148,2024-07-29,2024-09-26,739095.0,739154.0,4.9095148959985755,0.12683503633581636,0.5854691667617565,0.14778472971035034
2024-10-07,739165.477922626,0.5174291091438653,13.592231749734541,0.8008526508486093,-0.03561896983868685,0.00575604414820309,0.001593068840598181,0.0055312002228429785,2024-08-05,2024-09-26,739102.0,739154.0,3.699770244887865,0.23556855886935724,0.5854691667617565,0.07900572297950502
2024-09-29,739157.5046533423,0.06814305516081023,13.824959653126106,1.295607654592451,-0.5704393420498761,0.019628093812214902,0.014542358117079839,-0.01318263581745741,2024-08-12,2024-09-26,739109.0,739154.0,5.7814661770593965,0.1432481671118094,0.5854691667617565,0.09432130664513895
2024-10-28,739186.2968245968,0.7517518159128347,7.023559855563209,0.8372706878096098,-0.011829009673391662,0.0005930641410219829,0.0005846562547761006,-0.00009950949259907663,2024-04-11,2024-09-27,738986.0,739155.0,2.075017586146272,2.1348330578551824,0.6106709587357069,0.46341096260022097
2024-11-12,739201.4979715847,0.5773020727550612,5.25975319950291,0.9648898494875335,-0.03229639675566611,-0.0019214883124418654,-0.00014774105226721704,-0.0019158000721175648,2024-04-18,2024-09-27,738993.0,739155.0,1.2561094032253688,1.8448203252705557,0.6106709587357069,0.4455579210857673
2024-10-07,739165.5195260514,0.23644443980813162,5.242502970495157,1.1666662724657466,-0.2542120017760914,-0.018149002710494473,-0.01801836941097035,-0.0021736290289153895,2024-04-25,2024-09-27,739000.0,739155.0,2.299404305822064,0.631733205950011,0.6106709587357069,0.4537676486059429
2024-11-28,739217.4286218933,0.6564397541415349,11.130988395473405,0.9930783769925087,-0.021580648861954595,-0.0019076313926154496,-0.001824965986477891,-0.0005554787829348102,2024-05-02,2024-09-27,739007.0,739155.0,2.152652752774495,0.6671618155546698,0.6106709587357069,0.3528582995772223
2024-10-31,739189.3042051585,0.6142136953155798,13.983593638922285,0.9448987707283686,-0.028750252613792864,-0.003463037999434879,-0.0011548547842849548,0.0032648036101340116,2024-05-09,2024-09-27,739014.0,739155.0,3.6304523270399613,0.36465746522019826,0.6106709587357069,0.29698181438969773
2024-10-27,739185.6231941041,0.2417446094140852,2.9476673403267113,1.1979565563335506,-0.24383585356318863,0.02128358503829607,0.018380202614354992,-0.010731222853786897,2024-05-16,2024-09-27,739021.0,739155.0,0.7890402483358806,0.9395742601341998,0.6106709587357069,0.4042459711442825
2024-11-03,739192.9178497159,0.08144388479187571,10.60637430302634,3.762677905027744,-2.264171732611907,0.03925178287060317,0.018652144115510107,-0.034536936436447556,2024-05-23,2024-09-27,739028.0,739155.0,2.4814866854484863,0.4429365388573752,0.6106709587357069,0.3431320724035698
2024-10-15,739173.3859967956,0.06084737666153674,11.690974633109715,3.52852318638818,-2.3483593199704864,-0.05881907981652311,-0.004460819226628758,0.05864968237160252,2024-05-31,2024-09-27,739036.0,739155.0,3.742201921782766,0.20779613405928093,0.6106709587357069,0.27843645333339634
2024-10-09,739167.6206447419,0.9317002740941298,10.499112387509253,0.7002411283640376,-0.0037911139729711885,-0.0015356829893248011,-0.0002638384374096972,0.0015128488102407218,2024-06-07,2024-09-27,739043.0,739155.0,3.8264574055273157,0.2190730253855226,0.6106709587357069,0.16263762252614372
2024-11-17,739206.3716181592,0.2540696914031027,14.049141661493156,1.604211682285495,-0.33666551507412706,-0.019049722058183505,-0.01377365646916724,-0.013159722564074466,2024-06-14,2024-09-27,739050.0,739155.0,2.488991526330626,0.3196046272454258,0.6106709587357069,0.27131407102018085
2024-10-28,739186.0305897493,0.5164354107572148,6.870628727845175,0.9566337597474044,-0.046610537574886035,0.004268174948872056,0.0038197961036029178,-0.0019043306228381008,2024-06-24,2024-09-27,739060.0,739155.0,1.5325885289031773,0.8208455187029065,0.6106709587357069,0.3450876914790083
2024-10-01,739159.1345430649,0.3997628247872801,14.07879925622926,0.7686303854646322,-0.049108622895071806,-0.011858610495528601,-0.011279606474524643,0.003660207735159691,2024-07-01,2024-09-27,739067.0,739155.0,6.954881062735918,0.11758738706166226,0.6106709587357069,0.27686592905888135
2024-10-27,739185.6329378284,0.2109967940055722,4.9862087077561785,1.07779945894542,-0.21086522350207465,0.008077948054597724,0.008014077482296945,0.0010138081083322398,2024-07-09,2024-09-27,739075.0,739155.0,1.0190691243844363,1.1046108584881928,0.6106709587357069,0.27630244604101195
2024-10-05,739163.1416897554,0.4430559477310415,9.123126298271437,0.7416456225493938,-0.03415097327667603,-0.012144526644110634,-0.001873047131164647,0.01199921755173849,2024-07-16,2024-09-27,739082.0,739155.0,3.338415643002147,0.13656436105313446,0.6106709587357069,0.10961812798303978
2024-10-05,739163.886059478,0.8976525076545139,10.26965857949949,0.6769947349970559,-0.0037968421363639136,0.002444026576065248,0.002419543572014008,0.0003450721774338176,2024-07-23,2024-09-27,739089.0,739155.0,3.4838401903769514,0.13579033492476006,0.6106709587357069,0.07336701276974608
2024-10-01,739159.8183736856,0.384411540525618,5.024297823020474,0.7296686727789117,-0.039571312937692504,-0.00717694586119905,-0.0027867457491883435,-0.006613818868396901,2024-07-30,2024-09-27,739096.0,739155.0,2.0659583818604057,0.42185367039574106,0.6106709587357069,0.15759374854140837
2024-09-27,739155.2403992235,0.7398735717659958,11.65681645712414,0.6775629655622531,-0.009104455209846226,-0.003201044945750915,-0.0030078313852566004,-0.0010952803762429234,2024-08-06,2024-09-27,739103.0,739155.0,9.983622152343477,0.18052599522725843,0.6106709587357069,0.07727433063174319
2024-10-04,739162.1881313703,0.19445560185734762,6.062242218706319,0.9965530328672596,-0.21503138586513973,-0.019180259145882887,-0.018935477118015468,-0.0030545125988178227,2024-08-13,2024-09-27,739110.0,739155.0,1.9127135369997526,0.35961231622554524,0.6106709587357069,0.06423226101271678
2024-11-02,739191.0485860037,0.017414771393263532,14.383769954834143,15.888154505623824,-14.250302996950378,-0.055864685109596815,-0.03579315572538366,-0.04289187621931271,2024-04-12,2024-09-30,738987.0,739158.0,4.16729994830411,0.3088387547223624,0.5924056107584136,0.3836179142687687
2024-10-16,739174.4979629744,0.9035934263033807,13.307468775930577,0.7232234365884583,-0.004521041832793567,-0.0004614499874430801,-0.00046067416119716553,-0.00002674711417156469,2024-04-19,2024-09-30,738994.0,739158.0,5.067157119849025,0.6652601263391319,0.5924056107584136,0.421712447223327
2024-10-17,739175.3256270111,0.23852117605786632,7.841905414854817,1.3526283283536997,-0.3110685992946542,-0.013560969443655202,-0.013493666271048869,-0.0013493934998021122,2024-04-26,2024-09-30,739001.0,739158.0,2.881485421221416,0.69770330223315,0.5924056107584136,0.4639243926956575
2024-11-29,739218.8362082209,0.22936998715824736,13.491975193473964,2.045149135506541,-0.5195171536593215,-0.017547889367898216,-0.0165706794603012,0.0057741669089096444,2024-05-03,2024-09-30,739008.0,739158.0,2.6688895723932644,0.5033105808144713,0.5924056107584136,0.33400129323618444
2024-11-25,739214.1005098275,0.172855733802775,12.791116176610288,2.406356427025682,-0.8445407725394578,0.024660450716511798,0.01192027240926196,-0.021588073912012052,2024-05-10,2024-09-30,739015.0,739158.0,2.578637543678711,0.46280171317080243,0.5924056107584136,0.33327022586698013
2024-11-22,739211.9195455951,0.5069788856947558,12.205508633861514,1.1242968092057404,-0.057285124884637086,-0.005121891033854391,-0.002506830739159728,0.004466493860723632,2024-05-17,2024-09-30,739022.0,739158.0,2.4459007174726257,0.4645639649813055,0.5924056107584136,0.3061189712564757
2024-09-30,739158.3149794531,0.11259208436514592,14.763579418453544,1.4335955125826292,-0.6129350895761299,0.016783220695009086,0.010348644465768938,-0.013212950261712604,2024-05-24,2024-09-30,739029.0,739158.0,14.13929719450796,0.2785193505105136,0.5924056107584136,0.7240977990305113
2024-10-23,739181.8599932139,0.555383428371517,5.270143530589245,0.88722666990211,-0.03411465402734674,-0.0030672689052246133,-0.001830921417628766,-0.0024608667780735443,2024-06-03,2024-09-30,739039.0,739158.0,1.5011136686977171,1.1720863092848675,0.5924056107584136,0.38580465179202544
2024-10-07,739165.4201793516,0.7628961797656499,6.818180527668087,0.7257966349285948,-0.00929336494911168,-0.0020606730354106513,-0.0012843689752771565,-0.001611449563037594,2024-06-10,2024-09-30,739046.0,739158.0,3.0150215900782524,0.5046158040372382,0.5924056107584136,0.31568562394283767
2024-10-11,739169.5615629838,0.20336737726506177,8.272839963075544,1.2308024012849204,-0.3116917701146649,0.021891747620800914,0.0014685820438183107,-0.021842433030077463,2024-06-17,2024-09-30,739053.0,739158.0,3.042458179591924,0.3500028392105997,0.5924056107584136,0.37265805601644
2024-10-16,739174.902357566,0.5961147293670904,11.955842640995735,0.7849809570782028,-0.021014338926396717,-0.007228969721988172,-0.006652447787136984,0.0028289470975679278,2024-06-25,2024-09-30,739061.0,739158.0,3.630390166315509,0.14494024438459518,0.5924056107584136,0.11548502544999381
2024-10-23,739181.7055974363,0.5096031357790843,5.510649135579737,0.8703010624712165,-0.03849188549848286,0.0014909172950283351,0.0009324186878240377,-0.0011633700061507118,2024-07-02,2024-09-30,739068.0,739158.0,1.375123323565013,2.3875087063872726,0.5924056107584136,0.34450668206669516
2024-10-03,739161.8334763905,0.10334924153298157,9.181088937953977,1.235484325662569,-0.4664639022439184,0.04330813637050997,0.0015590729166738695,0.04328006431981333,2024-07-10,2024-09-30,739076.0,739158.0,4.542389198984369,0.12124438773423482,0.5924056107584136,0.17872656712096302
2024-10-24,739182.2023315862,0.0908178943835676,11.722637715997292,1.6799731410878356,-0.7653822393255558,-0.03743466432883046,-0.03583836306367412,-0.010815074032501593,2024-07-17,2024-09-30,739083.0,739158.0,2.6319885938029133,0.1583983021225838,0.5924056107584136,0.14209136652326282
2024-10-25,739183.4483387795,0.49152987534609893,12.657957603208088,0.7920832578796012,-0.028883283809456133,0.009266743905308773,0.002721557439198769,0.00885808487833116,2024-07-24,2024-09-30,739090.0,739158.0,2.620477112225334,0.12103352708884033,0.5924056107584136,0.09511608049747178
2024-10-29,739187.8639147939,0.8982345330153174,6.840823221928,0.6973888068595336,-0.0027437888913712408,-0.0011772276930908472,-0.0000198451941790135,0.001177060410364737,2024-07-31,2024-09-30,739097.0,739158.0,1.2114661761884093,0.30603535637288076,0.5924056107584136,0.10475753864451962
2024-10-01,739159.54398993,0.9064084461713315,11.129455555595975,0.6627765474201678,-0.0038374631413717144,-0.0020116883285959284,-0.0018202859851583599,0.00085641629109046,2024-08-07,2024-09-30,739104.0,739158.0,6.346251365761889,0.1553579726093575,0.5924056107584136,0.0556811268202994
2024-10-17,739175.1456357519,0.19472397684137938,4.030453663360115,0.916431644351285,-0.15891460401752328,-0.021683438114068938,-0.005372051830952206,0.021007440290816488,2024-08-14,2024-09-30,739111.0,739158.0,0.8463590111703354,0.3540798097280124,0.5924056107584136,0.05089268675119906
2024-12-17,739236.3047624984,0.005599856694429085,4.796817137063227,58.30646940335886,-56.26090667382535,-0.04990656097357605,-0.028057077975110773,-0.041273056631509826,2024-04-15,2024-09-30,738990.0,739158.0,0.8748693746352066,1.316051344568962,0.5924056107584136,0.4729669409474994
2024-11-15,739204.1158339767,0.882738579578179,10.166369406940994,0.843926462760037,-0.005684070412851764,-0.0005640868674576636,-0.0004774832146994303,-0.0003003394308420016,2024-04-22,2024-09-30,738997.0,739158.0,2.430475145304489,0.874942840112139,0.5924056107584136,0.3798314529604047
2024-11-20,739209.1860597815,0.2284368325732456,13.525033106252266,1.9370828924785983,-0.4970738001429016,-0.016529836402100276,-0.003654631728079529,0.016120767922537495,2024-04-29,2024-09-30,739004.0,739158.0,2.988743867513192,0.5079022192580571,0.5924056107584136,0.38344998923744644
2024-11-03,739192.0769563316,0.37398171732362645,2.35546250046843,0.5390644094765705,-0.006093973247287288,-0.027673887204328295,-0.026145249408959962,0.009070279286833682,2024-05-06,2024-09-30,739011.0,739158.0,0.6261681824108449,0.03496266700454321,0.5924056107584136,0.4211406920612143
2024-12-08,739227.167156631,0.518097094672127,13.55561878348811,1.178059916402708,-0.055271075784706615,-0.004558838714699517,-0.003241384205382101,-0.0032056885157080678,2024-05-13,2024-09-30,739018.0,739158.0,2.3874436133121697,0.4633780951218864,0.5924056107584136,0.31454594108184086
2024-10-27,739185.4970855776,0.1625310813024752,8.728916853537838,1.8329939747897148,-0.6529764036802678,-0.02835212360060654,-0.008576658681786135,0.02702376432920131,2024-05-20,2024-09-30,739025.0,739158.0,2.4509094327195595,0.42883276686276756,0.5924056107584136,0.3742724475124634
2024-11-12,739201.9178493248,0.17430856412743048,4.200280623513942,2.013373444900273,-0.6862164455703369,0.024480409307715018,0.02448023790413615,-0.00009160802451644737,2024-05-28,2024-09-30,739033.0,739158.0,0.9005246166266638,1.163276261266554,0.5924056107584136,0.36834681775069805
2024-11-05,739194.1787695683,0.9868421344115439,7.865978388339249,0.7581543928091685,-0.002869346933105041,-0.00043005841181599307,-0.00002644925599158324,-0.00042924430623036345,2024-06-04,2024-09-30,739040.0,739158.0,1.8148182348791244,0.8370483609777095,0.5924056107584136,0.3379199785511251
2024-10-30,739188.7937117185,0.2354521507700223,4.754411661925445,1.4708132343216131,-0.34267629330219285,-0.01679400458254188,-0.0046658948049277,0.016132824166517977,2024-06-11,2024-09-30,739047.0,739158.0,1.155510247294459,1.0104984986054983,0.5924056107584136,0.39183332169767804
2024-10-01,739159.9878170639,0.9299255824573727,9.984681247533633,0.6544833386194615,-0.003018646599614619,-0.002013949446305719,-0.0005254925817786547,-0.00194418361241183,2024-06-18,2024-09-30,739054.0,739158.0,6.318763016636272,0.139597518325177,0.5924056107584136,0.11703202631923317
2024-10-25,739183.6292878827,0.9437000378150806,10.769707094214088,0.7429054828591549,-0.003664246153612397,0.0010523068481143886,0.00020622518110732286,-0.0010319015831297537,2024-06-26,2024-09-30,739062.0,739158.0,2.6691940184476155,0.30512115842555015,0.5924056107584136,0.2406261732246695
2024-10-26,739184.2411485958,0.6969992170309379,10.85824634593089,0.7957140659121771,-0.013171674725089134,0.0026470342410769916,0.0016263367190880976,-0.0020884968636748795,2024-07-03,2024-09-30,739069.0,739158.0,2.557130842191406,0.3194140664517958,0.5924056107584136,0.2647659232118342
2024-10-12,739170.9607984979,0.9654785203592575,9.550700151868224,0.6918800755837343,-0.002915475936837902,-0.001251639217503815,-0.00028757266769010095,-0.0012181554463988416,2024-07-11,2024-09-30,739077.0,739158.0,3.0111229964453874,0.2354711498992278,0.5924056107584136,0.15316045184757443
2024-10-21,739179.964207036,0.5175441792715137,12.020980642498527,0.790360724066568,-0.027306203666703343,-0.007636157607366548,-0.0044769527349376925,-0.0061860970905471485,2024-07-18,2024-09-30,739084.0,739158.0,2.8211280758589456,0.15395506179070015,0.5924056107584136,0.11166167236130624
2024-10-30,739188.4665123237,0.9117536229888692,5.591828518254109,0.5554060239814184,0.0012549836175022116,-0.0020939839712156663,-0.0013993395011084803,0.0015577605182907934,2024-07-25,2024-09-30,739091.0,739158.0,1.034925650245379,0.09772110218660655,0.5924056107584136,0.13764526495911175
2024-10-24,739182.0667419083,0.5985765727566604,7.163994917420889,0.7815538682437262,-0.01864782651309154,-0.003321943752996134,-0.002763244919340898,0.001843851353500806,2024-08-01,2024-09-30,739098.0,739158.0,1.4261210154809922,0.4690297514010694,0.5924056107584136,0.10008234253227494
2024-10-13,739171.8650371954,0.19567210578421262,7.674812306802302,1.0986241625916047,-0.25512477532637257,0.015928402464349994,0.0004440929385475157,-0.015922210478706882,2024-08-08,2024-09-30,739105.0,739158.0,1.9217684270871442,0.4083584721779521,0.5924056107584136,0.09407691263634209
2024-10-18,739176.6939859075,0.7460492440310788,13.916225801752114,0.6815413496103622,-0.005018990588221491,-0.00249219615163387,-0.00010282856504573921,-0.002490073883327428,2024-08-15,2024-09-30,739112.0,739158.0,2.749644588745894,0.10796430364234828,0.5924056107584136,0.03060613630220965
2024-12-09,739228.1547489356,0.2715343495149672,7.370854486162149,1.814088308274957,-0.35418218122288553,-0.007708610343613795,-0.005464120754060432,-0.005437467959879454,2024-04-16,2024-10-01,738991.0,739159.0,1.4456984934179264,1.6926125379706811,0.5831462853456167,0.4950958393697672
2024-12-18,739237.6607918453,0.8705668505420778,14.987796226366939,0.9712734502408836,-0.006492491836986485,0.0006592148436296097,0.0005158070088768737,-0.00041049645510662274,2024-04-23,2024-10-01,738998.0,739159.0,2.6575055559653,0.5720694825703599,0.5831462853456167,0.32479191984575334
2024-10-29,739187.1768861993,0.9109955152654621,3.9400535438851616,0.7065161780181329,-0.0032967358011656714,-0.0008082889789055593,-0.0007355628392499352,-0.00033507966654926344,2024-04-30,2024-10-01,739005.0,739159.0,1.170427970370263,0.9430432316257007,0.5831462853456167,0.42568035481341704
2024-10-17,739175.5548003202,0.46697093441489546,10.879579888709964,0.9421236091241585,-0.06127557827437997,-0.007035473562920821,-0.00019104142512930278,-0.007032879312802288,2024-05-07,2024-10-01,739012.0,739159.0,3.966041400065873,0.37382798275085055,0.5831462853456167,0.3535381021291687
2024-10-06,739164.4449123733,0.7396340577192094,3.7842412357229747,0.6875763459868881,-0.00838603967787331,-0.0019489084025808867,-0.001174774586999239,0.001555039752350772,2024-05-14,2024-10-01,739019.0,739159.0,1.9785618041648425,0.8410146709868759,0.5831462853456167,0.4362647555469739
2024-11-09,739198.7323360671,0.13212032149003397,11.358505031746375,2.4936027720159855,-1.0950773198455148,-0.029611456258349877,-0.029155868169842038,0.005174330198485595,2024-05-21,2024-10-01,739026.0,739159.0,2.6566473001411666,0.4301634091624577,0.5831462853456167,0.3939876715451526
2024-11-24,739213.4595961772,0.6078389308150706,3.769487464362087,0.8886568809181218,-0.022909629391600118,-0.003613719969988618,-0.0012409533666440167,-0.0033939662289582994,2024-05-29,2024-10-01,739034.0,739159.0,0.7154141935194449,1.0222797942421105,0.5831462853456167,0.3628003013800138
2024-11-11,739200.1550561275,0.8248844839371485,7.8791977448449595,0.8238002931902505,-0.007306404775258736,0.00081285605972154,0.00036870765050546565,-0.0007244236621513459,2024-06-05,2024-10-01,739041.0,739159.0,1.6960932405676594,0.9410251167617765,0.5831462853456167,0.36688697197438336
2024-10-28,739186.4402966454,0.24725256564552828,4.291901704619734,1.3338700598950561,-0.2814164658884557,0.016973844038838542,0.014802007391040086,-0.008307343657897474,2024-06-12,2024-10-01,739048.0,739159.0,1.1055105524935132,0.9551252737155581,0.5831462853456167,0.3902292264393438
2024-11-11,739200.833699789,0.34599767227185746,4.529875598227371,1.279352432804049,-0.1620054382064879,0.0111612719644916,0.0005575476642575612,0.01114733746091087,2024-06-20,2024-10-01,739056.0,739159.0,0.8953388377347131,1.108671297718816,0.5831462853456167,0.35582007360079015
2024-11-06,739195.4719069701,0.8858488447305473,4.477076375688353,0.806172714887038,-0.005604638879355124,0.0008403071351630581,0.0003346942755092486,0.0007707761175252416,2024-06-27,2024-10-01,739063.0,739159.0,0.9190656591580592,1.319698441730198,0.5831462853456167,0.33886355310180516
2024-10-01,739159.0770030603,0.877067469286771,11.962335082617644,0.6395470156983324,-0.003085508209493232,0.0024566498989119527,0.002443481352010255,-0.00025402284976403595,2024-07-05,2024-10-01,739071.0,739159.0,13.407247108803736,0.09208745636640814,0.5831462853456167,0.1403897951160614
2024-11-06,739195.7094055767,0.16707845210285546,11.782230634913613,1.2498924190847733,-0.3324098412665653,0.010261728146353687,0.004093221417574876,-0.009410026725592964,2024-07-12,2024-10-01,739078.0,739159.0,2.1849569194451695,0.4593527187751929,0.5831462853456167,0.23161508288266408
2024-10-18,739176.6526529456,0.9312661801545274,13.68954636253902,0.6919395633236499,-0.0031225915423271525,-0.0017470093771542975,-0.0009396526817411605,-0.0014727846419492878,2024-07-19,2024-10-01,739085.0,739159.0,3.5886771292551116,0.12159192033826115,0.5831462853456167,0.07710696985632878
2024-10-28,739186.5763007174,0.42563360911645753,7.634544086205885,0.7733012621113207,-0.0322155513827274,-0.009226687461930803,-0.001730965978867545,-0.009062864795425018,2024-07-26,2024-10-01,739092.0,739159.0,1.4975199434556734,0.1946581382280243,0.5831462853456167,0.15638236864049304
2024-10-10,739168.697724713,0.437783886734768,7.415344055995272,0.76883603219265,-0.040058411349797395,-0.008638000042228615,-0.008388356263100444,0.00206167988127282,2024-08-02,2024-10-01,739099.0,739159.0,2.3276582215733903,0.2737845814462143,0.5831462853456167,0.09448986881888752
2024-10-01,739159.4682131836,0.21575723686060516,14.156259936661593,0.7260119597987489,-0.07100815366687359,0.015725063621627705,0.007103101076955217,0.01402938277312286,2024-08-09,2024-10-01,739106.0,739159.0,10.674714845025683,0.06882284986667359,0.5831462853456167,0.11882319533116356
2024-10-03,739161.3920557287,0.30023015748568255,6.931642681377254,0.6761678742241795,-0.029908544647148295,0.00865369049990667,0.008534019531673868,-0.0014341791733196727,2024-08-16,2024-10-01,739113.0,739159.0,3.3175393923867276,0.149696645682081,0.5831462853456167,0.05175628238180176
2024-11-08,739197.4783850895,0.5843400552332761,6.703994622261327,0.9435700039349237,-0.031123837884147566,0.0012502405806795749,0.0007496799994809164,-0.001000540557876738,2024-04-17,2024-10-02,738992.0,739160.0,1.8155376603826034,2.1698591973299104,0.5900988046604986,0.5080233346080112
2024-11-07,739196.0550145146,0.9594432995002888,6.946356093308329,0.7597978858183567,-0.0032151682697732762,0.0003200960818589701,0.000318998345457246,-0.000026486925397335275,2024-04-24,2024-10-02,738999.0,739160.0,1.877701773148727,1.3873486639910504,0.5900988046604986,0.44977716975735577
2024-10-24,739182.8012970367,0.8147863149891375,2.01008480073142,0.5255250600428629,0.0010306982984254441,0.004533230659346084,0.003486781064312191,0.0028969877494372117,2024-05-01,2024-10-02,739006.0,739160.0,0.6552526637161501,0.09216225408990622,0.5900988046604986,0.42067782209716315
2024-10-29,739187.0438477871,0.2649521069787429,10.81783665482858,1.3265578761957526,-0.25916662655390516,0.013233541265729221,0.01200664596909944,-0.0055648061066371724,2024-05-08,2024-10-02,739013.0,739160.0,3.205565900827526,0.4796560843945651,0.5900988046604986,0.4555031169681003
2024-10-13,739171.8159639112,0.5575172344031437,9.48314215026053,0.8157677213443965,-0.030206609773806497,-0.005610778942074307,-0.00202210728036344,-0.005233729309347748,2024-05-15,2024-10-02,739020.0,739160.0,3.8535430069142023,0.31650812515486565,0.5900988046604986,0.3382002055767277
2024-10-18,739176.4788872562,0.11067177100109253,13.105236290194583,2.2519837745222526,-1.1067993436716514,-0.0334234085950034,-0.013974005342685305,0.030362006139106643,2024-05-22,2024-10-02,739027.0,739160.0,4.599264479000977,0.2796469961700171,0.5900988046604986,0.47098166615149406
2024-11-01,739190.2858217367,0.030702927964227696,9.014710871139156,7.351425844722747,-5.978215461751126,-0.053233302645510204,-0.04902093811147266,-0.02075408724130384,2024-05-30,2024-10-02,739035.0,739160.0,2.345201565444581,0.38248652881974504,0.5900988046604986,0.38038277838544277
2024-10-16,739174.5667552759,0.12499291631808922,9.377168771013192,1.7307137734946447,-0.7258626010690143,-0.03779886801155276,-0.0224792746142252,-0.030388100233035904,2024-06-06,2024-10-02,739042.0,739160.0,3.295783502167325,0.2559701336794915,0.5900988046604986,0.4025712979161285
2024-10-27,739185.8176233544,0.3100357720668095,9.628296582155865,1.103614813155407,-0.15276562518058817,0.013071578285644102,0.011704311200914292,-0.0058202455437786,2024-06-13,2024-10-02,739049.0,739160.0,2.5554021790326287,0.376322304726577,0.5900988046604986,0.3717070062634526
2024-10-15,739173.1252781858,0.2388291887723864,14.52311310976692,1.0382526205483011,-0.19318389222784155,0.025492009856311792,0.006690266762906477,0.024598432819093304,2024-06-21,2024-10-02,739057.0,739160.0,5.039206560366295,0.12462194292859428,0.5900988046604986,0.326502007821582
2024-10-12,739170.3082822866,0.9034278387712382,2.637205336204066,0.6752202691329355,-0.0036675793820475024,-0.0009852281398086522,-0.0007675626948201494,-0.0006176746692161233,2024-06-28,2024-10-02,739064.0,739160.0,0.9793827196312856,1.2752409150828485,0.5900988046604986,0.33932732641964497
2024-11-06,739195.4514196398,0.6191579479201098,8.840082183889336,0.8424114783902105,-0.019614205873179125,-0.0022534765007853922,-0.0020188847194453183,-0.0010011297763937372,2024-07-08,2024-10-02,739074.0,739160.0,1.7324404600547667,0.6096251078294842,0.5900988046604986,0.27178954899197005
2024-10-22,739180.7494294517,0.9752098549081427,2.914926774312381,0.47548169705652166,0.003250806774533997,-0.002622728349606931,-0.0025601735735741116,-0.0005693990419772931,2024-07-15,2024-10-02,739081.0,739160.0,0.72842840686641,0.41467540500057093,0.5900988046604986,0.19608079533809683
2024-10-16,739174.9206789882,0.7022965235482609,10.373435357654929,0.6790080045695741,-0.006585533824810189,-0.0038380409329653972,-0.003416561766629023,0.0017486177106293603,2024-07-22,2024-10-02,739088.0,739160.0,2.9094421721774006,0.11616606976569303,0.5900988046604986,0.12165812870063811
2024-10-10,739168.1905393872,0.23601512558642607,11.472419555980794,0.7920347108063955,-0.09330885961254766,0.02512140571020603,0.022786130455140212,-0.010577205856846303,2024-07-29,2024-10-02,739095.0,739160.0,3.998861879878805,0.07641238580662506,0.5900988046604986,0.12293638808698015
2024-10-03,739161.2292679986,0.07447150690975904,14.632721737229316,1.0985375195394238,-0.415006818896898,-0.0064151754898905036,-0.005845930473300174,-0.002641888239012442,2024-08-05,2024-10-02,739102.0,739160.0,9.024364111413577,0.3292393375766891,0.5900988046604986,0.18201835750138784
2024-10-24,739182.5254940144,0.7262725389458408,4.659460081895185,0.7144509231172917,-0.007978901794032203,0.0033738451751240193,0.0014765847567379403,-0.0030335669964378204,2024-08-12,2024-10-02,739109.0,739160.0,0.8772730133260309,0.36862263447828675,0.5900988046604986,0.057123547289194415
2024-10-02,739160.1241162497,0.7494847173057969,11.216571286427502,0.6238760729971393,-0.0016424505722961258,-0.0015353301094498464,-0.0006427234267120088,0.0013943260528796165,2024-08-19,2024-10-02,739116.0,739160.0,10.485289248836319,0.07148142515355008,0.5900988046604986,0.044743910026060985
2024-12-23,739242.8249518616,0.1254809793321319,6.328926881364572,3.203849064667001,-1.4580887490329126,0.024929810557442984,0.018548574514489023,-0.016656705493897767,2024-04-18,2024-10-03,738993.0,739161.0,1.1243040229882266,1.1596122694902549,0.5619939103403903,0.45942063390743987
2024-11-08,739197.8528938912,0.9257360722641959,13.870889494064247,0.7980606278045963,-0.004358381448806264,-0.0006849494640637291,-0.0005528881579925724,0.00040431479452620814,2024-04-25,2024-10-03,739000.0,739161.0,3.710104372507998,0.4246680442766514,0.5619939103403903,0.33753612348553413
2024-12-12,739231.596812647,0.09239824867597247,2.275662770249314,-5.447826288924948,3.758297386251851,-0.3032022749887118,-0.2952737925907747,-0.06888401097054797,2024-05-02,2024-10-03,739007.0,739161.0,0.4191622764362111,0.5032856196296801,0.5619939103403903,0.4178645818126262
2024-11-24,739213.2848498384,0.6052094484027625,8.997875307705549,0.9415612510259163,-0.025480994382841897,0.002189368125621717,0.0006195076626329307,-0.0020998911984737288,2024-05-09,2024-10-03,739014.0,739161.0,1.9161322673182446,0.7828225188446578,0.5619939103403903,0.4478535856694781
2024-10-07,739165.6034104564,0.817423646047515,6.816441429877487,0.6877161857398421,-0.006089894271549579,-0.0016988479194664963,-0.0012131611541988103,-0.0011892536598298337,2024-05-16,2024-10-03,739021.0,739161.0,3.739762310324777,0.42987752458129824,0.5619939103403903,0.3646978713764276
2024-11-17,739206.5822882352,0.1110055793646341,7.706851860251408,2.861230899536354,-1.4183767877004005,-0.016635150212889346,-0.001923298549608213,-0.016523593595052732,2024-05-23,2024-10-03,739028.0,739161.0,1.6749369904360134,1.2280970414603045,0.5619939103403903,0.5088303231823423
2024-10-23,739181.8202605383,0.8502866069039572,7.566502616908578,0.7314443250943643,-0.005376139389482519,-0.0012271779826318044,-0.0007114391364006786,0.0009999100740835255,2024-05-31,2024-10-03,739036.0,739161.0,2.344003023079181,0.49230371990109834,0.5619939103403903,0.3325131594140955
2024-11-29,739218.392568592,0.6241647681556771,2.594061004815801,0.9237339857900346,-0.026595224658274675,0.007245469750927362,0.0057373577628281585,-0.004424879412246042,2024-06-07,2024-10-03,739043.0,739161.0,0.4612081661584404,0.8831941445544704,0.5619939103403903,0.34370317346427515
2024-10-19,739177.3209831909,0.7168109837596156,4.4227755033473715,0.7480050109156947,-0.01116637731801042,0.0016026222016980209,0.0015278495922987428,-0.00048381147639134896,2024-06-14,2024-10-03,739050.0,739161.0,1.4460069498919605,1.1292520818597944,0.5619939103403903,0.4029514238711292
2024-10-25,739183.5988560293,0.8239380141962149,14.431406106675686,0.7117368780307111,-0.005167858642645688,-0.0025230001619411407,-0.0021111272608066805,0.0013815467801829601,2024-06-24,2024-10-03,739060.0,739161.0,3.9026396764500806,0.11694434876908759,0.5619939103403903,0.12735429716822985
2024-10-10,739168.5788482804,0.30802260693800615,4.086095881989653,0.833583106299834,-0.0872030117555157,-0.003263260436679826,-0.00319141765987731,-0.0006809713634383195,2024-07-01,2024-10-03,739067.0,739161.0,1.687894823389171,2.0144374547133546,0.5619939103403903,0.4146210898270604
2024-10-28,739186.876026277,0.3943206546242003,9.627751538125867,0.8556368450154798,-0.05695597676539495,0.0038135027025078877,0.003749641075424806,-0.0006949781777308311,2024-07-09,2024-10-03,739075.0,739161.0,2.243407478357453,0.6117019963226409,0.5619939103403903,0.2928157429647397
2024-11-07,739196.6478132975,0.35490234106282653,11.532666939725695,0.8157651155565331,-0.052984691653927114,-0.005737347413443065,-0.002098956803975238,-0.005339619431905976,2024-07-16,2024-10-03,739082.0,739161.0,2.1441668677568044,0.28419627220760313,0.5619939103403903,0.21568264557416736
2024-10-06,739164.8861769005,0.1915497898653305,2.267685552224285,0.5474016586968927,0.030394073955682367,0.03364499678351791,0.03326301812339625,-0.005055436072738238,2024-07-23,2024-10-03,739089.0,739161.0,1.072565468302491,0.07630750811276762,0.5619939103403903,0.18083982934291712
2024-10-27,739185.4311868631,0.6230532368566125,7.358881740762602,0.701761731450072,-0.00924459245434698,-0.0038830290626669533,-0.0038206910969740162,-0.0006929893527462632,2024-07-30,2024-10-03,739096.0,739161.0,1.5197627827651836,0.20157211929611143,0.5619939103403903,0.14716839807890997
2024-10-28,739186.5195772102,0.0008853984138363915,8.873537849553696,117.60346342178492,-116.61846045330067,-0.0079377978909151,-0.0023054177960207508,-0.007595635861651549,2024-08-06,2024-10-03,739103.0,739161.0,1.6744339133905333,1.4659163893303033,0.5619939103403903,0.14224674481896
2024-10-25,739183.6861661687,0.8557092109417443,5.561647373537176,0.6508293343948851,-0.001910226731733847,-0.0015675923432379591,-0.0008423283306547483,0.0013220547409069942,2024-08-13,2024-10-03,739110.0,739161.0,1.0427757004220828,0.18748845998764993,0.5619939103403903,0.05923205156919408
2024-10-10,739168.1359813529,0.6220730259070172,8.066153907388104,0.6348114121135086,-0.0037508750953825385,0.002331754041010047,0.0022597321642969697,0.0005750543047473142,2024-08-20,2024-10-03,739117.0,739161.0,2.528174404145729,0.12405798700511637,0.5619939103403903,0.04564472869981851
2024-12-08,739227.4503034526,0.18875613953772713,14.263721871338015,2.47729177657509,-0.7998831088521011,0.02049755483039678,0.012140288789887604,0.016515542441084146,2024-04-19,2024-10-04,738994.0,739162.0,2.8868896483101807,0.5164076814278196,0.5714502455824256,0.42045683061963285
2024-12-21,739240.8408457405,0.7217651679114142,9.964026065532543,1.0051164047728727,-0.014309931632193448,0.0007830022260767546,0.00015790475719458587,-0.0007669149716210214,2024-04-26,2024-10-04,739001.0,739162.0,1.7642995346069108,1.3238403879701846,0.5714502455824256,0.4711057130371794
2024-11-06,739195.6092106692,0.49838694100526293,13.583114606568682,1.016579803098406,-0.05508633562696635,0.005107608996293532,0.0031785227015589724,0.003998082427200929,2024-05-03,2024-10-04,739008.0,739162.0,3.7173810212504823,0.39572503824644706,0.5714502455824256,0.3964720765309225
2024-10-17,739175.6790853845,0.7970787125910843,9.320157797089252,0.7395235891729192,-0.007773722077578848,-0.0016348059905303908,-0.0011947390201886268,-0.001115880504495339,2024-05-10,2024-10-04,739015.0,739162.0,3.6542916283603906,0.4066686881451868,0.5714502455824256,0.35265683585777724
2024-11-09,739198.202475345,0.4545300707160743,9.613055447589328,1.0180497400980195,-0.06523774954993802,0.0074790686625262,0.005152583421756236,0.005421010250924107,2024-05-17,2024-10-04,739022.0,739162.0,2.4211796620162596,0.4124322562074146,0.5714502455824256,0.36372071736622535
2024-11-24,739213.3173659093,0.7973755970880398,13.31196557887274,0.8802063313844989,-0.008841052151138255,0.0012316460459996846,0.0003971350807181624,0.001165862646408073,2024-05-24,2024-10-04,739029.0,739162.0,2.7089885226528923,0.4299706285712424,0.5714502455824256,0.33533079122476545
2024-11-13,739202.089677748,0.21016754048371517,12.883514895982168,1.5910382256968374,-0.4181462975217865,-0.01805086717987468,-0.0057148474288158035,-0.01712233409354094,2024-06-03,2024-10-04,739039.0,739162.0,2.8771883527712974,0.37788657478923277,0.5714502455824256,0.44485450755886885
2024-10-05,739163.5283802783,0.18573567218132106,9.182561680623131,0.932765429355415,-0.20428722652631515,-0.04338586479965453,-0.009477741506364223,0.042337993343478666,2024-06-10,2024-10-04,739046.0,739162.0,6.346305044588146,0.09524110409658777,0.5714502455824256,0.3884103196392845
2024-10-06,739164.0230142988,0.7000057022351872,11.858199689137953,0.6812608347444218,-0.009592745618940673,0.004993804925739357,0.00380644046295504,0.0032325065565776173,2024-06-17,2024-10-04,739053.0,739162.0,7.558881840269765,0.11339506985408725,0.5714502455824256,0.2115925468966264
2024-10-15,739173.8500769946,0.43019546975912026,7.840882254048558,0.8280792490469704,-0.05193082387633139,-0.007777694834004568,-0.007472046198114069,0.0021589494075013494,2024-06-25,2024-10-04,739061.0,739162.0,2.8124586380693057,0.36633230117873206,0.5714502455824256,0.40214639370545735
2024-11-10,739199.2367018389,0.8669692447801678,11.546336461421475,0.765022641799988,-0.004762755417267259,-0.0009968321769945677,-0.000889665468849051,-0.0004496328976279733,2024-07-02,2024-10-04,739068.0,739162.0,2.314910059402951,0.3587531426203941,0.5714502455824256,0.2962980774978426
2024-11-01,739190.3412939775,0.22973045628719185,12.322895995533793,1.069365068723433,-0.19312660918156585,0.014300775153004416,0.011117908950009886,0.008994680125278418,2024-07-10,2024-10-04,739076.0,739162.0,2.7356843863305107,0.2517609270648136,0.5714502455824256,0.24880200001407934
2024-10-15,739173.2333777251,0.5546986632059269,10.664558644578106,0.6943828079153347,-0.014663851825569924,-0.00640213786673684,-0.005711035527326926,-0.0028933445128977286,2024-07-17,2024-10-04,739083.0,739162.0,3.5363772390737798,0.1191344252088885,0.5714502455824256,0.13868947689757413
2024-11-07,739196.3543448666,0.17417059084020517,8.185638826267947,1.0062361818433834,-0.19948376403933663,-0.02704190046063944,-0.002299511099450486,0.02694395348174868,2024-07-24,2024-10-04,739090.0,739162.0,1.472209314930607,0.15696130148514437,0.5714502455824256,0.15800302297671448
2024-10-16,739174.830876057,0.3785236130125701,3.4607235458106476,0.656014867139304,-0.017097557448379944,0.015301514811082424,0.011785488629178728,-0.009759027271468898,2024-07-31,2024-10-04,739097.0,739162.0,0.9929024570289955,0.12221533813039503,0.5714502455824256,0.10557240466657794
2024-10-19,739177.5903501954,0.2693366765596797,4.222149206942278,0.8580009027147885,-0.10143938436628612,-0.0232610796092971,-0.02232115090688532,0.0065455364014043865,2024-08-07,2024-10-04,739104.0,739162.0,1.0428137288705608,0.2781881697896878,0.5714502455824256,0.06603253340403124
2024-10-08,739166.5588848117,0.3988087772284835,7.696105458345047,0.6690365790583271,-0.02073596656654837,-0.007326751289170604,-0.006582668741523164,-0.0032171037740080697,2024-08-14,2024-10-04,739111.0,739162.0,3.062630647929068,0.14665826145257826,0.5714502455824256,0.07984878614828254
2024-10-06,739164.5534730742,0.9887064381382402,11.783345742690159,0.6133167013463603,-0.00022705083467379603,0.0006740669108962306,0.0003312209043241957,-0.0005870765818050051,2024-08-21,2024-10-04,739118.0,739162.0,5.444497557644132,0.02826303754626152,0.5714502455824256,0.04461123899971323
2024-10-12,739170.8013667463,0.4495781125658548,6.734841239168143,0.8547104971941495,-0.055669086407586846,-0.004846197737280218,-0.0019180505988800364,-0.004450473503904483,2024-04-22,2024-10-07,738997.0,739165.0,3.6442097011308494,0.7668152844280196,0.6219196712715774,0.574846899488278
2024-10-25,739183.6299091838,0.3274752120748055,6.953530337921894,1.0666661366659966,-0.13680782035076222,0.011733441014903019,0.011427532483776981,-0.0026617925130314503,2024-04-29,2024-10-07,739004.0,739165.0,2.5079009240851917,0.5491090576259476,0.6219196712715774,0.4818561523913494
2024-11-04,739193.3608418367,0.7579514402990108,5.712758493680832,0.7754492812046563,-0.00882881192544353,0.0012668457464470968,0.0012618694165118193,-0.00011217718557363875,2024-05-06,2024-10-07,739011.0,739165.0,1.692026779291377,0.9246429138201809,0.6219196712715774,0.4586942311309873
2024-12-02,739221.4327884916,0.9867725312666109,12.30901139425363,0.8145998208638533,-0.002738315570734174,-0.0004848578319755873,-0.00047356699560031625,-0.00010402604436465377,2024-05-13,2024-10-07,739018.0,739165.0,2.512048256893633,0.4527546908030667,0.6219196712715774,0.3241650309863604
2024-12-07,739226.7337746097,0.4829234220279227,5.011731975684863,0.9974240320037314,-0.04874632466068898,-0.0059888183163944305,-0.002309237791515539,-0.005525700466820281,2024-05-20,2024-10-07,739025.0,739165.0,0.9445019118710561,0.7843161737463676,0.6219196712715774,0.3923914825814011
2024-10-11,739169.0382800048,0.9249227436302141,5.82942595151973,0.6714206454262358,-0.003343232770241161,0.0009296047800806925,0.0008368724547524092,-0.0004047339145976643,2024-05-28,2024-10-07,739033.0,739165.0,3.2631181120782813,0.5706212431962374,0.6219196712715774,0.36313364744728194
2024-10-24,739182.6750237915,0.10638652369574624,6.403610745578396,2.0553616070751786,-0.9851704679022102,-0.032103467411810006,-0.031126008308474642,-0.007861566424187666,2024-06-04,2024-10-07,739040.0,739165.0,2.1284441585826266,0.5098250095520933,0.6219196712715774,0.4923097095179342
2024-11-27,739216.2743090433,0.15013222959975916,11.904188460017272,2.315022463056319,-0.8929692955286526,0.030563721320474236,0.018501918518273826,0.024327352344609296,2024-06-11,2024-10-07,739047.0,739165.0,2.2627914115105754,0.3684719523685903,0.6219196712715774,0.3516694504901792
2024-10-22,739180.1725764088,0.7988275893659322,12.645328130165135,0.7054887114566151,-0.0058434592919746325,0.0027457559901530207,0.002629850394185858,0.0007893433103926841,2024-06-18,2024-10-07,739054.0,739165.0,4.262939843993932,0.1344407838029027,0.6219196712715774,0.16129061826943206
2024-11-19,739208.8959664309,0.7298169246081875,7.0761067318948045,0.8393381994249395,-0.010961717381683977,0.0008315491397710254,0.0004450024979850047,0.0007024576490017306,2024-06-26,2024-10-07,739062.0,739165.0,1.360336262468514,1.3595971255863941,0.6219196712715774,0.4014824704039696
2024-10-27,739185.1158740378,0.35964584191877874,13.198800844236972,0.8935489011983285,-0.07714710425544612,-0.015791293980739012,-0.014871856037801019,-0.005309695243330407,2024-07-03,2024-10-07,739069.0,739165.0,3.6826138455971504,0.13311974537291604,0.6219196712715774,0.21743567557205917
2024-10-17,739175.488426902,0.2297198085292747,4.625472364580805,0.7784921965266778,-0.08047330257214452,-0.017550428408747366,-0.014684597620494347,-0.009611458268896473,2024-07-11,2024-10-07,739077.0,739165.0,1.6487681725679724,0.22772276995011254,0.6219196712715774,0.22820270816437505
2024-10-17,739175.702621487,0.033400116872229775,13.16678854121042,2.64644483352397,-1.8280600275106735,-0.05866711849762483,-0.009123116209524948,0.05795342564026614,2024-07-18,2024-10-07,739084.0,739165.0,4.501392226829553,0.07904307372714024,0.6219196712715774,0.12451995306254847
2024-11-10,739199.5336471281,0.08465319176236431,3.6710156565198258,-2.6914126466521098,2.301392751222561,0.11088002079819859,0.029948186589326256,0.10675900492333118,2024-07-25,2024-10-07,739091.0,739165.0,0.6690517100403561,0.4786240780219149,0.6219196712715774,0.17707613083792054
2024-11-05,739194.7560439263,0.7136808942675658,4.249705875324116,0.6486689585162482,-0.004276557032810426,-0.003747246178321567,-0.0017821815107615623,-0.0032963135444986458,2024-08-01,2024-10-07,739098.0,739165.0,0.7975390174377318,0.19165812720415684,0.6219196712715774,0.0808138055126457
2024-10-23,739181.9055139935,0.8489241782915766,3.734093751560327,0.6756248118589759,-0.0040931491358629215,0.0026958094075346167,0.00023415865948519965,0.0026856206142976025,2024-08-08,2024-10-07,739105.0,739165.0,0.9003267070147459,0.3451851226600175,0.6219196712715774,0.054955780647735125
2024-10-29,739187.2214574305,0.9374493013262568,4.2555583172749945,0.6243360617428824,-0.0008819176351311477,-0.0012399814222995382,-0.0011048863726249962,-0.0005628321519205914,2024-08-15,2024-10-07,739112.0,739165.0,0.8258764619483584,0.1566765831836232,0.6219196712715774,0.04508585054071778
2024-10-13,739171.4104744889,0.17426363046141383,9.978804483084389,0.6528281349716137,-0.02531478568979248,0.01597461027822312,0.00035851041495362613,0.015970586834035915,2024-08-22,2024-10-07,739119.0,739165.0,3.3370329332916095,0.027674018526773935,0.6219196712715774,0.035048326713797595
2024-12-25,739244.2652540983,0.13011149823359783,5.673643067093951,2.6858440743367407,-1.1534716666761407,-0.03230667004408946,-0.017572322591172314,0.027109673699427704,2024-04-23,2024-10-08,738998.0,739166.0,1.0351004753469664,0.8187822180748298,0.5476395968887071,0.44824633457286134
2024-11-04,739193.16332598,0.09552274377655137,7.23492686921496,2.577384839332341,-1.362577367860257,-0.028122665918977753,-0.009253779364499103,0.026556579332881025,2024-04-30,2024-10-08,739005.0,739166.0,2.2286125414868385,0.6397014370445196,0.5476395968887071,0.570459486012136
2024-11-04,739193.2355252637,0.7478981736673834,12.129226323354155,0.8219496114911363,-0.011251347890450129,0.0015021416108184052,0.001501009719827962,-0.00005830300107281205,2024-05-07,2024-10-08,739012.0,739166.0,3.6586892032340534,0.46185223486269344,0.5476395968887071,0.4026460790677839
2024-12-19,739238.0855698204,0.4284450610238625,11.214039928243283,1.2345225072733557,-0.09025077265147136,0.004206191636065304,0.0028348070125083307,-0.0031073971875412573,2024-05-14,2024-10-08,739019.0,739166.0,1.9839653768610557,0.8197754644025936,0.5476395968887071,0.49406962163907575
2024-11-01,739190.0781550906,0.87669916439961,8.835165294562728,0.7421298203304489,-0.004682279469467417,-0.001042151210617306,-0.0008997678287135384,0.0005258298205724366,2024-05-21,2024-10-08,739026.0,739166.0,2.6984747293024074,0.44582303899631104,0.5476395968887071,0.3614421200237095
2024-12-10,739229.4786313673,0.7092183264471638,8.761413167217475,0.9435307351337362,-0.014281093292565682,-0.0010283399645465807,-0.00022233168788312653,-0.0010040177803439059,2024-05-29,2024-10-08,739034.0,739166.0,1.5683732277288684,1.124166218102947,0.5476395968887071,0.44485852314780283
2024-12-01,739220.28381735,0.7978385911301249,13.088833237991032,0.863336932680954,-0.007923909363393721,0.001384587070755667,0.001059952696476457,0.0008908319918683014,2024-06-05,2024-10-08,739041.0,739166.0,2.4888338831146015,0.34884566624620117,0.5476395968887071,0.3128170570817015
2024-11-06,739195.4115127122,0.4916854741832727,2.7920162126494077,0.9036444802970375,-0.04808004752070755,0.010554589461485518,0.008918200883195655,-0.005644913790968769,2024-06-12,2024-10-08,739048.0,739166.0,0.7162431926109228,0.8022190766454159,0.5476395968887071,0.3524253678520695
2024-10-16,739174.4204404884,0.1259619732335198,2.317433859328108,1.3130683603408257,-0.48249645505653055,-0.05094499279687359,-0.03855317096266099,0.033302331747151505,2024-06-20,2024-10-08,739056.0,739166.0,0.9750341046577851,0.5147836312889291,0.5476395968887071,0.3746843916201405
2024-11-09,739198.4562076349,0.0571337020039291,2.7152329232514174,4.319509663944508,-2.9905875450495265,0.0823886284378904,0.06433035073122094,-0.051473217022786365,2024-06-27,2024-10-08,739063.0,739166.0,0.6174268258197159,0.7637909734492627,0.5476395968887071,0.34215277533463667
2024-11-01,739190.0954851524,0.7979580210224682,4.239606319195864,0.665839842365217,-0.0033663318533863765,-0.0010836534072764044,-0.0005496019903740681,-0.0009339391625146809,2024-07-05,2024-10-08,739071.0,739166.0,1.0781906304827433,0.584683771175466,0.5476395968887071,0.32713499226827675
2024-10-22,739180.8085893525,0.8377577474454665,5.812047668089457,0.6530961267483995,-0.0025166828611927657,-0.0012256573996186496,-0.0010639279711085609,0.0006085173239380877,2024-07-12,2024-10-08,739078.0,739166.0,1.792368141837447,0.295970676588344,0.5476395968887071,0.2258236911205243
2024-10-12,739170.7798809282,0.6423813885950854,8.25495201938027,0.6417069589721912,-0.00564097471659578,0.0038584432534184273,0.003549976906213083,-0.001511703775613451,2024-07-19,2024-10-08,739085.0,739166.0,3.7934726092997457,0.11376808091012847,0.5476395968887071,0.18966016465662686
2024-10-23,739181.1992101605,0.5251068611773378,6.503657388952378,0.6437805772973557,-0.006713874937544504,0.006891675170747101,0.00482816483354453,-0.0049177241686796545,2024-07-26,2024-10-08,739092.0,739166.0,1.8317236158717902,0.07865720063122003,0.5476395968887071,0.17350439472028778
2024-10-10,739168.8817463602,0.03980258774279879,8.810974338409926,1.4937366180327951,-0.8017630403121915,-0.04128810063109566,-0.019551117903983357,0.03636565745903713,2024-08-02,2024-10-08,739099.0,739166.0,4.471136789681876,0.08772199494840638,0.5476395968887071,0.1363514015427582
2024-10-12,739170.3369989354,0.5233233580878148,13.319763074082779,0.6529692180227012,-0.01081455471512824,0.006421121479905302,0.00421650142688466,0.004842717912162641,2024-08-09,2024-10-08,739106.0,739166.0,5.717285633904872,0.06617156034924498,0.5476395968887071,0.09784008577021625
2024-10-18,739176.1000922289,0.4698066903179151,13.419679128095654,0.643702783041979,-0.00796566059925824,-0.00732036622758102,-0.005634416301624043,0.004673447832799893,2024-08-16,2024-10-08,739113.0,739166.0,3.91318022831764,0.038094831299272956,0.5476395968887071,0.041250997894914175
2024-10-08,739166.72045402,0.1382350548503586,8.808047750215707,0.5439170383280155,0.04316107576506056,-0.01578865547286739,-0.011622904117005183,0.010685960019006688,2024-08-23,2024-10-08,739120.0,739166.0,5.848572717069038,0.04290280046055877,0.5476395968887071,0.033372513848125014
2024-11-03,739192.8462120508,0.9488111958111789,3.5834684032460253,0.6725392024690493,-0.002165050622086042,-0.000827500816069934,-0.0004844503711903631,0.0006708691664176601,2024-04-24,2024-10-09,738999.0,739167.0,1.1491518971458372,0.6927489013182471,0.5476395968887071,0.4521022079471556
2024-11-27,739216.5218809101,0.18663022848782365,8.022186459173687,1.9146059793100014,-0.5906017884620047,0.009856818985793585,0.009638227498623407,0.002064328269311946,2024-05-01,2024-10-09,739006.0,739167.0,1.847710515842219,1.3939500519652175,0.5476395968887071,0.5917151296535242
2024-12-05,739224.5735327916,0.22394076575691596,14.130896178093527,1.8911207814198272,-0.47917013850243917,0.01607306396528339,0.015977986089511134,0.001745664846263477,2024-05-08,2024-10-09,739013.0,739167.0,2.9270977735020067,0.4724485556732013,0.5476395968887071,0.47429331804159575
2024-12-07,739226.6899195645,0.8018717820657877,9.678546271892932,0.8542547448974742,-0.007400951033270461,-0.000728762052199898,-0.000711536781538723,0.00015751043534992354,2024-05-15,2024-10-09,739020.0,739167.0,1.9132495908650018,0.841388517442472,0.5476395968887071,0.481021474770668
2024-12-01,739220.7178872062,0.8908361572418202,13.579919370661067,0.8456715695112264,-0.004916934835647058,-0.0007105847069056715,-0.0006978205866116883,-0.0001340785388835153,2024-05-22,2024-10-09,739027.0,739167.0,2.772220780061956,0.45391991868369014,0.5476395968887071,0.36947777495288087
2024-10-16,739174.7204689339,0.7879813033818912,12.24133136664222,0.7277129341356948,-0.008083792179314257,-0.002109362297840354,-0.00069723685943056,-0.001990796339508828,2024-05-30,2024-10-09,739035.0,739167.0,5.641734587287364,0.2466898151204294,0.5476395968887071,0.3316013872157884
2024-11-07,739196.9605898972,0.057165995559895336,10.557157459933915,3.6711235963994917,-2.4527265855557316,0.03898900084796649,0.013112687169946303,-0.0367178379307096,2024-06-06,2024-10-09,739042.0,739167.0,2.761091562113429,0.3406416947287783,0.5476395968887071,0.5156826575789303
2024-12-06,739225.8465421216,0.8575186497992142,6.2223271218334775,0.8235466661447483,-0.005131216763774347,-0.0007827540787986646,-0.0005119182366511244,-0.0005921517262154605,2024-06-13,2024-10-09,739049.0,739167.0,1.0896914360724577,0.9034117961397415,0.5476395968887071,0.37967235969638063
2024-11-23,739212.931916489,0.7824269797763295,14.721855025614675,0.8004893709756367,-0.007326858346570157,-0.0015094447218459654,-0.00006715376250316866,0.0015079501783846528,2024-06-21,2024-10-09,739057.0,739167.0,2.863821880590263,0.25797751964224763,0.5476395968887071,0.3333796489953048
2024-10-26,739184.0083093487,0.6505896979882476,9.339187759426235,0.7450126741019755,-0.013371899140436933,-0.002700767243208425,-0.0010547953718992745,-0.002486272395657304,2024-06-28,2024-10-09,739064.0,739167.0,2.904172793223039,0.3449085893860544,0.5476395968887071,0.36316014273337605
2024-11-17,739206.0052089666,0.02855947711221197,13.286973439710739,4.704108765084812,-3.656539990019079,0.015236695374110352,0.01484825534823599,0.003418508305828309,2024-07-08,2024-10-09,739074.0,739167.0,2.578113196352117,0.5158265924396532,0.5476395968887071,0.33711419086828137
2024-10-27,739185.5990731171,0.48507710364811285,7.867256637350575,0.6975081277330241,-0.017176632335382087,0.0038703839343797704,0.002701491731543691,-0.002771608598613105,2024-07-15,2024-10-09,739081.0,739167.0,2.162427502832636,0.27363486359588507,0.5476395968887071,0.23828205790215476
2024-10-30,739188.9039001473,0.8397110368101683,4.848668963986176,0.5555853180167043,0.001682530686528538,0.002580560948814757,0.0018085580987506375,-0.0018407640842843496,2024-07-22,2024-10-09,739088.0,739167.0,1.1787589011454345,0.11291618588671627,0.5476395968887071,0.15593680156908069
2024-10-20,739178.9201035119,0.7083267200663964,13.453108305323806,0.6537399646012619,-0.005029486001200978,-0.004332994130459402,-0.0032423694431496577,-0.002874348365930094,2024-07-29,2024-10-09,739095.0,739167.0,4.178709932315297,0.06111481329591492,0.5476395968887071,0.0969805188825594
2024-10-18,739176.4292970095,0.13070779974289562,4.0032961044798885,0.8515245478085505,-0.16691469199308143,0.040010524956219866,0.0006769028866007603,0.040004798584099874,2024-08-05,2024-10-09,739102.0,739167.0,1.3163581564464033,0.13620846727335004,0.5476395968887071,0.0987552929505461
2024-10-10,739168.2575172966,0.3271976905123895,3.806683921898153,0.6004850082844717,-0.0002503747081850696,0.017600550721694454,0.016710869721499728,-0.005525053742544298,2024-08-12,2024-10-09,739109.0,739167.0,2.3342004421871363,0.001222721674608427,0.5476395968887071,0.08644405000774424
2024-10-28,739186.0005237529,0.7642374332935113,6.009229646885353,0.5541662490126597,0.0033274890908155655,-0.0021304979901097813,-0.0021221411821162922,0.00018851654841918575,2024-08-19,2024-10-09,739116.0,739167.0,1.2471783796308593,0.19863007950897782,0.5476395968887071,0.038521626701962436
2024-10-28,739186.893401918,0.18834107958817908,10.535070071808946,0.3267908985648406,0.14233145255783422,0.021580498492576632,0.0010629526230442378,0.02155430460277639,2024-08-23,2024-10-09,739120.0,739167.0,2.0333648626719114,0.11790902174181545,0.5476395968887071,0.021441399211642193
2024-12-03,739222.6298310893,0.2548433441275187,11.633119961493588,1.6879767073898293,-0.35515011751533354,0.012722042315365278,0.012107662333318248,0.003905748775368334,2024-04-25,2024-10-10,739000.0,739168.0,2.6011843542521595,0.6115503453180449,0.5452270504833231,0.5236543060593224
2024-10-19,739177.4171589873,0.2078661648801468,14.147871736555658,1.211405456071453,-0.30194076122645763,0.01515926776794874,0.014834716427182442,0.0031200300936774584,2024-05-02,2024-10-10,739007.0,739168.0,6.520294173204591,0.29264169992004524,0.5452270504833231,0.6875846579369627
2024-10-21,739179.7870317916,0.11064807908505285,4.692343337202451,1.6692818169435462,-0.7358124108220437,0.028382200588786644,0.01309264139712819,0.02518197870518372,2024-05-09,2024-10-10,739014.0,739168.0,1.9743436966741943,0.6113292004723891,0.5452270504833231,0.6843179000224462
2024-11-08,739197.0722978248,0.6172380708926716,10.346507103551073,0.8457346925910482,-0.02119725981569195,-0.003156827002249277,-0.0013154316112255662,-0.0028697031899342245,2024-05-16,2024-10-10,739021.0,739168.0,2.965882034054422,0.4005787299765406,0.5452270504833231,0.44361784787528163
2024-11-18,739207.2866129735,0.07906751950203718,7.863159171236619,3.349801985730108,-1.987611672459324,0.023037418935068193,0.020667877914211256,-0.010176516777026268,2024-05-23,2024-10-10,739028.0,739168.0,1.8998447799902292,0.8675584933095253,0.5452270504833231,0.6083820259837772
2024-11-21,739210.9029774728,0.5378949495786133,12.091404192491565,0.944162286237257,-0.03585793458016708,0.004699381075093157,0.0016734175126635908,0.0043913387841584845,2024-05-31,2024-10-10,739036.0,739168.0,2.704349897413494,0.33944180997451645,0.5452270504833231,0.40564295733069544
2024-10-10,739168.9908899246,0.9527328389734684,12.207484149725925,0.6687321547385366,-0.0031122686707814964,-0.0011394088633111539,-0.0011270628857336957,-0.00016727764164301782,2024-06-07,2024-10-10,739043.0,739168.0,9.413962813618925,0.21317803429977625,0.5452270504833231,0.3336160481450038
2024-10-19,739177.5037143088,0.8025931090619136,5.819598608911605,0.6974339089731117,-0.006158057090420136,0.0014710026276894925,0.0014622987460984657,0.00015978456692761846,2024-06-14,2024-10-10,739050.0,739168.0,2.40489027856889,0.5773413422707054,0.5452270504833231,0.4202738154522577
2024-11-15,739204.4192396853,0.013275390921542177,10.497292760716633,13.476794572050993,-12.201366971259487,0.04792790741418848,0.019042765505112573,-0.043982466859196497,2024-06-24,2024-10-10,739060.0,739168.0,2.301589711692519,0.32195118713243237,0.5452270504833231,0.4412257663695751
2024-11-25,739214.1890187792,0.012685945003567681,4.513971001492184,11.85595066035309,-10.688248814891118,0.05580508383077998,0.022801558692434307,0.050934235073826876,2024-07-01,2024-10-10,739067.0,739168.0,0.8326321190397274,0.5382658783558185,0.5452270504833231,0.3496942585024939
2024-11-13,739202.3341678237,0.04917534356444443,4.963504886900056,1.4762839252464934,-0.731540465335791,0.03869155406010316,0.004186380454814869,0.0384644065893838,2024-07-09,2024-10-10,739075.0,739168.0,1.0353882361184696,0.1873186976136683,0.5452270504833231,0.2847235823284351
2024-10-12,739170.223894661,0.40164540461893405,9.726159867740312,0.6634209637984458,-0.02106166895855264,0.010869841461515753,0.008356472170649314,-0.006951462167030073,2024-07-16,2024-10-10,739082.0,739168.0,5.697472807030266,0.08001491922419766,0.5452270504833231,0.179249574152843
2024-11-15,739204.2356506536,0.46984002102653577,14.823662974506993,0.7169446132193996,-0.01830613048586347,-0.006067393054455328,-0.001167733018848512,0.005953961544546932,2024-07-23,2024-10-10,739089.0,739168.0,2.7295112581441634,0.09562884235641388,0.5452270504833231,0.19013289727907734
2024-10-21,739179.8341600671,0.6802437447773032,14.447854994947816,0.6663093927645527,-0.006654642758141144,-0.004741783310343684,-0.0015021581217315077,0.00449755821969766,2024-07-30,2024-10-10,739096.0,739168.0,4.501974037281246,0.0660760731192693,0.5452270504833231,0.10117717463910102
2024-11-10,739199.0295956061,0.7532845628236262,11.558095450310594,0.7047531955369567,-0.005621127077277245,0.0011842407231792422,0.000874650420496753,-0.0007983813201478025,2024-08-06,2024-10-10,739103.0,739168.0,2.07814237455281,0.30935433270531815,0.5452270504833231,0.14081526828787025
2024-10-12,739170.0190448113,0.2976197983557905,13.713030530858823,0.6059846762184848,-0.00558513061539504,-0.012465751584087059,-0.0036746943605626614,0.011911825381217525,2024-08-13,2024-10-10,739110.0,739168.0,7.403110052878285,0.009723961735642463,0.5452270504833231,0.09824389311843451
2024-11-02,739191.7792436593,0.5319890049633703,3.5901532825902684,0.5201029392774534,0.00821007078318898,0.006581466126789161,0.0038903157533478534,0.005308591123577577,2024-08-20,2024-10-10,739117.0,739168.0,0.6546578398123656,0.1848476425424988,0.5452270504833231,0.04071413893541396
2024-10-27,739185.3702746689,0.5748362335096396,13.249748335228585,0.5430741937724199,0.007693534358900644,0.003615266531628056,0.0021253047257609615,-0.0029245908974364393,2024-08-26,2024-10-10,739123.0,739168.0,2.6956915609934176,0.09232558808813177,0.5452270504833231,0.033865885344382465
2024-10-16,739174.7930262061,0.8961581757589407,12.255091693968902,0.6982644888294122,-0.004491737841451601,-0.0009021672903058796,-0.00011486225893529873,-0.0008948253914424496,2024-04-26,2024-10-11,739001.0,739169.0,6.633919214700486,0.3640788328054327,0.5281742621006038,0.4414431808646393
2024-11-04,739193.2633445556,0.42966457551979154,9.913059279883107,0.9608246913099185,-0.06871097969924662,-0.006377093181015385,-0.002856770863316484,0.0057014189175905085,2024-05-03,2024-10-11,739008.0,739169.0,3.2071919441396086,0.4670089715175924,0.5281742621006038,0.5461698177290919
2024-10-19,739177.4077758099,0.46602520251465396,14.947776886438994,0.8258850220496027,-0.046446690489544334,-0.0032328367279203206,-0.002617224164942595,-0.0018977278466184504,2024-05-10,2024-10-11,739015.0,739169.0,7.04414523873542,0.4479234502697383,0.5281742621006038,0.6587326172074671
2024-10-14,739172.27190239,0.5501434136165083,2.5906606949037587,0.6553382158443894,-0.01360441188549044,-0.008671035732411896,-0.008649717362166097,-0.0006076596312133,2024-05-17,2024-10-11,739022.0,739169.0,1.5779658954682754,0.33317635910551285,0.5281742621006038,0.4621401732176853
2024-11-26,739215.6724555922,0.7944452483016162,12.453809049703512,0.8319462698483275,-0.007795187598490466,-0.0012586410500835192,-0.001161770569013777,-0.0004842173457536901,2024-05-24,2024-10-11,739029.0,739169.0,2.747569242277505,0.39508127680584204,0.5281742621006038,0.41073488719605705
2024-12-14,739233.2273099794,0.45110143252587387,4.769415399459678,0.9778377253123934,-0.05442503940381499,-0.008934566847323772,-0.00858122388886904,-0.0024877864294187996,2024-06-03,2024-10-11,739039.0,739169.0,0.8399940465686754,0.5761483284961609,0.5281742621006038,0.37571840688937896
2024-11-28,739217.9547593067,0.7472857281431607,4.034371161805149,0.7758598324169916,-0.008349462146344118,0.0024154358068135748,0.0020021223324425833,-0.00135123510270116,2024-06-10,2024-10-11,739046.0,739169.0,0.8066801678942593,0.6402857513702455,0.5281742621006038,0.36342724701508805
2024-11-23,739212.7347238413,0.007181714973241384,10.975046803331848,27.920889626447245,-26.511384893580278,-0.054955940907345485,-0.02479954249189571,0.04904220767058011,2024-06-17,2024-10-11,739053.0,739169.0,2.262669095269207,0.31567453611114465,0.5281742621006038,0.4442014819436505
2024-11-11,739200.0028068335,0.23893851223272905,11.445989148885953,1.15022499909224,-0.21606254502166006,-0.015330352771019488,-0.015322259804053651,-0.0004980668438941293,2024-06-25,2024-10-11,739061.0,739169.0,2.7332871456299754,0.29421185218570955,0.5281742621006038,0.4648061541089925
2024-10-20,739178.2978402141,0.1241363177845816,4.649902756036978,1.0183644149371966,-0.2851114521757113,0.01208996075217965,0.007450065449787549,-0.009521747517295669,2024-07-02,2024-10-11,739068.0,739169.0,1.830453691306187,0.6295710647013977,0.5281742621006038,0.4689563986428046
2024-10-11,739169.8571331402,0.4962840525135651,10.633391760303475,0.6648138297079493,-0.016822785558180682,-0.009196421676405742,-0.0074444300111111365,0.005399503075277691,2024-07-10,2024-10-11,739076.0,739169.0,7.94719913743468,0.0853763409238233,0.5281742621006038,0.21807384724977927
2024-11-06,739195.0610826106,0.5153071450148091,7.044627886467702,0.6504419454979232,-0.007430980607620568,-0.006205477588802355,-0.006029533721336094,0.0014671997847598,2024-07-17,2024-10-11,739083.0,739169.0,1.6353649783856952,0.08759494072375852,0.5281742621006038,0.19111673631054246
2024-10-19,739177.4964087113,0.8107103720233642,14.612231897586312,0.6397931958105699,-0.003123028982720821,-0.0024785400653105113,-0.0009869676614966513,0.0022735557372779024,2024-07-24,2024-10-11,739090.0,739169.0,5.423213478570321,0.06990838099507843,0.5281742621006038,0.1430245506111672
2024-10-24,739182.7433120038,0.889112426882859,13.712028170812507,0.6291413128819976,-0.001713040253655906,0.0017363009595984663,0.0015395618199532844,-0.000802801609891688,2024-07-31,2024-10-11,739097.0,739169.0,3.995435315373547,0.06397312214013416,0.5281742621006038,0.11184271734940326
2024-11-05,739194.4667690422,0.0704722557400255,13.747820996461886,1.4526891972819136,-0.6617168527712933,-0.028476850932495492,-0.021048489868415895,0.019180513895377328,2024-08-07,2024-10-11,739104.0,739169.0,2.773569338657942,0.11911447417147815,0.5281742621006038,0.14764346002286965
2024-10-25,739183.7824893683,0.37727974588613333,8.166066854030099,0.5919630632803953,0.0010761374892280955,0.005257527973700857,0.004681424777095972,-0.0023928774416252436,2024-08-14,2024-10-11,739111.0,739169.0,2.0717155046245455,0.009456637221305297,0.5281742621006038,0.10404264680261974
2024-10-17,739175.1991118297,0.8418813915811334,3.6240388973808186,0.5371379418206583,0.004296858555873509,0.0023515013903344663,0.0010283794585202342,-0.0021147090764543856,2024-08-21,2024-10-11,739118.0,739169.0,1.2816897242212508,0.4244864950498932,0.5281742621006038,0.037465652626108695
2024-10-20,739178.6080588175,0.7854459403714815,7.549159210751238,0.5287217776791366,0.0058192438253543395,0.0033682040091081505,0.0019848904052836777,0.0027212144946668596,2024-08-27,2024-10-11,739124.0,739169.0,2.0876771660683606,0.17975702865246213,0.5281742621006038,0.015517750036592831
2025-01-04,739254.9283023138,0.5307353786713148,6.495665057151746,0.9912363147703873,-0.03423103681271168,0.004769547335540099,0.0046701409587279995,0.0009686925268467691,2024-04-29,2024-10-14,739004.0,739172.0,1.1446329402050013,0.5864045156250038,0.5032973573451992,0.44522029187687473
2024-11-01,739190.4839554805,0.48589336456184784,5.599062129774808,0.8295011629846214,-0.038594473888893845,0.004847475454398524,0.0043910726080146865,-0.002053411705464659,2024-05-06,2024-10-14,739011.0,739172.0,2.025674994947585,0.6909318105410263,0.5032973573451992,0.6102631410934649
2024-11-28,739217.6261087981,0.8890073088951758,3.968037883002949,0.6044944073070895,-0.0012055421814990488,0.0015806864020937001,0.00003075882198279751,-0.0015803871034130057,2024-05-13,2024-10-14,739018.0,739172.0,0.9321210344389593,0.17087015574639697,0.5032973573451992,0.41373581873878307
2024-11-26,739215.9820894343,0.45196119893034303,10.466959785220416,1.023773741639155,-0.06257371999700756,0.006975656676528497,0.0069216900916019355,0.0008660209839352525,2024-05-20,2024-10-14,739025.0,739172.0,2.4461564084843084,0.3873356521797938,0.5032973573451992,0.47682962540450624
2024-12-11,739230.1728753477,0.4826285035173762,5.664972428827289,0.9778141967100057,-0.04625054985716211,0.006692936462554019,0.0016308576840765865,0.006491201869151309,2024-05-28,2024-10-14,739033.0,739172.0,1.1005587962563288,0.5887289129563845,0.5032973573451992,0.4066745229717651
2024-11-25,739214.2499877663,0.7658012398429033,6.181154279721739,0.786384541137025,-0.007605559668278922,-0.0013769773360449216,-0.0013648264108596722,0.00018252520976915518,2024-06-04,2024-10-14,739040.0,739172.0,1.3938784536042108,0.6843068183257455,0.5032973573451992,0.46905455899977977
2024-11-05,739194.7158109503,0.12124330515569119,13.745459277714433,1.7039297043786785,-0.7005946284813432,0.036389828144808144,0.004237250613213464,0.03614229239615953,2024-06-11,2024-10-14,739047.0,739172.0,4.095796424597121,0.16981862106288928,0.5032973573451992,0.5314710212824111
2024-11-02,739191.3375109925,0.46559253493155184,4.886160873409265,0.783615187016795,-0.033616116515762594,-0.005689179678364424,-0.00006535639410802618,0.005688804264031625,2024-06-18,2024-10-14,739054.0,739172.0,1.5245139830075656,0.5630359648506453,0.5032973573451992,0.5061548838818161
2024-11-25,739214.9906773752,0.9879396876478326,14.530952614223319,0.7278510891638494,-0.0020427184802990785,0.0005905412651800338,0.0003687231864561115,0.00046128320763939217,2024-06-26,2024-10-14,739062.0,739172.0,2.935692456506687,0.2351768741100852,0.5032973573451992,0.35406027302434556
2024-11-26,739215.3952289667,0.3410116871893452,6.405319253121588,0.8380628952754381,-0.05917484949541056,-0.009025333743679167,-0.008650953303215227,0.002572480540331329,2024-07-03,2024-10-14,739069.0,739172.0,1.2395966179050821,0.3490618405589421,0.5032973573451992,0.37970377878930994
2024-10-29,739187.0056592135,0.22688878673922092,3.296240546182859,0.4859648096283441,0.03915031118613906,0.026019123129705564,0.020539075491237117,-0.015973138276620592,2024-07-11,2024-10-14,739077.0,739172.0,1.04508381940397,0.10357064899715845,0.5032973573451992,0.23216536318540085
2024-10-24,739182.1420297594,0.3484979554211676,12.42362977921204,0.6879803582047996,-0.030353845444625303,0.012272454191982175,0.012272406862277463,-0.0000340837355039409,2024-07-18,2024-10-14,739084.0,739172.0,4.48789165687791,0.06937995793319665,0.5032973573451992,0.19674711890087485
2024-10-25,739183.8767123155,0.7113534456345233,6.56107109161941,0.581686394973128,0.0006266881375703717,0.0037429237409584717,0.0036689217336375577,-0.0007406020814665188,2024-07-25,2024-10-14,739091.0,739172.0,2.1476545708908708,0.018153116352244272,0.5032973573451992,0.18727236406823336
2024-10-19,739177.3020932579,0.35350962951562664,11.777296659576768,0.649691283738844,-0.02120869823792328,-0.014896018889733317,-0.014886731424505452,0.0005259337010818617,2024-08-01,2024-10-14,739098.0,739172.0,5.070597727301075,0.04273654727825077,0.5032973573451992,0.13433338846886603
2024-11-01,739190.2683201665,0.28210978749404997,6.41081525050506,0.6156846533416627,-0.009035399259659668,0.015718500428112764,0.015012170283068615,-0.004658969746707177,2024-08-08,2024-10-14,739105.0,739172.0,1.5719293831445416,0.025295375414402334,0.5032973573451992,0.12744919216910483
2024-10-23,739181.0433400535,0.7717506513525851,8.175445697832938,0.576796011284604,0.0012560341483996555,0.0010861146615932025,0.0003004340711547814,-0.0010437358032649258,2024-08-15,2024-10-14,739112.0,739172.0,2.644880809147279,0.10916699028474197,0.5032973573451992,0.09373964842491382
2024-11-04,739193.2069154604,0.07115756238175265,14.996760810285888,0.02672692445543822,0.4361426917976335,0.014735435143323298,0.002001888675084738,0.014598818123247327,2024-08-22,2024-10-14,739119.0,739172.0,2.989549432203009,0.14043948615864385,0.5032973573451992,0.05413649417219625
2024-10-22,739180.2514376233,0.9495114358330226,14.456321258999091,0.5659465925734753,0.0012705324641756725,-0.0009347255044636128,-0.0004278638091076015,0.0008310501366046993,2024-08-27,2024-10-14,739124.0,739172.0,4.416247492450615,0.08927792390498018,0.5032973573451992,0.04566925038201842
2024-11-09,739198.4033472113,0.29101345530828754,2.2552980826589346,0.5527220810364862,-0.01717806243496678,-0.041259623475700856,-0.03589119475528539,0.020351380012047827,2024-04-30,2024-10-15,739005.0,739173.0,0.7286149403002665,0.05372272522799841,0.554842509182765,0.43412383293549217
2024-12-25,739244.4685111311,0.37170038872780237,10.550830379099729,1.2981087430050096,-0.12869409541086443,-0.003894536251778553,-0.00293846830353428,0.0025559375277071444,2024-05-07,2024-10-15,739012.0,739173.0,1.9806325833496476,1.1641508107811476,0.554842509182765,0.6365289611568027
2024-11-25,739214.9973589955,0.4518516094406394,3.83887112886522,0.7431339026637797,-0.028466710898070353,-0.011815453526368517,-0.0057401028783217,-0.010327446972996625,2024-05-14,2024-10-15,739019.0,739173.0,0.9412040830860385,0.28358234855644565,0.554842509182765,0.41779746439076304
2024-11-30,739219.7863285027,0.5663833606605927,14.765827630820157,0.9601377820324992,-0.031886770938799984,-0.003099951768447869,-0.003097360925280921,0.000126713319134119,2024-05-21,2024-10-15,739026.0,739173.0,3.339815419548278,0.39455567733534264,0.554842509182765,0.5351376238896433
2024-11-27,739216.2885543968,0.3453719195090679,5.103310782128695,1.06131875609524,-0.10996706185645584,-0.014273893185303713,-0.006969295788649149,-0.012456843214706406,2024-05-29,2024-10-15,739034.0,739173.0,1.1677267124039044,0.5213809829556936,0.554842509182765,0.42468257553576194
2024-11-15,739204.0445345282,0.7537018368198971,4.096000746718628,0.7064283794942667,-0.006118579818024892,0.002392547679643133,0.0009382641488850777,-0.002200896359732257,2024-06-05,2024-10-15,739041.0,739173.0,1.0812396906622146,0.4705757846562083,0.554842509182765,0.3973683930139596
2024-11-16,739205.601860789,0.6402476053046761,13.13009950576672,0.8016243601589007,-0.015393730102672105,0.0033287183941205023,0.0028789862672436188,-0.0016708693008068674,2024-06-12,2024-10-15,739048.0,739173.0,3.292777652955156,0.22550010962327205,0.554842509182765,0.42411517642853663
2024-11-20,739209.5792151719,0.8723658708811368,13.858863616119098,0.7324439771324831,-0.0037716920590868635,-0.0010898950928270779,-0.0010772880672433093,-0.00016529287202937654,2024-06-20,2024-10-15,739056.0,739173.0,3.1646074114521867,0.2178324498694034,0.554842509182765,0.36883771972747054
2024-10-24,739182.6620894104,0.942323685415744,4.07798115073364,0.6363303652304679,-0.0017618606017094198,-0.0007336062456937383,-0.0006048797111798963,-0.0004150887359635126,2024-06-27,2024-10-15,739063.0,739173.0,1.6332614449256178,0.5549622179795435,0.554842509182765,0.43229481845530726
2024-10-28,739186.6451605964,0.625341203398326,11.376475172024746,0.6927109518970395,-0.010702695287411388,-0.0027742125609407945,-0.00017398734229484033,0.002768751295801571,2024-07-05,2024-10-15,739071.0,739173.0,3.86955618483963,0.21206194915665982,0.554842509182765,0.36721517729007636
2024-11-19,739208.951748036,0.5583301160617821,3.316588984054464,0.17611676477182667,0.03653489582389324,0.01225349158738706,0.011603927332403572,0.003936613588665105,2024-07-12,2024-10-15,739078.0,739173.0,0.6823279216794517,0.5019349265363561,0.554842509182765,0.22854297251439498
2024-10-27,739185.8747438906,0.9013146654252588,11.52287017402584,0.6191463443231044,-0.0012084368144006652,-0.0011087479628034299,-0.001108420269297681,0.000026954621696693986,2024-07-19,2024-10-15,739085.0,739173.0,3.775333376186708,0.08525245247407873,0.554842509182765,0.20791367360316804
2024-11-11,739200.4338450634,0.8478584714975419,9.088636620951672,0.596001680889101,-0.00029811547126451466,0.0014513280319684361,0.0014496262145146225,-0.00007026303842974279,2024-07-26,2024-10-15,739092.0,739173.0,1.988017763002532,0.019162119995132225,0.554842509182765,0.20144432696249318
2024-11-05,739194.9485599754,0.8729521069738,11.164780053986712,0.644069222263179,-0.0020502837431610786,-0.0009126456871228581,-0.0009126220616847328,6.566791473890078e-6,2024-08-02,2024-10-15,739099.0,739173.0,2.621168326400187,0.17565155870038426,0.554842509182765,0.1732899100220884
2024-11-03,739192.3837695115,0.010989769070599344,14.048028200989913,2.7528048416227615,-2.081332559507608,-0.03990712590784921,-0.03862418524448731,0.010037480382270154,2024-08-09,2024-10-15,739106.0,739173.0,3.3411180077363936,0.040800381431939196,0.554842509182765,0.13459325928094693
2024-11-13,739202.7474280741,0.389793475700814,2.499710808890335,0.9980517748810038,-0.10805079154794445,-0.03615342595663917,-0.014710610665949253,-0.03302526521069967,2024-08-16,2024-10-15,739113.0,739173.0,0.4393189532737097,0.4660401059168355,0.554842509182765,0.0457154984877481
2024-10-29,739187.5829038601,0.7023744408473113,5.0801087380420284,0.48250258059896267,0.009378866007726415,0.0027404826380625683,0.0019479609681066186,-0.0019276133316242395,2024-08-23,2024-10-15,739120.0,739173.0,1.2398763781268092,0.473171923793053,0.554842509182765,0.03321620857783309
2024-11-03,739192.6335988629,0.39928042934633734,11.469563254447714,0.40333062666777664,0.04514355941930802,0.009425343215993696,0.00921080636670475,0.0019995351495659254,2024-08-28,2024-10-15,739125.0,739173.0,2.2578155267966658,0.1667361495636,0.554842509182765,0.025670006130909844
2024-11-16,739205.7902902806,0.601590466690021,4.724840697181158,0.7830801361189518,-0.017165905221514913,-0.004266514491403226,-0.001280596854745574,0.004069793311824259,2024-05-01,2024-10-16,739006.0,739174.0,1.3822231947763692,0.5122798341802599,0.5714502455824256,0.4772517672257561
2024-12-05,739224.8552984606,0.9919597167534469,3.8796710591342283,0.565881061625871,-0.00033103445800965545,-0.0010291288890482498,-0.00020918237911295149,-0.0010076452761474792,2024-05-08,2024-10-16,739013.0,739174.0,0.8810781070061022,0.0822436855271066,0.5714502455824256,0.41570320201095434
2024-10-31,739189.6439155393,0.5502980594809393,13.775189420707076,0.836128958931194,-0.030794752826628503,0.003915277439172139,0.001926622269295487,0.0034084489224785303,2024-05-15,2024-10-16,739020.0,739174.0,5.225822484729678,0.31420607857969274,0.5714502455824256,0.5783151390915479
2024-12-15,739234.4188134813,0.5293675186492571,6.248939887825227,0.9573402983353275,-0.03460243719255802,-0.005118366469481196,-0.0017197300693424322,-0.004820809455320638,2024-05-22,2024-10-16,739027.0,739174.0,1.2267168154918067,0.5726987752998541,0.5714502455824256,0.4277664987531651
2024-11-12,739201.0466493283,0.5718394105948007,11.609571786712436,0.8288559157333604,-0.024246908128769885,-0.004516966536206893,-0.0013599851857394318,-0.004307368916610486,2024-05-30,2024-10-16,739035.0,739174.0,3.3530692442527035,0.2644036071189117,0.5714502455824256,0.4778871269781389
2024-12-07,739226.473476047,0.7353728971799766,8.138135195432065,0.8366380804560676,-0.00983844665184645,0.0009573877566321247,0.0005261447798387943,0.0007998518532812678,2024-06-06,2024-10-16,739042.0,739174.0,1.6283534095898473,0.928584403404113,0.5714502455824256,0.5504159637340635
2024-11-26,739215.2981538036,0.9269273256562511,11.032551773364448,0.7401947246979655,-0.0029447043588420752,-0.0007072586938920881,-0.0005874584295598263,0.00039383683629778076,2024-06-13,2024-10-16,739049.0,739174.0,2.445885657869727,0.3498107210176187,0.5714502455824256,0.40989287554410064
2024-11-02,739191.1538692124,0.02998830063382308,2.974775737931885,4.084400178290412,-3.1432553093048794,0.07951804778328454,0.07116359203215558,-0.03548046071213911,2024-06-21,2024-10-16,739057.0,739174.0,0.9737752966533448,0.39848462899436277,0.5714502455824256,0.3796242812601657
2024-11-27,739216.4723268363,0.7377400035600555,8.698606676041752,0.7654739977062879,-0.007759308494274661,-0.0004695454121883149,-0.0003410361738254165,-0.000322749472888206,2024-06-28,2024-10-16,739064.0,739174.0,1.7694772574258848,1.401519217032424,0.5714502455824256,0.4685211679895768
2024-11-04,739193.0013252299,0.4810387610114589,12.621988878267416,0.7225726317362067,-0.02225686416363305,-0.004167869139530894,-0.0016310386297144004,0.003835472089930178,2024-07-08,2024-10-16,739074.0,739174.0,3.6854917722350065,0.20351769701875422,0.5714502455824256,0.35317521480793324
2024-11-05,739194.7874505176,0.6976038402186405,13.01351410008952,0.6483304794321678,-0.004332642598277127,-0.0016710454940988908,-0.00010900154373254762,-0.0016674866436682903,2024-07-15,2024-10-16,739081.0,739174.0,3.5209449870901497,0.13898849981817057,0.5714502455824256,0.2533079774070669
2024-10-19,739177.8728482383,0.9728568169592613,2.74411133340993,0.5179438220393967,0.002836869975801263,-0.0026375804859693187,-0.001703269135156204,0.0020138781177594595,2024-07-22,2024-10-16,739088.0,739174.0,1.3732842154588467,0.38131238278274554,0.5714502455824256,0.17344635092250602
2024-11-09,739198.5775902054,0.74755469356752,9.253044343675084,0.6055480799124113,-0.0010246234508552055,0.0020303340887630407,0.001700487023774548,0.001109324296122476,2024-07-29,2024-10-16,739095.0,739174.0,2.118411839725634,0.04077135210301594,0.5714502455824256,0.20464058379528502
2024-11-12,739201.9661754172,0.540729892990952,8.086188381018719,0.6362467117681269,-0.005987142359655749,-0.005124745174616957,-0.002504694317949613,0.004470964043513513,2024-08-05,2024-10-16,739102.0,739174.0,1.6393721273891015,0.07812388535358407,0.5714502455824256,0.15686007094326046
2024-11-09,739198.0008683972,0.5223410165189627,11.028295152633934,0.6145824140599705,-0.0035372932250760354,-0.0025704997034884636,-0.0009916656068296183,0.0023715117646483487,2024-08-12,2024-10-16,739109.0,739174.0,2.3002981661679827,0.06517773337968899,0.5714502455824256,0.14946606497045395
2024-11-04,739193.6702980077,0.3951884520355725,2.9015479193586726,0.7177576438901128,-0.03642971052258482,0.018578943182124975,0.00977491877537817,-0.01579962318219607,2024-08-19,2024-10-16,739116.0,739174.0,0.634213182766272,0.2670602257101969,0.5714502455824256,0.044583466409995824
2024-11-04,739193.3216450007,0.42653868715792986,8.340240644182874,0.3934941368562988,0.04225805981894725,0.0072625180532168,0.0071390832015601376,0.0013332889838672615,2024-08-23,2024-10-16,739120.0,739174.0,1.7702476779854466,0.29757892790222096,0.5714502455824256,0.033950479002174176
2024-10-26,739184.3770435989,0.5517153792791262,4.241121481235121,0.513905306600207,0.011202831746140196,-0.00626509117363575,-0.0045186307463038235,0.004339740037436152,2024-08-29,2024-10-16,739126.0,739174.0,1.1659376619798196,0.2326134356270365,0.5714502455824256,0.030421986206611958
2024-11-17,739206.1313942419,0.9914836299516494,13.453020155640148,0.7484473601789595,-0.0025924152061871128,0.0004029860455287533,0.00011420941265798213,0.0003864634044139511,2024-05-02,2024-10-17,739007.0,739175.0,3.973369474772187,0.47411130132664414,0.5877866649021192,0.48408290138696586
2024-11-14,739203.4388101542,0.7493919187659858,7.624792146339408,0.7516570415774395,-0.008044169129709079,-0.0014932876982106662,-0.0010823114442265853,-0.0010288391941034676,2024-05-09,2024-10-17,739014.0,739175.0,2.3012180652684826,0.5294423798919169,0.5877866649021192,0.5443065923943806
2024-11-04,739193.1352750877,0.847884458397481,5.089244359720043,0.6880911471134958,-0.004056064564407613,-0.0011024855313061749,-0.001101859277890764,-0.00003715479061309621,2024-05-16,2024-10-17,739021.0,739175.0,1.822792967410481,0.612936284829983,0.5877866649021192,0.5304077482614555
2024-12-14,739233.4963147239,0.45907684230380774,11.57264110184479,1.0804047655731055,-0.06302348202794036,0.005879229138402323,0.003950131743789226,0.0043545142632155425,2024-05-23,2024-10-17,739028.0,739175.0,2.314210102843063,0.4252407822254807,0.5877866649021192,0.5068041032426358
2024-12-03,739222.833816668,0.9601487079682183,11.999925356950598,0.7530416005524313,-0.0025190472547183614,-0.000598433192294345,-0.00011035094708897667,0.0005881708545279733,2024-05-31,2024-10-17,739036.0,739175.0,2.6021417128319526,0.33680660359498027,0.5877866649021192,0.41483372087597686
2024-12-06,739225.3675409798,0.006172286991374289,2.2741865253947466,61.02668416565013,-58.95623887514621,-0.23597953420020343,-0.04019556932497669,-0.23253098023271215,2024-06-07,2024-10-17,739043.0,739175.0,0.46571026210172356,0.6780714508139302,0.5877866649021192,0.3550346101837419
2024-11-30,739219.5537088679,0.9550328034651905,2.692934946520421,0.6129551681836319,-0.0016063712485276148,0.0015738076788184272,0.0011251886833966694,-0.0011003731351972908,2024-06-14,2024-10-17,739050.0,739175.0,0.572804760905507,0.36198176153381206,0.5877866649021192,0.3512836385237638
2024-10-21,739179.2520782074,0.9095975372419507,2.108329246854553,0.5901864980914123,-0.0012743059097435896,0.0023035295549552397,0.0004970754929306005,0.0022492586256097997,2024-06-24,2024-10-17,739060.0,739175.0,1.1186706329676919,0.23866610795503626,0.5877866649021192,0.3595486812235103
2024-10-31,739189.6719543545,0.6996282042847929,9.317724538694094,0.693756009800033,-0.007886542646089045,-0.0020071288783341116,-0.0002705572004378822,-0.001988809979745164,2024-07-01,2024-10-17,739067.0,739175.0,3.149182265728789,0.29503180638025583,0.5877866649021192,0.41638854317549373
2024-10-23,739181.7470826311,0.255977539634432,11.504257119323762,0.7610111382085438,-0.07428925904558248,-0.014588481216309242,-0.004939666992480894,0.013726743029648453,2024-07-09,2024-10-17,739075.0,739175.0,5.055923574501091,0.11330764862036362,0.5877866649021192,0.33476752496393775
2024-11-21,739210.7151782279,0.6931989615834405,5.283951784041847,0.49954883993586907,0.004553538161334402,-0.0033919431328094606,-0.003118588564339228,0.0013340478187028571,2024-07-16,2024-10-17,739082.0,739175.0,1.0781418560614113,0.1761162686168539,0.5877866649021192,0.19320308129461658
2024-10-22,739180.6204617202,0.1300165731655443,8.128000448254738,0.655894999681741,-0.04713940783043013,0.01930798850920918,0.019295804594665553,0.0006858172615481918,2024-07-23,2024-10-17,739089.0,739175.0,3.610781069209396,0.03905369113262296,0.5877866649021192,0.2512208360308175
2024-11-20,739209.193370172,0.19304804774360568,3.4897937734985636,0.6869241058587008,-0.06329739436827368,-0.035104190814664246,-0.010807107660914904,0.03339926102113266,2024-07-30,2024-10-17,739096.0,739175.0,0.6648718224669178,0.09974531741810518,0.5877866649021192,0.16654646530882888
2024-11-15,739204.0703427854,0.3542366295620603,7.123398095564235,0.6381331235750198,-0.012083033962572983,-0.014001996573551891,-0.006816083788272715,-0.012230981556563837,2024-08-06,2024-10-17,739103.0,739175.0,1.412731494395866,0.04291333632630955,0.5877866649021192,0.10718953090748967
2024-11-04,739193.1126822832,0.7899382997436022,4.360670953772969,0.5905288650738774,-0.0005098281485718187,-0.0029651986384234812,-0.0009765534548774094,-0.0027997761187415443,2024-08-13,2024-10-17,739110.0,739175.0,1.0574019768413847,0.0311465445146343,0.5877866649021192,0.05912484879580323
2024-10-18,739176.6580601592,0.7946998759605404,11.252804472594203,0.5756891996273213,0.0012145073135229384,0.0008466413441737176,0.0004455413034934283,0.0007199267410963813,2024-08-20,2024-10-17,739117.0,739175.0,6.416901903846673,0.10130783498611769,0.5877866649021192,0.07010005519233937
2024-11-02,739191.1416415555,0.7588852457255792,8.049452432881134,0.4875636190083791,0.007061062469941477,0.0023170811043445824,0.0004136646443894348,-0.0022798566634972617,2024-08-26,2024-10-17,739123.0,739175.0,1.845037070355388,0.2873019602619054,0.5877866649021192,0.032902858837528935
2024-10-25,739183.1855532092,0.8015387993972585,13.60088289173033,0.5219831760419488,0.00492677653872973,0.0021820512335828306,0.0020686581354417634,-0.0006942629938654077,2024-08-30,2024-10-17,739127.0,739175.0,4.1697368472018415,0.13306240531644134,0.5877866649021192,0.036205077646744285
2024-12-08,739227.7823878954,0.8997658589785014,2.0366915934096244,-0.024348953168825183,0.008968194078179595,-0.006395786620581225,-0.0006775144672232202,0.006359800361859564,2024-05-03,2024-10-18,739008.0,739176.0,0.4685866196153162,0.6194628571211224,0.5596157879354227,0.4300869166925288
2024-11-29,739218.2030673982,0.8545348462289375,4.099898625531253,0.6401355718309248,-0.0021073368727423177,0.0016511657183572227,0.0010908565451518413,-0.0012395080586174146,2024-05-10,2024-10-18,739015.0,739176.0,1.0255727415197824,0.26601122409216554,0.5596157879354227,0.4187589734915145
2024-11-07,739196.2559131648,0.05585595130376465,7.59022728987004,3.0651742554853323,-2.007741973040347,-0.04264034538618386,-0.04128386648179747,-0.01066964961777895,2024-05-17,2024-10-18,739022.0,739176.0,2.5997582554617082,0.34649889681098506,0.5596157879354227,0.7228551175919211
2024-12-23,739242.9730669472,0.08033888105802346,10.719042088077755,3.9311632458115717,-2.320980262978086,-0.021009335210700968,-0.01790046546561674,-0.010998431802300812,2024-05-24,2024-10-18,739029.0,739176.0,1.9816073569102726,0.8279973358712245,0.5596157879354227,0.6761028977570623
2024-12-22,739241.8185065071,0.9201442285418353,13.393296635020771,0.8026757453327998,-0.003208943905865956,-0.0006400872754327475,-0.0003393085740852288,-0.0005427535460254192,2024-06-03,2024-10-18,739039.0,739176.0,2.3989354955532605,0.3444223696676701,0.5596157879354227,0.4208703153912712
2024-11-15,739204.0168406834,0.6325328487529934,5.788516106449698,0.76506310028761,-0.014265953164790355,0.002583621560862852,0.002172357441687418,0.0013985576553366312,2024-06-10,2024-10-18,739046.0,739176.0,1.593702778786009,0.6033755836713508,0.5596157879354227,0.5549516777549591
2024-12-16,739235.076143194,0.019793472981319397,11.504627688150704,11.624333101768533,-10.105072207547298,0.04072120802254314,0.03530575711523085,0.020290891979791285,2024-06-17,2024-10-18,739053.0,739176.0,2.0609902330173417,0.42694133328990364,0.5596157879354227,0.5423994884126241
2024-11-17,739206.3733945114,0.4324668209381334,11.721183399741381,0.8586575932975384,-0.04736074003746953,0.006916130590031097,0.0024904248185299554,-0.006452181535078964,2024-06-25,2024-10-18,739061.0,739176.0,2.920860595233768,0.25266007883079644,0.5596157879354227,0.4785804210038194
2024-10-21,739179.6990392131,0.9585392765656444,3.4616405709989495,0.6001924812285652,-0.0007069988394172229,0.0009760425941126894,0.0009173867681611135,0.000333257652763047,2024-07-02,2024-10-18,739068.0,739176.0,1.877448001682871,0.20057549428275429,0.5596157879354227,0.3890820793840261
2024-10-30,739188.5117942507,0.7074460690779248,10.453083778149194,0.6470183290004937,-0.004704068279868606,-0.0009542957153505599,-0.0004908914839536056,-0.0008183555848885397,2024-07-10,2024-10-18,739076.0,739176.0,3.6540399544827062,0.33361037598317483,0.5596157879354227,0.33035126094928424
2024-12-01,739220.4858193902,0.011157829341819527,12.05820093158382,3.8246317978427236,-3.0937083509453283,-0.022541413129823468,-0.022487280900651274,0.001561250647584253,2024-07-17,2024-10-18,739083.0,739176.0,2.1654422174157544,0.1269975752649144,0.5596157879354227,0.263088944448331
2024-10-26,739184.4483415321,0.34693310666590144,12.49422080806637,0.6352636852285362,-0.015239021368625767,0.01447199452053816,0.009209007365985285,0.01116390651768973,2024-07-24,2024-10-18,739090.0,739176.0,4.800444852063133,0.02923918457591899,0.5596157879354227,0.18003221275623293
2024-11-17,739206.8695452547,0.5506283292533382,10.72084964395128,0.6530502123933745,-0.007456948479843988,-0.003284930491327913,-0.0015908271723006752,0.0028740280514855244,2024-07-31,2024-10-18,739097.0,739176.0,2.1661579270220597,0.11659080598753228,0.5596157879354227,0.20077192547642786
2024-11-02,739191.159536906,0.01890228852080256,6.329273708528046,0.5360699270205969,0.04149827996948902,0.041885826617989085,0.03700077879306371,-0.01963071165747715,2024-08-07,2024-10-18,739104.0,739176.0,1.7619404331720487,0.002958853866056082,0.5596157879354227,0.1577157361518184
2024-11-03,739192.30742652,0.3004759866704115,12.881840959794348,0.5842201226702566,0.0006331447457768892,-0.004852054174042376,-0.0017117462583873988,-0.004540083088968613,2024-08-14,2024-10-18,739111.0,739176.0,3.2938995629440235,0.0030437515723364793,0.5596157879354227,0.11849712174840549
2024-10-23,739181.4799086452,0.3973750116880964,2.0363213584095257,0.6574392286186713,-0.027144796555588623,0.02107287224771397,0.007628719682384448,0.019643537888478085,2024-08-21,2024-10-18,739118.0,739176.0,0.7939037097467672,0.251372111962122,0.5596157879354227,0.04349442782964989
2024-11-09,739198.9650138168,0.2128003652413209,8.064513928875563,0.1960506540842778,0.17850398873148954,0.015523721879906378,0.015499787507916534,-0.0008617007683172813,2024-08-27,2024-10-18,739124.0,739176.0,1.5184527487497725,0.3034214254396465,0.5596157879354227,0.03212211927368226
2024-10-29,739187.9392182524,0.5871283506539368,9.30809401407469,0.4975239546151137,0.012718673551235527,-0.004596691897029868,-0.004506862352793518,-0.0009043053296274021,2024-09-03,2024-10-18,739131.0,739176.0,2.314223055959823,0.17452944827433686,0.5596157879354227,0.02978829335999151
2024-12-01,739220.2809252169,0.2070400698734008,14.48770173885876,1.6566857427279669,-0.44134563421085937,-0.014502964604328553,-0.00267656739603735,0.01425384051015293,2024-05-06,2024-10-21,739011.0,739179.0,3.742934708297587,0.43488753208213793,0.5232481437645479,0.7008218586067142
2024-12-13,739232.4178086509,0.984272798178716,11.006926785458129,0.7557131487462875,-0.0021371053824272143,-0.0004255009836162761,-0.0003061606508937757,-0.0002954940657656563,2024-05-13,2024-10-21,739018.0,739179.0,2.4346300970867687,0.44913280245130965,0.5232481437645479,0.5044617148461197
2024-11-22,739211.8271855337,0.04401663333274986,3.884810255316794,4.067118499948163,-2.916301932343114,-0.07462644918891358,-0.009623279303838371,-0.07400337434188942,2024-05-20,2024-10-21,739025.0,739179.0,1.0751555623048226,0.442778697225656,0.5232481437645479,0.4118034420028322
2024-12-28,739247.6649359122,0.16252503893002282,9.359372454195181,2.1777230172522906,-0.7546688693554565,-0.012815475006593944,-0.00326278593083812,0.012393168586530199,2024-05-28,2024-10-21,739033.0,739179.0,1.6978942639877812,1.0225752472983678,0.5232481437645479,0.6929940326751688
2024-11-16,739205.2412105744,0.7649862038471329,2.489955676863581,0.6089075883961876,-0.003618612943879865,-0.0038945676155842145,-0.002418995503360018,-0.0030522315880485425,2024-06-04,2024-10-21,739040.0,739179.0,0.7292011047858734,0.2854597431175076,0.5232481437645479,0.3700083153865074
2024-10-23,739181.9902920808,0.3281362747092536,8.69882597144911,0.7918042818307639,-0.07007982214535204,0.015357989822108113,0.006639826409496459,0.013848485716053212,2024-06-11,2024-10-21,739047.0,739179.0,5.274564120080363,0.1721282749721718,0.5232481437645479,0.6254269330924873
2024-12-04,739223.4429461492,0.8066252497494832,3.336241810394383,0.676739353280982,-0.004244969393081334,-0.002485001625557034,-0.0018610442462653615,0.0016467384104537348,2024-06-18,2024-10-21,739054.0,739179.0,0.710615014207639,0.41301153188453216,0.5232481437645479,0.3554204076851631
2024-11-30,739219.945790306,0.8748394648089055,5.718692589700642,0.6821950412122675,-0.0024254498702328407,0.0009730193003114003,0.0008294413078344418,0.0005087176777313499,2024-06-26,2024-10-21,739062.0,739179.0,1.2287161741980226,0.38133130778244423,0.5232481437645479,0.41695093587149945
2024-10-27,739185.9193092397,0.677682579305145,14.317678206602068,0.649232213687796,-0.006211289241084911,-0.004389070227619863,-0.0028290433792711395,0.0033556595508455874,2024-07-03,2024-10-21,739069.0,739179.0,6.442350646608507,0.06698274604271313,0.5232481437645479,0.2434885782402946
2024-11-27,739216.0179145295,0.0969402706927556,2.190265196839588,-1.531260124618946,1.3381045204322781,-0.11267401328409644,-0.07097324155239833,0.08751132642743831,2024-07-11,2024-10-21,739077.0,739179.0,0.46125660700855725,0.525622321587682,0.5232481437645479,0.26153512976265736
2024-10-27,739185.6225999214,0.5741473141693402,4.861364067644427,0.5500554644374929,0.004504867057730641,0.006897044590497676,0.004433702014907355,-0.005283134536079855,2024-07-18,2024-10-21,739084.0,739179.0,2.1128305166443244,0.07714079961246977,0.5232481437645479,0.19000652545818292
2024-11-20,739209.1512591983,0.8987834330822213,7.6750393383306434,0.5532789017488385,0.0008805550612201405,0.0015179022070044026,0.0012440574812905966,0.0008696827543844554,2024-07-25,2024-10-21,739091.0,739179.0,1.6682780854440842,0.06793399794089004,0.5232481437645479,0.1572021815122306
2024-11-25,739214.3210665513,0.07647044023684149,10.123289966187132,0.9515339782037935,-0.2724779058980607,0.025517709439038777,0.025482665995097974,-0.001336872767875083,2024-08-01,2024-10-21,739098.0,739179.0,1.920314569484352,0.08066061307478596,0.5232481437645479,0.20221583689773917
2024-11-03,739192.9038049781,0.3010796628439801,13.4488098617117,0.6352255560657963,-0.018262920504060337,0.011368580695919034,0.009973272098649457,0.005456965336697968,2024-08-08,2024-10-21,739105.0,739179.0,3.94715219489589,0.0359634665661273,0.5232481437645479,0.15097046102557432
2024-11-19,739208.9086803639,0.178253302741364,3.186323361377422,1.9703708303570586,-0.696302791189064,0.07357964134590914,0.01806785068612934,0.07132682799743975,2024-08-15,2024-10-21,739112.0,739179.0,0.5961795464140728,0.5294052053223671,0.5232481437645479,0.05216298859902413
2024-11-08,739197.0934830689,0.9023672790374573,13.996545049542354,0.5352231520134632,0.0018640224128045483,0.0008787054864713354,0.0004808717966954244,-0.0007354492824782282,2024-08-22,2024-10-21,739119.0,739179.0,3.2575697941880986,0.13676352452522272,0.5232481437645479,0.05185402812629157
2024-10-21,739179.4762805349,0.09041576860533175,7.451005052121223,0.20823518677209382,0.2947262534790708,0.024900772001303927,0.01626894832514261,0.018851253715728326,2024-08-27,2024-10-21,739124.0,739179.0,5.641991004617141,0.14362674965504119,0.5232481437645479,0.034383484043325516
2024-11-13,739202.4716865206,0.634122507046251,9.288459027441347,0.43892702999220234,0.01326744953979462,0.0033145492015405863,0.0023081906493024043,-0.002378758570327448,2024-09-04,2024-10-21,739132.0,739179.0,1.6252714822451495,0.2732703246145896,0.5232481437645479,0.029887770938556962
2024-11-28,739217.6041309536,0.9938569081506232,4.682956807423157,0.6504566353265531,-0.0011859319861814834,-0.0007530927330516044,-0.0002927800086263099,0.0006938505106461428,2024-05-07,2024-10-22,739012.0,739180.0,1.2661712074596287,0.3342066094256113,0.5257142362597412,0.4354124188652385
2024-12-24,739243.6352858056,0.0061230783608612355,10.353050520590871,41.51095128801393,-39.80934003562834,-0.028074273807194516,-0.0037348995852989823,0.02782472596251509,2024-05-14,2024-10-22,739019.0,739180.0,2.078309904991938,0.8386445532993504,0.5257142362597412,0.7660405331541065
2024-11-03,739192.8565554724,0.6951186464548592,12.415205148447846,0.7435396316911853,-0.011388107589806708,0.002198938144397512,0.000160547682391799,0.0021930694025873864,2024-05-21,2024-10-22,739026.0,739180.0,5.064892038406956,0.28996366936019446,0.5257142362597412,0.598435534694192
2024-12-15,739234.3477510219,0.9220512040956981,5.98331596744902,0.7215529960477369,-0.00236499493197677,-0.0008163362428336659,-0.0007878101657921733,0.00021391588075291286,2024-05-29,2024-10-22,739034.0,739180.0,1.2423859943518756,0.44645144992532015,0.5257142362597412,0.4225561087006898
2024-12-07,739226.038506545,0.43756506789709915,4.262840272262267,0.8834585302210072,-0.04827556131108898,0.01153718502878313,0.009442122136652083,0.00662970345829452,2024-06-05,2024-10-22,739041.0,739180.0,0.9437850848106849,0.4295078028748627,0.5257142362597412,0.3798971579116305
2024-12-17,739236.8729653546,0.3237932571400424,14.776470516847592,1.1364547427335117,-0.1309570699688205,-0.010777135105051237,-0.00396679415086161,-0.010020538171037412,2024-06-12,2024-10-22,739048.0,739180.0,2.8226966158724363,0.26627028995909796,0.5257142362597412,0.5573323439779738
2024-10-22,739180.8343472019,0.776291745385808,6.458802011247436,0.6493389029466183,-0.004924045079591582,-0.001784912369736351,-0.0017724904271146074,0.00021021382786323324,2024-06-20,2024-10-22,739056.0,739180.0,5.148070832429327,0.3315722048969489,0.5257142362597412,0.515599438203084
2024-12-17,739236.1031077385,0.7468349739771752,3.2098758767306084,0.7310741090993289,-0.007745112555597603,-0.0039224142956647,-0.002790303979602401,0.0027567258855841674,2024-06-27,2024-10-22,739063.0,739180.0,0.5755926018098203,0.459420826849211,0.5257142362597412,0.34239008599186205
2024-10-29,739187.9823239377,0.8385126323737779,9.337745822143436,0.6395552981913777,-0.002767317307874743,-0.00081685094050817,-0.00015548407827988564,-0.000801916554518322,2024-07-05,2024-10-22,739071.0,739180.0,3.9900012158629554,0.30421715993570003,0.5257142362597412,0.40460944648575825
2024-11-20,739209.0657344118,0.5676579976862842,11.02659408333725,0.653773612722579,-0.007295730307059813,-0.0018035036684826494,-0.0017801665866698524,-0.0002891926796006094,2024-07-12,2024-10-22,739078.0,739180.0,2.6431790203044585,0.20825580458869325,0.5257142362597412,0.29703583837758785
2024-11-13,739202.2996143621,0.032065434949073886,4.69896290352053,0.2733385474539188,0.27135031898258055,0.045774060388386974,0.04504423647128385,-0.008141336816442328,2024-07-19,2024-10-22,739085.0,739180.0,1.2415740838411942,0.040452560586590046,0.5257142362597412,0.20130943477766797
2024-10-30,739188.4368707098,0.35360617293202684,6.04265679103744,0.5417954618445864,0.011757506967424116,-0.014976805247197278,-0.0069447661975864106,-0.013269322434598423,2024-07-26,2024-10-22,739092.0,739180.0,2.343013272418613,0.0459396806906061,0.5257142362597412,0.1920671619696617
2024-11-28,739217.0169856966,0.22153983730116505,2.4046337924560053,3.48445505325371,-1.2087996421808656,0.1503694905654642,0.01681434461756296,-0.14942644179662137,2024-08-02,2024-10-22,739099.0,739180.0,0.4437330040979712,0.7406234876028982,0.5257142362597412,0.07603372586715486
2024-11-21,739210.1038523148,0.8297965132556206,9.269003734048683,0.563927993524264,0.0006632958598243954,-0.0013275170096700196,-0.00006699365973968759,0.0013258255015340132,2024-08-09,2024-10-22,739106.0,739180.0,1.8303431317845154,0.044730704734378166,0.5257142362597412,0.13430889554317788
2024-10-25,739183.2340057058,0.6348863890509365,12.502815724398998,0.5604920073442118,0.002962319500317683,0.0017892655265328897,0.0014461937992419401,0.001053562821797154,2024-08-16,2024-10-22,739113.0,739180.0,6.12508683596087,0.08407082112672927,0.5257142362597412,0.08571705345253783
2024-11-08,739197.3326726126,0.13035987026020227,6.853102825094405,-0.022323799426549395,0.37824064015395703,0.01877472428720624,0.005044693135413484,0.018084284426819995,2024-08-23,2024-10-22,739120.0,739180.0,1.6311749472589134,0.38322275912988407,0.5257142362597412,0.036329130362881545
2024-11-07,739196.404598232,0.43019402197720746,9.451574693392349,0.4135285863973717,0.036728690455254495,0.006720553624544021,0.002759933342116818,-0.006127691977200199,2024-08-28,2024-10-22,739125.0,739180.0,2.21247360722698,0.24874857046614057,0.5257142362597412,0.035701386688787584
2024-11-01,739190.4264758875,0.20643256212661504,13.779775536328769,0.20322035977726435,0.19175688643453773,-0.0145549795651423,-0.0023294515862717887,0.01436736181241795,2024-09-05,2024-10-22,739133.0,739180.0,3.741806263971583,0.1973674040622788,0.5257142362597412,0.031267665582357676
2024-12-01,739220.1448265696,0.0618286826475334,3.5349069528736954,2.6291360574528007,-1.602353208130631,-0.07404976827417656,-0.0740319233955953,-0.0016255767616309195,2024-05-08,2024-10-23,739013.0,739181.0,0.9373724731876031,0.3784831565628722,0.5761450898866332,0.43361298097365164
2024-12-20,739239.2982220022,0.3816769863105175,6.3787237004703154,1.054811587808964,-0.08504368060388152,0.01189736263266179,0.00406755892743602,-0.01118043836282337,2024-05-15,2024-10-23,739020.0,739181.0,1.3450060030064839,0.4277140654016684,0.5761450898866332,0.46896311026515586
2024-12-15,739234.7193671935,0.8084872637383249,6.366863699678423,0.7664897088313383,-0.005072736146929262,0.0013614060814271802,0.00018965643249486744,-0.0013481309121002422,2024-05-22,2024-10-23,739027.0,739181.0,1.370425605200075,0.4731536746906216,0.5761450898866332,0.4586344100508556
2024-11-01,739190.5695390649,0.168549048980585,13.263283570930364,1.1450127006449284,-0.31289978833681414,0.0285991665046542,0.013019131447536176,-0.025463985177358026,2024-05-30,2024-10-23,739035.0,739181.0,5.886308891183945,0.13903596149087716,0.5761450898866332,0.7378912359133111
2024-11-01,739190.5001276411,0.6107443576825643,10.931098568285345,0.7122510977836654,-0.014068727333799675,0.004245990233887267,0.004234180390296804,0.0003164640401247108,2024-06-06,2024-10-23,739042.0,739181.0,4.783028922315838,0.18512772949236442,0.5761450898866332,0.55052852437779
2024-12-05,739224.765864889,0.5737881156578163,14.078750506057084,0.8327455995528181,-0.0210250663463179,0.003738791865274231,0.003560484110758446,-0.0011408407026738665,2024-06-13,2024-10-23,739049.0,739181.0,3.1152459281884135,0.2291888692645528,0.5761450898866332,0.4945096395392634
2024-11-18,739207.6438851771,0.7797079148959907,8.529674467291134,0.7148342162851575,-0.005665231525906327,-0.0011663309694236153,-0.0006513701938389308,0.000967494083090364,2024-06-21,2024-10-23,739057.0,739181.0,2.3517463848711024,0.44401264831285175,0.5761450898866332,0.5249508500582772
2024-11-04,739193.3249194318,0.5780964739421895,13.186785181797815,0.6931338845435944,-0.013078554749612224,-0.0047601270462716,-0.0009097350910097266,-0.004672386067185791,2024-06-28,2024-10-23,739064.0,739181.0,4.933523020464497,0.12044883387738088,0.5761450898866332,0.4088915425181559
2024-12-10,739229.4530682763,0.47374831881601553,3.992748589123676,0.5889631323797679,-0.00488351432087736,0.00785135572582869,0.0029988660153121927,-0.007256072584787758,2024-07-08,2024-10-23,739074.0,739181.0,0.7407929720925336,0.07380121774767512,0.5761450898866332,0.3066642947778946
2024-10-24,739182.1212792721,0.653115093345558,13.959216815651983,0.6091134926045563,-0.0037833755459133734,0.003957720066016952,0.003886280571989979,0.0007485796128178122,2024-07-15,2024-10-23,739081.0,739181.0,10.001663472229058,0.044726307687695116,0.5761450898866332,0.20633805766720875
2024-12-06,739225.459804312,0.6289352273992733,11.105363145300261,0.5840012043004726,-0.00026820522911127757,0.0028187957192286595,0.0019335039528576663,-0.0020511391398502434,2024-07-22,2024-10-23,739088.0,739181.0,1.9950286367075174,0.005388610509980752,0.5761450898866332,0.21679386892880992
2024-11-04,739193.7225585999,0.28104211212790925,2.4751828141180074,0.6986532579352697,-0.05169861586200095,-0.02479899901177912,-0.02423847344116557,-0.005242781440050035,2024-07-29,2024-10-23,739095.0,739181.0,0.8071532012919898,0.2367057916367131,0.5761450898866332,0.19121805266859118
2024-11-25,739214.3011953561,0.0918592226633428,3.819322704302839,3.4449097505050563,-1.9837510136383913,-0.09940227528299528,-0.047648659268255976,-0.08723770745138834,2024-08-05,2024-10-23,739102.0,739181.0,0.7389142436962884,0.4799845383214884,0.5761450898866332,0.06822431618911691
2024-11-02,739191.6696488998,0.99552313585347,2.1400784372718484,0.6572817639581529,-0.0043183433326041895,-0.0039533987063185136,-0.0020965974155403282,0.0033516623648975324,2024-08-12,2024-10-23,739109.0,739181.0,0.6973695729142297,0.5081222571610362,0.5761450898866332,0.060463387861599466
2024-11-10,739199.73781726,0.6916969546090496,5.1383071937798785,0.5185549287366088,0.004780711701828288,0.002611611852047336,0.0005356204437239886,0.002556096087008278,2024-08-19,2024-10-23,739116.0,739181.0,1.2243472550273469,0.24642213859236645,0.5761450898866332,0.04785817589806805
2024-11-01,739190.665164971,0.038803206465777736,11.81778701121988,-0.90758181746813,1.3099414594873986,0.03555531768995899,0.015509339118271053,0.03199439038563444,2024-08-23,2024-10-23,739120.0,739181.0,3.7418275132706103,0.12097030630542983,0.5761450898866332,0.026882742778396425
2024-10-30,739188.8284772111,0.8699061911858201,10.554364642237992,0.5143714798941327,0.003870007514578709,-0.0019469682746526495,-0.0007028536176872976,0.001815676803455889,2024-08-29,2024-10-23,739126.0,739181.0,3.4983762747407248,0.16382993565719975,0.5761450898866332,0.021788632405556313
2024-10-31,739189.7126499582,0.18549340354187807,4.875034172878866,0.32329757711136137,0.13936109084392223,0.017298443084880318,0.012769042303530334,-0.011669948235167813,2024-09-06,2024-10-23,739134.0,739181.0,1.4396027283275012,0.30653871020969176,0.5761450898866332,0.030483027442190086
2024-11-07,739196.3587602291,0.6873175997013715,9.402818365078481,0.7329142178336713,-0.010844941982405716,0.002422476249358127,0.0023366166330695314,-0.0006392291363564594,2024-05-09,2024-10-24,739014.0,739182.0,3.8035407063739544,0.3272405568867693,0.5524472984568102,0.5928194720630184
2024-12-23,739242.731454667,0.6835564716248955,7.6197425673943435,0.8475020837387223,-0.011951316617049524,0.002032838698450287,0.0009834064862812204,-0.001779141606690451,2024-05-16,2024-10-24,739021.0,739182.0,1.5704783390588146,0.5274082667264891,0.5524472984568102,0.5577664314966173
2025-01-05,739255.0506546312,0.7952284663573841,5.182621791609362,0.7314014202136788,-0.004351335419829589,0.0017145177330016392,0.0016778771037103258,-0.00035256131611640116,2024-05-23,2024-10-24,739028.0,739182.0,0.9353849504947472,0.38942424056178654,0.5524472984568102,0.37971588963223957
2024-11-11,739200.4717003503,0.19501595226200014,8.334896176370396,1.1429859488086265,-0.2690095739394042,0.022694264027495997,0.012682974490276746,0.018819452112872153,2024-05-31,2024-10-24,739036.0,739182.0,2.9004777865642426,0.27734578949431954,0.5524472984568102,0.7082124065117075
2024-12-07,739226.8164949298,0.9712365272722532,14.80439394552947,0.7312426906516194,-0.0021329150550407515,-0.0005964632334678432,-0.000521237014818162,-0.0002899661415792643,2024-06-07,2024-10-24,739043.0,739182.0,3.3254397894575565,0.23459797303758664,0.5524472984568102,0.4593519813363417
2024-11-05,739194.6155902861,0.9324464561255095,4.190379140699654,0.6224894472281494,-0.0014471983686273515,0.0010999748296312741,0.00015794381216524116,-0.0010885763078540061,2024-06-14,2024-10-24,739050.0,739182.0,1.6267139930336758,0.2927628055321717,0.5524472984568102,0.45234700258048793
2024-11-10,739199.4001013162,0.5212472422195608,11.863763194596238,0.7338635234009282,-0.020800765498769698,0.0054774805353263135,0.0019634266341358514,-0.0051134869577661585,2024-06-24,2024-10-24,739060.0,739182.0,3.929054097005651,0.16684752771836464,0.5524472984568102,0.5012973486819685
2024-11-12,739201.3540631821,0.08010019883703402,5.314123362014251,1.0805733395014154,-0.37295249296037053,-0.03281902131767713,-0.03281797499998037,-0.0002620632572671762,2024-07-01,2024-10-24,739067.0,739182.0,1.6387418848925226,0.17128914862455494,0.5524472984568102,0.4804588978996887
2024-11-15,739204.9606695008,0.18679299141421504,10.465746759182165,0.8402403959405349,-0.12659911033718405,0.005862966260719013,0.004338864426887589,-0.003943174971950765,2024-07-09,2024-10-24,739075.0,739182.0,2.8873634546132476,0.38539281534734393,0.5524472984568102,0.39404376681651077
2024-11-20,739209.2822638674,0.42115367808513693,7.838106252911092,0.563993995344829,0.002650395809000663,0.008464121114223165,0.00037275581210095924,0.00845590913744839,2024-07-16,2024-10-24,739082.0,739182.0,1.9213214788422879,0.016825125736990885,0.5524472984568102,0.21632650570448236
2024-11-12,739201.8688631585,0.25826236168628697,14.264913186599866,0.6061326578213798,-0.011137483094586736,0.011671873995462108,0.005720003992355078,-0.010174192690006741,2024-07-23,2024-10-24,739089.0,739182.0,3.9437310044377907,0.017275811333396812,0.5524472984568102,0.24889414565719847
2024-11-12,739201.1560630301,0.6929531570100317,5.31639879286983,0.5411141066600567,0.0026667710944784755,-0.0038444492659282102,-0.0026148685188493626,0.0028182002745416254,2024-07-30,2024-10-24,739096.0,739182.0,1.4408143611326492,0.09041446816820037,0.5524472984568102,0.14521731132947724
2024-11-11,739200.168373952,0.2904665772393851,14.83512484667385,0.6591810394439589,-0.02706791236463463,-0.010823138843352167,-0.00242519818125135,0.010547926251360196,2024-08-06,2024-10-24,739103.0,739182.0,3.95897713413898,0.04896733781943045,0.5524472984568102,0.1808391322661443
2024-10-25,739183.152503606,0.03156500092806303,5.5993815694761775,0.11778649766775885,0.4223679306713031,-0.027438700195453962,-0.0033875850961887265,0.02722878138353028,2024-08-13,2024-10-24,739110.0,739182.0,3.6988957790407055,0.0867747046957134,0.5524472984568102,0.11764491176465397
2024-11-24,739213.0669738341,0.8762603744940296,8.90031892141187,0.48225356941673153,0.0030508246436793864,0.0009828061262159256,0.0007679189788608362,-0.0006133582343401647,2024-08-20,2024-10-24,739117.0,739182.0,1.5991208216862338,0.30561663873786804,0.5524472984568102,0.04693775289461311
2024-11-11,739200.3946307474,0.5374099296921385,3.437040263243995,0.6126042036590233,-0.005622071424412306,0.007498660950984657,0.001603038582765854,0.007325311144244054,2024-08-26,2024-10-24,739123.0,739182.0,0.7859931859235451,0.11722863496810186,0.5524472984568102,0.04448517640511423
2024-10-25,739183.2301619874,0.7727685033758476,4.4933971450776795,0.5355463091569668,0.0038135851099156495,-0.0032243553911164673,-0.003224271182880136,0.000023302949825181307,2024-08-30,2024-10-24,739127.0,739182.0,2.7335092827670366,0.20340664980302578,0.5524472984568102,0.030203820498812123
2024-11-06,739195.5524089921,0.5733408316025491,3.377343333455763,0.5713641544159255,0.00047631530393283755,0.006469655821111283,0.004727328530034547,0.004416878016513532,2024-09-09,2024-10-24,739137.0,739182.0,0.7865854438494618,0.012498302101591979,0.5524472984568102,0.029653736040206314
2024-12-04,739223.2081760648,0.35413502046546724,5.554428949825414,0.9747643107832688,-0.08737387245966877,0.014912535745462087,0.014518540578663752,0.0034052462209623624,2024-05-10,2024-10-24,739015.0,739182.0,1.432017151357856,0.3735592950356223,0.5524472984568102,0.5139111132029263
2024-12-21,739240.1188080122,0.3692229657107165,2.9511342767379007,0.5862816185224539,-0.020722492311248078,0.02658564841816386,0.018575412036421098,0.019019746830370818,2024-05-17,2024-10-24,739022.0,739182.0,0.62118561623856,0.0975201736714869,0.5524472984568102,0.4217720534410418
2025-01-03,739253.8961651261,0.18416410575539047,3.2020885833451285,1.4844072800888992,-0.42783480300369614,-0.06430337788149504,-0.06071611242800229,0.021177301494773388,2024-05-24,2024-10-24,739029.0,739182.0,0.5811881222570112,0.3826607949173674,0.5524472984568102,0.3801848355070582
2024-12-11,739230.6445749543,0.5011142375748251,5.285724609651675,0.8408318475603332,-0.029794957787518686,0.00748814285855552,0.005609211955278285,-0.0049607484022977,2024-06-03,2024-10-24,739039.0,739182.0,1.1534386228079925,0.3772253437078832,0.5524472984568102,0.40985078297497296
2024-11-17,739206.666798541,0.058370334778101954,9.346666679820629,2.556676096220173,-1.5770069287638875,0.03767556329358681,0.03766862835773327,0.0007228465508244187,2024-06-10,2024-10-24,739046.0,739182.0,2.787516116753676,0.2614022227853823,0.5524472984568102,0.7312024706814935
2024-11-19,739208.027251909,0.9957377473611457,5.2125451880621005,0.6383453631428017,-0.0011215389363425261,-0.0006450960370438581,-0.0004575797239940664,-0.0004547193565257638,2024-06-17,2024-10-24,739053.0,739182.0,1.4803895080708829,0.3321124219368467,0.5524472984568102,0.46491826432386324
2024-12-03,739222.2026556255,0.725457086433226,9.58421387338543,0.7481331202442533,-0.0076431409279851025,-0.001188868189210891,-0.0005584925323477449,0.001049520682325692,2024-06-25,2024-10-24,739061.0,739182.0,2.1183328990024486,0.48662385127542757,0.5524472984568102,0.5466978045194539
2024-12-03,739222.6100198083,0.5124853872244611,14.426056902883758,0.7678255573080275,-0.021245193897075784,0.003600893633087261,0.0022038968468482464,0.0028476786415009554,2024-07-02,2024-10-24,739068.0,739182.0,3.069472945029191,0.20959660892066778,0.5524472984568102,0.44394096540624817
2024-11-26,739215.6670791539,0.544164664369634,2.7811752864738937,0.5044188865592747,0.003763381153556275,0.0071156721079515,0.0029400902431377276,-0.006479865655249749,2024-07-10,2024-10-24,739076.0,739182.0,0.629758984531777,0.10348186658924266,0.5524472984568102,0.2868730661026353
2024-10-26,739184.3363580139,0.07224233224043222,11.910748778867486,0.6415116471301928,-0.053486486445498166,0.025908609234212277,0.0031096546246708085,-0.0257213156849795,2024-07-17,2024-10-24,739083.0,739182.0,7.146336976713212,0.012521393456259855,0.5524472984568102,0.2558744669414396
2024-11-15,739204.6924904949,0.4491486602015592,9.61158526217304,0.5883722755810475,-0.0011834655037823612,-0.006758192095908552,-0.006235585941964669,0.0026058834136571444,2024-07-24,2024-10-24,739090.0,739182.0,2.4785020153386434,0.008183143311825427,0.5524472984568102,0.2282965887979944
2024-11-15,739204.6165875072,0.7768498743211376,10.762699033449168,0.5958544030224022,-0.0008406430809119871,-0.0014027579170652915,-0.000560211097615369,0.0012860378299248975,2024-07-31,2024-10-24,739097.0,739182.0,2.671994961227357,0.04325584677604318,0.5524472984568102,0.2118592403570256
2024-10-28,739186.3493917229,0.1312142036327262,8.46366816704752,0.5519458209197647,0.015078358908149056,-0.018486662456811357,-0.006577224931567379,0.01727705996376834,2024-08-07,2024-10-24,739104.0,739182.0,3.9615413686730605,0.012644969499487457,0.5524472984568102,0.19752183736113868
2024-11-05,739194.3214204215,0.753491858249596,14.126520524081538,0.5718359547899091,0.0005833889270931655,-0.0012982628495064664,-0.001220666807616676,-0.00044210742042128455,2024-08-14,2024-10-24,739111.0,739182.0,4.2973357654845055,0.023968392683686342,0.5524472984568102,0.11664569061646925
2024-10-24,739182.9729648927,0.43813118647869154,8.323566482253465,0.5057703192925036,0.021104182065796295,0.007645646678566405,0.0025112076422994303,-0.0072214783327744225,2024-08-21,2024-10-24,739118.0,739182.0,5.565720548530839,0.1452944466711308,0.5524472984568102,0.04587656931564957
2024-11-02,739191.7749248311,0.2316438117322724,2.449103355900899,0.7063980086115775,-0.06315488400718464,-0.029965045707531165,-0.029598859574477897,-0.004670275810353157,2024-08-27,2024-10-24,739124.0,739182.0,0.7547723987305748,0.1993451099519413,0.5524472984568102,0.04420455240927784
2024-11-04,739193.4056611677,0.6551348406776013,9.963087911906577,0.4886187198121131,0.009911892199710986,0.0028137243671490127,0.0025852497870644683,0.0011106432157858951,2024-09-03,2024-10-24,739131.0,739182.0,2.6949273445407655,0.23163903778025496,0.5524472984568102,0.03844623419457188
2024-10-25,739183.9004808947,0.5732851728793608,5.759563800720466,0.5080531389076917,0.013678055371273496,-0.003254363805305055,-0.0007042520098532589,0.0031772492637338425,2024-09-10,2024-10-24,739138.0,739182.0,2.9189930640905883,0.41834961390836545,0.5524472984568102,0.03067114395485836
2024-11-27,739216.5295130919,0.8998873929491238,3.540141413112308,0.5880417207675857,-0.0008761980480909745,-0.001596404584991187,-0.0013766503552648346,0.0008082953657729881,2024-05-13,2024-10-25,739018.0,739183.0,1.0020686521581492,0.13951691737630093,0.5207759546191589,0.42090139373969426
2024-12-03,739222.6505766946,0.24472589688925522,9.248492703874707,1.2626605977679337,-0.24234710070945725,0.016239958128105275,0.011927967503600664,0.011020881599747777,2024-05-20,2024-10-25,739025.0,739183.0,2.364522721852819,0.3948770502601938,0.5207759546191589,0.7234481292102007
2024-12-17,739236.2223978558,0.6620747468159448,2.159455739454749,0.44246966510979224,-0.0009337901532546878,-0.009918097756403756,-0.009914197305963386,-0.0002781274600062718,2024-05-28,2024-10-25,739033.0,739183.0,0.460480685415216,0.028865801545497515,0.5207759546191589,0.38236155784940584
2024-12-18,739237.2790713055,0.2780761673561934,8.54049474107564,1.2106505160861227,-0.18527032291144527,-0.007200792474952986,-0.006862244249527525,-0.002181975281062082,2024-06-04,2024-10-25,739040.0,739183.0,1.75410119131862,0.837734310817384,0.5207759546191589,0.7442510100540825
2024-10-26,739184.6300710278,0.560581773012692,4.514810185830745,0.6520460202387772,-0.012381772913451808,0.005552579665991344,0.005519999306220452,-0.0006006235147796563,2024-06-11,2024-10-25,739047.0,739183.0,3.187468224585816,0.2768774030843672,0.5207759546191589,0.6392393139065402
2024-10-28,739186.5411250226,0.6674076068087699,13.3241069877618,0.6497596487795676,-0.00710552121380816,-0.0049239073480150984,-0.0019115370857892256,-0.0045377185392540065,2024-06-18,2024-10-25,739054.0,739183.0,7.6817551842596075,0.07228348933298488,0.5207759546191589,0.344075268599547
2024-11-05,739194.6905249093,0.5862248892032998,8.465696156049436,0.6812266288149396,-0.012103277887352328,0.003378175706736159,0.002451558270418048,0.0023242059186585023,2024-06-26,2024-10-25,739062.0,739183.0,3.273055624082974,0.2480974761725855,0.5207759546191589,0.5458892434407243
2024-12-14,739233.1603993678,0.1898559425687834,4.618600473171623,1.0731734749148496,-0.22158066923037287,-0.028832310756950728,-0.01896660417342312,0.021715664155490744,2024-07-03,2024-10-25,739069.0,739183.0,0.8715159937214415,0.3159120698982516,0.5207759546191589,0.3416916660289762
2024-10-26,739184.5049371024,0.6312440925392145,9.365513909152218,0.6011211499193381,-0.0031309418702918043,0.0010257617332470334,0.0008799218994241935,-0.0005271855312009969,2024-07-11,2024-10-25,739077.0,739183.0,6.362914603886568,0.20572838875813806,0.5207759546191589,0.33322224498034236
2024-11-14,739203.0987013187,0.0404118828020821,13.373701669978853,0.8705589086982523,-0.2541635943267721,0.018977825508254307,0.006608875105605955,0.017789902497210304,2024-07-18,2024-10-25,739084.0,739183.0,3.7872179552221836,0.040469174731554515,0.5207759546191589,0.2810733763875003
2024-11-26,739215.7062447224,0.5098367287341362,9.490591771946349,0.5284497780708959,0.005921052394000719,-0.006212353132777553,-0.0061784560257110745,-0.0006480837790637864,2024-07-25,2024-10-25,739091.0,739183.0,2.021611491782466,0.051201253718463055,0.5207759546191589,0.20415467101482712
2024-10-29,739187.8843982253,0.000035084174318411605,13.566668342874612,235.1252703086316,-234.52400966425404,0.04655504545973865,0.046167551779900416,0.00599411548174929,2024-08-01,2024-10-25,739098.0,739183.0,6.28862990610616,0.013027425782575342,0.5207759546191589,0.18881350877227035
2024-11-26,739215.9356486003,0.5511256040351112,8.341655198320181,0.5230068770332817,0.005586990927158044,-0.00506557247072425,-0.001934814990965728,-0.0046815078133966275,2024-08-08,2024-10-25,739105.0,739183.0,1.6122493867983014,0.07286983507447808,0.5207759546191589,0.12325283927379087
2024-11-07,739196.167549191,0.9952346295954582,12.913462767433824,0.5621560222250527,0.0004991219620593277,-0.0000177961200679544,-8.263063463396864e-6,-0.000015761461596975236,2024-08-15,2024-10-25,739112.0,739183.0,3.812583915755284,2.1615441822541284,0.5207759546191589,0.11257374975047187
2024-10-31,739189.9619447843,0.483281879433371,5.8066613586401505,0.4834889840799739,0.020064829721579122,-0.005204131235570354,-0.004289578653229187,0.002946607692720476,2024-08-22,2024-10-25,739119.0,739183.0,2.1456056531342513,0.32089374468942866,0.5207759546191589,0.044783055286349974
2024-10-28,739186.3203441404,0.11942120732195519,11.054147401709667,0.2498652866972833,0.231724998841914,-0.020650954450514694,-0.02062106437839699,-0.0011106861029289365,2024-08-27,2024-10-25,739124.0,739183.0,5.1587188448632615,0.1212240993018483,0.5207759546191589,0.0392050896109393
2024-11-19,739208.042968158,0.3556038395306634,4.454959056015175,0.7446997707718406,-0.044724526276774174,0.01848171076683827,0.016669149367010423,-0.007982048123718718,2024-09-04,2024-10-25,739132.0,739183.0,0.7875221202621299,0.19316405082604057,0.5207759546191589,0.03740519957667349
2024-11-08,739197.5758149667,0.9204190937274062,6.862048533875496,0.49480563364258645,0.003270462394039569,-0.000892602272614388,-0.00009801754859719018,0.0008872042477599892,2024-09-11,2024-10-25,739139.0,739183.0,1.5191057661784966,0.49145414847155017,0.5207759546191589,0.022222120828052812
2024-11-15,739204.0493593751,0.375978581381219,6.17385830329673,0.8547174935718224,-0.06523143760190411,-0.009587923839662634,-0.009222159351300148,0.002622986933707125,2024-05-14,2024-10-28,739019.0,739186.0,2.287013844373776,0.4143227889071786,0.5083224935478722,0.7638074836446269
2024-12-12,739231.3173441023,0.12477871927068755,10.970680908666235,2.0397736478482145,-0.8520530710085412,-0.02858304079323158,-0.024205084106688635,-0.01520210920812207,2024-05-21,2024-10-28,739026.0,739186.0,2.6380312888525053,0.33905109963908947,0.5083224935478722,0.7646234114752285
2025-01-03,739253.7761232869,0.48065579381969104,11.004843015477258,1.017537061226754,-0.04791536863635761,0.003258292382523908,0.0021434312332345175,-0.0024540113688424673,2024-05-29,2024-10-28,739034.0,739186.0,2.0604343980698814,0.6422958420732402,0.5083224935478722,0.7100989971363744
2024-12-28,739247.1370061334,0.7652658687058091,14.842460667963746,0.7923200536589666,-0.006627288454784682,0.001297933555932051,0.0011095515021682153,-0.0006734441176895643,2024-06-05,2024-10-28,739041.0,739186.0,2.8711357784675604,0.26326301487352705,0.5083224935478722,0.5632683106519089
2024-12-11,739230.3026421202,0.6472620825879382,5.7123755828225065,0.7331165624617868,-0.009560417010231786,0.0035741234407502902,0.0014517969080509116,0.0032659828700552776,2024-06-12,2024-10-28,739048.0,739186.0,1.286109256750659,0.3030893666940403,0.5083224935478722,0.44749620606600526
2024-11-10,739199.8472345141,0.9123263122110217,14.412322706092365,0.6441963703480909,-0.0020311890067490446,0.0012014730889449267,0.00014999637816812938,-0.0011920732653638824,2024-06-20,2024-10-28,739056.0,739186.0,5.369002630693915,0.10701693592100894,0.5083224935478722,0.4036365384809858
2024-11-19,739208.5353593555,0.004388524052218346,4.451516679066977,13.341521450336453,-12.549988205734063,0.06926165155066383,0.06924448739359472,-0.0015418628745366486,2024-06-27,2024-10-28,739063.0,739186.0,1.3215531082139644,0.178632695880963,0.5083224935478722,0.4299776868519844
2024-12-11,739230.3910896509,0.3564083862407171,4.055279304325547,0.7244123681317488,-0.03630817270403663,0.013956897529157866,0.011564344895795973,-0.007814148435401685,2024-07-05,2024-10-28,739071.0,739186.0,0.8250517694216201,0.2286349640429755,0.5083224935478722,0.32688745682394527
2024-11-08,739197.9569759816,0.0432058147457828,14.670564503964881,0.9914270808910787,-0.3575816028878666,0.02437796493716486,0.023227431149939876,0.007400784867326045,2024-07-12,2024-10-28,739078.0,739186.0,5.383838618753994,0.043198940228086374,0.5083224935478722,0.3034996337291952
2024-11-15,739204.6663448719,0.544489388647334,2.646133735214393,0.4639672680138329,0.011060309447777972,-0.006716115734302621,-0.005854534564617563,-0.003290993100607394,2024-07-19,2024-10-28,739085.0,739186.0,0.7824816877753654,0.3388650176703353,0.5083224935478722,0.23787953080769114
2024-12-04,739223.3911365436,0.14530549044658828,6.570941139226961,0.4864704922490085,0.050476466853348285,-0.029319063067607648,-0.029118796089708753,-0.003420990126895566,2024-07-26,2024-10-28,739092.0,739186.0,1.314301072365474,0.03807091444774414,0.5083224935478722,0.18507614367993122
2024-10-31,739189.5662475948,0.1275304131417028,5.814556601587497,0.540912000652681,0.022065331479676743,-0.03398941908077227,-0.03053593417981372,-0.014927737042648168,2024-08-02,2024-10-28,739099.0,739186.0,2.9933187979362197,0.014238488150516088,0.5083224935478722,0.16831914122256758
2024-10-29,739187.3891251709,0.07141346210926215,5.454450302931711,0.27503214541020315,0.23765974196156187,-0.03478330038566551,-0.0019904500595261418,0.03472630262898672,2024-08-09,2024-10-28,739106.0,739186.0,3.5336707417737157,0.08945691826282848,0.5083224935478722,0.13331773372161554
2024-11-25,739214.0942332005,0.6209266391922293,11.232757591846424,0.47493113026071343,0.00894508555676769,-0.0023273075150976284,-0.002200868489031241,-0.0007566625164624176,2024-08-16,2024-10-28,739113.0,739186.0,2.289192353172005,0.21246364733997208,0.5083224935478722,0.07530183488825871
2024-11-29,739218.1739346217,0.3455546372244512,11.088220583451402,0.23258578767415927,0.08610155835255429,-0.008203264545535011,-0.007973238404417158,0.0019289941810070503,2024-08-23,2024-10-28,739120.0,739186.0,1.968721605375002,0.3270989597745895,0.5083224935478722,0.035424193947302465
2024-11-17,739206.7223102526,0.9911144043646687,2.05265738050956,0.7921688715720653,-0.007736312945879057,-0.005195960222772782,-0.004083801046843786,0.0032125646524909937,2024-08-28,2024-10-28,739125.0,739186.0,0.44825739868396974,0.718911671619789,0.5083224935478722,0.04374209663920318
2024-11-22,739211.644122704,0.31448669370085885,5.944419933584921,0.40617477063792057,0.050366040552372315,0.009588480678366072,0.008377232955788886,-0.0046648611687642,2024-09-05,2024-10-28,739133.0,739186.0,1.0601990161294905,0.27789504693472067,0.5083224935478722,0.04048619501836705
2024-11-14,739203.2897595011,0.5747279642814079,8.95505089646983,0.40237113284960907,0.022002232725230615,-0.002208462429454686,-0.0002588628001512894,-0.0021932387815763997,2024-09-12,2024-10-28,739140.0,739186.0,1.8494052625203352,0.6393976106621342,0.5083224935478722,0.024066838584976116
2025-01-07,739257.1419754659,0.3559841481089368,4.297258147980607,0.7646964022825076,-0.04673098687933729,-0.01992757192398553,-0.00008055506337811622,0.01992740910573651,2024-05-15,2024-10-29,739020.0,739187.0,0.8331207014348446,0.19426286213770094,0.4931706885272699,0.42577193100911503
2024-11-15,739204.2209043838,0.13156141778473088,10.984464348037593,1.4395162343167054,-0.5251897167368378,-0.028644539130070684,-0.007851394696708081,0.02754750847700486,2024-05-22,2024-10-29,739027.0,739187.0,4.075605562277038,0.21959580340448653,0.4931706885272699,0.9009412952042867
2024-12-20,739239.4961549432,0.07636206320757967,7.443371171524923,2.788901538651616,-1.5791680278945641,-0.03834807862417228,-0.03032521128013184,-0.023472466742570187,2024-05-30,2024-10-29,739035.0,739187.0,1.6108970913084102,0.42246692280843695,0.4931706885272699,0.7425078571673301
2024-12-29,739248.2032030915,0.46661285668430363,13.262708591100477,0.9464860363804525,-0.04457023230140433,-0.005380991978030993,-0.0039028633321291275,-0.003704420667034971,2024-06-06,2024-10-29,739042.0,739187.0,2.563940905104216,0.29141172821437383,0.4931706885272699,0.6437295268057027
2024-11-18,739207.2230321481,0.9431520152034021,9.37170385853335,0.6594639822541533,-0.0019698770135042065,0.0007077443974353696,0.0007075648321145031,0.000015941783335921558,2024-06-13,2024-10-29,739049.0,739187.0,3.0683981694092757,0.28010819353118366,0.4931706885272699,0.5400232836118565
2024-12-04,739223.9512456014,0.28600516269117265,5.56446582162935,0.8473057366109987,-0.0820776197074829,0.019459292973496526,0.01910685030803732,-0.003686781026129086,2024-06-21,2024-10-29,739057.0,739187.0,1.3355940083858877,0.21679441504390923,0.4931706885272699,0.4749437010260449
2024-11-06,739195.0501741347,0.5552707562486016,4.748402933136555,0.6025314217649688,-0.004569802635704185,0.005258445261730292,0.0044866734837260246,0.0027424455548002292,2024-06-28,2024-10-29,739064.0,739187.0,2.1084059695176522,0.10162424296827388,0.4931706885272699,0.48313876820235824
2024-11-28,739217.9593834059,0.7680122115861447,2.247291036885565,0.4931982209218707,0.000656904184800887,-0.003947020602861426,-0.0038725436538626728,0.0007631364808083243,2024-07-08,2024-10-29,739074.0,739187.0,0.5496830746103171,0.056877623356931827,0.4931706885272699,0.3091598726581312
2024-12-06,739225.5211749044,0.98514907857342,3.019423864753735,0.3356019951847497,0.0031252706849385975,0.001607231823824945,0.0013426375182312763,-0.0008834696543477986,2024-07-15,2024-10-29,739081.0,739187.0,0.6354000769371145,0.6344347862386452,0.4931706885272699,0.24892224476610175
2024-11-18,739207.6866763975,0.9769045381291896,8.728417347030625,0.559444128711961,0.0003662065129782983,0.0008974730282505552,0.0005611324248935458,-0.0007004200440951922,2024-07-22,2024-10-29,739088.0,739187.0,2.4385329389949213,0.045668976822476864,0.4931706885272699,0.20414177346563095
2024-11-30,739219.1308737716,0.7245252738759148,12.667885193582483,0.5720253253229087,0.00010749378164869702,0.001558137179249827,0.0014863958798736153,-0.00046735292622957707,2024-07-29,2024-10-29,739095.0,739187.0,2.724874031617814,0.003945727349171619,0.4931706885272699,0.2497449786904953
2024-11-16,739205.8339589912,0.36937302767496766,11.004596965090636,0.5790981981473892,-0.0023008844348182053,-0.006653862818483885,-0.00646041549733704,-0.0015927718006574917,2024-08-05,2024-10-29,739102.0,739187.0,2.9899315817151835,0.011606786637751589,0.4931706885272699,0.23431023828162492
2024-11-02,739191.4249074211,0.13737257508395453,7.59021049070872,0.3699584210549112,0.12767733789854732,-0.018785796190762497,-0.003979942858333821,-0.018359362553347667,2024-08-12,2024-10-29,739109.0,739187.0,3.5330201627960824,0.12300717146707862,0.4931706885272699,0.15354975092250522
2024-11-02,739191.5041877932,0.6714414416629094,2.061304587123633,0.5478343217508038,0.00022232428637860806,0.0054783315913854574,0.0012405373031019414,0.005336027007501413,2024-08-19,2024-10-29,739116.0,739187.0,0.9248795777381291,0.01321918146149665,0.4931706885272699,0.06128898552651839
2024-10-31,739189.5504387033,0.03527286570786004,13.555126007750221,-0.5709936224280859,1.0306933521529775,0.01606289281989391,0.003817394230378461,0.015602692941709535,2024-08-23,2024-10-29,739120.0,739187.0,7.131789848098706,0.1669717116410973,0.4931706885272699,0.04984878512959141
2024-11-14,739203.0251301811,0.9117461838201388,4.582896872440529,0.5201966444251579,0.0016381729272716054,0.0011522652536391598,0.0008265328942275038,-0.0008028440630060256,2024-08-29,2024-10-29,739126.0,739187.0,1.145124134823207,0.2828402080880765,0.4931706885272699,0.04598091990148157
2024-11-19,739208.7763943614,0.2041531413863958,4.6972810578291195,0.20124869299595124,0.17410387811662695,0.008809741622977043,0.006691432876337238,0.005730294366355654,2024-09-06,2024-10-29,739134.0,739187.0,0.9222903981905863,0.8589241109133567,0.4931706885272699,0.04046989573877122
2024-10-31,739189.1167230108,0.8293613407502565,13.44725384803687,0.4922905154666545,0.006380836477889477,0.000988218144271497,0.0009493433357627933,0.00027444914193739685,2024-09-13,2024-10-29,739141.0,739187.0,6.685462914740671,0.3982309188881331,0.4931706885272699,0.023177225907131966
2024-11-17,739206.906476696,0.121651119509727,7.786499223893747,1.472880839984414,-0.5676168923300033,0.02639449553319782,0.009033245255662754,-0.02480060230323139,2024-05-16,2024-10-30,739021.0,739188.0,2.8326247825076942,0.3359818452651873,0.48294042027645484,0.9591869399527843
2024-11-23,739212.7944808308,0.9897154969988076,7.453245198911808,0.6705277527302648,-0.0016943395822398063,-0.0004764311777399066,-0.00045337618697658495,-0.00014641277336765104,2024-05-23,2024-10-30,739028.0,739188.0,2.382670664381543,0.4722426901255821,0.48294042027645484,0.6399281529765529
2024-11-10,739199.4997978671,0.4727656423956389,3.2237619505306068,0.6429369649631974,-0.01515077391739508,0.012954289204889415,0.010184342288902682,0.008005796709034205,2024-05-31,2024-10-30,739036.0,739188.0,1.3619555376077999,0.17151581500325697,0.48294042027645484,0.4517212232142042
2025-01-07,739257.4944486016,0.3798915701034856,2.205933789228928,1.2134813990432372,-0.14948733358269983,-0.05273110565562927,-0.010772002424869271,-0.05161911920426139,2024-06-07,2024-10-30,739043.0,739188.0,0.39568608018166224,0.48820778599870357,0.48294042027645484,0.3586690407449523
2024-11-20,739209.8305353353,0.201233127240186,4.762627552074004,0.8413572494939809,-0.12543048277568813,-0.030586585406806994,-0.0015638584306748066,0.030546580064824008,2024-06-14,2024-10-30,739050.0,739188.0,1.5090212136224372,0.1732706297219018,0.48294042027645484,0.5716779774173023
2024-11-10,739199.9510762371,0.5132012020000333,2.6594259997659275,0.6336853996780154,-0.012862862099766122,-0.011690829908794947,-0.002146284197681738,-0.011492126352383888,2024-06-24,2024-10-30,739060.0,739188.0,1.0414211495046621,0.2123205479364978,0.48294042027645484,0.38248867954479965
2024-11-03,739192.8512226886,0.02871115394462877,3.5218885610658863,0.6940989351673428,-0.1254428097355956,0.06098971177847712,0.023615999137217573,0.05623192623032443,2024-07-01,2024-10-30,739067.0,739188.0,1.8249995125192557,0.0167673422773817,0.48294042027645484,0.45276112292086235
2024-11-19,739208.7504808508,0.4116629530075814,6.4979447809518005,0.5622077074088347,0.0008571908227692249,-0.007453906564385658,-0.004960101084147764,0.0055640021841861075,2024-07-09,2024-10-30,739075.0,739188.0,1.9270978565348362,0.007285499569998053,0.48294042027645484,0.37585906994443163
2024-12-05,739224.6329839713,0.15972430342454705,7.063194497698349,0.39135942560150505,0.09353210504471986,0.02762097157560485,0.019345040292001913,-0.01971515880943376,2024-07-16,2024-10-30,739082.0,739188.0,1.528075599304806,0.07657580924924738,0.48294042027645484,0.21632832176103534
2024-12-12,739231.2571790029,0.7440721732283978,6.305865321200708,0.48286036885188066,0.0035762514912479498,-0.002109194579304707,-0.001445758593713246,0.001535735609430431,2024-07-23,2024-10-30,739089.0,739188.0,1.1947705069300445,0.20006991035215313,0.48294042027645484,0.1997317686165894
2024-12-04,739223.3679511406,0.6788635002456137,7.959278111140189,0.5046655742085262,0.00383449656634398,-0.0032024034178654596,-0.003188625897034987,-0.0002967364816031251,2024-07-30,2024-10-30,739096.0,739188.0,1.6230647681206747,0.10212712158669951,0.48294042027645484,0.17720473083129945
2024-11-22,739211.716599099,0.48767186654954486,7.778011895492212,0.5032058821114491,0.00935157281480209,0.007702217222972045,0.00010482789166536991,0.007701503831264106,2024-08-06,2024-10-30,739103.0,739188.0,1.8848023028398608,0.07612512104895537,0.48294042027645484,0.14438751697571825
2024-11-23,739212.2544057028,0.15472734881319597,11.48702284896446,0.2992819728958519,0.14916500919546116,0.0096497895526394,0.001764650502139635,-0.009487067355907566,2024-08-13,2024-10-30,739110.0,739188.0,2.630557788932778,0.20821341933251641,0.48294042027645484,0.15143747047149245
2024-11-01,739190.8986439082,0.2774781806161189,12.062239337340522,0.4289122154269005,0.058902281331599804,-0.008987174225041392,-0.006031606441060843,0.006662508858635889,2024-08-20,2024-10-30,739117.0,739188.0,6.217065831340781,0.1507682352724868,0.48294042027645484,0.06465915572899744
2024-10-30,739188.9570880416,0.3985790642353729,11.105032086563972,0.45306414999771477,0.03566391007494745,-0.010632260396944815,-0.005820064914784868,-0.008897853984873616,2024-08-26,2024-10-30,739123.0,739188.0,7.481252095212938,0.12039210753604865,0.48294042027645484,0.023911363160613097
2024-11-14,739203.2146193353,0.5004162749347424,12.328738713908724,0.4059609364764982,0.027306481730597736,0.004536599394542454,0.003552883936366189,-0.002820948386850432,2024-08-30,2024-10-30,739127.0,739188.0,3.161653365383499,0.2443138537866293,0.48294042027645484,0.04042807904409554
2024-11-21,739210.630574947,0.9106406955424529,4.595502048936334,0.46141247174818356,0.0034315750704439567,0.00037525138875011435,0.00036539141058617054,0.00008545596426662098,2024-09-09,2024-10-30,739137.0,739188.0,0.8628716665782222,1.8121130435729353,0.48294042027645484,0.03752208715798865
2024-11-11,739200.2993188604,0.47675493345006215,2.0485681804868636,-0.1869929162274101,0.16467702314720614,0.03754988949780941,0.006287741325847348,-0.037019704352100495,2024-09-16,2024-10-30,739144.0,739188.0,0.49595163687139415,1.0206318514316965,0.48294042027645484,0.014315986633047931
2024-12-28,739247.0044030778,0.9782371181474998,10.832573504807328,0.7256233900455447,-0.0018220387972859883,-0.0003812426544320643,-0.0002758006006100921,-0.000263210923522408,2024-05-17,2024-10-31,739022.0,739189.0,2.3371343168461687,0.4315872722512684,0.4110052884837797,0.703210864917853
2024-12-31,739250.7759286434,0.5439909844908027,3.6312435746218314,0.6423042585076718,-0.011629468385590709,-0.009622276524255928,-0.0023434001090198086,-0.00933256028313199,2024-05-24,2024-10-31,739029.0,739189.0,0.7386838667985913,0.1810582631277725,0.4110052884837797,0.3866014884136546
2024-11-29,739218.4342180354,0.32799104306884114,14.757592689915441,0.9094260796781085,-0.0890977823175262,-0.01280670029943875,-0.012151210393632414,0.004044707471415476,2024-06-03,2024-10-31,739039.0,739189.0,4.2457086328801745,0.15462371817819895,0.4110052884837797,0.779855278716864
2024-12-27,739246.7009230328,0.01471696411392354,12.019818937912765,11.76980886895409,-10.485545396031082,-0.04186312881586798,-0.03884816684352954,-0.01559940662817814,2024-06-10,2024-10-31,739046.0,739189.0,2.3846531069822214,0.3066758982648837,0.4110052884837797,0.8252034854426822
2025-01-01,739251.3543068805,0.5168507101658514,11.270944725081792,0.8419594472786405,-0.025933570670170974,0.002745671376273615,0.0027280286069380896,-0.0003107591128441323,2024-06-17,2024-10-31,739053.0,739189.0,2.075855772389149,0.43313029183392765,0.4110052884837797,0.7081548848253164
2024-11-28,739217.041920464,0.32890486991595963,14.662305096206792,0.7776760464521854,-0.05581521753390028,-0.011326140443806506,-0.0007124689123829083,0.01130370936470489,2024-06-25,2024-10-31,739061.0,739189.0,4.005410188544901,0.11054490501916335,0.4110052884837797,0.6309019727784557
2024-11-04,739193.319491105,0.9751615556278055,12.293965372986083,0.6034280650799111,-0.0010152137184289377,0.000706088335706762,0.0006975155655088792,0.0001096940002642509,2024-07-02,2024-10-31,739068.0,739189.0,6.589450947024835,0.11404677961495192,0.4110052884837797,0.48259192103763493
2024-11-17,739206.0026562241,0.8517714461653039,7.997432496365452,0.5795055010956505,-0.00041749593046941266,-0.0006796125808507968,-0.0004718236515898031,0.000489137712562776,2024-07-10,2024-10-31,739076.0,739189.0,2.5891739373926956,0.06542795267301792,0.4110052884837797,0.3995035353451107
2024-12-08,739227.1397232722,0.5493176909365679,3.7979229885105275,0.3128420347867304,0.022453535635192368,-0.007177500180488847,-0.007175580583780232,-0.0001659883327031807,2024-07-17,2024-10-31,739083.0,739189.0,0.8036433900975916,0.45246913179013193,0.4110052884837797,0.2393762736328388
2024-12-17,739236.9487653426,0.7449527762833476,7.076715214876193,0.4717693344368153,0.0037573917272753035,0.0021240534157150447,0.002123980804323934,-0.000017562906200374267,2024-07-24,2024-10-31,739090.0,739189.0,1.2613942548263253,0.18621645933112999,0.4110052884837797,0.20494371282672305
2024-12-07,739226.2189669404,0.8860249148349937,4.805633267019205,0.5284178103580893,0.0006083211864010109,-0.001522124542198098,-0.0005187095879199481,0.0014310148445637056,2024-07-31,2024-10-31,739097.0,739189.0,0.9519889739611023,0.07368482607193517,0.4110052884837797,0.14645835499704452
2024-11-25,739214.1943163953,0.41607300654887147,13.84988275347082,0.5245422918493852,0.007689516027839581,0.005016828381852265,0.000883638191672182,-0.0049383955450304625,2024-08-07,2024-10-31,739104.0,739189.0,3.2526908608497953,0.04604613749780502,0.4110052884837797,0.23909449755332018
2024-11-27,739216.7749187219,0.30683538417814177,4.7224890176839835,0.4872098779056004,0.022617782455835882,0.015490211573216965,0.008341868216122112,0.013052198636546887,2024-08-14,2024-10-31,739111.0,739189.0,1.0050344921550811,0.09486961917408009,0.4110052884837797,0.09666620162139833
2024-11-14,739203.5911362388,0.9151429559096229,6.918004525767141,0.47176354809696924,0.0032474317627042178,-0.001055277553381383,-0.0007431022285269303,0.0007492728425806632,2024-08-21,2024-10-31,739118.0,739189.0,1.9479146510018455,0.40708156277692503,0.4110052884837797,0.05545994736027689
2024-11-02,739191.5654805831,0.7365047976898348,14.383578885959304,0.4950846601404588,0.006645346302255794,0.0017955471056395936,0.0009294073824149733,-0.0015362914196477406,2024-08-27,2024-10-31,739124.0,739189.0,7.4879197434824025,0.18950882343602055,0.4110052884837797,0.059897890795081135
2024-11-05,739194.6946192053,0.5458764333510661,10.38365318929262,0.43243718758905847,0.022051764552959163,-0.004329924563628107,-0.0026235328694067255,0.003444607671397798,2024-09-03,2024-10-31,739131.0,739189.0,3.9903556944889758,0.267736257045965,0.4110052884837797,0.046723189958514495
2024-11-16,739205.4793938765,0.0631790236411618,9.680413296591446,-1.3174273982571079,1.5033428567874951,0.009811727378781908,0.005056641076883812,0.008408351513531639,2024-09-10,2024-10-31,739138.0,739189.0,2.171922294334982,0.9999806037084672,0.4110052884837797,0.03687007100461376
2024-11-02,739191.8303748501,0.18819576480744443,7.723579859399174,0.21182670572872248,0.2006328745740988,-0.008669001754237893,-0.001907095357616171,-0.008456629276014083,2024-09-17,2024-10-31,739145.0,739189.0,3.4494150679487046,0.5639287148437865,0.4110052884837797,0.027858644794568586
2025-01-20,739270.9706497722,0.9377728061507877,13.731528290498378,0.7719004352545917,-0.002329057823382965,-0.0004373823407568769,-0.00015349848073324847,0.0004095626062258971,2024-05-20,2024-11-01,739025.0,739190.0,2.4282987362948316,0.36366188470137434,0.399894063058709,0.7407151685507918
2024-11-15,739204.7947189912,0.7395340954008746,2.7173585816771704,0.5597587184266356,-0.0014754497692999686,0.004575372798668363,0.00037366373057076403,-0.004560088997294932,2024-05-28,2024-11-01,739033.0,739190.0,1.0604565004015292,0.08776254178897042,0.399894063058709,0.41753368281432096
2024-12-13,739232.3640706568,0.4051622269768963,3.453650728830806,0.7431278596083134,-0.037981039539196064,-0.01852631808998478,-0.018519761434037444,0.0004928472355980564,2024-06-04,2024-11-01,739040.0,739190.0,0.8316930413570152,0.24050730146586785,0.399894063058709,0.3978828887465284
2024-11-09,739198.1122764099,0.26412290523038023,5.31073448926165,0.7167454211574046,-0.06275206604650346,-0.019521352812764313,-0.01382251466042539,-0.013784821511457676,2024-06-11,2024-11-01,739047.0,739190.0,2.4719963118291126,0.15987096439698498,0.399894063058709,0.8619437193061824
2025-01-02,739252.1555849966,0.2291692421855372,13.34518844286016,1.095626373551704,-0.18823101731359498,-0.010990146647701789,-0.005206642912042664,-0.00967854291329365,2024-06-18,2024-11-01,739054.0,739190.0,2.4625358904739008,0.29411645304572437,0.399894063058709,0.7677728594150433
2024-12-25,739244.6092883943,0.7161371627242347,5.490246196051043,0.6202489588597432,-0.0026449407449345426,0.002743618867391247,0.0024804980253641936,0.0011724222940858657,2024-06-26,2024-11-01,739062.0,739190.0,1.054802952770404,0.1257466887455127,0.399894063058709,0.42840771212345363
2024-12-11,739230.4463235858,0.2908168034900272,6.8763288758190395,0.5988998315130045,-0.01054794383810598,0.013740341326254837,0.011159325272835295,-0.008016635155540386,2024-07-03,2024-11-01,739069.0,739190.0,1.514867564501832,0.032466325948905764,0.399894063058709,0.5056327773311343
2024-11-20,739209.1574208209,0.6165527072962212,9.6119798146232,0.5663117080996742,-0.00045298705919149515,-0.0010913603362914064,-0.0010778816462029724,-0.00017099280806180661,2024-07-11,2024-11-01,739077.0,739190.0,2.954496919454292,0.026624103220861926,0.399894063058709,0.4074183636831834
2024-12-08,739227.8025456035,0.7446317179528962,13.043167151936169,0.5542055557948956,0.00039528069257580153,-0.0010118144433293773,-0.0006965411012589594,0.0007338930180802197,2024-07-18,2024-11-01,739084.0,739190.0,2.7735160427496797,0.022302995595627324,0.399894063058709,0.33634897448938955
2024-11-06,739195.9393376955,0.04541676811338014,11.496783415776541,-0.06023099912233682,0.5272147427676384,-0.024166489503051065,-0.007388082693049078,-0.02300946433582811,2024-07-25,2024-11-01,739091.0,739190.0,5.254705450395548,0.08618146144623837,0.399894063058709,0.30879680560586653
2024-11-21,739210.4995788508,0.33061669691224554,5.09927731230961,0.4637044867323796,0.026074722166621076,-0.01621027899811058,-0.008064857098927772,0.014061693538491701,2024-08-01,2024-11-01,739098.0,739190.0,1.3817433930148484,0.10429064464150406,0.399894063058709,0.19296336761841093
2024-11-27,739216.0784689109,0.026837204258311605,7.438121310963815,-1.8074471101456515,2.1236009510166887,0.04345162732627272,0.039665324063145324,0.017739954460678702,2024-08-08,2024-11-01,739105.0,739190.0,1.7154963261309741,0.1763359571800757,0.399894063058709,0.18852254301947724
2024-11-07,739196.1898738188,0.5510158894335181,2.7872904270161762,0.46212468637071447,0.013713021396601239,-0.005944748825345164,-0.004785632997334553,-0.0035267202059796883,2024-08-15,2024-11-01,739112.0,739190.0,1.157895793699831,0.45601753566057324,0.399894063058709,0.10343562350920402
2024-11-02,739191.002996227,0.5381401777146585,13.202474124280133,0.46997069203279007,0.016762330799732276,0.0027720972497660475,0.002581136614086455,0.0010110672290123913,2024-08-22,2024-11-01,739119.0,739190.0,8.980098779515977,0.24647111963407942,0.399894063058709,0.07977650657879605
2024-11-21,739210.9971306684,0.10241207929071086,10.298179457646013,-0.5630207448806722,0.7666441035006007,-0.023136533493940004,-0.005547828829320107,-0.022461539960491862,2024-08-27,2024-11-01,739124.0,739190.0,2.3298297986255454,0.3295233832865379,0.399894063058709,0.04947891564934311
2024-11-09,739198.8686731951,0.06705620374308109,2.5838016062806903,-0.9316857524815939,1.1919482794159355,0.012698307332405978,0.0003787889563626057,0.012692656460913703,2024-09-04,2024-11-01,739132.0,739190.0,0.8307585536961424,2.436079046549238,0.399894063058709,0.06218591627044733
2024-11-23,739212.8113578464,0.003446020068072154,8.115592648116044,-42.92439385996358,42.92683720974599,-0.027078154787458113,-0.02691237705451354,0.0029917265866442077,2024-09-11,2024-11-01,739139.0,739190.0,1.5167096188388947,0.6731430825140924,0.399894063058709,0.026903523111509103
2024-11-07,739196.7397140102,0.4055007238902636,2.380948223802005,0.05706164192469539,0.14550917860441726,0.025725334106410945,0.020436201189710863,-0.015625443859939803,2024-09-18,2024-11-01,739146.0,739190.0,0.7649622809008552,0.9633210443199204,0.399894063058709,0.015294562635595556
2024-12-29,739248.0498688333,0.8956114127642201,14.88671137822743,0.7295979603577321,-0.002840392557917322,0.0006965865758563555,0.0006911479445031824,0.0000868756379677758,2024-05-21,2024-11-04,739026.0,739193.0,3.304365102972679,0.24531500662530176,0.4110052884837797,0.7673053262446563
2024-12-25,739244.948861656,0.33070890855844387,2.430797200396113,0.5220886323863158,-0.027397171044381587,0.048156141270242966,0.0058753198569150645,-0.04779638645984172,2024-05-29,2024-11-04,739034.0,739193.0,0.5421473221867879,0.0774018262594822,0.4110052884837797,0.3911623543500693
2025-01-04,739254.4652710875,0.8518948054620683,5.070325559207251,0.6090529344410985,-0.0014105961286830751,0.001641143133194673,0.0008319191953398277,-0.0014146594063792037,2024-06-05,2024-11-04,739041.0,739193.0,1.004675865469024,0.1444130206239643,0.4110052884837797,0.4218951055044924
2024-11-11,739200.8669152627,0.8932917460824334,9.51488319941324,0.6178801592721792,-0.001928031435312791,0.0011071753910461427,0.0010900248085597493,0.00019412177431308648,2024-06-12,2024-11-04,739048.0,739193.0,4.4928999554585785,0.1634886267806146,0.4110052884837797,0.6905572127380281
2024-11-11,739200.7600043791,0.9050619627928034,8.75194547641688,0.6077786403439055,-0.0015863764774018308,-0.0009011715270364038,-0.0007619671115861986,0.00048116134716133334,2024-06-20,2024-11-04,739056.0,739193.0,4.075801808608753,0.18204238208953533,0.4110052884837797,0.6847726733318927
2025-01-04,739254.0692480569,0.11038806001288595,4.125042493258386,1.501184495959837,-0.5930637129879484,0.0713270063426618,0.050600081182333036,0.050271001761924575,2024-06-27,2024-11-04,739063.0,739193.0,0.7488457855994135,0.22250564310302948,0.4110052884837797,0.3765559716753571
2024-11-13,739202.6773066481,0.3460687061176438,5.540996712780807,0.5048824161247094,0.013400191136916107,-0.013555508034674018,-0.007934074225894523,-0.010991008336640823,2024-07-05,2024-11-04,739071.0,739193.0,2.3022022642955906,0.061740427321669136,0.4110052884837797,0.4725977515098143
2024-12-21,739240.7873844382,0.0574094701858885,8.898668848303945,-0.1592000942134299,0.557340786547407,-0.03223038252744046,-0.03018910628749417,0.011287843878594323,2024-07-12,2024-11-04,739078.0,739193.0,1.7358949443860527,0.11156137535078751,0.4110052884837797,0.3594186358500962
2024-11-18,739207.4037317211,0.3861386860319155,7.246400574186404,0.42979180542426876,0.029479988978235443,0.013304476655888823,0.0037012511338048327,-0.012779273810807838,2024-07-19,2024-11-04,739085.0,739193.0,2.4678756395550003,0.11807297273111851,0.4110052884837797,0.23727468914828997
2024-11-12,739201.6980031336,0.06431721823209748,14.105123544843492,-0.023162151682606335,0.4547842874998622,-0.02115790723937434,-0.0033036462299848145,-0.02089839611877131,2024-07-26,2024-11-04,739092.0,739193.0,5.6900084919812555,0.09801286881214895,0.4110052884837797,0.3287609553654289
2024-11-14,739203.2058473566,0.4825344181807457,8.032386064018166,0.4860244885495607,0.011923950268124614,-0.0076029946854700705,-0.0021923772745713584,0.0072800419005132925,2024-08-02,2024-11-04,739099.0,739193.0,2.970229979537251,0.09421481316918473,0.4110052884837797,0.2540126737910616
2024-11-05,739194.0130187754,0.3777066385577871,6.054598471162563,0.4350722059624157,0.034820437737370966,-0.013608735114361684,-0.0005733412510593392,-0.013596652206432799,2024-08-09,2024-11-04,739106.0,739193.0,4.302126419941755,0.1596194230532297,0.4110052884837797,0.15242272345320962
2024-11-06,739195.4698537862,0.044295509327508815,12.388156254413524,-0.7344397243683242,1.1197097400250144,0.011871810874514062,0.009228349490345053,-0.0074684308341363475,2024-08-16,2024-11-04,739113.0,739193.0,6.917040115315232,0.33724188786409637,0.4110052884837797,0.10593143989832321
2024-11-28,739217.156808594,0.35172322565241304,6.218155060648657,0.19840519841103896,0.09108516302472988,0.004071638199704157,0.00406958411867664,0.00012931639611813117,2024-08-23,2024-11-04,739120.0,739193.0,1.377355430888429,1.265371240160041,0.4110052884837797,0.08308770293927532
2024-11-30,739219.5996910818,0.24039669593952634,2.445675963320068,0.1048031489391436,0.15513427642099228,-0.03085377475257636,-0.026842684441872867,-0.015212682486555577,2024-08-28,2024-11-04,739125.0,739193.0,0.49385184378898317,0.49422992616012046,0.4110052884837797,0.062366529302716404
2024-11-19,739208.2416328728,0.7122937933644912,8.638491836219643,0.3933966296153588,0.011616680269286963,-0.002311366555316266,-0.00213144422367634,-0.0008940698375358301,2024-09-05,2024-11-04,739133.0,739193.0,2.1952011273135477,0.4144140245240528,0.4110052884837797,0.05069682135958168
2024-11-19,739208.1436748664,0.8269933138106265,4.8358073948900016,0.3180946455164985,0.012176343767178738,-0.0018362075736584262,-0.001787302039612461,-0.0004209627926048828,2024-09-12,2024-11-04,739140.0,739193.0,1.1575697902775557,1.134039363835052,0.4110052884837797,0.029065130948734235
2024-11-21,739210.8719397262,0.37311446222355255,14.83857786347501,0.14387928159271424,0.1036524913789395,0.001444286405354236,0.0010927620336957278,-0.0009443698207822175,2024-09-19,2024-11-04,739147.0,739193.0,3.0078897979301598,1.8045803534011458,0.4110052884837797,0.03339854973534976
2025-01-26,739276.1245943017,0.2735483454267352,6.0261248494660045,1.0840991518868037,-0.14576023868220347,0.0270419942757267,0.0010117879700775904,-0.027023059403258526,2024-05-22,2024-11-05,739027.0,739194.0,1.064314437016699,0.24467878844382565,0.4542552722775965,0.43663592489808567
2024-11-10,739199.5383924885,0.7521259671920066,2.883321167179856,0.5379772104894255,-0.0002080928118146616,0.00446150952125895,0.0023245074885858965,-0.0038081139877624926,2024-05-30,2024-11-05,739035.0,739194.0,1.5563140695252902,0.012166700492095336,0.4542552722775965,0.48948377673306864
2025-01-13,739263.0229108897,0.5703822492037988,12.513147230397063,0.8239186770958414,-0.018478186108905666,0.002914252453910602,0.0017328664657945752,0.0023430836896808837,2024-06-06,2024-11-05,739042.0,739194.0,2.3177972359222654,0.2890224731801663,0.4542552722775965,0.8443497851524459
2024-12-03,739222.5900609194,0.22221969866977426,13.687081669461259,0.8820342809780382,-0.13147407238493936,-0.01672140087568168,-0.014246835221409982,-0.008754023841596511,2024-06-13,2024-11-05,739049.0,739194.0,3.928983681897442,0.12765538869824114,0.4542552722775965,0.8675761585817817
2025-01-01,739251.6955225284,0.41657812562305463,4.846852773858111,0.7074043138959345,-0.025614701485611274,-0.014077476010366859,-0.008786908390558783,-0.010998434968593582,2024-06-21,2024-11-05,739057.0,739194.0,0.9382216174261174,0.15638717574510239,0.4542552722775965,0.4086087866564877
2024-12-01,739220.0046875092,0.5957963800456615,2.4002858893457417,0.537588352653212,-0.00428124101449257,-0.010509777711101726,-0.007153742009412386,-0.007699311839348959,2024-06-28,2024-11-05,739064.0,739194.0,0.6844258410647098,0.10111394036723646,0.4542552722775965,0.3607550073112691
2024-11-30,739219.6782409343,0.12869224072738164,4.364814273635366,0.36005745109202386,0.11438293208830713,0.03850370831984444,0.035369495827406394,-0.015216251814909598,2024-07-08,2024-11-05,739074.0,739194.0,1.2057983121073972,0.08758813117706074,0.4542552722775965,0.35481106230925624
2024-11-24,739213.5870662712,0.42640711126103004,4.985028912467245,0.4154474271899073,0.02600291517214398,-0.009727086259132798,-0.000011993154279777147,0.009727078865561005,2024-07-15,2024-11-05,739081.0,739194.0,1.5172591003696396,0.2286630696974053,0.4542552722775965,0.29083490126720873
2024-11-27,739216.4427198572,0.9958249490942301,3.644133739082173,0.4135689271982344,0.0024171787766358007,-0.0012923397149460932,-0.0002489196826522194,0.0012681407376215253,2024-07-22,2024-11-05,739088.0,739194.0,1.0117881448105333,0.5111175309296763,0.4542552722775965,0.22963707332706038
2024-11-27,739216.7158850076,0.8821687491366654,13.183379366130389,0.5150109596051785,0.0011624746678938309,-0.0009680544577247624,-0.0004298532007913889,0.0008673843778223018,2024-07-29,2024-11-05,739095.0,739194.0,3.5220910837166732,0.08035420854463586,0.4542552722775965,0.31880962701059706
2024-12-04,739223.9240770168,0.816413938849788,8.38844882674156,0.4782812497534734,0.0025093272289276945,0.0019064491585041136,0.0013528043779268482,-0.0013433051436747333,2024-08-05,2024-11-05,739102.0,739194.0,1.8754100228473898,0.12810344901869408,0.4542552722775965,0.2107811393493592
2024-11-16,739205.6443452407,0.536304784926772,11.548240900956204,0.45652506823344263,0.0134961464162515,0.0031293534629442065,0.0008176827327691443,-0.003020637026286356,2024-08-12,2024-11-05,739109.0,739194.0,3.8895214393953728,0.20028618681819776,0.4542552722775965,0.2260631960104871
2024-12-02,739221.1988804004,0.7232786128456713,11.140065918373496,0.3784130292209203,0.009821955050880477,-0.0021783832436800933,-0.0016840020566340347,-0.0013818432000768201,2024-08-19,2024-11-05,739116.0,739194.0,2.398291392771845,0.29273962841745904,0.4542552722775965,0.07689637045308113
2024-11-21,739210.7002104912,0.5272659715109541,3.8602004252761017,0.3240890899028881,0.03145819061728216,-0.0039079950958155335,-0.0017843234748764296,0.0034768686207452782,2024-08-23,2024-11-05,739120.0,739194.0,1.0395990051811297,1.0995111030083544,0.4542552722775965,0.07104587012788383
2024-11-23,739212.7938685393,0.19382095784681047,8.432858145265559,-0.04697258019019986,0.2888357058545851,-0.01707460957883115,-0.015002492692921109,-0.008152760591870784,2024-08-29,2024-11-05,739126.0,739194.0,2.0534676392177595,0.38879980484912596,0.4542552722775965,0.05162666407567784
2024-11-25,739214.5648508589,0.5998507579376159,5.918515939199102,0.28659055620282803,0.027520006865802388,-0.00092370878011067,-0.000895517176997016,0.00022646610377016136,2024-09-06,2024-11-05,739134.0,739194.0,1.286228161373994,3.0195613412888207,0.4542552722775965,0.062004376724683036
2024-11-24,739213.5329731256,0.7197416920101555,6.561074120117338,0.2793701884206394,0.018850900585725708,-0.00219782349429529,-0.001159008723654466,-0.0018673850407907853,2024-09-13,2024-11-05,739141.0,739194.0,1.369960839976658,0.9408946692993556,0.4542552722775965,0.023831226920574523
2024-11-05,739194.3412542064,0.12595652900773627,7.508203647592386,0.12795219140464056,0.2896686258942428,-0.007767983144456297,-0.00640910238982635,0.00438918770267111,2024-09-20,2024-11-05,739148.0,739194.0,5.868677915855108,0.625572753879352,0.4542552722775965,0.032211291976660825
2025-01-04,739254.0891644157,0.8328853390269597,13.751151622591845,0.7312103676363304,-0.003817011457380923,0.000788563712866036,0.0004518514287881177,0.0006462685320756415,2024-05-23,2024-11-06,739028.0,739195.0,2.9367940662939107,0.29317897483384076,0.5083224935478722,0.8765008362262713
2024-11-20,739209.9345918684,0.8189868127191671,6.272861845791434,0.6198324104107359,-0.002603653654510398,-0.0015136012979930637,-0.0014986327633644695,-0.00021234106964235997,2024-05-31,2024-11-06,739036.0,739195.0,2.450965558528833,0.2245861174401097,0.5083224935478722,0.78815363848611
2024-12-06,739225.5618429102,0.9245056293787566,10.44921410300527,0.6462319423461227,-0.0017988531327459718,0.0006742232171634209,0.000596836951999116,0.00031362812260796733,2024-06-07,2024-11-06,739043.0,739195.0,2.9724197334701223,0.23605757173675082,0.5083224935478722,0.7913272536218234
2024-11-09,739198.2855028135,0.20816082354571736,10.396648945784992,0.6686616797180363,-0.06131877454243757,-0.019672023793247406,-0.012010972989496091,-0.015579635681481366,2024-06-14,2024-11-06,739050.0,739195.0,6.303694318039702,0.06240940519873674,0.5083224935478722,0.9133437754490291
2024-11-20,739209.1828653553,0.054104412314101485,9.455453857825429,1.1062283249095266,-0.4583805277424795,0.02809883643036928,0.02777189933262647,0.004273899413780019,2024-06-24,2024-11-06,739060.0,739195.0,3.5411959404869315,0.09334436991600248,0.5083224935478722,0.8503635154818854
2024-11-21,739210.6266722066,0.5374912367884429,6.072630875879974,0.5505760116618653,6.757545762985081e-6,0.005006323026229208,0.0019526418221977552,0.004609822139427618,2024-07-01,2024-11-06,739067.0,739195.0,2.143903279878174,0.00011947158670195717,0.5083224935478722,0.5937951132643727
2024-11-17,739206.8471893381,0.6851157360065226,6.903944735770067,0.5278674702905397,0.0019007959567816906,-0.002500770565512263,-0.0016079350772963395,-0.0019153062962702697,2024-07-09,2024-11-06,739075.0,739195.0,2.6476093797653233,0.07542725222571854,0.5083224935478722,0.45745216136613615
2024-12-09,739228.8642736211,0.18262348001839504,14.655919283666696,0.3630183175573045,0.08782439464019094,-0.0066164668148003,-0.0007830798610666593,-0.0065699633973520365,2024-07-16,2024-11-06,739082.0,739195.0,3.4222142985328827,0.1653988844786118,0.5083224935478722,0.382098936843476
2024-11-14,739203.0225081344,0.42383960215146377,7.211330975782481,0.43807343928101433,0.02487308517090522,-0.011639932030767115,-0.004161917641338392,-0.010870439697988048,2024-07-23,2024-11-06,739089.0,739195.0,3.046212293855459,0.12559296612202386,0.5083224935478722,0.24161838693586785
2024-12-15,739234.4484978954,0.6617592646505274,9.261246732067043,0.4298922554502362,0.007128439006278497,-0.0030186925884906723,-0.0019388490714901487,-0.002313734907414915,2024-07-30,2024-11-06,739096.0,739195.0,1.850576929670711,0.1687353688145387,0.5083224935478722,0.2652591098426496
2024-11-08,739197.4601799989,0.971377025248455,7.847306615409168,0.5200338708534065,0.0011566704119976919,0.0011936070506334262,0.0010325867856847053,0.0005987172298766383,2024-08-06,2024-11-06,739103.0,739195.0,4.556054377938141,0.11995419933232657,0.5083224935478722,0.2238433822304577
2024-12-16,739235.5539547354,0.27633609382700614,11.150720670699226,0.1564471743440153,0.12277981676039527,0.012714766953902033,0.012337660924144503,0.0030736658264809754,2024-08-13,2024-11-06,739110.0,739195.0,2.0055838322373893,0.23930581615534352,0.5083224935478722,0.15782238877807744
2024-12-01,739220.0484212217,0.906603306202922,10.852279227299205,0.41376504489970434,0.003835422032659083,-0.001025972008363129,-0.0007185871314042966,0.0007322916744882578,2024-08-20,2024-11-06,739117.0,739195.0,2.442922623248969,0.31230143920149506,0.5083224935478722,0.07462722002756395
2024-12-05,739224.9734325258,0.2748744043945593,3.216885896361876,0.2953735390503706,0.07873426200147275,0.018957353719822694,0.006609845321643182,0.01776770117045047,2024-08-26,2024-11-06,739123.0,739195.0,0.6268728068594006,0.3548825885057898,0.5083224935478722,0.07065572537788285
2024-11-16,739205.897518021,0.07048736009123215,11.531781468503125,-0.9195872559361449,1.1487008280409674,-0.019152222479184484,-0.01873187583555362,0.003990545523306531,2024-08-30,2024-11-06,739127.0,739195.0,3.6332661104352777,0.36660855728394376,0.5083224935478722,0.06456353207072273
2024-11-29,739218.0163877234,0.28320927786051137,3.2250858288222775,-0.017541370577729955,0.191187320304651,0.0030395132144025432,0.0030394965420723788,0.000010067336178605763,2024-09-09,2024-11-06,739137.0,739195.0,0.6459451492293271,5.523587650688869,0.5083224935478722,0.056227803126858586
2024-11-30,739219.8478294259,0.2861194533557297,5.889330653312076,-0.2452957474375566,0.26613931798612617,-0.00878508106932515,-0.00435730421395189,0.007628338572827783,2024-09-16,2024-11-06,739144.0,739195.0,1.0460060275296854,1.471786159185682,0.5083224935478722,0.03835229137019994
2024-11-10,739199.5639616705,0.25802219063028403,9.1491420101225,0.22980859851978652,0.1374668356298645,-0.0012800076434724744,-0.0007203006216268124,0.0010581051846730476,2024-09-23,2024-11-06,739151.0,739195.0,3.443299839121879,3.0287404806550056,0.5083224935478722,0.035637083773322274
2024-11-12,739201.8382247407,0.6985841389320618,6.680401117851402,0.6285512546644787,-0.005677830847074769,0.0025630744268020198,0.0014273076353422262,-0.0021288831417953136,2024-05-24,2024-11-06,739029.0,739195.0,3.4340139186974366,0.23165272505864964,0.5083224935478722,0.9114727123773206
2024-11-23,739212.7610432953,0.6345817526049519,8.222031748156258,0.6595271658676212,-0.008641104797114895,0.0027949636277628588,0.0015396160855489288,0.0023326817163162898,2024-06-03,2024-11-06,739039.0,739195.0,2.984436955001281,0.23861708832003153,0.5083224935478722,0.9094304039471706
2024-11-21,739210.5132558282,0.488445632073797,13.3029903958889,0.6725075161516079,-0.017952816391032377,0.007027006589448503,0.004376803894238887,0.005497491180486603,2024-06-10,2024-11-06,739046.0,739195.0,4.999423087225751,0.09380568975836347,0.5083224935478722,0.850699946111183
2024-11-29,739218.0140134143,0.17758176232671244,5.5676430127217165,0.6951702475734106,-0.07506118761085231,0.027367985557470335,0.02454488468290244,-0.012106001378528177,2024-06-17,2024-11-06,739053.0,739195.0,1.7455876703403352,0.08747814796028511,0.5083224935478722,0.8043199157668232
2024-12-27,739246.3025918885,0.26221834610242994,5.245961894696602,0.7686052458756482,-0.0680592151151414,0.02673308393461787,0.020966753424208222,-0.016584722714105802,2024-06-25,2024-11-06,739061.0,739195.0,1.0722460310108417,0.12725528166225225,0.5083224935478722,0.4414528945181336
2024-12-06,739225.6233542926,0.7857412930966496,8.032618535922452,0.5688864670437426,-0.0005987714461302646,0.000940214107559061,0.0004687963054563453,-0.000815004657682128,2024-07-02,2024-11-06,739068.0,739195.0,2.0946393327320174,0.06229551099837293,0.5083224935478722,0.6225193151217172
2024-12-25,739244.2261182341,0.5364491624650719,8.148933529940116,0.47488404641938553,0.0074673457272805095,0.004339088552286932,0.004052118415838025,-0.0015517814951254698,2024-07-10,2024-11-06,739076.0,739195.0,1.5937934415360289,0.11329103435213159,0.5083224935478722,0.3956580083019676
2024-12-12,739231.6822007964,0.8914409254292923,10.98280880674038,0.5082392277409109,0.0010756021829403737,0.0009539314202242561,0.0008447046216771026,-0.00044323724641371146,2024-07-17,2024-11-06,739083.0,739195.0,2.4463157397112534,0.09151950581938449,0.5083224935478722,0.2987432175971608
2024-11-22,739211.2541501496,0.5984783892012392,12.303219642509383,0.48970498417661906,0.006081680939593125,-0.0030859378864688566,-0.0028417116047250272,-0.0012031989838405723,2024-07-24,2024-11-06,739090.0,739195.0,3.93491784608669,0.09586634005886874,0.5083224935478722,0.3312763783364859
2024-12-21,739240.1194864485,0.1962283267028309,12.108872633202811,0.25847609774392744,0.1264377988282468,0.022221445497095784,0.01832990143600699,-0.012562139679476081,2024-07-31,2024-11-06,739097.0,739195.0,2.224678351911696,0.09220672769779538,0.5083224935478722,0.2537276833574552
2024-12-01,739220.7516324457,0.818641125164973,3.7473345939282874,0.5399364252624311,-0.00040465784402894493,-0.003262765970348781,-0.0031880998549508226,-0.0006940180776669773,2024-08-07,2024-11-06,739104.0,739195.0,0.9014992464828537,0.02709399990336912,0.5083224935478722,0.11289417912109874
2024-11-27,739216.4108341852,0.753023822875091,8.202128626089971,0.4403778713322326,0.005904714950492958,-0.0021267046776021377,-0.001960672757833724,-0.0008237931308426354,2024-08-14,2024-11-06,739111.0,739195.0,2.080781141510847,0.2549023802619781,0.5083224935478722,0.12655715707841528
2024-11-16,739205.2013656626,0.5081258363225135,9.122755580129851,0.3818524845156519,0.028216663011696706,0.004608132615887566,0.0023081551348396304,-0.003988396429534082,2024-08-21,2024-11-06,739118.0,739195.0,3.1154073967420466,0.3410561780456786,0.5083224935478722,0.08134615748846177
2024-11-15,739204.9038483456,0.11749300628196216,6.845746833443822,-0.20124484111951682,0.4985750700213989,-0.023124178566348744,-0.017265403148113347,0.015382895972524176,2024-08-27,2024-11-06,739124.0,739195.0,2.288390590511256,0.37004575500542103,0.5083224935478722,0.053925658812551264
2024-11-08,739197.0614410584,0.5509087069112316,6.373385412003139,0.42880573187537496,0.020278064898105578,0.004987693106719118,0.0034674593047288238,-0.003585220843527343,2024-09-03,2024-11-06,739131.0,739195.0,3.5169540690976615,0.35142790176300476,0.5083224935478722,0.060539560360251064
2024-11-27,739216.3489498356,0.2394517582296885,10.67263206758962,-0.06992767711628826,0.25079903402167747,0.011344442922517687,0.00757735576982692,0.008442752202909447,2024-09-10,2024-11-06,739138.0,739195.0,2.2084715816224794,0.49600856706696284,0.5083224935478722,0.038268640406470274
2024-11-20,739209.2138569042,0.8594556311620545,10.861913805875991,0.3879415722889572,0.00726937993719629,-0.00010824512493880281,-0.00003091872819736972,0.00010373542943312183,2024-09-17,2024-11-06,739145.0,739195.0,2.606923667361642,5.313811339858791,0.5083224935478722,0.04539926079297799
2024-11-12,739201.230356906,0.7631352095061732,2.833974580239738,0.4239183223216133,0.008822846967805087,-0.0018288229519552027,-0.0017958856493843856,0.00034552586579497245,2024-09-24,2024-11-06,739152.0,739195.0,0.9323365281201675,1.2991001231600625,0.5083224935478722,0.035209541250701415
2024-11-28,739217.9034954172,0.09916306995506499,4.355199642511655,1.053374174644824,-0.34414399803871537,0.06326548983832316,0.062362658280668656,0.010649932236944942,2024-05-28,2024-11-07,739033.0,739196.0,1.4786224399042465,0.12385547818653926,0.4803664162812822,0.7630442239942373
2024-12-15,739234.5505363758,0.5832176455067558,12.88039853922005,0.7122950740688792,-0.012810839769822764,0.004138758589528937,0.002407740319688554,0.0033663198325984446,2024-06-04,2024-11-07,739040.0,739196.0,3.31834614570378,0.14015508481706143,0.4803664162812822,0.8029474131908331
2024-11-30,739219.5766611976,0.11265247501272828,5.205565315170748,0.8581234257779351,-0.20271060105120928,-0.042365758665264784,-0.02077450246551357,-0.036922588676768446,2024-06-11,2024-11-07,739047.0,739196.0,1.6491820429604505,0.10354623472199037,0.4803664162812822,0.8805317687549361
2024-11-07,739196.4796962113,0.7291125172689473,6.005185016727859,0.5777871065882556,-0.0022228575731546517,0.0020672004105552386,0.0011072166860281072,0.0017456771601818827,2024-06-18,2024-11-07,739054.0,739196.0,5.441878830296001,0.13055611434660533,0.4803664162812822,0.78910733567853
2025-01-11,739261.9665584378,0.018505281085339224,6.003383646803433,4.9036271981462605,-3.994781275126473,-0.08246188709677757,-0.06841994611640458,-0.04602905383548509,2024-06-26,2024-11-07,739062.0,739196.0,1.059616337127147,0.1493273385116306,0.4803664162812822,0.4342216208492389
2024-12-14,739233.0453193381,0.5134674411551511,2.7193982225883886,0.6066095673267744,-0.012816903298709076,0.013480988868189402,0.012673375663995956,-0.0045959340882438275,2024-07-03,2024-11-07,739069.0,739196.0,0.6440151463170682,0.17951529558523943,0.4803664162812822,0.35783115435501794
2024-11-24,739213.2991397224,0.7463626458813547,8.534695524527702,0.5224129111990139,0.0015673979330986093,0.0015673766863717772,0.0009898997539817054,-0.00121522349962825,2024-07-11,2024-11-07,739077.0,739196.0,2.803876876623468,0.08745159814168774,0.4803664162812822,0.40165704961814835
2024-12-31,739250.3907355398,0.6126895934341291,2.713857404859911,-0.03530762844879301,0.031981236349711756,0.010537358618394166,0.0053308612888622155,-0.009089435877520459,2024-07-18,2024-11-07,739084.0,739196.0,0.4829534667806929,0.6851993897818811,0.4803664162812822,0.2685350696600384
2024-12-12,739231.9022012631,0.3585885210807021,4.120322873194469,0.3432620647768022,0.04321942137386307,0.013326568639595554,0.005988951752630906,-0.01190503627086079,2024-07-25,2024-11-07,739091.0,739196.0,0.8966126250385378,0.2822446649837554,0.4803664162812822,0.2469415277410776
2024-12-23,739242.2042170499,0.429224497850741,13.745881772055192,0.42739558403238825,0.019418647769986055,0.007486490202736838,0.003545296014855828,0.006593816172954933,2024-08-01,2024-11-07,739098.0,739196.0,2.4899798018876766,0.0809939576525947,0.4803664162812822,0.26839915014724325
2024-12-08,739227.5913760494,0.48950848385436585,3.8497441654472375,0.6344199088056488,-0.013873790529707703,-0.013596974414461492,-0.0053463653009786765,-0.012501763527439303,2024-08-08,2024-11-07,739105.0,739196.0,0.8308122370601724,0.1297421846436517,0.4803664162812822,0.10925542664628751
2024-12-11,739230.040499209,0.7545922697602343,3.6844965702285655,0.5351401039529455,-0.000441212571017466,-0.003698804684681013,-0.003298452725718945,-0.0016737280877177957,2024-08-15,2024-11-07,739112.0,739196.0,0.7291820658720928,0.024429842896293606,0.4803664162812822,0.08654461170493964
2024-11-07,739196.5001531891,0.35623521614628967,13.792502216270446,0.39729176823465623,0.05058025017991221,-0.007793559578664001,-0.002502535565361941,-0.007380845930534249,2024-08-22,2024-11-07,739119.0,739196.0,11.070380848425929,0.16762504251058122,0.4803664162812822,0.08145533783370036
2024-11-13,739202.4154576268,0.30029864110789944,3.176544204187051,0.2956342929688863,0.09060382962400906,0.008375319962770762,0.005068685489794376,-0.006667414182749889,2024-08-27,2024-11-07,739124.0,739196.0,1.2655805663104842,1.0226890619394933,0.4803664162812822,0.0761556776716884
2024-11-24,739213.1410840553,0.32398126724373993,11.884800701933493,0.17712404151150993,0.11252009887442213,0.005803633521721486,0.0014249685652960424,-0.005625977838773226,2024-09-04,2024-11-07,739132.0,739196.0,2.940774872544586,0.5285159776146446,0.4803664162812822,0.07250574038929153
2024-11-29,739218.5427787865,0.9770102976403747,7.320529921770381,0.37427686611774724,0.004162985569486495,-0.0003224008052055283,-0.000054323641129882665,0.0003177911597442016,2024-09-11,2024-11-07,739139.0,739196.0,1.4690496488252913,1.7233179385681034,0.4803664162812822,0.048511955140005114
2024-11-23,739212.9387885181,0.41259107437140397,3.1902389267381865,0.18063924233523126,0.08204670505782069,-0.00239479159741988,-0.0022959727880623366,0.0006808345992604373,2024-09-18,2024-11-07,739146.0,739196.0,0.697725461572243,4.430880504246345,0.4803664162812822,0.045363354048015204
2024-11-27,739216.587965808,0.26885657720411854,9.070530530705,-0.02277285760467421,0.2090342908074391,0.010957108209323203,0.0015158735774327455,0.010851743989242426,2024-09-25,2024-11-07,739153.0,739196.0,1.6279952994926645,0.5654699888358713,0.4803664162812822,0.02733051669007056
2025-01-16,739266.1687616418,0.6477151970629974,7.904744803793775,0.720463118616326,-0.008117871235531647,0.003126157634630022,0.0011997892978037998,0.0028867572113759486,2024-05-29,2024-11-07,739034.0,739196.0,1.5053689030596606,0.21277838983779865,0.4803664162812822,0.7598818988434779
2024-11-27,739216.5625307612,0.36052073749294783,2.6382641645868237,0.7102331861121056,-0.04628427863267251,0.02805853673771769,0.0108668780080856,-0.02586875424559983,2024-06-05,2024-11-07,739041.0,739196.0,0.9004704677768671,0.22541377542594523,0.4803664162812822,0.40183498887335667
2024-11-24,739213.2039702602,0.1122585074458631,2.938660678268591,1.029957814390182,-0.3216642738125265,0.07463773328066448,0.07429741835016476,-0.007119329728015865,2024-06-12,2024-11-07,739048.0,739196.0,1.0579618067969314,0.16463198259219902,0.4803664162812822,0.4449604855104504
2024-11-08,739197.9096066783,0.9227563893488075,6.336949003305583,0.5749273834996581,-0.0008949313858098403,-0.0008143723342384571,-0.0007603525231518741,0.0002916613435297384,2024-06-20,2024-11-07,739056.0,739196.0,4.3451580094446545,0.16001974601623523,0.4803664162812822,0.7637618278387718
2024-11-09,739198.5310923209,0.3943244858564571,12.493416003290493,0.5733782049171986,-0.007391126472349586,0.008465782297705877,0.0012455294113145224,0.008373656692132823,2024-06-27,2024-11-07,739063.0,739196.0,7.914881727665376,0.027555994032210124,0.4803664162812822,0.7214742106841592
2024-12-12,739231.3804955798,0.5758939918980094,10.02072145659495,0.5547312485255043,-0.00038395423975825225,-0.0017424553947436993,-0.0009171251020796049,0.001481564156493702,2024-07-05,2024-11-07,739071.0,739196.0,2.410433778868652,0.012663721634708802,0.4803664162812822,0.5934664753448654
2024-11-09,739198.0239473443,0.5941676392224101,5.405555596707932,0.4846206631343004,0.008348355300790379,-0.006006477304701158,-0.005190941634415042,0.003021902473606087,2024-07-12,2024-11-07,739078.0,739196.0,3.5123818244701903,0.15277410207520647,0.4803664162812822,0.28837398274260784
2024-12-25,739244.9331600908,0.15690338976733134,10.418838508659892,-0.0020283489795525082,0.2751081262996759,-0.021398444875750662,-0.010001826288306148,-0.018917106385467296,2024-07-19,2024-11-07,739085.0,739196.0,1.9638188348845598,0.19361287165070673,0.4803664162812822,0.32972362732029264
2024-11-26,739215.1861926842,0.2836500468117827,13.822013554770926,0.3836578469040266,0.05416152890840115,0.009911870234165012,0.0016286434799981033,-0.00977715152557154,2024-07-26,2024-11-07,739092.0,739196.0,4.0906191732157415,0.11213646282453711,0.4803664162812822,0.3365731831602556
2024-11-23,739212.1661522816,0.12501799581146436,14.095311621498215,0.2805792001878689,0.16578402249658503,0.015902564207747816,0.015117277905176339,-0.0049355300747953275,2024-08-02,2024-11-07,739099.0,739196.0,4.365396373874155,0.09246414661673841,0.4803664162812822,0.3244087407380879
2024-12-18,739237.7891816329,0.8339885849749962,3.9795287645679713,0.6348390267074422,-0.003360105005539113,0.0033360989618196166,0.002225421715233806,-0.002485368075843042,2024-08-09,2024-11-07,739106.0,739196.0,0.7274577121295407,0.21107771433005632,0.4803664162812822,0.10010261539275295
2024-12-17,739236.0677533755,0.17503295028270308,9.306667731059935,-0.2608865356398425,0.3877222761380136,-0.011028868852797385,-0.009177780092439618,-0.0061159055541287885,2024-08-16,2024-11-07,739113.0,739196.0,1.662150553518071,0.6611734189961531,0.4803664162812822,0.12689312798427063
2024-12-08,739227.5163670285,0.8651476933256299,13.007563821389402,0.3697427472036946,0.005360218712756549,0.0011216901596698232,0.0011163447311326904,0.00010937666831822389,2024-08-23,2024-11-07,739120.0,739196.0,2.540439316339187,0.31783658763534733,0.4803664162812822,0.05324408030538282
2024-12-06,739225.4001318015,0.47175932331261816,5.284788988868797,0.3020744128037177,0.03715532905714932,-0.0046209072532446185,-0.004553868373243387,-0.0007842618709731843,2024-08-28,2024-11-07,739125.0,739196.0,1.0330094025390881,0.7177723102605854,0.4803664162812822,0.07468996938561469
2024-12-06,739225.5808857854,0.6204574819281236,4.576286047363384,0.3757083926893709,0.01400584053066664,0.002859391911506067,0.002529774743146074,0.0013328022555977818,2024-09-05,2024-11-07,739133.0,739196.0,0.8310009960703852,0.6641013391665469,0.4803664162812822,0.06933610817349213
2024-11-16,739205.9790063052,0.17792327077074924,8.212075822829092,-0.03835140311743031,0.31870014111587547,-0.013378120292996594,-0.0006320849772390837,0.01336317967983053,2024-09-12,2024-11-07,739140.0,739196.0,2.4687167450442393,0.5161393399470313,0.4803664162812822,0.045296705371939666
2024-11-21,739210.4840068365,0.13740274923629595,11.46194360727359,-0.3177653436362576,0.5293539894313369,0.005395819043612964,0.005083606059741159,0.0018088152423006876,2024-09-19,2024-11-07,739147.0,739196.0,2.695735606109955,1.1760504946609398,0.4803664162812822,0.043467416773588056
2024-11-12,739201.6182793722,0.5070731226918536,7.966784726132314,0.39117257970497826,0.028419876577393074,0.0015575990412250748,0.0008118898791829043,-0.0013292665636754884,2024-09-26,2024-11-07,739154.0,739196.0,2.709858422817205,1.1613256698206078,0.4803664162812822,0.03911175485618504
2024-12-23,739242.1551930342,0.7998359952467069,5.161693553416043,0.5919271155468163,-0.0014328485639702754,0.002283121149127602,0.000901075962656267,-0.0020977855684308684,2024-05-30,2024-11-08,739035.0,739197.0,1.251456437504704,0.09724786230149192,0.47000362924573563,0.4878561412291532
2024-12-23,739242.9739354651,0.5563563954179275,12.886198521080114,0.7192692364285922,-0.014708004949750587,-0.003775453481068163,-0.0006456121836551248,0.0037198432622928867,2024-06-06,2024-11-08,739042.0,739197.0,3.0252870744357194,0.16819493402959954,0.47000362924573563,0.9025631558600712
2025-01-16,739266.878316248,0.8820421979183042,8.861233613078456,0.6271148954138738,-0.0012718311321078754,0.0007210835928822672,0.0006733051774221618,-0.00025811177032539705,2024-06-13,2024-11-08,739049.0,739197.0,1.6037772201594436,0.17556543386428206,0.47000362924573563,0.7839772678406622
2024-12-02,739221.267861074,0.8426172735393502,6.889291592560278,0.5797554934933031,-0.0010177320616195486,0.0011437695966374588,0.0011425743003022654,0.00005227674895213091,2024-06-21,2024-11-08,739057.0,739197.0,2.096819558071111,0.10883051874066789,0.47000362924573563,0.7338147608765738
2024-12-14,739233.6661805596,0.26564860507835025,12.420437618896692,0.67830776351223,-0.04275093698092288,-0.00930730770771052,-0.0010688972776694945,-0.009245725248772992,2024-06-28,2024-11-08,739064.0,739197.0,3.0283744294164867,0.09824087166882726,0.47000362924573563,0.722245747508232
2024-12-14,739233.9416576958,0.992692845876816,13.014411889107466,0.564701776794511,-0.00020917118244944584,0.00016476342167288873,0.00003519129400175996,0.00016096135544856673,2024-07-08,2024-11-08,739074.0,739197.0,3.0354381783742954,0.09683478521303396,0.47000362924573563,0.5601733849314022
2025-01-03,739253.4416000798,0.3118672361410831,10.971122021768391,0.30623535024776316,0.058606302096602614,0.008826575550387128,0.0010105050820262227,0.008768541237052542,2024-07-15,2024-11-08,739081.0,739197.0,1.9501448139838906,0.18874296910875796,0.47000362924573563,0.37702995093564584
2024-12-04,739223.8927064547,0.04061694123215754,11.154450181664167,-0.9634848746725098,1.2797341152048216,0.03339758331927455,0.020796161094294847,-0.02613270470709114,2024-07-22,2024-11-08,739088.0,739197.0,2.8759818379258935,0.13952876556578112,0.47000362924573563,0.3166430466267825
2024-12-09,739228.7060120951,0.19115075989400881,13.765915506316016,0.270057163469651,0.12574349134275808,0.009632184381290324,0.009345589911536082,-0.0023321503297532653,2024-07-29,2024-11-08,739095.0,739197.0,3.1530249677973954,0.18127238823194214,0.47000362924573563,0.35756811394132393
2024-12-16,739235.7563469725,0.009281871930358456,8.821764788320744,-8.138548943027528,8.345030738146368,-0.043163027519955974,-0.023203521651655696,0.036395652592715266,2024-08-05,2024-11-08,739102.0,739197.0,1.739204357328201,0.2034211659374288,0.47000362924573563,0.28590976258479994
2024-11-20,739209.6303047305,0.430807068342688,4.034949405393629,0.39310386840261063,0.030206683531748345,-0.01029767288613404,-0.009944747070441483,-0.0026728397959409605,2024-08-12,2024-11-08,739109.0,739197.0,1.3327555287323256,0.31319057231276687,0.47000362924573563,0.15173998706190092
2024-11-28,739217.6434233555,0.11087770750306294,7.204079701348885,-0.3821517601236067,0.6084794676876406,0.012792365047863637,0.0063508152062181,-0.011104582375500313,2024-08-19,2024-11-08,739116.0,739197.0,1.8277093478444748,0.7320838276443707,0.47000362924573563,0.10785521252052724
2024-11-09,739198.7273968977,0.8199967110136914,6.371395620703678,0.457068521884568,0.005938183786743408,0.0015793543948636238,0.0012231201004567508,-0.0009991684164512562,2024-08-23,2024-11-08,739120.0,739197.0,3.872996245692638,0.4838954955397051,0.47000362924573563,0.0652056446401484
2024-11-25,739214.8090942611,0.9092963380468317,12.241437577038656,0.4177541533650882,0.004198675769888573,0.000848284502456223,0.0006257462492046192,0.0005727374867369452,2024-08-29,2024-11-08,739126.0,739197.0,3.1304654997534676,0.3676578352694496,0.47000362924573563,0.07144717429474746
2024-11-11,739200.4559568388,0.16316520560036898,13.913784260828367,0.11541081149365458,0.2601688076166795,0.013796058502665444,0.009975813647371313,-0.009529657511258616,2024-09-06,2024-11-08,739134.0,739197.0,6.546881431196634,0.22114773037041233,0.47000362924573563,0.06202436887999385
2024-12-02,739221.2941082896,0.41564983658745824,3.0095675048349446,-0.017884978154906774,0.11797987988571007,-0.0079927723375797,-0.007837843291721646,0.001566084983260251,2024-09-13,2024-11-08,739141.0,739197.0,0.5726115920684035,2.0386094443022875,0.47000362924573563,0.04747200758076034
2024-11-25,739214.0841760864,0.3752991513293663,13.24892210475012,0.19871721597448053,0.08689462627800837,-0.002397223812395851,-0.0002652032878036093,0.0023825090184206765,2024-09-20,2024-11-08,739148.0,739197.0,2.852507411222894,1.0267893898009612,0.47000362924573563,0.038844461961173235
2024-11-09,739198.5843343766,0.5651716984722311,2.872419486292224,0.42489128159094547,0.017887265921320984,-0.004971650865757064,-0.004726929749393078,0.001540599712866927,2024-09-27,2024-11-08,739155.0,739197.0,1.5152713001225364,0.707906471389948,0.47000362924573563,0.03533400786796105
