tc_d,tc,m,w,a,b,c,c1,c2,t1_d,t2_d,t1,t2,O,D,p2,best_cost
2024-06-15,739051.6813922834,0.015903476310837886,9.34341482878024,-12.227368738490423,11.763179558378825,0.04387403916383131,0.043691091328972316,0.0040024806099222725,2023-11-13,2024-05-06,738836.0,739011.0,2.480447316158388,0.45635576686777357,0.011533471038634592,0.33008705748702233
2024-06-13,739049.9241926038,0.5076738808930757,4.771008597169093,-0.03830180805395608,0.04558588753594628,-0.005788419621082606,-0.00350675505272874,0.00460526554173541,2023-11-20,2024-05-06,738843.0,739011.0,1.2686397053116494,0.8380019490765624,0.011533471038634592,0.320558784577288
2024-06-21,739057.9527427192,0.008702260052682488,8.131728718728754,-23.80704747345212,23.26867396446971,0.02178433912190655,0.01029795198149756,0.019196604282137993,2023-11-28,2024-05-06,738851.0,739011.0,1.9197572327307957,1.143079459541582,0.011533471038634592,0.37766980619356
2024-07-01,739067.3039251026,0.26761039193053776,5.371942438044977,-0.5783032576835281,0.2819520811802385,0.01633508762044893,0.01529983465373542,-0.0057227744264561585,2023-12-05,2024-05-06,738858.0,739011.0,1.1225969539766198,0.8598554730201051,0.011533471038634592,0.294647458941111
2024-05-16,739021.336275877,0.6842963087089445,7.677140479239633,0.22123346301138969,0.011043356204817919,-0.0016587541030622212,-0.0015846594209510845,0.0004902241263103316,2023-12-12,2024-05-06,738865.0,739011.0,3.3189850281105544,0.5934221875787097,0.011533471038634592,0.3906247817052001
2024-05-28,739033.5761978825,0.1593439893130493,12.335177078178395,-0.5016052541105214,0.4609078396808185,0.014372785682911516,0.01367638153732341,0.004419678306445574,2023-12-19,2024-05-06,738872.0,739011.0,3.86374467130955,0.4142508831421627,0.011533471038634592,0.33743960076458007
2024-06-17,739053.9454383623,0.6363077391596176,6.005004975642975,0.06426619354037895,0.019196063841575847,-0.002484292412734146,-0.0012019025183313185,0.0021741985025285245,2023-12-27,2024-05-06,738880.0,739011.0,1.3368805887187722,0.8187726108988166,0.011533471038634592,0.35536443791345373
2024-06-19,739055.2922793791,0.35358763640792096,3.738310106847737,-0.43848017704843767,0.1664125035567132,-0.016562556124714974,-0.013127773972506043,-0.010098505627622654,2024-01-04,2024-05-06,738888.0,739011.0,0.7906754253142501,0.9503429065647024,0.011533471038634592,0.26018984700350434
2024-05-21,739026.0605864133,0.8292997344896573,2.863075845040205,0.1359561208324592,0.008629562884254231,0.00242044631016575,0.00004328926945778884,-0.002420059168604116,2024-01-11,2024-05-06,738895.0,739011.0,0.9858836205733054,1.0326948650486476,0.011533471038634592,0.288073964990724
2024-06-24,739060.5845173419,0.3822214499066835,3.1700718091713416,-0.9004755876287295,0.2217337532983604,0.024560848835870057,0.014444141133921973,0.019864593689320777,2024-01-19,2024-05-06,738903.0,739011.0,0.583382616681144,1.0885149339404483,0.011533471038634592,0.2404116800177963
2024-06-07,739043.1919862098,0.034281532300348035,7.3211375479553515,-5.896130592731724,5.431011614417207,-0.01776755562197675,-0.014351609422041984,0.010474604516505306,2024-01-26,2024-05-06,738910.0,739011.0,1.6546635050814926,1.431313300806236,0.011533471038634592,0.27972706794848773
2024-06-16,739052.1505367714,0.6656764057524546,12.172688106953633,-0.03343350947971373,0.022878865326609342,0.0017262822262046082,0.0000913077020515501,-0.0017238657801743158,2024-02-02,2024-05-06,738917.0,739011.0,2.3037964064828573,0.7247685712595621,0.011533471038634592,0.277921177434282
2024-06-10,739046.7716629594,0.8524966944433234,13.77526138804541,0.08999074848873766,0.007534813120438305,-0.0005073915468588876,-0.0004997818409152332,-0.00008754594973632567,2024-02-09,2024-05-06,738924.0,739011.0,2.70360348414206,0.9190139696612415,0.011533471038634592,0.28272524314431713
2024-05-10,739015.9576335225,0.7577008076447151,2.0748906426031706,-0.004260069289835355,0.027965183462368374,0.009174890426078967,0.007841334938057084,-0.004763620547415675,2024-02-16,2024-05-06,738931.0,739011.0,0.9382549127989382,1.1130619191542794,0.011533471038634592,0.17579096041657924
2024-06-06,739042.3649641327,0.49030324378896484,7.836983292144252,-0.16068824235246712,0.06974602711510705,0.0021555324826040547,0.001533750322166243,-0.0015145726238170768,2024-02-26,2024-05-06,738941.0,739011.0,1.4631215434553058,2.024327374941603,0.011533471038634592,0.2569491311277633
2024-05-15,739020.4161038694,0.9133763579079233,9.802330282141362,0.16009410762778453,0.007129843942773967,0.0008583985543245521,0.0008318735812151261,0.00021174140582985192,2024-03-04,2024-05-06,738948.0,739011.0,3.182593602088092,0.7739474630554186,0.011533471038634592,0.26088797731288743
2024-05-19,739024.292301306,0.5020798790455764,6.9362944789314245,0.013618158735031966,0.0526502806829058,-0.006381732953406918,-0.006339929965490689,0.000729248600460093,2024-03-11,2024-05-06,738955.0,739011.0,1.8227783633931092,0.5971828929808695,0.011533471038634592,0.2120381126071084
2024-05-22,739027.1978577584,0.018543639677913063,10.582397775915881,-12.162248259561471,11.692413540861773,-0.031531675360963976,-0.030024275515896738,-0.009632727070500146,2024-03-18,2024-05-06,738962.0,739011.0,2.3453856713435273,0.6497825118044944,0.011533471038634592,0.1881177228131144
2024-07-16,739082.2968482623,0.19243200225663132,6.669008649218192,-1.1787027549022295,0.628565005200348,0.024546530292059124,0.022936626843178005,0.008743185828734424,2023-11-14,2024-05-07,738837.0,739012.0,1.326483418386757,0.7388837309079617,0.0,0.36558166328923136
2024-05-09,739014.3104770028,0.5610293065444257,14.955305999018975,0.2027884831633182,0.02128540990933039,-0.0005178879971510689,-0.0002425099124176521,0.00045759908213667604,2023-11-21,2024-05-07,738844.0,739012.0,10.235309277759956,1.5418297351576127,0.0,0.47664097604073563
2024-06-30,739066.7516506269,0.01660684502836918,6.76946910349373,-13.624029743929146,12.986555522411408,0.035214102563454044,0.035134000299619786,0.0023738244028944974,2023-11-29,2024-05-07,738852.0,739012.0,1.472447796754955,0.9047110074761096,0.0,0.4086266444736028
2024-07-21,739087.3469821389,0.07209134055052237,7.532446592534902,-3.5878009650174194,2.8177266128412093,0.03570702300266955,0.0090853135384365,-0.034531848627339295,2023-12-06,2024-05-07,738859.0,739012.0,1.329213374175493,0.7552526378723241,0.0,0.3777558253731033
2024-06-27,739063.1133709857,0.08714807306115203,7.645148621729394,-2.1975733397097663,1.7378315221356173,-0.01230784617091589,-0.0029648944911112207,-0.011945395683003027,2023-12-13,2024-05-07,738866.0,739012.0,1.6423053438225004,1.6095240381758644,0.0,0.46045190117284973
2024-06-22,739058.2251032676,0.7181177942555615,10.05050435209522,0.08456130523628384,0.011680469961150842,-0.0017803734749085097,-0.001121694549336024,-0.0013825812989288028,2023-12-20,2024-05-07,738873.0,739012.0,2.220305515611383,0.46876700325649345,0.0,0.4334144526480135
2024-06-15,739051.976802943,0.589739582509193,8.362348567781385,0.017221058153490208,0.026629064850017755,-0.0030544969662073262,-0.00004493983878419853,0.0030541663555641104,2023-12-28,2024-05-07,738881.0,739012.0,1.9341150934651532,0.6148203430405585,0.0,0.42641677989127014
2024-06-24,739060.8853859844,0.880734443107352,10.60353562802985,0.1064811320155103,0.005067659824654119,0.0008531872140144668,0.0008028001163113982,0.00028886051202643286,2024-01-05,2024-05-07,738889.0,739012.0,2.121909267503341,0.4933525721494359,0.0,0.42397948302853306
2024-06-10,739046.5343396359,0.12946049957258834,5.159973644587339,-1.461361008349639,1.0576429572984416,-0.02432718180121645,-0.024304597406478872,-0.0010480072988377964,2024-01-12,2024-05-07,738896.0,739012.0,1.2090530508792572,1.0907797738663956,0.0,0.3467985152398535
2024-05-30,739035.8012350741,0.5440340509740195,8.068070044621965,-0.008688152888342094,0.04069660766070908,-0.004422988242652488,-0.002334132324990935,-0.0037569470696397302,2024-01-22,2024-05-07,738906.0,739012.0,2.17813084617267,0.6204386545570775,0.0,0.33405623606704926
2024-06-07,739043.7349473936,0.7692658116943876,11.963566492217137,0.08486225716989923,0.010947092853758292,0.00013122973656595256,7.479607119243448e-6,0.00013101640827205993,2024-01-29,2024-05-07,738913.0,739012.0,2.6956805793658436,5.363920206923381,0.0,0.39988345606400366
2024-05-23,739028.6007780618,0.6742338431266429,4.256303938892144,0.017944271870053406,0.02517385683250348,-0.0032258707607800857,-0.0031553284605362274,-0.0006709280672217923,2024-02-05,2024-05-07,738920.0,739012.0,1.2723345130911505,1.2361771424534251,0.0,0.2972930724492965
2024-05-18,739023.6984253486,0.0118257951050087,3.561013271233457,-18.39774616584767,17.966550256441035,0.05607576381593563,0.043194029684224054,-0.03575985300835236,2024-02-12,2024-05-07,738927.0,739012.0,1.1970630226040526,1.0640113399143722,0.0,0.17933363999007979
2024-05-31,739036.4103908008,0.40225876239254565,2.436840895315035,-1.6788747715332495,0.4083454933784889,-0.0642223381004663,-0.027530494641922417,0.05802224207889321,2024-02-20,2024-05-07,738935.0,739012.0,0.5523420688241297,1.0495907461321003,0.0,0.16471610755368618
2024-05-07,739012.5678874064,0.004788345354200364,2.5125754628666486,-27.069733760888067,27.033256634986504,0.06379148936386907,0.0632422914259828,-0.00835264571568091,2024-02-27,2024-05-07,738942.0,739012.0,1.9284266900560096,0.8076105378086857,0.0,0.12064258179288495
2024-05-28,739033.549580023,0.5289909197867938,11.692122176529624,-0.16623647106297074,0.06605736986855579,-0.00592962384793388,-0.0052222995552685236,-0.002808563037040184,2024-03-05,2024-05-07,738949.0,739012.0,2.543760402805028,0.5040214345374273,0.0,0.24653100868103509
2024-05-08,739013.6470992928,0.2219672602767731,11.701158544700904,-0.32690250071462273,0.3306262941616712,0.013721978343214043,0.013452954482975378,-0.0027038316017510954,2024-03-12,2024-05-07,738956.0,739012.0,6.621070369263551,0.45706789556211874,0.0,0.18141361330105252
2024-05-22,739027.1544440974,0.8772627264800759,11.762898430753799,0.030124213405987168,0.012200197798158053,0.0007398132371338217,0.00010203324868379977,0.0007327433670811726,2024-03-19,2024-05-07,738963.0,739012.0,2.7014732424673724,1.2298725384989526,0.0,0.2673054456907116
2024-05-30,739035.9070694277,0.5886545649720897,5.043816695256576,0.07182618655802668,0.025604668192713242,-0.003220129280565006,-0.0032201213520020844,7.145763246309828e-6,2023-11-15,2024-05-08,738838.0,739013.0,1.7310080317611733,0.9279980544897173,0.02873255408320914,0.5184858437571981
2024-07-11,739077.8701612665,0.16114077627186976,9.328379840417394,-1.2634413769570116,0.7696490093738252,-0.007390317231142175,-0.0026108764602781314,0.006913762570849718,2023-11-22,2024-05-08,738845.0,739013.0,1.8975311351343367,1.798990473147106,0.02873255408320914,0.5533801099834077
2024-06-07,739043.4271914135,0.9820906611965492,3.3248876704955577,0.053258548917128785,0.0043766375300357645,0.0014413937983683237,0.0003273985852112616,0.0014037187212459373,2023-11-30,2024-05-08,738853.0,739013.0,0.9704666965134144,0.8968762729302866,0.02873255408320914,0.32757071587478187
2024-05-26,739031.7821912359,0.5755569031769189,2.85362957017711,-0.059229206323799216,0.039871726002063394,0.008570287330726381,0.0018027525233379681,-0.008378538552206332,2023-12-07,2024-05-08,738860.0,739013.0,1.00522107013639,0.9383402035206588,0.02873255408320914,0.30130607655129743
2024-05-16,739021.0383041711,0.1257596953668592,6.75585577432336,-0.6920736040652145,0.6590409590846806,-0.010469080116102043,-0.005504517989674742,-0.008905162557680254,2023-12-14,2024-05-08,738867.0,739013.0,3.1751297116641557,1.1718310206035423,0.02873255408320914,0.38487448619571896
2024-05-24,739029.8075407844,0.05065957241927045,6.374315542872252,-3.0586081230322746,2.802758330214016,-0.04538743787969506,-0.04451975621875938,0.008832373605402668,2023-12-21,2024-05-08,738874.0,739013.0,2.25909092517872,0.4907699311528382,0.02873255408320914,0.28170176692725807
2024-05-24,739029.5116919667,0.7463658443843487,4.742381919410997,0.1447828509261423,0.01072037244650268,0.0018335699928282321,0.00028338365693328973,0.0018115387441573635,2023-12-29,2024-05-08,738882.0,739013.0,1.6528322783757603,0.9201690285286791,0.02873255408320914,0.49025354769088325
2024-06-20,739056.5404015522,0.9897058788336439,2.6133321055837007,-0.31369772474185587,0.007609185906643743,-0.0028318809850429202,-0.0008892885422862863,-0.0026886271221584434,2024-01-08,2024-05-08,738892.0,739013.0,0.5529581364673217,1.0175944824791874,0.02873255408320914,0.26927131360634865
2024-05-15,739020.2460154232,0.41592217310026347,9.242954553533732,0.01808367149367559,0.07262532568756412,-0.006457571988827196,-0.006380455041470243,0.000995002238521395,2024-01-16,2024-05-08,738900.0,739013.0,4.132342423336368,0.5060810696218694,0.02873255408320914,0.36528152196900554
2024-06-29,739065.3186713159,0.47637977791925834,8.46120728619503,-0.2608750468380416,0.0733502139589903,0.0016605007681263313,0.0009285138117812684,0.0013766353555969555,2024-01-23,2024-05-08,738907.0,739013.0,1.4910793063339713,2.487042959679901,0.02873255408320914,0.45837964827658995
2024-06-05,739041.7476239621,0.25598300383805245,14.998187930841716,-0.6233037357488788,0.34066196476438787,0.008751973727713193,0.008321462067784682,-0.0027111461017441767,2024-01-30,2024-05-08,738914.0,739013.0,3.560267422305081,0.6643393564748226,0.02873255408320914,0.3429242217966986
2024-05-24,739029.1381809033,0.08268177132389833,11.09678768233961,-2.218162808092981,1.8726182834896048,0.007915876923338049,0.007579255895299847,-0.0022838536597160394,2024-02-06,2024-05-08,738921.0,739013.0,3.3595305026404265,1.7626363481581022,0.02873255408320914,0.28032030732881874
2024-06-06,739042.280539191,0.3682037167210737,12.425098704566604,-0.3820883394880803,0.16189164079555288,-0.007710911160576165,-0.007360729363909356,0.0022973493764729446,2024-02-13,2024-05-08,738928.0,739013.0,2.6928490069339035,0.622167105403994,0.02873255408320914,0.2975582507912196
2024-05-13,739018.9637168183,0.69125126307299,4.184408017081719,0.07296930774734564,0.023301953593703857,-0.0019385503174761014,-0.00007420953487610182,0.0019371293912178865,2024-02-21,2024-05-08,738936.0,739013.0,1.7533034594767754,1.9857161466190973,0.02873255408320914,0.3106518368140651
2024-05-16,739021.8634009584,0.39240691962968965,10.088665027132452,-0.15707527163505208,0.12215688342181387,0.00511538726119251,0.00015125078146223682,0.005113150695322557,2024-02-28,2024-05-08,738943.0,739013.0,3.509632270431699,0.9288431466278845,0.02873255408320914,0.2726208315953829
2024-05-23,739028.9961508415,0.12826679758255868,5.639635717419086,-1.6587535667586133,1.2438161203020148,0.036769287272244155,0.02624648021637039,0.025750781789306783,2024-03-06,2024-05-08,738950.0,739013.0,1.4334744974914222,0.7693680886695494,0.02873255408320914,0.2031430211889887
2024-05-19,739024.8277512335,0.6076296127225139,12.628906897275638,-0.06284760343338484,0.043919811176653153,0.001589942927756187,0.000851567963650944,-0.0013426654523019871,2024-03-13,2024-05-08,738957.0,739013.0,3.51042877287383,1.3290829858313653,0.02873255408320914,0.280517395810633
2024-05-21,739026.7808803943,0.041920864032246825,11.743941779152511,-6.018939289780496,5.464108040204054,0.012115620871491746,0.006973050332719138,0.009907817022891164,2024-03-20,2024-05-08,738964.0,739013.0,2.8342539003364897,1.6098667811512326,0.02873255408320914,0.22278481212431792
2024-06-25,739061.704688825,0.7504005265077318,7.406082305360227,0.07826774821546074,0.009687931931952954,-0.0010237486929647293,-0.0008971939516125866,-0.0004930561829414406,2023-11-16,2024-05-09,738839.0,739014.0,1.8161834318981467,0.9588315467087218,0.0890170976783761,0.6150828517323074
2024-07-09,739075.2091461476,0.9217249291115306,4.7966986429271135,-0.06538876353288713,0.0056089848738295625,-0.0013125935217786586,-0.0012788334332798153,-0.0002957816818889611,2023-11-24,2024-05-09,738847.0,739014.0,1.0046324427204696,0.8211318760191019,0.0890170976783761,0.3340744322891792
2024-06-09,739045.7997215994,0.5950573416725925,6.968266335591764,0.03992485553193752,0.024867610481673946,0.002782718879518381,0.001577882651000795,0.0022921192600078074,2023-12-01,2024-05-09,738854.0,739014.0,1.9929276965634732,0.763130476187411,0.0890170976783761,0.5343181729812992
2024-07-15,739081.7001701421,0.5794268324107331,9.995821014669506,-0.09474845946447637,0.029920838299607226,0.0015888419042494003,0.00133246030906425,-0.0008654294433789872,2023-12-08,2024-05-09,738861.0,739014.0,1.879974082881426,1.0916243222159179,0.0890170976783761,0.6046903147446743
2024-06-17,739053.9517554005,0.1353467734030245,2.348209218301101,-3.598942564047639,2.1357723415270033,-0.12006419607742184,-0.11837312393151343,-0.020080206931507465,2023-12-15,2024-05-09,738868.0,739014.0,0.5747260917862035,1.025303781272066,0.0890170976783761,0.2504686072773263
2024-05-23,739028.1504587919,0.37207456031133407,11.413503104214273,-0.03976980300125247,0.09215231727325403,-0.006793020466809273,-0.002930417089360866,0.006128440482281887,2023-12-22,2024-05-09,738875.0,739014.0,4.326347190899701,0.44223626491689105,0.0890170976783761,0.46486595145248377
2024-07-07,739073.6191398564,0.031639361828654795,5.679349204780615,-10.317792244205053,9.232771917986556,0.0619330817222497,0.027892959303545843,0.05529637811742821,2024-01-02,2024-05-09,738886.0,739014.0,1.0362607483476185,0.8304979385302043,0.0890170976783761,0.32619337574330287
2024-07-06,739072.6985576493,0.6175069846910283,3.6376089867580177,-0.5722210851446118,0.05095611352277464,-0.00911583768690547,-0.007990605880903652,-0.004387335682401573,2024-01-09,2024-05-09,738893.0,739014.0,0.647759919130679,0.9489112007219433,0.0890170976783761,0.27371150208106143
2024-05-17,739022.2688331221,0.3050243649507883,12.83428705700238,-0.15090527292782022,0.162274945838135,0.010403416321428893,0.007123830149037234,0.007581696061214878,2024-01-17,2024-05-09,738901.0,739014.0,5.485543910632822,0.3707133939492576,0.0890170976783761,0.3498092384549154
2024-05-15,739020.3473048338,0.593114769815973,10.7348743801548,0.09529947959857356,0.028282648007611568,-0.002206791021498934,-0.002202690014226102,-0.00013447421238633388,2024-01-24,2024-05-09,738908.0,739014.0,4.909509238912427,0.7081098450635328,0.0890170976783761,0.4019666992797612
2024-05-19,739024.4369616592,0.25347782868941465,10.09203821843037,-0.35839972338000203,0.2744804918217117,0.005429696092700104,0.0036998632836004845,0.00397399186483161,2024-01-31,2024-05-09,738915.0,739014.0,3.774557013047268,1.2696881102802038,0.0890170976783761,0.3165673716144496
2024-05-25,739030.510381746,0.33951876346720017,2.342193073756402,-0.8842075828284306,0.32938531137124194,-0.039236607354949535,-0.0013896568029932244,0.039211990649498735,2024-02-07,2024-05-09,738922.0,739014.0,0.7018754300824948,1.2168971331893272,0.0890170976783761,0.1921691156760572
2024-05-22,739027.4057776958,0.5828488174284282,13.433833423707547,-0.012841074375404255,0.03871961282583899,0.0005685004959089725,0.00038196922771034983,0.00042106094918800853,2024-02-14,2024-05-09,738929.0,739014.0,4.2620401483903745,2.9549907033493077,0.0890170976783761,0.3422880469430476
2024-05-20,739025.8434546127,0.19628872596823072,11.369464044258859,-0.7390996089121799,0.5239502616086655,0.005934728254150559,0.0014565559135677553,0.005753211652743514,2024-02-22,2024-05-09,738937.0,739014.0,3.6463372979320186,1.5242092305887334,0.0890170976783761,0.2682971854686676
2024-05-27,739032.9327455265,0.7747462476415379,4.566765150501679,-0.12877103380001045,0.023914862270505807,-0.00446535960410998,-0.0026845843742183246,-0.0035682549140609392,2024-02-29,2024-05-09,738944.0,739014.0,1.1243864245806503,0.9085780655239585,0.0890170976783761,0.21565557631453702
2024-05-12,739017.5005316088,0.9549223673385607,10.72323820774308,0.1314302076963378,0.007410734948552935,-0.0010697239628276436,-0.0010696034714048734,0.000016055236102971925,2024-03-07,2024-05-09,738951.0,739014.0,5.0248999720148175,0.6169240039066679,0.0890170976783761,0.317381732779613
2024-05-09,739014.436979397,0.8548994110318227,9.017881211728275,0.1162530897407699,0.012942756015032954,0.00168857178114336,0.00035696255800308797,0.0016504097649546162,2024-03-14,2024-05-09,738958.0,739014.0,6.976694600131507,0.7266373958571554,0.0890170976783761,0.2776665148434547
2024-05-26,739031.3578396529,0.6639231226315131,2.964482875070681,-0.6945516231951294,0.08878827160927998,-0.018109681518640293,-0.01806801987935858,-0.001227689840996072,2024-03-21,2024-05-09,738965.0,739014.0,0.6327083590661674,1.0980285627056334,0.0890170976783761,0.15981320754862557
2024-07-02,739068.3067722046,0.8808052814275293,7.6261940261666,0.10595859341258479,0.00450488002867508,0.0005544835022984966,0.0001922196752683005,-0.0005200995585087108,2023-11-17,2024-05-10,738840.0,739015.0,1.7655481956759937,0.9383538932431168,0.10064985431282855,0.6513536281541678
2024-07-15,739081.807998065,0.8533617313944133,2.1294594751382268,-1.4864333886263554,0.031080693417316552,-0.01176874373101196,-0.009290222447385017,0.007224617352105009,2023-11-27,2024-05-10,738850.0,739015.0,0.4216383779477739,1.0583379686608951,0.10064985431282855,0.2706075975743943
2024-06-19,739055.8816263742,0.5777092414122899,14.018879189361774,0.03272572804315461,0.02549773189726819,0.002038586307549695,0.001913207805691336,-0.0007038963173442823,2023-12-04,2024-05-10,738857.0,739015.0,3.5297820148272736,0.5154285480244121,0.10064985431282855,0.6001646748584679
2024-07-03,739069.5804874138,0.9401338248016884,8.774382166351893,0.10507534956377969,0.0033649399865209547,0.0004202585938547761,0.00006173900582855082,-0.00041569890650336813,2023-12-11,2024-05-10,738864.0,739015.0,1.8519659091765157,0.8578944380126241,0.10064985431282855,0.6456867820911754
2024-06-14,739050.339477507,0.28971864514272166,12.932314042388331,-0.36337255249390704,0.20654240627693995,0.010715288224842261,0.010509903293609768,-0.0020879019374515115,2023-12-18,2024-05-10,738871.0,739015.0,3.3431605287426507,0.43182280911375004,0.10064985431282855,0.49111168264880467
2024-06-08,739044.5222823841,0.40002376540792406,3.974145698313559,-0.28944653979251245,0.11826168846463381,-0.01375636227799117,-0.006224566388269198,-0.01226752935196683,2023-12-26,2024-05-10,738879.0,739015.0,1.0904135254490581,0.8653314321936825,0.10064985431282855,0.32647073120887005
2024-05-17,739022.976787057,0.38854598593385103,9.396805645888403,-0.019868003075070372,0.08568258590095111,-0.008128765723125748,-0.0021769053818252605,-0.007831852599484003,2024-01-03,2024-05-10,738887.0,739015.0,4.241297272402599,0.4358430651502332,0.10064985431282855,0.4132004800504494
2024-06-06,739042.7005533981,0.36248764458208377,14.025599535277095,-0.25314600401474724,0.1332361707722756,-0.0087301041175608,-0.00816153061406324,0.003099054039406307,2024-01-10,2024-05-10,738894.0,739015.0,3.7512454246374034,0.3944341353622623,0.10064985431282855,0.44377315228473435
2024-06-03,739039.7334673478,0.43134520379314123,6.061539829117517,-0.1509320313287651,0.08460177877330302,-0.002346112146352278,-0.00013453607683599404,0.0023422515337365645,2024-01-18,2024-05-10,738902.0,739015.0,1.656588540318988,2.566095036081119,0.10064985431282855,0.46871813570306514
2024-05-23,739028.8008967029,0.6056624216526246,6.164088423342731,0.029504967539262614,0.02982416086557288,0.003374159839097175,0.0008446962145566022,0.0032667174540951687,2024-01-25,2024-05-10,738909.0,739015.0,2.1201343044539898,0.8684890554595649,0.10064985431282855,0.3752280057925915
2024-06-21,739057.7489015313,0.9650536482320515,2.972693283783609,-0.49712814557436913,0.011860725608222373,0.003415429229889027,0.002683439842958443,-0.0021128907765437183,2024-02-01,2024-05-10,738916.0,739015.0,0.5671340205995291,1.1273722041292136,0.10064985431282855,0.24287914075319011
2024-05-11,739016.1554201012,0.8045297283091395,5.79452239171661,0.1308309918169105,0.012440548645521425,-0.0020188787746649776,-0.001990294989734968,-0.0003385223192474067,2024-02-08,2024-05-10,738923.0,739015.0,4.048396434033825,0.8555664435075506,0.10064985431282855,0.31994963292388406
2024-06-17,739053.3223072166,0.24706659222012034,5.2711083237079706,-1.5025120532549623,0.6456959818107262,-0.02756023439442416,-0.025888943853993415,0.009451407620051994,2024-02-15,2024-05-10,738930.0,739015.0,0.9805072589716355,1.098138861240003,0.10064985431282855,0.21767781992306315
2024-06-04,739040.5268568365,0.6863867201223698,4.153081200074746,-0.32240954191602467,0.04179482990429008,-0.006532380753596179,-0.006532227737931044,-0.00004471118157762252,2024-02-23,2024-05-10,738938.0,739015.0,0.9190271414767887,1.0574248723509596,0.10064985431282855,0.20298070757027498
2024-05-10,739015.4405245308,0.7315228003234021,9.034043732024887,0.10281396404343558,0.019574160658995327,-0.0026337776278527215,-0.002382058451229669,0.0011236467985549635,2024-03-01,2024-05-10,738945.0,739015.0,7.2962638434221105,0.6017965900537878,0.10064985431282855,0.28577198732596126
2024-06-07,739043.2276105497,0.2612386245004024,11.567639500512378,-0.8890842345907959,0.4256867027551946,0.021983128323231103,0.018648270535943673,-0.011640444016183426,2024-03-08,2024-05-10,738952.0,739015.0,2.159653082011691,0.4373138500888417,0.10064985431282855,0.2135187918746094
2024-05-19,739024.0538124598,0.14506075459593773,3.5929112120862463,-1.4079016655115408,1.050774527118805,0.037384567519616024,0.02115028296668109,-0.030826472698932798,2024-03-15,2024-05-10,738959.0,739015.0,1.1276644429724214,1.134803384522578,0.10064985431282855,0.16636248283346025
2024-05-20,739025.3690621348,0.2934486741285112,10.906601354679328,-0.5287303461628912,0.3025295003584575,-0.0047920180550633535,-0.0027500512917751742,-0.003924366819330076,2024-03-22,2024-05-10,738966.0,739015.0,3.0289473921703087,1.69860342887916,0.10064985431282855,0.2377166199944489
2024-05-31,739036.014874285,0.6106688563001549,10.467288781520264,0.10630020588506627,0.019993677877850675,0.0018728332382860755,0.0011727032843926889,-0.0014602298946411513,2023-11-20,2024-05-13,738843.0,739018.0,3.950846822531373,0.6228237257480521,0.10253081684509878,0.6031324385502582
2024-07-25,739091.432623395,0.1925452015122589,8.85060604036022,-1.1761171126790657,0.613085699026727,0.012264946882498426,0.008937587564050598,-0.008399312505523053,2023-11-28,2024-05-13,738851.0,739018.0,1.6707214511530635,1.0874647899042749,0.10253081684509878,0.5853874034190794
2024-05-22,739027.3748362248,0.11219688993432356,9.25610665109678,-1.027962728723399,0.894589002000092,0.019340009028981635,0.0008185860419382242,-0.019322677509419694,2023-12-05,2024-05-13,738858.0,739018.0,4.2634363368446255,0.5606855334035549,0.10253081684509878,0.4050006449846572
2024-06-05,739041.8760271525,0.6372603935943316,11.387404310264301,0.08046237645845924,0.018636696694628828,-0.002041500730556604,-0.0014720106072013794,-0.001414535261189969,2023-12-12,2024-05-13,738865.0,739018.0,3.6293886935038966,0.510871393123351,0.10253081684509878,0.5866919882425069
2024-06-12,739048.1485111787,0.4508945057899686,3.9249571362136515,-0.2591481680305923,0.08779158457861629,-0.011700627303584307,-0.005314085438361355,-0.010424258978516331,2023-12-19,2024-05-13,738872.0,739018.0,1.1026736042602026,0.8619533598250216,0.10253081684509878,0.3161625798436775
2024-07-18,739084.102533081,0.7045683171117,8.965080144424366,-0.07694013892981535,0.015675572859865133,0.0012369104739667813,0.0010276099644882736,-0.0006884513646534059,2023-12-27,2024-05-13,738880.0,739018.0,1.608637822421735,0.9959879579031187,0.10253081684509878,0.6199850806272841
2024-07-14,739080.4243912416,0.41701801559738405,6.225551851930089,-0.5400144402375973,0.12792857432352892,-0.010815293190562483,-0.00654872882928755,-0.008607247964261591,2024-01-04,2024-05-13,738888.0,739018.0,1.1154211350851961,0.7923302290774634,0.10253081684509878,0.3511617968192706
2024-06-18,739054.2339461107,0.6419672079312803,12.684348113652668,-0.01758368535791332,0.022305533299037186,-0.0005955115428272703,-0.00030644703391590654,-0.0005106116068448298,2024-01-11,2024-05-13,738895.0,739018.0,2.988552743454182,1.8956891285547794,0.10253081684509878,0.5858780647888775
2024-06-02,739038.2612919771,0.6273954228372852,4.690774795446236,-0.054237451368864244,0.0311247689513581,0.004123189555185989,0.0038759495801381646,0.0014063096957006387,2024-01-19,2024-05-13,738903.0,739018.0,1.417341267936602,1.0096470907322947,0.10253081684509878,0.40233180020625586
2024-05-25,739030.601194711,0.5020051777804669,7.549625321409131,-0.08593848968936474,0.0606349493673386,0.005675720907122331,0.0042041295685709915,0.0038130174909397694,2024-01-26,2024-05-13,738910.0,739018.0,2.713961069128109,0.7103702833213672,0.10253081684509878,0.34179184574189364
2024-06-11,739047.579777806,0.9797263791100934,5.465847218910733,-0.014873250808692121,0.005808866760837179,-0.0010584818338959564,-0.0007881732099984713,-0.0007065173626517984,2024-02-02,2024-05-13,738917.0,739018.0,1.2917334385847812,0.9836833480365648,0.10253081684509878,0.333098510238344
2024-06-08,739044.514383459,0.8779145930538799,7.505365208645413,0.013956470663713472,0.00844760763899257,0.000219039413041278,0.00021075413560174333,0.000059673769716933145,2024-02-09,2024-05-13,738924.0,739018.0,1.8085948376772092,4.511198172101277,0.10253081684509878,0.41045418456882476
2024-05-27,739032.9104499752,0.017442947894541486,10.26851425564303,-14.318511119988889,13.709856182494576,-0.044000095361272015,-0.014666423840467888,-0.04148378482651728,2024-02-16,2024-05-13,738931.0,739018.0,3.1411479782774308,0.5292873986867102,0.10253081684509878,0.22293446125967503
2024-06-04,739040.0975719235,0.2200239853186961,2.121309839080793,-1.6411438327384862,0.7948300999568693,0.0580831946718372,0.007693539296835593,0.05757140745521676,2024-02-26,2024-05-13,738941.0,739018.0,0.5066405512805553,1.4193507467693238,0.10253081684509878,0.22910242059547903
2024-05-17,739022.8499518554,0.3521121645849579,4.479434652689248,-0.28580447391573666,0.18035368292504284,-0.016487868601193275,-0.00852995069114103,0.014109916804039556,2024-03-04,2024-05-13,738948.0,739018.0,1.9509288819641342,0.8598413395167589,0.10253081684509878,0.22726855512184854
2024-05-14,739019.5669452508,0.8062844186360427,4.773325727982812,0.058139572602898405,0.01689775851436397,-0.002221704771925439,-0.002110817688784004,0.0006931239270958867,2024-03-11,2024-05-13,738955.0,739018.0,2.8249950957154577,1.284724325710743,0.10253081684509878,0.28977075994154555
2024-05-31,739036.3462262959,0.5752557536016506,13.707735658853672,-0.2731550683700658,0.06529649418362063,0.0030463393434865156,0.0012324853029414891,-0.00278588646102225,2024-03-18,2024-05-13,738962.0,739018.0,3.0528079514020448,0.8995117383158271,0.10253081684509878,0.26363813283774845
2024-05-25,739030.7944586357,0.9957348152322687,6.274087744928595,-0.10725089564175701,0.011763118209696373,-0.0031052854099134566,-0.0029746270650718295,0.0008912863180614504,2024-03-25,2024-05-13,738969.0,739018.0,1.5725213464555776,0.6011931763732876,0.10253081684509878,0.13193715949115517
2024-06-19,739055.2659508552,0.4374196141557184,2.267702890691533,-0.9998461338727668,0.18671059311863691,-0.03370079285952377,-0.03187729310843038,0.010935338286479546,2023-11-21,2024-05-14,738844.0,739019.0,0.636020276282512,1.0686634096106482,0.0876556270800549,0.29967558713769465
2024-07-31,739097.8281183499,0.17550443841759059,3.615551051287629,-3.909274227269067,1.785986633346999,-0.08627415157414664,-0.0314274584684367,-0.0803464005668799,2023-11-29,2024-05-14,738852.0,739019.0,0.6544758973774365,1.0048728513090706,0.0876556270800549,0.28543206076929106
2024-05-26,739031.9955930746,0.6060581836027906,3.3546271918482464,-0.0051333241102261016,0.03074435824813293,0.006464902695171027,0.0036839426300626903,0.005312582569375876,2023-12-06,2024-05-14,738859.0,739019.0,1.3820975766920327,0.8591589062096953,0.0876556270800549,0.36674924114807717
2024-07-10,739076.675481172,0.2562280231196495,11.812228040889371,-0.7746844008539301,0.3450327528135016,-0.016644789690226633,-0.003951538754554148,0.016168932101506626,2023-12-13,2024-05-14,738866.0,739019.0,2.4354821229779464,0.4496522948839599,0.0876556270800549,0.4768141711924567
2024-07-10,739076.1460051986,0.19647285220228078,3.7676841912819277,-1.9084541494185925,0.8943254862413499,-0.048318679229939494,-0.0041380480323392685,-0.04814116036208351,2023-12-20,2024-05-14,738873.0,739019.0,0.7605397443964328,0.9651806570860655,0.0876556270800549,0.28005706132231706
2024-06-10,739046.0608501754,0.4142370086014201,9.700413831706907,-0.18080557101802153,0.09130577677191105,0.006794746733086749,0.004951460539410285,0.004653130311248102,2023-12-28,2024-05-14,738881.0,739019.0,2.791663963722647,0.5738304850852274,0.0876556270800549,0.5173454223449296
2024-06-15,739051.0075894516,0.9745962548901426,13.936823193326363,0.12229458848753445,0.003281518073296926,-0.0005737186355489776,-0.00041310716740985336,-0.00039811498465994476,2024-01-05,2024-05-14,738889.0,739019.0,3.597049725596608,0.3999786325782256,0.0876556270800549,0.5940380820137154
2024-05-21,739026.8518447469,0.9069996929928883,10.986707873637974,0.1642953364992801,0.005145585787949599,0.0009472612038393714,0.0006750997651946048,-0.0006644878443834807,2024-01-12,2024-05-14,738896.0,739019.0,4.919335174253049,0.4484403010469133,0.0876556270800549,0.5446400549814935
2024-06-07,739043.1397028344,0.8577572795313309,8.804286026597229,0.054063392352054436,0.007973583270647445,-0.001220188759670685,-0.0004483199289492636,0.0011348435357059633,2024-01-22,2024-05-14,738906.0,739019.0,2.434162977763021,0.636644194939824,0.0876556270800549,0.4503675437146866
2024-05-17,739022.4697148269,0.06478057898368818,14.753418127156417,-2.1067361620040534,1.943757515263172,-0.001310361616621967,-0.0012192791239984714,-0.0004800062333945833,2024-01-29,2024-05-14,738913.0,739019.0,8.104573467465258,6.5133302137326,0.0876556270800549,0.30338069856706656
2024-06-17,739053.4563576045,0.6245886323728739,5.393565126186586,-0.2897944967701192,0.043796254145674555,-0.004819775521199261,-0.0038430656750637017,-0.0029087939583096593,2024-02-05,2024-05-14,738920.0,739019.0,1.162360115463155,1.0522727023341139,0.0876556270800549,0.2683751621734039
2024-06-03,739039.5207557561,0.6516904852593445,7.505720635674558,-0.06333171499227198,0.028369560277199654,-0.0010469298951222888,-0.0001459865530443181,0.0010367015634361722,2024-02-12,2024-05-14,738927.0,739019.0,2.0328051082559195,2.3527944526632063,0.0876556270800549,0.37461142064583036
2024-05-19,739024.4219436366,0.5132231329049023,8.642753089354644,-0.08002552078186617,0.06366446851152137,-0.005581135382496693,-0.005229079126666397,0.0019508469045053998,2024-02-20,2024-05-14,738935.0,739019.0,3.855508473798235,0.6773742416868572,0.0876556270800549,0.27502485950375893
2024-05-30,739035.6254896625,0.6987888490448416,11.806557801799713,-0.08011600193859125,0.026585887916228283,0.002764001851484674,0.0005877211749068157,-0.002700794337889661,2024-02-27,2024-05-14,738942.0,739019.0,3.247723526141735,0.5692925602351353,0.0876556270800549,0.2993366356249679
2024-05-14,739019.3228593429,0.4804762043559022,3.7627794697482315,-0.06724092690248051,0.0797736670851624,0.010996594396174552,0.006926395120567809,-0.008541085349518055,2024-03-05,2024-05-14,738949.0,739019.0,3.224070578924878,0.9263273098973066,0.0876556270800549,0.24068297663532784
2024-05-24,739029.4118952785,0.5518730879252146,11.783673588212912,-0.16444176697393026,0.06347075829919219,-0.0036452887873606316,-0.0033389272423819246,0.0014627697061865134,2024-03-12,2024-05-14,738956.0,739019.0,3.6629716289546157,0.8154554874187949,0.0876556270800549,0.27103721393274155
2024-06-01,739037.8995745055,0.9178789192211485,11.743362763805392,-0.05482660890590852,0.010379625187132141,-0.0011313792195304137,-0.000024350186431046262,-0.0011311171499035853,2024-03-19,2024-05-14,738963.0,739019.0,2.5736490468021764,0.7170779897875,0.0876556270800549,0.27270592237361246
2024-05-14,739019.9428294641,0.025813629290518454,13.140522778153155,-4.547058255760094,4.475332225164748,0.03106479189734358,0.019785747491338847,-0.023948809820829135,2024-03-26,2024-05-14,738970.0,739019.0,8.30224988493834,0.28300444540605263,0.0876556270800549,0.2854190076987101
2024-06-25,739061.6082386457,0.2683985961148064,8.789960785933392,-0.5953522311305056,0.28519589815228663,0.012796354915608352,0.0010035971628528351,-0.012756938969083753,2023-11-22,2024-05-15,738845.0,739020.0,2.308002683500026,0.6805347403281926,0.08956116733271122,0.532106823752215
2024-07-15,739081.8836619948,0.035980015682912654,2.037286157263112,-28.35992820380625,24.059631930258938,-0.3972648164082837,-0.29036406383043173,0.2711236706593217,2023-11-30,2024-05-15,738853.0,739020.0,0.42409763118753385,1.0695921071665482,0.08956116733271122,0.29953580679960723
2024-06-17,739053.272857891,0.045204344171978945,3.9087015255942195,-5.794059481001106,5.048939384903667,-0.06023484919378867,-0.01607606960437892,-0.05804995300147649,2023-12-07,2024-05-15,738860.0,739020.0,1.0944794070796133,0.9693932558509841,0.08956116733271122,0.29375085944329965
2024-07-11,739077.0176173485,0.04357557320954531,10.891607245644455,-6.720059449174997,5.781591565837247,-0.040962107380802304,-0.03450574346564456,-0.02207369268970432,2023-12-14,2024-05-15,738867.0,739020.0,2.2601301428682286,0.5646980043788505,0.08956116733271122,0.4726223359275119
2024-06-30,739066.5373717232,0.8929367819769878,3.5558828563563756,-0.18266764558897813,0.00860311008651782,-0.002292171013762752,-0.0022919340621201994,0.00003295771878277608,2023-12-21,2024-05-15,738874.0,739020.0,0.8036491700396855,0.9425008087220921,0.08956116733271122,0.29142140115147847
2024-05-15,739020.3726912613,0.060268635923366634,11.310298429085105,-1.5488721733344473,1.5383567322786278,0.023222419529559293,0.015310316122642963,0.017460669776145354,2023-12-29,2024-05-15,738882.0,739020.0,10.65105207767082,0.35299364574447245,0.08956116733271122,0.3915204709811096
2024-05-29,739034.7903386345,0.4551807705617924,12.25168719110313,-0.08079659753006782,0.06791736325721918,0.006114947342119298,0.006088327443289027,-0.0005699560861904754,2024-01-08,2024-05-15,738892.0,739020.0,4.421247123753345,0.4126445393008386,0.08956116733271122,0.47054944932499587
2024-07-13,739079.6425620216,0.5240171806544826,4.623754319986533,-0.5411403488010186,0.07578155927205166,-0.008880151304225248,-0.006783273869011208,0.00573099317779415,2024-01-16,2024-05-15,738900.0,739020.0,0.8113957659730064,0.9671502481054214,0.08956116733271122,0.2903765946806845
2024-06-19,739055.219211728,0.32636206690014374,8.276552444105345,-0.5164177237420569,0.20857011310100457,0.005495141403713706,0.0009506361974608602,0.00541228878265802,2024-01-23,2024-05-15,738907.0,739020.0,1.8930268710826914,1.496660882585466,0.08956116733271122,0.4571268785145744
2024-06-15,739051.3173633174,0.44381252835695506,11.595855303324194,-0.3584949656743838,0.1056631194588062,-0.005886292353375257,-0.0034249728239047947,0.004787274676151101,2024-01-30,2024-05-15,738914.0,739020.0,2.7279300197819487,0.6870342215487082,0.08956116733271122,0.37176612820700283
2024-06-12,739048.8414177275,0.6055357074885389,7.103001234685172,-0.1862205776751638,0.041120805119152615,-0.002141441802396883,-0.00040786161500089253,-0.002102242111665941,2024-02-06,2024-05-15,738921.0,739020.0,1.6832566256620123,1.6370170429561803,0.08956116733271122,0.37404124798522126
2024-06-25,739061.7481052326,0.005506274167962567,9.0210217486108,-68.2499674814986,66.96527995964682,0.032312089636050985,0.02305443095620069,0.02263988405301513,2024-02-13,2024-05-15,738928.0,739020.0,1.671638280405997,1.2649889911601404,0.08956116733271122,0.30175654132589974
2024-05-16,739021.4636188953,0.05822508033316766,8.173298656245484,-2.200764742607217,2.0822726070360593,0.01668947766897231,0.01620104654694016,0.004008086282380115,2024-02-21,2024-05-15,738936.0,739020.0,5.290671000390874,0.8888072100714525,0.08956116733271122,0.2994874404181243
2024-06-08,739044.9876525985,0.9420606638324316,8.538664878247335,-0.021284498658096326,0.007233731080167862,-0.0001504856180550034,-0.00014759952941000536,-0.000029330873825055566,2024-02-28,2024-05-15,738943.0,739020.0,1.9113514793513349,5.3034229579800325,0.08956116733271122,0.3786476551215647
2024-05-26,739031.0544731751,0.442304072498796,12.38634518231639,-0.2575038001815604,0.11076036342387319,0.004659519015047875,0.0045051724684609055,-0.0011893437186173686,2024-03-06,2024-05-15,738950.0,739020.0,3.9274896956762713,0.848830630799578,0.08956116733271122,0.2868896580904839
2024-06-04,739040.5734967493,0.8265695215436117,2.795540218523257,-0.11875742019812148,0.014376200238954688,-0.004272888567385571,-0.0009991721041459802,-0.004154423162797793,2024-03-13,2024-05-15,738957.0,739020.0,0.6236601610089062,0.9948009442669012,0.08956116733271122,0.23576756568476773
2024-06-08,739044.4090948956,0.6481914727427497,7.242750272939793,-0.3919544862216143,0.055070786349014515,-0.006341363827185305,-0.0057032467726326015,0.002772340426280665,2024-03-20,2024-05-15,738964.0,739020.0,1.3742393281141159,0.7772100522558223,0.08956116733271122,0.16835916004761983
2024-06-02,739038.8373810138,0.32882531680227683,12.355075778050104,-0.7082330489960071,0.28827121178109527,0.013805840081228092,0.006057519386020584,0.012405953378778626,2024-03-27,2024-05-15,738971.0,739020.0,2.519452932269925,0.5557228688258335,0.08956116733271122,0.22262553801717413
2024-06-06,739042.4131264149,0.4566685056777756,7.160762863424701,-0.09479470463166265,0.06471231616639582,-0.007034583315264139,-0.0004808352901233373,0.0070181307941049815,2023-11-24,2024-05-16,738847.0,739021.0,2.5199395634877497,0.5866652118657381,0.09363228165418169,0.4975513598450268
2024-06-09,739045.1453545996,0.5232926515462356,9.73867306012081,-0.006200834919937979,0.03796730464370139,-0.0015520116398346133,-0.000220527011831483,0.001536264289513624,2023-12-01,2024-05-16,738854.0,739021.0,3.2067733503815883,1.3144971317173626,0.09363228165418169,0.6693991541590932
2024-05-20,739025.6395289733,0.1839689445712476,10.233606555778255,-0.4386478804383102,0.3909776067348695,-0.013877897186482746,-0.012583278905371718,0.00585295842358485,2023-12-08,2024-05-16,738861.0,739021.0,5.813171132314729,0.5064586803214063,0.09363228165418169,0.41519971392791205
2024-07-27,739093.5213992307,0.03880172461995502,2.5102029287956658,-20.40867649788374,17.089312683323787,0.25227604500157297,0.10202409594491588,-0.2307255658314836,2023-12-15,2024-05-16,738868.0,739021.0,0.4532587934013214,1.0471063166345465,0.09363228165418169,0.2975449538465913
2024-05-17,739022.1778815778,0.1273982384322301,14.61227171418156,-0.6507861186861769,0.6280871859569966,-0.008724106500358398,-0.001160749420485258,-0.008646542373251787,2023-12-22,2024-05-16,738875.0,739021.0,11.227894680294565,0.6276892027644232,0.09363228165418169,0.416295127978082
2024-05-26,739031.4199326773,0.23600197957653296,13.739062634897612,-0.39608662747956735,0.29189902856519057,0.007611741410526016,0.005066673097149774,0.0056804428548604645,2024-01-02,2024-05-16,738886.0,739021.0,5.763774752839505,0.6587295808091957,0.09363228165418169,0.47903216687375655
2024-05-28,739033.8801843066,0.685063951142154,11.878126948766097,0.06333131323694789,0.017519793458210486,-0.00242374310662023,-0.0009361444539387734,-0.0022356574442988263,2024-01-09,2024-05-16,738893.0,739021.0,4.522401998304053,0.4168939066926951,0.09363228165418169,0.5249619274412739
2024-07-13,739079.3592222142,0.7724510247467995,9.706063709839825,-0.11493058193115994,0.012657105913271214,-0.00048297392028905204,-0.00043669689037148345,0.00020629986335248064,2024-01-17,2024-05-16,738901.0,739021.0,1.7257873673714414,2.085636170070119,0.09363228165418169,0.60964289082748
2024-05-19,739024.2237752315,0.4117399154257161,13.507268064089065,-0.06831488740941787,0.0884047583219285,-0.0057375843535614,-0.004199306244924118,-0.003909693245713004,2024-01-24,2024-05-16,738908.0,739021.0,7.7067716080558375,0.4696799376592519,0.09363228165418169,0.3633679480408877
2024-05-26,739031.3697406045,0.7312768116249077,13.964792162807989,0.04563932735768161,0.01643529550286238,0.0010587839332862512,0.0010472947234450973,-0.00015555442658170238,2024-01-31,2024-05-16,738915.0,739021.0,5.373898344438522,0.8128632709798475,0.09363228165418169,0.43280452644318296
2024-06-19,739055.4289671994,0.5241102009706401,8.600930383383645,-0.3026916492097358,0.0669822647842653,-0.0007816889508355617,-0.00014848046998949403,-0.0007674575987571561,2024-02-07,2024-05-16,738922.0,739021.0,1.8543827984399717,5.221593205892001,0.09363228165418169,0.3861709971075271
2024-05-27,739032.8355015956,0.5823039248235794,13.284943612984467,-0.07676608449793625,0.04227938183051293,0.00042379188146039417,8.039160734897825e-6,0.000423715624784384,2024-02-14,2024-05-16,738929.0,739021.0,4.591774371173668,4.372864276162047,0.09363228165418169,0.3568009088089551
2024-05-21,739026.2055352501,0.9947547374641565,11.302398170983672,0.09905711251515441,0.00542485258644468,-0.0004908318884148144,-0.0001576859662695652,0.00046481295025686006,2024-02-22,2024-05-16,738937.0,739021.0,5.110879992669553,0.972748532280551,0.09363228165418169,0.3791585537863507
2024-05-19,739024.8903682819,0.1802796822401516,8.077331469925479,-0.7265530163085638,0.5571371490259165,0.01896029323290807,0.01653611939519934,0.00927628561578242,2024-02-29,2024-05-16,738944.0,739021.0,3.901109969075701,0.6558370482066845,0.09363228165418169,0.25557406957795153
2024-06-11,739047.1846824061,0.18533766003784338,12.523284740483188,-1.5971442476227933,0.9018106785196728,-0.02873654405198206,-0.014599396304115168,-0.024751698762042463,2024-03-07,2024-05-16,738951.0,739021.0,2.593268998185588,0.4644364070608721,0.09363228165418169,0.20887194021555575
2024-05-24,739029.4304087171,0.7339184025211568,8.07357210396352,-0.022656557959756723,0.022181428018971282,-0.0017780478937395687,-0.00023360672991199963,0.0017626350184231383,2024-03-14,2024-05-16,738958.0,739021.0,2.745779589540929,1.1340392769050602,0.09363228165418169,0.2874706456634683
2024-05-22,739027.1208901127,0.9354411107952076,4.865098366964714,-0.06275196230863181,0.014398794278657728,-0.0038003145893138906,-0.00347464814030117,-0.0015392242457983908,2024-03-21,2024-05-16,738965.0,739021.0,1.7943536269768496,0.7285031007691444,0.09363228165418169,0.1545458009948239
2024-06-05,739041.0607210827,0.7237575328710463,12.182877698086878,-0.22798100893214537,0.03250964316270225,0.003749224042047539,0.00015046624574337374,0.003746203521748267,2024-03-28,2024-05-16,738972.0,739021.0,2.3969922313073395,0.5151266536944952,0.09363228165418169,0.21688153773445285
2024-06-27,739063.576856281,0.9614360925136518,11.39545291082988,0.13726912566472402,0.0027006590493141875,0.0002212220331094714,0.00012477715144559027,-0.00018267416459426413,2023-11-27,2024-05-17,738850.0,739022.0,2.967941111521425,1.0299833650812573,0.16041976169428612,0.81306581728354
2024-06-28,739064.9303291397,0.5302607757864776,9.717773557937964,-0.12673471416994594,0.043327988962761195,-0.00438735835382756,-0.004364299091940964,-0.0004492290740632843,2023-12-04,2024-05-17,738857.0,739022.0,2.4400040871081354,0.5388751434261289,0.16041976169428612,0.5705331844177973
2024-08-02,739099.0297362813,0.5625252215794764,12.918311817152379,-0.260961233498066,0.0400378085616666,-0.003086702181143133,-0.0030760029949367038,-0.0002567799256449025,2023-12-11,2024-05-17,738864.0,739022.0,2.2935248749702204,0.5648222624691467,0.16041976169428612,0.6074873922172397
2024-07-28,739094.3501468427,0.17966839576655771,3.2158635922863126,-2.86219016920683,1.3188355410074917,-0.07151551726149635,-0.057315024881283004,0.04277215369884117,2023-12-18,2024-05-17,738871.0,739022.0,0.576936051476454,1.0303017305373146,0.16041976169428612,0.31524464233786886
2024-06-03,739039.861352066,0.4551953722986729,7.134510042557766,-0.11888746201217563,0.07028615574163931,0.0078103824495099235,0.004238223767752864,0.006560452217802317,2023-12-26,2024-05-17,738879.0,739022.0,2.4957030848259416,0.5741576751027668,0.16041976169428612,0.4464763761654049
2024-05-22,739027.3042250248,0.2623180928283378,3.8074196254420243,-0.30514018059387454,0.23904326893391015,-0.01265968915645017,-0.009785563541103486,0.008031841365525606,2024-01-03,2024-05-17,738887.0,739022.0,1.984738117435218,1.3009211636960476,0.16041976169428612,0.431314307360512
2024-05-20,739025.8943181982,0.8478127081708957,12.452823338853534,0.150749936538117,0.006934348051469626,0.0010373541642419314,0.0010357060098726545,-0.00005845274316694558,2024-01-10,2024-05-17,738894.0,739022.0,6.981307799087445,0.45510402501977226,0.16041976169428612,0.5933087329798042
2024-05-23,739028.341560628,0.7481118439039564,5.797368936302969,0.08388205785545709,0.013617776412098133,0.0021317170822928297,0.0020328058884841148,-0.0006418083348503371,2024-01-18,2024-05-17,738902.0,739022.0,2.7605329784311072,0.8243511064857904,0.16041976169428612,0.4516384329431306
2024-06-06,739042.1670946842,0.9070887541229808,4.5990061388519,-0.0033868983711849068,0.008060843256363623,0.001652991222619839,0.0016529911777811662,-3.8501410695960463e-7,2024-01-25,2024-05-17,738909.0,739022.0,1.38160258006816,0.9618242494704088,0.16041976169428612,0.3593868703834086
2024-06-24,739060.6133817853,0.5313955211269435,5.459087051431519,-0.40114637080465315,0.07261204732477518,0.0062170634748277805,0.0006229997381879604,-0.006185769925906996,2024-02-01,2024-05-17,738916.0,739022.0,1.1472736805622672,1.1368973404498979,0.16041976169428612,0.2867219684519762
2024-06-03,739039.6510507271,0.5052174041017917,5.0147922612025155,-0.27035678768150206,0.08059303790399268,0.007945691339727652,0.005246245971725568,0.005967488087158301,2024-02-08,2024-05-17,738923.0,739022.0,1.5071801300595282,1.0218595127559038,0.16041976169428612,0.2635125559969907
2024-06-30,739066.4588998652,0.2288077219140277,8.842172747466917,-1.5270258761424362,0.6812204282767246,0.01785328384340561,0.011791616515834975,0.013405130508006837,2024-02-15,2024-05-17,738930.0,739022.0,1.5782007981420292,0.9873729725179045,0.16041976169428612,0.28876864815469416
2024-06-18,739054.5935917597,0.24272213608775345,4.67832264642431,-1.1338431899920975,0.5223553424797428,0.01857156263603327,0.011340882688819451,0.01470670998498788,2024-02-23,2024-05-17,738938.0,739022.0,0.9490234192053876,1.4592738794678246,0.16041976169428612,0.2616391507905265
2024-05-26,739031.1124600031,0.15099064178788393,12.09332314098854,-1.1313033152438579,0.8310066109261093,0.007149615119228643,0.0007640937508715304,-0.007108667743887163,2024-03-01,2024-05-17,738945.0,739022.0,4.322925460838721,1.4511963883725107,0.16041976169428612,0.30292290396896493
2024-05-21,739026.242993403,0.2257928679557893,12.245885666034987,-0.517949803041354,0.37755898778212943,-0.004507391419259999,-0.0030530682557183214,-0.003315923948516273,2024-03-08,2024-05-17,738952.0,739022.0,5.5781636412439815,1.5444702921636113,0.16041976169428612,0.3058292941738978
2024-05-22,739027.5392029008,0.5533382658320122,8.477887467411097,-0.0827531421007448,0.05346869624628937,-0.005402502261377722,-0.004477278580251594,0.0030234098628885366,2024-03-15,2024-05-17,738959.0,739022.0,3.3942329429687463,0.6459630766247421,0.16041976169428612,0.27034042925574797
2024-06-11,739047.6484608882,0.6356798284806217,8.70823461238523,-0.4416631815284002,0.060125763225467754,-0.007290259047201731,-0.0062944612891162105,0.0036779932103151274,2024-03-22,2024-05-17,738966.0,739022.0,1.6048560564558885,0.602040837513605,0.16041976169428612,0.15730540181462543
2024-06-03,739039.3938412287,0.8470421007070685,10.150931517099261,-0.20652978986733675,0.021068399284097112,0.004446210916800342,0.004330488084431573,-0.0010078017995968764,2024-04-01,2024-05-17,738976.0,739022.0,2.0893379491599333,0.39540356316449327,0.16041976169428612,0.1489176806266341
2024-07-09,739075.1282843195,0.023800455994531296,14.029054861302948,-11.4485917644331,10.571371521058076,0.012924419503006155,0.0021748558521835007,-0.012740118583118014,2023-11-28,2024-05-20,738851.0,739025.0,3.343905521351807,1.3876410990172579,0.1527900196972703,0.6020420453742292
2024-08-06,739103.3789384034,0.9752713450064425,8.356590182973186,-0.01955600516157652,0.003159659818503607,-0.00055069330752973,-0.0004121270991481095,-0.00036525932309223547,2023-12-05,2024-05-20,738858.0,739025.0,1.51785203929123,0.6696176438646542,0.1527900196972703,0.5860220164746497
2024-07-28,739094.0308056477,0.9829976359248658,6.254340251052367,-0.07895439161233053,0.003754313018657812,0.0007924545070311331,0.00027838513807378935,-0.0007419473435585529,2023-12-12,2024-05-20,738865.0,739025.0,1.1937978502507829,0.744606989954698,0.1527900196972703,0.36123466252775327
2024-06-04,739040.1915639002,0.18948712802359174,14.892583787407105,-0.6595362102084356,0.46006436788578775,-0.0026991083434470724,-0.0008761873934826606,0.0025529358591957724,2023-12-19,2024-05-20,738872.0,739025.0,5.698890054312458,2.1687422585537406,0.1527900196972703,0.5422342693784544
2024-07-18,739084.141345834,0.6706615236771881,3.6535858555348355,-0.3426392314068719,0.027189313004884412,-0.005329788751342163,-0.0015039235779292174,-0.005113204670818685,2023-12-27,2024-05-20,738880.0,739025.0,0.720393053311144,0.9364235182559826,0.1527900196972703,0.3221866642824865
2024-06-23,739059.7120694063,0.16519694675661015,4.791869045110502,-1.408280945819589,0.8489490065249042,-0.03361622773075565,-0.02752596288706306,0.019296946234729793,2024-01-04,2024-05-20,738888.0,739025.0,1.2192720958805878,0.8706221309654997,0.1527900196972703,0.32523651240503537
2024-07-03,739069.5130562192,0.3429473393850973,8.04166190151603,-0.6016524669915401,0.20045293154978705,0.005104238029975928,0.0042088064446195225,-0.0028877662956655133,2024-01-11,2024-05-20,738895.0,739025.0,1.7485805023555359,1.674800650907604,0.1527900196972703,0.5549393435725752
2024-07-03,739069.6398149284,0.3435928890262315,4.531141789201039,-0.6546028575521189,0.20933836609940282,-0.015841832675357662,-0.003525452916245608,0.015444573294505905,2024-01-19,2024-05-20,738903.0,739025.0,0.9499096798456376,1.0020281514964207,0.1527900196972703,0.31055082135006323
2024-05-23,739028.3569712138,0.83789674480655,2.581992501490318,0.02553544510658335,0.01209704818863215,-0.003292734573528617,-0.0032926940120273536,0.000016343649221967153,2024-01-26,2024-05-20,738910.0,739025.0,1.4640308524832641,1.1922249699305614,0.1527900196972703,0.28428837085469205
2024-05-28,739033.5645312476,0.02704937657882623,2.9326443266421736,-6.604969446916302,6.24976326820653,0.04990014634051269,0.04135328102890532,-0.02792724033894078,2024-02-02,2024-05-20,738917.0,739025.0,1.2185847279786677,1.15520647238602,0.1527900196972703,0.2836882903022778
2024-07-07,739073.647727584,0.5449291667316377,11.61362550336909,-0.40589983545219516,0.06292793662432816,0.0014170895631516823,0.0014161909185215749,0.00005045901594802887,2024-02-09,2024-05-20,738924.0,739025.0,2.0769698628635127,2.08361957255303,0.1527900196972703,0.3916083910880007
2024-06-03,739039.5373234483,0.7686497789971978,6.209028936685977,-0.05976489230741034,0.018049907282882346,0.0019203876538473298,0.001506234288681098,-0.001191279567796996,2024-02-16,2024-05-20,738931.0,739025.0,1.9866475833984891,1.163565653106637,0.1527900196972703,0.34134460371623393
2024-06-03,739039.0834969848,0.3903588168142377,14.973204612371804,-0.3546083982648279,0.1456500397395044,0.0004399735135542002,0.00033672157265360645,0.00028318770301499687,2024-02-26,2024-05-20,738941.0,739025.0,4.625078727962604,8.63044736742458,0.1527900196972703,0.33805052042593065
2024-06-13,739049.1485325673,0.8415893242529546,10.801332557224335,-0.07429551296351132,0.011926275892690078,-0.0010235293843549806,-0.0007956435100096717,-0.0006438662948295825,2024-03-04,2024-05-20,738948.0,739025.0,2.4623603342758993,0.9078778418647755,0.1527900196972703,0.34077712996414417
2024-06-22,739058.5298749265,0.31593159216920547,6.833977036356384,-0.971082586600908,0.3389009197003767,-0.014368507019190296,-0.011534449825967453,-0.008567990497938252,2024-03-11,2024-05-20,738955.0,739025.0,1.226254704126621,1.0903869470950867,0.1527900196972703,0.24735065888905566
2024-05-28,739033.4642342629,0.3020009107225748,3.099297407324183,-0.20004591632762272,0.15120624897867013,0.035234254281113694,0.03155149958061426,-0.015682970029961697,2024-03-18,2024-05-20,738962.0,739025.0,1.0523131523335996,0.4181669019175371,0.1527900196972703,0.2308310384369625
2024-06-10,739046.8670459361,0.0799587922360845,11.786443697320797,-4.091868075088208,3.2038651562646567,0.04732152802060803,0.0038155283703236085,0.04716745443057589,2024-03-25,2024-05-20,738969.0,739025.0,2.3823973069869337,0.4593026056978863,0.1527900196972703,0.22109368968178336
2024-06-03,739039.1701768117,0.07843750684640428,10.534990911288695,-3.50969323095183,2.84247394025597,0.0609222859652695,0.03249558205172104,0.051532146028997666,2024-04-02,2024-05-20,738977.0,739025.0,2.4793903573459892,0.34738408408611654,0.1527900196972703,0.21885890513972422
2024-08-14,739111.3363362893,0.7870646344566004,2.1172709441315454,-1.7240218398884364,0.03941275900117062,-0.01315570146382237,-0.012908170020128633,0.0025400054599686245,2023-11-29,2024-05-21,738852.0,739026.0,0.374555335211565,1.1136706874983444,0.15737484688294284,0.37835742217381935
2024-06-23,739059.598791174,0.09747862141587052,8.654239146887482,-2.2618800466977382,1.6970968495419574,-0.027849934952477413,-0.018187248081932783,-0.021091298776117498,2023-12-06,2024-05-21,738859.0,739026.0,2.46109875764795,0.6863773261681201,0.15737484688294284,0.4843390951162306
2024-06-29,739065.1282330537,0.561845508384487,4.358543554661383,-0.22954877708582555,0.045366699348231024,0.00659916714393455,0.004457387991809614,0.004866281874702363,2023-12-13,2024-05-21,738866.0,739026.0,1.1286961095634558,0.8861833337346003,0.15737484688294284,0.32798739727007886
2024-07-16,739082.9903865012,0.6343698809397568,11.192116986132065,-0.14709549926724128,0.025028535932333743,0.0023714020873418546,0.0017824489220364791,-0.0015641047599762293,2023-12-20,2024-05-21,738873.0,739026.0,2.3231092135813967,0.5982194953822508,0.15737484688294284,0.601293958912861
2024-06-07,739043.5616601664,0.695784809141636,11.159672727428667,0.05213962047392086,0.015336457404399841,-0.0013350809945970464,-0.0010469576950050735,0.0008284448364278108,2023-12-28,2024-05-21,738881.0,739026.0,3.952463047256183,0.7162108951915306,0.15737484688294284,0.6469516717546662
2024-07-27,739093.7789730075,0.2362183949146484,14.118317832608808,-1.2906976153648655,0.5311592094584655,-0.018943425534746428,-0.007238219276107106,0.017506043319421856,2024-01-05,2024-05-21,738889.0,739026.0,2.4844612474641674,0.46913405535850494,0.15737484688294284,0.453555359575036
2024-06-27,739063.0232726278,0.6456353101047855,3.843086849141933,-0.1421829126149801,0.026079829208676675,-0.005031155768727163,-0.00005149867665890506,-0.005030892192792331,2024-01-12,2024-05-21,738896.0,739026.0,0.9214979837260674,0.870851399975387,0.15737484688294284,0.3215217018212664
2024-06-06,739042.2912490213,0.3091377188225673,2.5835425399863476,-0.19980663233231907,0.14181767366647866,0.02835392069607812,0.0066919995641284815,-0.02755289387111981,2024-01-22,2024-05-21,738906.0,739026.0,0.8734221665567654,0.5984854790701373,0.15737484688294284,0.3049124194291972
2024-06-16,739052.1968141856,0.7531966668940793,11.321735786869704,-0.06645404337255549,0.016037910019878584,0.0015202870020822102,0.0003876969632344277,0.001470021643853898,2024-01-29,2024-05-21,738913.0,739026.0,3.009642434930061,0.7018067871573158,0.15737484688294284,0.42869092909780826
2024-06-14,739050.2680555007,0.3563708521131122,4.222109580737945,-0.515642523377292,0.19004300527894444,0.01159575262951953,0.006430509997434773,-0.009649353357500206,2024-02-05,2024-05-21,738920.0,739026.0,1.1292001737206752,1.3833294481097098,0.15737484688294284,0.29483134628425084
2024-05-23,739028.9762511919,0.6295270157661242,5.138690492591158,0.001749531294956698,0.0306346406234003,0.0016682102687702281,0.0015600612000431292,0.0005908760893372052,2024-02-12,2024-05-21,738927.0,739026.0,2.890336501673588,2.2496963905279386,0.15737484688294284,0.37411023815362765
2024-05-22,739027.3390295553,0.37242973565898924,2.453420147769206,-0.10021935002006593,0.10348344360584509,-0.018105524462013793,-0.018077109190673187,-0.001013972067198544,2024-02-20,2024-05-21,738935.0,739026.0,1.6530799419118536,0.8676252530421467,0.15737484688294284,0.3050531085235617
2024-05-25,739030.3552715263,0.4415146947271559,2.209689482816947,0.005900374936565104,0.04903613285036766,-0.023080778450411184,-0.01882642084295065,0.013352460901312481,2024-02-27,2024-05-21,738942.0,739026.0,1.0585584236043941,0.42450193541845704,0.15737484688294284,0.25559839909256593
2024-06-26,739062.647878452,0.9671934196360403,14.621545862085265,-0.11780378317171593,0.006568349891287259,-0.0007575339204388731,-0.0006634890241005826,-0.00036556799027478537,2024-03-05,2024-05-21,738949.0,739026.0,2.6336840489472624,0.5735539002528723,0.15737484688294284,0.3088560630981951
2024-06-12,739048.8995888771,0.30832335949096384,7.43661382635569,-0.934710612568716,0.36174869972608287,-0.0203816555348023,-0.0044948791512981435,-0.019879837618918393,2024-03-12,2024-05-21,738956.0,739026.0,1.6574771312123708,0.7358659725644222,0.15737484688294284,0.22239147904037418
2024-06-09,739045.1846801601,0.6029249379508194,3.614731297489037,0.06029009102669737,0.01631364338777494,-0.012562887695099731,-0.009820654094049194,0.007834596377907612,2024-03-19,2024-05-21,738963.0,739026.0,0.8369825760580331,0.21659514369858995,0.15737484688294284,0.25190480421574907
2024-05-27,739032.6037836476,0.05576915524033367,13.831852723689144,-3.1579916134069994,2.830359358011811,0.004139445718607435,0.0035804821113667247,0.0020772960086324495,2024-03-26,2024-05-21,738970.0,739026.0,4.9513687463591705,2.756849750255536,0.15737484688294284,0.3648761227556019
2024-05-27,739032.0724797638,0.07943563833209423,13.940309519316619,-1.9496844362252281,1.687555057388003,0.0078098657065856295,0.007530510912550807,-0.002070122641501092,2024-04-03,2024-05-21,738978.0,739026.0,4.851249518011516,1.231281510505771,0.15737484688294284,0.35528960952705896
2024-08-09,739106.2838864699,0.9915932549844699,4.236319761612393,-0.2599953814106524,0.004349854283552063,0.0009902263128314256,0.000057997163876201055,0.0009885264182640922,2023-11-30,2024-05-22,738853.0,739027.0,0.7831034127794876,1.028217702104562,0.2303749265523626,0.38250803215726287
2024-08-11,739108.1390201495,0.8643289118877542,8.591186876153603,-0.09323584083213195,0.00634800804994631,0.0009672910348845291,0.00046760879752439066,-0.0008467549578513117,2023-12-07,2024-05-22,738860.0,739027.0,1.528435734885911,0.6602466109873947,0.2303749265523626,0.5455846181456832
2024-06-07,739043.5986516668,0.29324099466349135,9.880912833072486,-0.3115574603614529,0.19247671127504498,-0.004188681564960881,-0.0012128885609229974,0.004009233666353867,2023-12-14,2024-05-22,738867.0,739027.0,3.7184950279974562,1.3637302061025212,0.2303749265523626,0.5899227999200826
2024-07-23,739089.9872788817,0.05189662994079482,8.713589626710663,-6.4177318430842485,5.292807379203163,-0.03134786081314743,-0.013889823741728298,-0.028102689799807165,2023-12-21,2024-05-22,738874.0,739027.0,1.7089486190062264,1.0055883497068203,0.2303749265523626,0.5589819753175554
2024-05-30,739035.5724626114,0.47174175166875,3.890349820252871,-0.10957655501345283,0.06812149689785889,-0.009439741240870613,-0.009315917686811281,-0.0015239397452492033,2023-12-29,2024-05-22,738882.0,739027.0,1.7866831709144566,0.8750638708980798,0.2303749265523626,0.415786049383732
2024-06-27,739063.0197410138,0.571155709646647,7.734109075658823,-0.14776969526197176,0.03831538206984341,-0.001730451714309529,-0.00022198731809663105,-0.0017161540624783826,2024-01-08,2024-05-22,738892.0,739027.0,1.9174212961166777,1.63515115339961,0.2303749265523626,0.6208422016131493
2024-07-07,739073.0003164618,0.8371699117436096,12.239614430999623,-0.06479808129999583,0.008835013244112344,-0.0011266481690095406,-0.0010343126743591405,0.0004466916032259765,2024-01-16,2024-05-22,738900.0,739027.0,2.5804023075747815,0.5363703516761846,0.2303749265523626,0.4976092756801831
2024-06-25,739061.4191620293,0.06501827150024854,3.8689858811378883,-2.975073095883219,2.485563546449513,0.0629764206271377,0.031210840480698464,-0.05469838198241853,2024-01-23,2024-05-22,738907.0,739027.0,0.9243033879752092,0.663262086116126,0.2303749265523626,0.3324698915770895
2024-06-23,739059.7372091955,0.31168802610229124,5.143749242625695,-0.7044793234990049,0.2694131391270643,-0.01422153723010927,-0.0113267963452817,-0.008599756144211134,2024-01-30,2024-05-22,738914.0,739027.0,1.2224887543811387,1.1479224768305052,0.2303749265523626,0.32421670993082635
2024-07-11,739077.1624082827,0.848262683052974,9.218932820654517,-0.1936607543149693,0.01113871239091719,-0.0010327256036452366,-0.00040939297184106114,-0.0009481136888746846,2024-02-06,2024-05-22,738921.0,739027.0,1.6662412521751366,0.9924297111506886,0.2303749265523626,0.3763621431866863
2024-06-22,739058.7114484528,0.3510778330555498,2.167113577355748,0.9149682271521298,-0.15947431709120716,-0.07801988179649612,-0.043433816089285586,-0.0648120789317959,2024-02-13,2024-05-22,738928.0,739027.0,0.4884965367916672,0.331136610540307,0.2303749265523626,0.3231021624687072
2024-06-06,739042.4301988411,0.07659338690371144,8.254439609844008,-2.779757783888247,2.289486595076089,0.02587800632558359,0.022018608703623706,-0.013596031852847752,2024-02-21,2024-05-22,738936.0,739027.0,2.537035912674887,0.8209391549706845,0.2303749265523626,0.3526393023104759
2024-05-23,739028.7509995915,0.01779905292719253,10.297019505439703,-7.12288287532675,6.993696772506686,-0.003861158154089687,-0.0018932541822773974,-0.003365134602387016,2024-02-28,2024-05-22,738943.0,739027.0,6.377082270512351,3.1309387149601746,0.2303749265523626,0.5307111005164631
2024-06-08,739044.7835465171,0.2470535458286534,3.0272278378556092,0.1467639032320048,0.03895339336838216,0.06314486686544157,0.05633300329153728,0.028528353468260163,2024-03-06,2024-05-22,738950.0,739027.0,0.8062037277171611,0.05034463861054198,0.2303749265523626,0.25875136313784425
2024-05-31,739036.7269195779,0.9888963729766027,12.63893348773539,0.021677443884753195,0.0065132782646043705,0.0007748240718672077,3.877382607104496e-6,0.0007748143701874547,2024-03-13,2024-05-22,738957.0,739027.0,4.231715268514835,0.6577136932067953,0.2303749265523626,0.33217480661532517
2024-05-28,739033.4775942047,0.011279939255926187,4.7101741057610695,-15.740817485709991,15.403544567200614,-0.052573872681895124,-0.004539106503727058,-0.05237755818019721,2024-03-20,2024-05-22,738964.0,739027.0,1.7786549732465444,0.7016499534277044,0.2303749265523626,0.37114410055551195
2024-06-17,739053.1897376708,0.5088986613911107,11.2046899978176,-0.5652125243221309,0.11146503862249137,0.011789107984753822,0.009654746736115771,0.006765274017927741,2024-03-27,2024-05-22,738971.0,739027.0,2.0394730666853107,0.42942684306845025,0.2303749265523626,0.21796941117695345
2024-06-12,739048.3641660981,0.8308457644762555,9.332444894258565,-0.2066741768269182,0.018868364491187232,0.0038448126016325007,0.0011164328400243926,-0.0036791523011948215,2024-04-04,2024-05-22,738979.0,739027.0,1.7491770812730245,0.4369020236816591,0.2303749265523626,0.19692640016547158
2024-06-25,739061.499146364,0.11632627401986076,10.20399702524395,-1.814119398379639,1.2891836384242712,0.029352200114353324,0.011345638262426346,-0.027070798731681528,2023-12-01,2024-05-23,738854.0,739028.0,2.9615684143501664,0.5007046443420791,0.17200679309466044,0.47892099709994973
2024-07-26,739092.9755643582,0.016038616544984178,5.8148084619670435,-21.70164199307933,20.43153475133086,-0.06351880013664801,-0.06301173259101854,0.008009964211992886,2023-12-08,2024-05-23,738861.0,739028.0,1.1777539070805447,0.8872176960499292,0.17200679309466044,0.3617556869472121
2024-07-02,739068.5085249594,0.008782196116270182,5.05540052791798,-32.14718416832639,31.23894638663623,-0.06486802189320011,-0.016938898349329854,-0.06261736170622141,2023-12-15,2024-05-23,738868.0,739028.0,1.2868196180951668,0.8365911862654448,0.17200679309466044,0.34669723570819455
2024-06-30,739066.2920673222,0.28270184731296283,5.828801858005463,-0.7203003097977084,0.3010959243624382,0.01940837068861888,0.0019612374542980733,0.019309023808434737,2023-12-22,2024-05-23,738875.0,739028.0,1.4922319186674609,0.7524283536116779,0.17200679309466044,0.39766125515794637
2024-06-07,739043.021451492,0.9065531405367189,3.3701395640527285,0.041572767715057204,0.006431665150595607,0.0019359670780513241,0.00011356051593621334,0.001932633575336745,2024-01-02,2024-05-23,738886.0,739028.0,1.2588187001870963,0.8936569529465336,0.17200679309466044,0.34281611191967365
2024-07-07,739073.3464136021,0.896993513020039,4.359796664949938,-0.036047853243905185,0.005883931893721072,0.0014632221091176838,0.0003829782361301922,0.0014122133731350268,2024-01-09,2024-05-23,738893.0,739028.0,0.9579393491123156,0.8273331951956233,0.17200679309466044,0.3537199199960431
2024-06-07,739043.6418509815,0.28970673229284777,5.790163587153171,-0.43399883773206943,0.2352446078774658,0.005409996906042829,0.003370223061323822,-0.004231980982981146,2024-01-17,2024-05-23,738901.0,739028.0,2.036944791281629,2.175656931065917,0.17200679309466044,0.5040685324583601
2024-06-11,739047.6166870332,0.2507603818712663,7.325058781172813,-0.5974299048133327,0.3280478598621015,-0.008441120464113737,-0.008324002511635844,0.0014012483277277682,2024-01-24,2024-05-23,738908.0,739028.0,2.2879438759081663,1.3304082186011632,0.17200679309466044,0.4534759828165911
2024-07-01,739067.6219880378,0.7635169854229844,10.36176312528431,-0.10122304790468242,0.0143104429155301,0.0007443723760255986,0.0006440031400533163,-0.0003732963833088446,2024-01-31,2024-05-23,738915.0,739028.0,2.223978066398568,1.416602065686025,0.17200679309466044,0.47783640052883875
2024-05-25,739030.083942183,0.21625611933122296,5.260287313018284,-0.38971057975450873,0.32563999678435035,0.010797358119638356,0.00859749349064286,-0.0065319252936690865,2024-02-07,2024-05-23,738922.0,739028.0,3.3058099648849524,1.2398786322227693,0.17200679309466044,0.4561876346457633
2024-06-15,739051.8927838732,0.9637210115569625,14.470756986770203,0.005597068240491772,0.005466471113574091,0.00041059389737038,0.0000931962138949995,0.0003998772490070368,2024-02-14,2024-05-23,738929.0,739028.0,3.7718570826823874,0.8866549537509735,0.17200679309466044,0.4203513637584961
2024-06-26,739062.3851025158,0.9855500151692824,10.932014187923889,-0.04624914293738674,0.00503495181229004,0.00011978946485086678,0.00002660808284988759,0.00011679694266679492,2024-02-22,2024-05-23,738937.0,739028.0,2.2510036132572475,3.7892667234110964,0.17200679309466044,0.413528736440341
2024-07-02,739068.9149073866,0.7499679596637768,4.925763331811154,-0.03245036112280789,0.011662834369602177,-0.0036593889266356024,-0.003382673692359727,-0.0013959391130707226,2024-02-29,2024-05-23,738944.0,739028.0,0.8750073035544187,0.48524906443444404,0.17200679309466044,0.30849859502053323
2024-06-28,739064.9725411338,0.09709781892956906,2.0842062344321275,17.111228116888643,-11.225352919646316,-0.7441253829811003,-0.47930684552789266,-0.5691990279567156,2024-03-07,2024-05-23,738951.0,739028.0,0.37343510421358944,0.7027852998580889,0.17200679309466044,0.27199088418213774
2024-06-08,739044.1873826717,0.25165658372146865,8.354367361701236,-0.796173134789432,0.4137261192578622,0.02074814223234774,0.01907661066474229,0.008158941821068006,2024-03-14,2024-05-23,738958.0,739028.0,2.2235440367865826,0.6006596399058989,0.17200679309466044,0.322984474635598
2024-06-15,739051.4873854559,0.26274651196847826,12.823168105345303,-0.8608496228627015,0.40174673344106665,0.014764834034570842,0.013665518323229014,0.005590521713213673,2024-03-21,2024-05-23,738965.0,739028.0,2.6603464130068293,0.557526363272547,0.17200679309466044,0.33257251789100145
2024-06-11,739047.3479998462,0.9880978446309172,4.9213675286917296,0.09201040994605152,0.0025250481165932366,0.002885029218135241,0.0012781410498127832,0.002586454918663288,2024-03-28,2024-05-23,738972.0,739028.0,1.0648641198057802,0.17572501740581445,0.17200679309466044,0.23219854285625477
2024-06-08,739044.8289781325,0.012172165978146857,7.68659005883112,-18.4566125054156,17.86448665434072,-0.11004177137400385,-0.02180952510839739,-0.10785887103838386,2024-04-05,2024-05-23,738980.0,739028.0,1.6498833486604063,0.25707930320170524,0.17200679309466044,0.19948831180521873
2024-07-25,739091.9427520768,0.5704769144061291,4.534718726726771,-0.32447085436235007,0.04302108371926377,-0.005282035204768035,-0.005098854672198956,0.0013789767714518523,2023-12-04,2024-05-24,738857.0,739029.0,0.9505929681215765,1.0246316690748598,0.18593390206360036,0.3978736458842973
2024-06-26,739062.2675900043,0.095485447166366,5.43614776601088,-2.565439337252973,1.9114599474555873,0.04427195286768291,0.03784483352122721,-0.022973340777277782,2023-12-11,2024-05-24,738864.0,739029.0,1.5443931307154153,0.7583722896948109,0.18593390206360036,0.3759586405861997
2024-08-01,739098.6551743067,0.7789139434735783,4.138272944430399,-0.1885453479184689,0.0115460948694124,0.0022914434776471894,0.0008695903078527305,0.002120029695013832,2023-12-18,2024-05-24,738871.0,739029.0,0.779995078699632,0.9484104249951874,0.18593390206360036,0.4010219542234418
2024-07-07,739073.499667062,0.18902745523874237,9.565540581552314,-1.1452639807043858,0.6283146580630236,-0.012920595543853358,-0.012661824203183866,-0.0025729354938494892,2023-12-26,2024-05-24,738879.0,739029.0,2.245466491238277,0.960970440352197,0.18593390206360036,0.5771396831709665
2024-06-15,739051.8566429277,0.37650538371966,11.259693700050615,-0.25764074989120095,0.1191547052791393,-0.0033769887171544214,-0.002799936416075929,0.0018879642109214214,2024-01-03,2024-05-24,738887.0,739029.0,3.540766325232902,1.1798483821516683,0.18593390206360036,0.6019646129053157
2024-06-27,739063.6035845652,0.8568375097937113,4.1066564875919,-0.011985272157009905,0.007339214113005442,0.0018447539150803027,0.0017689113070645686,-0.0005235167570796795,2024-01-10,2024-05-24,738894.0,739029.0,1.0388930449537035,0.8300824099302024,0.18593390206360036,0.35522705316721515
2024-06-12,739048.7049043839,0.2991137295368081,8.919248974643297,-0.48719744280244637,0.23564298104186765,-0.013309564734621863,-0.01311452106999664,-0.002270209358121876,2024-01-18,2024-05-24,738902.0,739029.0,2.849810561730232,0.5937432920580517,0.18593390206360036,0.4097499554650807
2024-05-28,739033.8552542671,0.9531979909504025,3.96933843469961,0.07464281786111415,0.006008673363199608,-0.0013954534597548991,-0.00138974529231474,0.00012608878154275123,2024-01-25,2024-05-24,738909.0,739029.0,2.051318385202921,1.0340183076707703,0.18593390206360036,0.40243999272393316
2024-06-04,739040.013611494,0.5667771402863949,6.04589915392917,-0.06571153651272856,0.04087948003270104,0.0008881315098489192,0.0006472667290507867,-0.0006081310387165057,2024-02-01,2024-05-24,738916.0,739029.0,2.3298199118286074,4.314987195785338,0.18593390206360036,0.45536515065439503
2024-05-24,739029.7976911796,0.06506636745432884,12.101922362400401,-1.5697862488166214,1.5109645291897424,0.01578005135330206,0.0037411437459032105,-0.015330161909951885,2024-02-08,2024-05-24,738923.0,739029.0,9.431959834177281,0.5148112821296541,0.18593390206360036,0.630124816037337
2024-06-13,739049.1007696015,0.2956872307156016,6.644334576329187,-0.7124817081863736,0.310868147372916,-0.017129410206625374,-0.00524965385738881,0.016305147297845688,2024-02-15,2024-05-24,738930.0,739029.0,1.881478603157455,0.8076345544227818,0.18593390206360036,0.3226839517590828
2024-06-03,739039.8744490888,0.19738874576557613,2.967675626330035,-0.3677143433842123,0.30272512519651945,0.04981175435244339,0.04980717139041888,0.0006756846554433214,2024-02-23,2024-05-24,738938.0,739029.0,1.0567340095843787,0.40422445803799295,0.18593390206360036,0.28241491206488323
2024-06-30,739066.6935034911,0.5705933413343783,5.271764636657009,-0.12871431715860607,0.034826679168033225,0.007972103378349922,0.0016004298078014447,-0.007809805164368626,2024-03-01,2024-05-24,738945.0,739029.0,0.9833550977043155,0.47283523282534345,0.18593390206360036,0.2982562423553195
2024-06-01,739037.2124641072,0.6863399086035505,7.217888911845017,-0.04231008593516979,0.025894030304047962,-0.002354984777052544,-0.0003619644727276981,0.0023270012936464335,2024-03-08,2024-05-24,738952.0,739029.0,2.6875242483928212,1.0455398893675667,0.18593390206360036,0.3713920789259803
2024-06-04,739040.0365534327,0.025170905140432305,13.166556208564273,-7.677759274846454,7.259609781765018,-0.02889269888590054,-0.0034510043192581166,-0.028685860944022215,2024-03-15,2024-05-24,738959.0,739029.0,4.177817078499607,0.48034337052255266,0.18593390206360036,0.42230829973663125
2024-06-16,739052.5773579394,0.3812953252859671,9.538694211504174,-0.7002274428152058,0.21694296468118535,0.018385802026522225,0.01775192453366834,0.004786114448006107,2024-03-22,2024-05-24,738966.0,739029.0,1.9747102847120905,0.47166705820407384,0.18593390206360036,0.2618909716760985
2024-06-07,739043.5953789948,0.6416358351540409,4.452307076495816,0.08402156100565544,0.010426658100234798,0.013011900322943531,0.005782841020582835,-0.011656255820154364,2024-04-01,2024-05-24,738976.0,739029.0,1.0861768722622682,0.11548030073781902,0.18593390206360036,0.2051887892363435
2024-06-13,739049.7969939291,0.2275259736141267,7.4411126271969765,-0.664568518224081,0.3657565906209007,-0.056643433536374466,-0.006515466669918248,-0.056267461795098395,2024-04-08,2024-05-24,738983.0,739029.0,1.3818881750248124,0.19744025032895313,0.18593390206360036,0.13992336517132184
2024-08-01,739098.0898239709,0.538326967737932,6.912825135598002,-0.3435994320927621,0.051803553278551864,-0.005755127557407842,-0.004218891479103829,0.00391438984895223,2023-12-05,2024-05-28,738858.0,739033.0,1.436043867683219,0.700963107402131,0.15125706078695303,0.3961247790222141
2024-06-24,739060.4176339786,0.6431087570226374,4.3419743139430516,-0.10696993319916456,0.02585277594407695,0.004451377453277883,0.0036848679312428433,0.0024973004546607496,2023-12-12,2024-05-28,738865.0,739033.0,1.3571829129664796,0.8602207889928651,0.15125706078695303,0.3565622742441367
2024-08-11,739108.8323514013,0.7501613845354131,12.623179548205762,-0.13753596280114014,0.012065090843353493,-0.0007837206557803978,-0.0005657381452621674,0.0005423637315420155,2023-12-19,2024-05-28,738872.0,739033.0,2.2879516442129324,0.9148612818712158,0.15125706078695303,0.7152748359025166
2024-07-31,739097.5958767904,0.31103415901536585,2.1353809716644205,1.46196709237193,-0.29682065332109087,0.1068654607816598,0.030256105690638607,-0.10249290110301969,2023-12-27,2024-05-28,738880.0,739033.0,0.4127518989936198,0.40456608532401855,0.15125706078695303,0.4131400502943858
2024-07-14,739080.8075400405,0.17328404442181314,7.14172554894084,-1.6891101863068034,0.9143887439789158,-0.029095598874945394,-0.01628282287011258,0.02411272596104103,2024-01-04,2024-05-28,738888.0,739033.0,1.585056134888806,0.7625336083481857,0.15125706078695303,0.41694589647411096
2024-06-27,739063.5674075334,0.0785368056055651,6.757077520971802,-3.528275331620262,2.7408456862607244,0.0352471898851765,0.013625101951705744,-0.03250724521714065,2024-01-11,2024-05-28,738895.0,739033.0,1.836177506114225,0.9038043308602599,0.15125706078695303,0.45285068280461555
2024-07-02,739068.674629547,0.2904468609078959,4.1340432131444755,-0.4446251724338682,0.20937734179225992,0.02419108868281161,0.0214028937271582,0.011274968370848227,2024-01-19,2024-05-28,738903.0,739033.0,1.0103440635879717,0.6080873141652542,0.15125706078695303,0.349319306051522
2024-06-28,739064.0552814956,0.09911760903298153,12.029889948781735,-2.9152843409501106,2.10828827777306,0.02957439873522513,0.029554956974462712,0.0010721841202627738,2024-01-26,2024-05-28,738910.0,739033.0,3.066339842807431,0.5873584660780299,0.15125706078695303,0.3813994165692257
2024-06-30,739066.4206002466,0.10606175828494149,7.30281669447433,-3.1253178776706187,2.1766262850310607,0.035490291320488955,0.023593032005869773,0.026512819894971153,2024-02-02,2024-05-28,738917.0,739033.0,1.7406210684826788,0.8907231257944268,0.15125706078695303,0.3331113171871826
2024-06-26,739062.8660911615,0.3118343921849683,7.466352517410766,-0.8581855395279276,0.309603033253343,0.015230981690996598,0.008961146846624487,0.012315869862283606,2024-02-09,2024-05-28,738924.0,739033.0,1.8261738197493134,0.8489709536634917,0.15125706078695303,0.3176764587891243
2024-07-08,739074.7035470334,0.9783158500433833,11.448215680430861,-0.08853433874034139,0.005034354628208403,0.00017973769823678557,0.0001503053068110374,0.00009855939788725231,2024-02-16,2024-05-28,738931.0,739033.0,2.2541666102614406,2.3935688039974043,0.15125706078695303,0.4302202540784266
2024-06-04,739040.1734903867,0.004286241034104466,10.390584967668918,-46.874494678873454,46.42372208254788,0.05472897180978043,0.0335420801034027,0.0432456843822902,2024-02-26,2024-05-28,738941.0,739033.0,4.343441374025685,0.3499123412071871,0.15125706078695303,0.4009830779532557
2024-06-27,739063.0200609696,0.03217584776027405,10.956200690573654,-9.923278367137373,8.922926621938364,-0.04230099555326584,-0.010625739766044468,0.04094469293109569,2024-03-04,2024-05-28,738948.0,739033.0,2.342253802270549,0.6194792337527386,0.15125706078695303,0.34881087144448003
2024-06-10,739046.9206459958,0.26211504903109845,5.832008664998444,-0.7277420241456515,0.36586879214615453,0.021528341299786966,0.0002839466912869757,-0.021526468669909912,2024-03-11,2024-05-28,738955.0,739033.0,1.7520131237888412,0.7638157200935413,0.15125706078695303,0.3267511925784222
2024-06-02,739038.9611791493,0.3296441892976159,7.9707842816589585,-0.3303493848705315,0.18448506915542645,-0.01189045147684233,-0.005495633770580606,-0.010544232820968811,2024-03-18,2024-05-28,738962.0,739033.0,3.2450941387980223,0.6416633693941508,0.15125706078695303,0.40204787284679755
2024-06-26,739062.8304157606,0.2627125908408133,10.60641899063452,-1.320430773084132,0.5402614133535398,0.026801746745662356,0.025638062557777237,0.007811746085359127,2024-03-25,2024-05-28,738969.0,739033.0,1.9344547272016783,0.49929010516483247,0.15125706078695303,0.270159429394077
2024-05-28,739033.2532072668,0.06848303084519358,10.050977072429918,-0.8815989976273193,0.9078505077707314,-0.04969042350288977,-0.046100988586080235,-0.0185428433440678,2024-04-02,2024-05-28,738977.0,739033.0,8.643633258195822,0.12448480202001938,0.15125706078695303,0.4830354302488182
2024-06-09,739045.1606800138,0.5219163385303621,4.781213820574259,0.096302171154745,0.012504489711523237,0.021435582364713938,0.021228612124861948,0.002971568368151647,2024-04-09,2024-05-28,738984.0,739033.0,1.2291661856932727,0.063678586259393,0.15125706078695303,0.1768302713930452
2024-08-03,739100.2510122615,0.024104928217392414,10.797593975222776,-13.764723738649282,12.561004621038109,0.005062280430622313,0.004677073397938078,-0.0019369221947619873,2023-12-06,2024-05-29,738859.0,739034.0,2.2209550530762745,5.539327284137983,0.13579681984634795,0.655353952745047
2024-08-08,739105.7974988678,0.897541179035896,5.434695410221282,-0.1357353654668778,0.005809683919558789,0.001040203671107094,0.00003242619176652581,0.001039698138630727,2023-12-13,2024-05-29,738866.0,739034.0,1.0430926941254317,0.9223872622379681,0.13579681984634795,0.38840547684106214
2024-06-16,739052.556614966,0.8460706099969921,12.240965909551573,0.09204889392595902,0.006180922019273079,-0.0005669256343219403,-0.0004924011602186464,0.00028097290308260213,2023-12-20,2024-05-29,738873.0,739034.0,4.421783086466328,0.7535604390868528,0.13579681984634795,0.7382223841853934
2024-07-05,739071.5192521723,0.9426283947985994,9.417579361431535,0.040788048970553624,0.003979324098111676,-0.0005150663872600983,-0.0001144351494705878,0.0005021931698567932,2023-12-28,2024-05-29,738881.0,739034.0,2.4354869524143554,0.7732987923933254,0.13579681984634795,0.672843672485065
2024-07-30,739096.4186105334,0.017635025077899606,6.971890232185884,-20.751200352585208,19.399030103573793,-0.0639426870503828,-0.05069532301363907,0.03896987877535659,2024-01-05,2024-05-29,738889.0,739034.0,1.332504468949099,0.7673874195909847,0.13579681984634795,0.3632572832160781
2024-06-05,739041.7190895567,0.10224240735285742,4.975944222272955,-1.555967296690641,1.2603433633627175,-0.019572046260805324,-0.0002629346456094918,0.01957028002373104,2024-01-12,2024-05-29,738896.0,739034.0,2.3267252657756026,1.323147341042935,0.13579681984634795,0.5252917207004865
2024-07-13,739079.9507466344,0.47131486637056896,8.02004730849239,-0.49578745153222303,0.09600859889152266,0.006449364580929721,0.00586856985002771,-0.0026747320264087267,2024-01-22,2024-05-29,738906.0,739034.0,1.6991865220614708,0.8748375429833323,0.13579681984634795,0.42785817575364643
2024-07-18,739084.6115783514,0.3170663298261441,14.573174149418328,-0.9579462671577189,0.2985293547730812,-0.010884987208272938,-0.00692728534689439,0.008396169617567749,2024-01-29,2024-05-29,738913.0,739034.0,2.8321020817334803,0.5966986977770492,0.13579681984634795,0.3855929454973282
2024-06-19,739055.4778388807,0.9706440368721492,10.847904453512266,0.009258383728234768,0.004962995734532977,0.000505341443960156,0.00040150778969347956,-0.00030685740955563084,2024-02-05,2024-05-29,738920.0,739034.0,3.1798398674522197,0.8787657551246015,0.13579681984634795,0.4281929050674398
2024-07-02,739068.9275643807,0.2867972400938517,13.23448654869198,-0.9180970465149709,0.3520227616482804,0.011095264686032585,0.009761318017868578,-0.005274615531691008,2024-02-12,2024-05-29,738927.0,739034.0,2.9531654875388633,0.6875447170836253,0.13579681984634795,0.36944680110312733
2024-07-11,739077.2468473319,0.5765547529055614,4.909528379623331,-0.1373298818688539,0.03235360354050569,-0.006706511230598312,-0.0032851356286901627,-0.005846809111579734,2024-02-20,2024-05-29,738935.0,739034.0,0.9303368417295071,0.5665350517653482,0.13579681984634795,0.3375975035138735
2024-07-10,739076.021363532,0.22374254952602995,4.762571902604122,-0.3967096201901349,0.25254905894907603,-0.04427176275409382,-0.041045192237776584,-0.016591599426177522,2024-02-27,2024-05-29,738942.0,739034.0,0.8791291327537061,0.2679945592234967,0.13579681984634795,0.3128510420051132
2024-06-18,739054.2405264431,0.9101276405868237,13.51537588130697,-0.043174995664186845,0.00794537304603998,-0.0009674917985078146,-0.000899338155844997,-0.0003566949139267416,2024-03-05,2024-05-29,738949.0,739034.0,3.5461201058110636,0.5530204307358244,0.13579681984634795,0.35420555471886195
2024-06-25,739061.1475924755,0.21692764147799332,10.36210155701207,-1.310378856233152,0.6516365731229157,0.024446982597872615,0.014826733013803455,-0.019437668231505473,2024-03-12,2024-05-29,738956.0,739034.0,2.2331156819097986,0.5580167531124711,0.13579681984634795,0.33081537929675187
2024-06-14,739050.5358966348,0.11997526466647071,7.25617395338368,-1.9928771626691417,1.4236046035387977,-0.0345145707785956,-0.021868083672944627,-0.026702855886660853,2024-03-19,2024-05-29,738963.0,739034.0,1.9245852125498226,0.6819788997463991,0.13579681984634795,0.364629116403788
2024-06-26,739062.3487737185,0.3656211355110644,6.788875192121775,-0.39385551303236155,0.14056338898436824,-0.022746953587694217,-0.011442882543936446,-0.019659204882354456,2024-03-26,2024-05-29,738970.0,739034.0,1.2760382165695079,0.3327993324399448,0.13579681984634795,0.2419567548539282
2024-06-02,739038.066362599,0.49391080979598223,2.189365593522824,0.13339224864176172,0.013935481386622758,-0.023792017314632683,-0.023491482512979136,0.0037696600963716556,2024-04-03,2024-05-29,738978.0,739034.0,0.9382672743565823,0.13213593765483453,0.13579681984634795,0.28017550889833476
2024-06-19,739055.9457043651,0.7854276474827526,13.576158566133834,-0.15116419415357416,0.017832611741848702,-0.0032039937719661998,-0.00030346000825229796,-0.0031895905872368225,2024-04-10,2024-05-29,738985.0,739034.0,2.5352581190821484,0.3219975547361286,0.13579681984634795,0.2995819516066915
2024-06-30,739066.5042574902,0.5884833637752124,4.997936192169831,-0.16415218718385013,0.03590474268757364,-0.005408214242498632,-0.003542930150208966,-0.004086126190355031,2023-12-07,2024-05-30,738860.0,739035.0,1.4955967148553528,0.7817023433914368,0.18321348490422204,0.3677742461295514
2024-08-06,739103.5329312123,0.2345222641598113,6.7588507643185025,-1.2685538306317086,0.5193860766206367,-0.023469406161134635,-0.007469469069515189,0.02224904621272247,2023-12-14,2024-05-30,738867.0,739035.0,1.332553771238867,0.7678907273078336,0.18321348490422204,0.36869529746122526
2024-07-10,739076.868835175,0.3123490660619593,14.222601820395083,-0.5523285495966026,0.21236324194966424,0.0037368791562229146,0.0031628474743317673,0.0019901411212088563,2023-12-21,2024-05-30,738874.0,739035.0,3.571997140553389,1.2480484723430356,0.18321348490422204,0.6528203092164143
2024-06-08,739044.8095903803,0.16687543576802957,3.487304719233868,-0.8088737761830196,0.5751672309830175,-0.037084036953328486,-0.030954890823333008,0.02042108055102292,2023-12-29,2024-05-30,738882.0,739035.0,1.5591787645406603,0.7421806804574167,0.18321348490422204,0.3521108364784312
2024-06-28,739064.5484788906,0.21264051342237505,12.133067407723445,-0.9378413808944357,0.4994251365492127,0.015221675638211026,0.004539501530493283,0.01452901700355383,2024-01-08,2024-05-30,738892.0,739035.0,3.407597806714176,0.5750205100982294,0.18321348490422204,0.5213362797530484
2024-07-17,739083.2328566974,0.029906438251547714,3.464767866175567,-0.07884791264256123,0.33692214544203897,-0.15663671240190588,-0.007706648070270616,-0.15644701098965835,2024-01-16,2024-05-30,738900.0,739035.0,0.7360097563999475,0.018566350655341585,0.18321348490422204,0.35590976207646086
2024-06-05,739041.3116653437,0.18759246792990153,4.25486080874879,-0.7035896930362516,0.4949537754935858,0.018951356571331332,0.00466923512154857,-0.01836714891520839,2024-01-23,2024-05-30,738907.0,739035.0,2.070662729862712,1.1514746411497498,0.18321348490422204,0.48340446212837834
2024-07-09,739075.6519083445,0.5921571162187441,11.949784893210056,-0.2596859451253945,0.04022625964015997,-0.0024707620824093073,-0.00008998832860277844,0.0024691227933391425,2024-01-30,2024-05-30,738914.0,739035.0,2.625336772720726,0.8067808659707176,0.18321348490422204,0.44634835079527196
2024-06-26,739062.6174220945,0.17834782885664915,7.92964343765565,-1.4971316649671926,0.84858696658436,-0.022253990197236735,-0.02017247677029214,0.009397407123815203,2024-02-06,2024-05-30,738921.0,739035.0,2.0630377665962607,0.8576352684004902,0.18321348490422204,0.37740582902794373
2024-06-03,739039.4138135834,0.9713792639300933,3.394757816400128,0.06064462917744074,0.00518127265500121,0.0013042646558236001,0.000622104358516284,0.00114633871937822,2024-02-13,2024-05-30,738928.0,739035.0,1.7443409108174996,1.136712805993409,0.18321348490422204,0.3368145359763759
2024-06-20,739056.8094752966,0.05607307879369673,11.649896168387407,-4.521084978189246,3.8299616289774803,-0.03236626466803951,-0.03216890157770145,-0.0035688737503224125,2024-02-21,2024-05-30,738936.0,739035.0,3.1740445473262673,0.5695530601367137,0.18321348490422204,0.4147127015259179
2024-06-05,739041.5310081061,0.05507920281851099,9.207724869370617,-2.679267312363947,2.4223376369483893,-0.02853842002935068,-0.02851508250822298,0.0011539009146715688,2024-02-28,2024-05-30,738943.0,739035.0,3.9769662218866344,0.5077384623377295,0.18321348490422204,0.5056980805653263
2024-06-22,739058.8704594573,0.6539241311596923,13.929653678364344,-0.17481404460549352,0.03060562865201439,0.0030017736665816897,0.002996617139187987,0.00017587173311275878,2024-03-06,2024-05-30,738950.0,739035.0,3.364294670241097,0.47864156089066917,0.18321348490422204,0.3608236184389236
2024-06-09,739045.854980199,0.14008425368046787,5.529394083100939,-1.1340646892856192,0.828514099098147,-0.03430221873385115,-0.030916152397695938,-0.014860475463033089,2024-03-13,2024-05-30,738957.0,739035.0,1.8501597442489333,0.6119127024416632,0.18321348490422204,0.4031737004571857
2024-06-27,739063.7558907467,0.8450960854073424,2.925856117825542,0.6078520565847995,-0.013786142712821229,0.010007132514064928,0.006780334762688342,0.007360010982324379,2024-03-20,2024-05-30,738964.0,739035.0,0.5792323280063956,0.3979112736816081,0.18321348490422204,0.29556255904201617
2024-06-03,739039.4755133106,0.675381171177304,8.663868914791047,-0.04781410343302136,0.027951262910538014,0.004747870004373562,0.0039397125476556905,0.002649704628873662,2024-03-27,2024-05-30,738971.0,739035.0,3.761432835321351,0.4589228603463447,0.18321348490422204,0.3673780631356114
2024-06-13,739049.470979452,0.023731401183420216,13.318162468134922,-7.554463887829906,7.136312270147199,-0.03633123435635867,-0.01654602568523097,0.03234482375713822,2024-04-04,2024-05-30,738979.0,739035.0,3.3555263401387974,0.3500038043935824,0.18321348490422204,0.4238754896815798
2024-05-30,739035.8024588051,0.6162325860743062,9.293979356236312,0.02918792105006462,0.025279831921554773,-0.010725181135909652,-0.006093274328169911,0.008826183680376121,2024-04-11,2024-05-30,738986.0,739035.0,6.106272191156736,0.15628327475586268,0.18321348490422204,0.33049154750618603
2024-06-25,739061.8629159743,0.857615698444187,4.527263123163618,-0.007388297044594613,0.007568765795897492,0.0017547136775520713,0.00008799205176840973,0.0017525060596225888,2023-12-08,2024-05-31,738861.0,739036.0,1.4769643517276558,0.8171010927892829,0.2184926574736373,0.37283217870633056
2024-08-12,739109.2640712294,0.49344353064427515,2.389975880757755,0.5014367649568675,-0.027911255285101317,0.02800258931191179,0.027954020097473834,0.0016485656073160879,2023-12-15,2024-05-31,738868.0,739036.0,0.4533409513890052,0.20579040374981106,0.2184926574736373,0.4834634386384306
2024-06-25,739061.7243839103,0.6796867141548101,3.891518464150045,-0.04646477921816798,0.01837710523904219,0.00383833274312749,0.0013736096994062116,-0.0035841309463608855,2023-12-22,2024-05-31,738875.0,739036.0,1.2276807697019667,0.8362269636981944,0.2184926574736373,0.3740999720708188
2024-07-28,739094.0083255373,0.11966443092495574,2.1159500290058206,7.284641604608407,-4.017287694139879,0.394121481179583,0.13942487117616656,-0.368635927745381,2024-01-02,2024-05-31,738886.0,739036.0,0.430044666766766,0.5764511380630448,0.2184926574736373,0.3917347125252504
2024-07-09,739075.5850551794,0.17283403340547634,14.492147283986348,-1.3731129812885539,0.7806514869274807,0.009676336777471638,0.00421415216782507,0.008710477308245826,2024-01-09,2024-05-31,738893.0,739036.0,3.526090469197603,0.9621499065888434,0.2184926574736373,0.5892170597374886
2024-06-23,739059.3320264936,0.7922921724636318,4.118818419452925,-0.009381851267023036,0.010330231041468463,0.0024443010063003017,0.0022593449801530325,-0.0009327205744798176,2024-01-17,2024-05-31,738901.0,739036.0,1.2552535682700536,0.8129579217685275,0.2184926574736373,0.36263599088017
2024-07-23,739089.1870172767,0.4465461400117915,9.553795737051246,-0.5864761048681965,0.11479853969391567,0.005581955828579391,0.002526161106529958,0.004977624025181771,2024-01-24,2024-05-31,738908.0,739036.0,1.8637417338398126,0.9612588606712609,0.2184926574736373,0.4783820036715558
2024-06-21,739057.1130477512,0.43154575043826615,7.171253208154055,-0.31618620657039453,0.10333383770367051,0.004708754071014256,0.00330887413762613,-0.0033501816133819163,2024-01-31,2024-05-31,738915.0,739036.0,2.176229829082531,1.3205910127778904,0.2184926574736373,0.4742301455968679
2024-07-18,739084.905536947,0.34188024765842223,14.31283773642468,-0.8418800169680313,0.24328904856748484,0.007698466175144535,0.004223816759140541,0.006436284132560341,2024-02-07,2024-05-31,738922.0,739036.0,2.7410220932288416,0.7548603536570243,0.2184926574736373,0.4129676697682191
2024-06-19,739055.39423947,0.007882767193106101,3.8141033827496598,-22.196533198478697,21.774029731502292,-0.09080630313949842,-0.00629235160560169,-0.09058802901671911,2024-02-14,2024-05-31,738929.0,739036.0,1.1378415191433315,0.49557461950712217,0.2184926574736373,0.31583862681518865
2024-05-31,739036.862413091,0.36431145310844487,8.190973701084783,-0.10420218262776759,0.10577667553359503,-0.010302726866075784,-0.001289626599585741,-0.010221694776826431,2024-02-22,2024-05-31,738937.0,739036.0,6.194626420316902,0.45664112362524406,0.2184926574736373,0.5200201923682495
2024-06-07,739043.5218553682,0.9397355705324122,7.842105442403218,0.048553975189531515,0.006214040574216989,0.00030831924939404875,0.00023592880877404578,-0.00019849019305086423,2024-02-29,2024-05-31,738944.0,739036.0,3.2233241039177933,2.415162924484066,0.2184926574736373,0.43964235324348433
2024-06-27,739063.8378231431,0.4813598701642371,6.414175561093793,-0.31624653476420567,0.07811258706909156,-0.010409990298550071,-0.010399104030052744,0.00047595523744082055,2024-03-07,2024-05-31,738951.0,739036.0,1.4287335413070839,0.5631184225170937,0.2184926574736373,0.3068503251319463
2024-06-18,739054.6062658192,0.675131197563749,11.439815150623765,-0.1173999352201147,0.0260639390523514,-0.0026912238126721227,-0.0009119704274154766,0.002531994381789404,2024-03-14,2024-05-31,738958.0,739036.0,2.998962432177311,0.5715568111929507,0.2184926574736373,0.38999157406016066
2024-06-08,739044.3253324145,0.6293213247667361,6.366174087525195,-0.07198246236651447,0.031814520065976994,0.005010891235047205,0.005009495138858279,0.00011827689219864543,2024-03-21,2024-05-31,738965.0,739036.0,2.2840289257317106,0.6276309298732781,0.2184926574736373,0.38657147542214904
2024-06-16,739052.5292396639,0.9573948725682528,8.262152929171876,-0.023852219478416474,0.006516719691636401,-0.0015114887068081947,-0.000726850814685653,0.0013252494119974216,2024-03-28,2024-05-31,738972.0,739036.0,2.082229187652428,0.4995995080050648,0.2184926574736373,0.33256224827684516
2024-06-24,739060.8071392615,0.09802515363798639,14.104910986221222,-2.524861540152519,1.8732819174674877,0.044975642358533144,0.004824666063357706,0.04471611569601912,2024-04-05,2024-05-31,738980.0,739036.0,2.6510385719367986,0.289462926169485,0.2184926574736373,0.3690261375527992
2024-06-03,739039.3944425153,0.5712256103152212,6.405595529427087,0.10531730455448418,0.010363728560866422,0.02113442029411646,0.00714068066586306,-0.01989156607199471,2024-04-12,2024-05-31,738987.0,739036.0,2.7899771415319954,0.04372943315679891,0.2184926574736373,0.19700628815890378
2024-08-22,739119.6990410964,0.921825327560162,7.715580178696605,-0.12800336962774111,0.004797859186395292,0.0008139820797978569,0.0002923744673785062,0.0007596604485276164,2023-12-11,2024-06-03,738864.0,739039.0,1.4161895550455792,0.7042270480074968,0.26176920345618004,0.40317272861673487
2024-06-16,739052.6330233709,0.3316936918939087,12.939018730043387,-0.2600539319869746,0.14588032310608137,0.005926744422826114,0.005903885869805634,0.0005200298931886627,2023-12-18,2024-06-03,738871.0,739039.0,5.332566226723363,0.6309811533207168,0.26176920345618004,0.6482451114216421
2024-07-30,739096.6264975332,0.06911005756360057,4.111078891279279,-1.5425164067505739,1.344562007258848,-0.09156962581999999,-0.03300022465559525,0.08541651798976034,2023-12-26,2024-06-03,738879.0,739039.0,0.8694304371722568,0.24683960321964446,0.26176920345618004,0.41392366772706957
2024-07-16,739082.4014092939,0.13658800087196335,4.5227192536611165,-1.1865211766869377,0.8063741782181875,-0.05230516672666907,-0.052292988153751344,0.001128652407197013,2024-01-03,2024-06-03,738887.0,739039.0,1.0830049434392803,0.4655913898032577,0.26176920345618004,0.3730102820974775
2024-06-18,739054.5337503857,0.5076562478223791,6.3691153318462135,-0.12098532041188308,0.05227138343394532,-0.003063338186137598,-0.0030631375273973407,-0.00003506181539647967,2024-01-10,2024-06-03,738894.0,739039.0,2.3674296907385375,1.3600650236133291,0.26176920345618004,0.6184112438931053
2024-08-06,739103.6560957492,0.5430649627305794,12.758608559017125,-0.3724608120930504,0.051709730766024704,-0.0014211459193700065,-0.0012979336396586798,0.0005788125699951524,2024-01-18,2024-06-03,738902.0,739039.0,2.309764668459671,1.5487526945200567,0.26176920345618004,0.6090084291294424
2024-07-14,739080.6046024079,0.6893110475799679,5.329512336787197,-0.11752336755157067,0.018555732246829673,0.003186287044218248,0.003167932765686644,0.0003415071305873844,2024-01-25,2024-06-03,738909.0,739039.0,1.201910146992341,0.753218479742694,0.26176920345618004,0.38125639134636236
2024-06-04,739040.7109672726,0.03685905275901336,10.334624312323465,-3.518765890103457,3.347969158962316,0.02130769329494008,0.020157974983205665,0.0069046244016375755,2024-02-01,2024-06-03,738916.0,739039.0,7.054476466592943,0.5603953051949521,0.26176920345618004,0.7810893988504707
2024-06-10,739046.4384313141,0.3376461739017354,6.907578824087272,-0.285533828739689,0.15794225590866395,-0.006826228028130527,-0.0037739696782796597,0.005688105304884967,2024-02-08,2024-06-03,738923.0,739039.0,3.088235977278864,1.1309763631492096,0.26176920345618004,0.534241293574864
2024-07-04,739070.6628351706,0.47120386544744386,2.6400419466565612,0.8052987228356516,-0.07463149913086232,0.041317664776795764,0.03987828152203628,0.010810739357550406,2024-02-15,2024-06-03,738930.0,739039.0,0.6265753642489832,0.3223921175869253,0.26176920345618004,0.3392403167273246
2024-06-26,739062.9531181876,0.2634589263088543,13.54458377006278,-0.7820519093978495,0.35761947616718553,0.014674053574470585,0.013679023633726905,-0.005311512094909859,2024-02-23,2024-06-03,738938.0,739039.0,3.5608509909551795,0.47404363143656675,0.26176920345618004,0.4510580577311141
2024-06-26,739062.2994974874,0.32437665798218657,3.064645756624574,0.4560199828447928,-0.054606298755844364,-0.05330400926667024,-0.003317838304666283,0.053200651808839226,2024-03-01,2024-06-03,738945.0,739039.0,0.7883553713559934,0.1084306792949474,0.26176920345618004,0.30363945298748624
2024-06-15,739051.0824466363,0.5609004295046768,9.630978605008801,-0.12072768901540713,0.0440574134132466,0.0040180987828883135,0.003698187310712336,0.0015711551304485516,2024-03-08,2024-06-03,738952.0,739039.0,3.22535316209169,0.638577689834014,0.26176920345618004,0.4593944671858917
2024-06-23,739059.977776362,0.22513610928101008,7.0300112235985965,-0.8176629118281813,0.4352518625528495,0.028660882378361355,0.006469528758139648,-0.027921163592405453,2024-03-15,2024-06-03,738959.0,739039.0,1.7582194598112486,0.4863402565441802,0.26176920345618004,0.40656546858594267
2024-06-22,739058.6933896665,0.09536722294910918,8.397041976442932,-2.0763889414451713,1.5997745946832218,-0.03491362461115971,-0.028501300107988653,-0.020165244249533476,2024-03-22,2024-06-03,738966.0,739039.0,2.0701500989602484,0.5203992592650895,0.26176920345618004,0.47384937880707395
2024-07-02,739068.1512570381,0.21377436977655156,3.682991468552626,0.76909006224229,-0.21698596999366007,-0.08243055699008944,-0.024322468148664917,-0.0787604867230616,2024-04-01,2024-06-03,738976.0,739039.0,0.6746383055319847,0.15279119986397452,0.26176920345618004,0.29210909667676327
2024-06-29,739065.4290107848,0.8503054035310385,10.400463492475092,0.029199773641134696,0.005656767601013387,0.0037262548983385763,0.003650463069123511,0.0007477265197634698,2024-04-08,2024-06-03,738983.0,739039.0,1.8828457487472994,0.124113213949068,0.26176920345618004,0.2544486126444476
2024-06-06,739042.7953628509,0.8211495644454121,5.07346023725141,0.1932282300603339,-0.0019207775158916187,0.009077203758146963,0.006613978571482259,0.006216986048149927,2024-04-15,2024-06-03,738990.0,739039.0,2.1257707143895455,0.0342486127495292,0.26176920345618004,0.16445986289101647
2024-08-01,739098.2023079079,0.7476671844504309,14.765391423968492,-0.07193705993908488,0.011286420288576966,0.0010486591718168923,0.0010361446449235077,-0.0001615250241666245,2023-12-12,2024-06-04,738865.0,739040.0,3.2617353790518164,0.5449858347481863,0.2778930908654742,0.7113873028835974
2024-08-01,739098.0867371588,0.9285545299035187,12.306313812583278,-0.011099855814537048,0.004006674670127836,0.0004761990338366137,0.0004701510671722228,-0.0000756537762688975,2023-12-19,2024-06-04,738872.0,739040.0,2.661715391653087,0.6348556632787453,0.2778930908654742,0.7077205118042663
2024-07-06,739072.6615176104,0.8129955476233708,12.28052075871078,0.008932822707722764,0.008115351457530435,-0.0011185580331069004,-0.0010592297768163713,-0.0003594500707101307,2023-12-27,2024-06-04,738880.0,739040.0,3.468733962326677,0.4803084148253522,0.2778930908654742,0.6486255954741853
2024-08-15,739112.4748150349,0.5372770720770449,10.968570167832613,-0.4056926211701946,0.05363637963810616,-0.0024540083959202824,-0.0007167833467594286,-0.002346993574992397,2024-01-04,2024-06-04,738888.0,739040.0,1.9735588805408824,1.0706110011624426,0.2778930908654742,0.681934097524923
2024-07-21,739087.1471078085,0.35494561042860867,3.0326720302101107,0.8518304171252987,-0.1125998661299196,-0.05417921777476217,-0.050753591995017555,0.01895944456698021,2024-01-11,2024-06-04,738895.0,739040.0,0.6781384626055508,0.2432436476878508,0.2778930908654742,0.3815454687054079
2024-07-24,739090.101098288,0.8923723155900201,2.171386806594202,1.0751805819237383,-0.016731181077410846,0.01071760488277943,0.002017873888522847,-0.010525931758917844,2024-01-19,2024-06-04,738903.0,739040.0,0.45534749043228523,0.6415606978241291,0.2778930908654742,0.4031651728991572
2024-07-22,739088.503394869,0.2512798348643755,14.172893822153831,-1.1055927528606508,0.44910708250088377,0.012073530503885195,0.005937794793485408,0.010512503594230251,2024-01-26,2024-06-04,738910.0,739040.0,2.9390999631521746,0.6594998858833844,0.2778930908654742,0.5199081419353906
2024-06-29,739065.1679779458,0.2805530323604249,9.845049228721608,-0.6135532050967853,0.27872229894504114,-0.0070452188691853814,-0.005641314435243261,-0.004220270175882316,2024-02-02,2024-06-04,738917.0,739040.0,2.777738979175348,1.1273903183137652,0.2778930908654742,0.560680371644384
2024-07-22,739088.6342810921,0.24748936290002682,2.4034618289203746,3.937090174511661,-1.192199713224624,0.2140463889986848,0.21305443001405788,-0.020583160465808298,2024-02-09,2024-06-04,738924.0,739040.0,0.4664475291254205,0.5735356471464429,0.2778930908654742,0.3578066657811278
2024-06-21,739057.2214120469,0.15786446574397808,6.28363933239873,-1.2858071381827425,0.8368565239161544,0.019592100720069047,0.0027151880171711663,0.019403045241836135,2024-02-16,2024-06-04,738931.0,739040.0,1.9920280415003935,1.0731072673535866,0.2778930908654742,0.5592857303379388
2024-06-14,739050.7162459962,0.46972387236091306,4.9071783124979955,-0.12936258209168852,0.06458094334640756,-0.009073542700361032,-0.004608895987639476,0.007815833603039137,2024-02-26,2024-06-04,738941.0,739040.0,1.816716560323221,0.681299845465401,0.2778930908654742,0.475375274427437
2024-07-04,739070.4199646859,0.1287672959200408,3.4015545546915495,1.0378120799194035,-0.44599683006098234,-0.12421730854027975,-0.11513236230019934,-0.0466313080683643,2024-03-04,2024-06-04,738948.0,739040.0,0.7537869130187208,0.13591825558612394,0.2778930908654742,0.30255782522846575
2024-07-14,739080.1541331676,0.8344737799956565,8.43233650282247,-0.14621197052806845,0.010613908715421214,0.0018000451625512749,0.0012853186346202326,0.0012602057747535622,2024-03-11,2024-06-04,738955.0,739040.0,1.5256679407434006,0.5835212987882415,0.2778930908654742,0.3730166493828072
2024-06-17,739053.8550707367,0.560231884134731,10.56277568144079,-0.13118270745213997,0.04476036219860616,-0.005665712767214523,-0.0012531784159650228,-0.005525381888913837,2024-03-18,2024-06-04,738962.0,739040.0,3.1799367254344366,0.4190142604706321,0.2778930908654742,0.4766693723849752
2024-06-18,739054.823064943,0.4692580729861525,5.8264475222567516,-0.026448494254085294,0.04115226932270108,0.01736479557820498,0.014464243363821206,-0.009608422835460638,2024-03-25,2024-06-04,738969.0,739040.0,1.6284485819355614,0.19086751873475558,0.2778930908654742,0.3514508040583546
2024-06-30,739066.5140503362,0.7782055357149522,2.924844029397502,0.8326822835093481,-0.02828312654001019,0.015249839470078802,0.010299556998895853,0.01124618733125448,2024-04-02,2024-06-04,738977.0,739040.0,0.5663876539043872,0.4934620385816305,0.2778930908654742,0.29065470903235935
2024-06-11,739047.1990569475,0.21130579088853169,2.6658992476248558,-0.09761225095187027,0.1616376868061236,0.06565408651642833,0.050947165202882234,-0.041410692267781296,2024-04-09,2024-06-04,738984.0,739040.0,0.9217041250077243,0.1951410019729035,0.2778930908654742,0.2876828613409207
2024-06-07,739043.504440647,0.8938588600687962,2.0327988769483083,0.1905372940243849,0.003781090324173787,-0.010134577080747883,-0.01007962146795896,0.0010539846622608603,2024-04-16,2024-06-04,738991.0,739040.0,0.8757525970373125,0.16405367332484874,0.2778930908654742,0.2439375950100556
2024-07-07,739073.5291549013,0.8901169585608355,2.217032997975566,0.23222666473880488,-2.7816176155664523e-6,-0.00320427436862456,-0.00027557512432263977,-0.003192402321180541,2023-12-13,2024-06-05,738866.0,739041.0,0.6538819736291875,0.00034853199352544276,0.2404819581763749,0.5381635983110367
2024-07-25,739091.2319142051,0.5471076284894184,2.5350847443484827,0.650377073115274,-0.03137958344910863,0.022875608845841295,0.019497881348496438,0.011963532212013612,2023-12-20,2024-06-05,738873.0,739041.0,0.5926620760658107,0.2960430029643077,0.2404819581763749,0.4824817749333748
2024-08-16,739113.9243934907,0.15823171614148304,8.866534461456332,-2.2910254946975446,1.2154646680132977,0.03402056946844299,0.03292560592029745,0.008561753426631064,2023-12-28,2024-06-05,738881.0,739041.0,1.6387586235511504,0.6375883778278545,0.2404819581763749,0.44413427737398914
2024-08-04,739101.8672483704,0.23469431180064887,9.148681401537486,-1.3280905127211569,0.5427733729231697,0.020014733153635392,0.016188508667010132,0.011769525493806861,2024-01-05,2024-06-05,738889.0,739041.0,1.8229458473087,0.6956852412205891,0.2404819581763749,0.5363902769366546
2024-06-11,739047.4236754798,0.18840534352613197,12.037797893529484,-0.5243434261202674,0.40089673707420087,-0.005236709769662411,-0.00035583059882499254,0.005224606568596108,2024-01-12,2024-06-05,738896.0,739041.0,6.054339940629762,1.1981748103395238,0.2404819581763749,0.7546610200531207
2024-07-22,739088.428404323,0.08084759595397896,4.02402128095457,-0.23765165449769285,0.37778758032407816,0.11266587278756436,0.044123323781376254,0.10366644196396184,2024-01-22,2024-06-05,738906.0,739041.0,0.8627639735096182,0.06736931518709081,0.2404819581763749,0.3656010683901521
2024-07-26,739092.0069808095,0.7514031039832705,8.858973471784246,-0.23552423976862877,0.01701246887301193,-0.0017842624084524917,-0.0008836784046043617,-0.0015500660693830365,2024-01-29,2024-06-05,738913.0,739041.0,1.7701383430309894,0.8087200334225536,0.2404819581763749,0.45621985671712717
2024-07-13,739079.5859724632,0.1306091798063669,4.597501386970212,-1.0659358871798101,0.7640001243151378,-0.0612567263049599,-0.06054629375912741,-0.009302302383507823,2024-02-05,2024-06-05,738920.0,739041.0,1.0388114870552745,0.35431658307035596,0.2404819581763749,0.3663338387414476
2024-07-29,739095.9720939513,0.5992674103427619,10.379644218114894,-0.450087917157805,0.047337781214448815,0.0036733800291173934,0.0005739024961827318,-0.003628271870077229,2024-02-12,2024-06-05,738927.0,739041.0,1.8550120604040619,0.7440124970255337,0.2404819581763749,0.4293693998416932
2024-06-28,739064.1294512132,0.06914487434358386,5.37260140831701,-2.995631401804965,2.459391036336835,0.06566287533095173,0.03882718656267387,-0.052953401971501585,2024-02-20,2024-06-05,738935.0,739041.0,1.4704817157050223,0.4820399799562876,0.2404819581763749,0.41169430104007887
2024-06-26,739062.8405341803,0.056976197752037785,4.378382599697519,-2.392905985867968,2.104759983679991,0.08990778311854945,0.04527651590593682,0.07767526358314836,2024-02-27,2024-06-05,738942.0,739041.0,1.1920892023452636,0.3046386789608882,0.2404819581763749,0.3084547635092172
2024-06-08,739044.0099693749,0.7963445904959776,5.161886764121276,0.05386857489291088,0.010934830383006551,-0.0021651469528107736,-0.0013092215563761157,0.0017244710039852448,2024-03-05,2024-06-05,738949.0,739041.0,2.8359980260587396,0.7791431085856062,0.2404819581763749,0.4873465357389495
2024-06-30,739066.2810322804,0.3983616349351019,13.4731325858431,-0.34677509420523306,0.11825301679812023,0.010370636691405899,0.010344559511465902,0.0007349788424673264,2024-03-12,2024-06-05,738956.0,739041.0,3.1585288003608407,0.33714422997930793,0.2404819581763749,0.4789997167715288
2024-07-09,739075.4013341,0.9387874814740345,14.670536956086034,-0.08889470930714162,0.006403534716307159,0.0009432037259639056,0.0004733252089211779,0.0008158409865114141,2024-03-19,2024-06-05,738963.0,739041.0,2.7644623322746957,0.43444573760644273,0.2404819581763749,0.4439148531695763
2024-06-21,739057.5552524952,0.7547728988909967,9.644746412953754,-0.05646627083725881,0.015974507529772284,-0.002571593650696314,-0.0012409480266937236,0.002252363625027395,2024-03-26,2024-06-05,738970.0,739041.0,2.556659875409706,0.4861279796505899,0.2404819581763749,0.468633973098572
2024-07-02,739068.0970165052,0.44369190648178003,13.088467775661412,-0.27302462735044186,0.08347992866647588,0.012186079077693953,0.009940041430929471,-0.007049546059088903,2024-04-03,2024-06-05,738978.0,739041.0,2.502761657115472,0.2322259648105688,0.2404819581763749,0.4100732916388624
2024-06-30,739066.9041490108,0.24237892150718637,6.693106076302794,-0.14018936504539034,0.12794467126971884,-0.0463712723927773,-0.03196553985064315,-0.033593141642039005,2024-04-10,2024-06-05,738985.0,739041.0,1.2262483525820067,0.09991721736879172,0.2404819581763749,0.23970039134229001
2024-06-12,739048.3638088693,0.8809424900916507,10.402308785257574,0.13495609827224253,0.002060394926598036,-0.005176265771441243,-0.005006190224104705,0.0013159736990809082,2024-04-17,2024-06-05,738992.0,739041.0,3.369516810082392,0.033709454242487176,0.2404819581763749,0.2877343900037905
2024-07-13,739079.097295778,0.04089147089479673,11.592103167894091,-6.078236953040745,5.328975457543861,0.03452579826039323,0.02420312680331135,0.024621929218893546,2023-12-14,2024-06-06,738867.0,739042.0,3.216655705884473,0.5444656513155257,0.24770557108554966,0.6461484231727544
2024-07-03,739069.4573300956,0.38215558064311705,14.54248169740864,-0.25931907924917036,0.10806024493647493,-0.0023326218182651622,-0.001096538076825667,-0.002058817328739522,2023-12-21,2024-06-06,738874.0,739042.0,4.542705216246855,1.2173719596893557,0.24770557108554966,0.7440642375398155
2024-07-10,739076.6998452229,0.3923686016044584,2.655163181588591,0.5847841263785304,-0.053710919434114116,0.042228569975821396,0.0316409084270575,0.027966140887033475,2023-12-29,2024-06-06,738882.0,739042.0,0.7288378664149446,0.1879573189208315,0.24770557108554966,0.40574815736026604
2024-06-17,739053.4423070708,0.827357440547875,4.38316250803807,0.043694771832062614,0.008404823673392608,0.0019017647388814888,0.0017713696293103116,0.000692068463672508,2024-01-08,2024-06-06,738892.0,739042.0,1.846433997064808,0.8342138966777641,0.24770557108554966,0.4820368538868919
2024-07-03,739069.0725977757,0.21309163883893262,4.6709276127482156,-0.7191587904508463,0.40635105923663806,-0.03447951830357202,-0.034014705491004986,0.005642427917710006,2024-01-16,2024-06-06,738900.0,739042.0,1.3617669097806209,0.5376547399042754,0.24770557108554966,0.39131619327217176
2024-07-01,739067.4608674794,0.6127764766651315,2.708372639860996,0.36563648187082975,-0.008382707322238987,0.015252522480719542,0.013541866388092384,0.007018354276602796,2024-01-23,2024-06-06,738907.0,739042.0,0.7935247930509055,0.12434728199069695,0.24770557108554966,0.3678501656536194
2024-07-24,739090.8202922953,0.23068269275371805,5.940241983479142,-0.8889827241210855,0.4144157875634628,-0.029773083351041407,-0.024389427727007053,-0.017076074120744453,2024-01-30,2024-06-06,738914.0,739042.0,1.2167426210406291,0.5405344199968302,0.24770557108554966,0.3936897941222553
2024-08-03,739100.065715585,0.7974297271100261,14.7519080334697,-0.1762773159885127,0.011477264035966335,0.000572346244352891,0.0003467258753369842,-0.0004553695101746067,2024-02-06,2024-06-06,738921.0,739042.0,2.6440834747664717,1.0839862183441724,0.24770557108554966,0.5484181532240251
2024-06-25,739061.8220708084,0.16504401546722172,6.4903167977201965,-1.2039637709163955,0.7636658153238014,-0.01862004472633949,-0.017401979346218274,0.006623985238863057,2024-02-13,2024-06-06,738928.0,739042.0,1.9726707521982725,1.0429332564670737,0.24770557108554966,0.6150706698309327
2024-06-25,739061.9891339315,0.8834830541706016,4.309560954305475,0.08550505874351592,0.00435623652966158,0.0024053432835679533,0.0019546273301020178,0.0014018232100460176,2024-02-21,2024-06-06,738936.0,739042.0,1.2627243691662222,0.3712783131454231,0.24770557108554966,0.3758123976772584
2024-07-01,739067.2359563886,0.8382056193443106,14.659902974763824,-0.041379060413693186,0.009386311804277533,0.0011343659380338583,0.00035616882954539095,-0.001077000392865157,2024-02-28,2024-06-06,738943.0,739042.0,3.718911037780767,0.4731090674541308,0.24770557108554966,0.4934608385987699
2024-06-17,739053.7651528656,0.6444050071209698,12.99188977990006,-0.02482692364516561,0.02361722887701347,0.0034427476020465206,0.000020837428322848347,0.003442684541600971,2024-03-06,2024-06-06,738950.0,739042.0,4.501409582335685,0.34025955741562824,0.24770557108554966,0.5221655477124387
2024-06-29,739065.0081060494,0.4583470769028214,8.305806499341637,-0.25613020376724477,0.08062561787027829,-0.00504373892798336,-0.0011455437292801696,-0.004911927517580204,2024-03-13,2024-06-06,738957.0,739042.0,2.0441485857710484,0.8821310601680916,0.24770557108554966,0.5634964532093096
2024-06-19,739055.5640524093,0.9148734678735566,3.6710710618865914,0.2042507835987672,-0.00004674126658664917,-0.004081113146596953,-0.003932364458420476,-0.0010917849062328717,2024-03-20,2024-06-06,738964.0,739042.0,1.1157294376320896,0.0028542373350488857,0.24770557108554966,0.28662080861490175
2024-06-28,739064.406090211,0.5713583604937372,5.264940698053021,0.09283959031552359,0.012098468968111543,-0.012612706450755568,-0.004846749950273171,-0.011644285247813975,2024-03-27,2024-06-06,738971.0,739042.0,1.1962649477540916,0.10409676414284616,0.24770557108554966,0.27009342259148794
2024-07-06,739072.3234730867,0.2473723253722942,3.9377230567900448,0.3462452565778159,-0.03342839681160489,0.05903289480870731,0.052737557899210905,-0.026526075026721923,2024-04-04,2024-06-06,738979.0,739042.0,0.704513623449912,0.03557356674753822,0.24770557108554966,0.29950031446516634
2024-06-13,739049.691994034,0.824256580920262,6.277679994090471,0.2037267013783764,-0.0015453280023549208,0.007556944558328299,0.0075569146817919,-0.000021249700367409934,2024-04-11,2024-06-06,738986.0,739042.0,2.1120266442573943,0.026849591831939666,0.24770557108554966,0.19253588609380703
2024-06-12,739048.333177402,0.961871598820464,6.056045839549679,0.20306198366607908,-0.0010543119993153237,0.004961430318104665,0.0024823237921911957,-0.004295795548222666,2024-04-18,2024-06-06,738993.0,739042.0,2.0892121346246024,0.033751276347509546,0.24770557108554966,0.17209937058817354
2024-07-13,739079.2035047031,0.6693079476763474,4.397269388370418,-0.039245862052679825,0.016772329021331047,-0.0034539917144641528,-0.0020339613874700716,0.002791605243917527,2023-12-15,2024-06-07,738868.0,739043.0,1.234296791709264,0.73912006362023,0.2467764188700386,0.46237827946075466
2024-08-05,739102.3993750493,0.4757047018257402,14.364931951422466,-0.36525901676229844,0.07156675170497521,-0.005164901168907901,-0.002468588937381622,-0.00453676897613525,2023-12-22,2024-06-07,738875.0,739043.0,3.0691170645436214,0.4588631277329499,0.2467764188700386,0.6308652878940848
2024-06-07,739043.1801560227,0.30892102192485865,13.506078988773526,-0.07932825511396471,0.12400329007780929,0.009856839425130756,0.006238582915659879,0.007631341078555504,2024-01-02,2024-06-07,738886.0,739043.0,14.555363418033966,0.28774892111848754,0.2467764188700386,0.844151298144793
2024-08-18,739115.0526285484,0.46309435475542415,7.542093634904022,-0.474666488256655,0.08402638425494173,0.00812919764766496,0.007954145761632435,0.0016779212131403187,2024-01-09,2024-06-07,738893.0,739043.0,1.3510279940716565,0.6346664776334181,0.2467764188700386,0.41754067100996783
2024-07-23,739089.8566564752,0.5463709911271827,12.699901004480058,-0.2491924741006461,0.04547460951755832,0.003099101962614659,0.0023860712957041452,0.001977649298156469,2024-01-17,2024-06-07,738901.0,739043.0,2.8174135248800187,0.6312776458271997,0.2467764188700386,0.619095102476767
2024-07-18,739084.8122959136,0.8798663935538296,6.545788573100717,-0.06947794453614108,0.006854990403232561,0.0011356240187379036,0.0010100483629493346,-0.0005190801637876328,2024-01-24,2024-06-07,738908.0,739043.0,1.5021618093259195,0.8113851188176351,0.2467764188700386,0.4419175685538808
2024-08-06,739103.363466349,0.6167511542741929,9.81181182927028,-0.40552163603199415,0.03933139836547815,-0.0032922609040608127,-0.0032609128649274317,-0.00045324292356096313,2024-01-31,2024-06-07,738915.0,739043.0,1.7770823228897523,0.7509411490149579,0.2467764188700386,0.4715233129765642
2024-07-10,739076.4268750723,0.5436661282658332,12.512637192674521,-0.21733685913984535,0.047747665979299116,-0.0020791731275991983,-0.0003269789661894352,-0.002053301159158178,2024-02-07,2024-06-07,738922.0,739043.0,3.047633378590944,0.9978032578529158,0.2467764188700386,0.5908360488958723
2024-06-24,739060.1711240123,0.06300911929890642,6.711028816944618,-3.076260127908497,2.617299939580021,-0.014456031235517192,-0.014045604005110563,-0.0034202115744308664,2024-02-14,2024-06-07,738929.0,739043.0,2.171726157844316,1.699881795341059,0.2467764188700386,0.7238650167204315
2024-06-29,739065.7606191514,0.9297777755177414,6.062167997037057,-0.0006864214204366852,0.0056062558795750995,-0.0010017313506988734,-0.0002454915399469772,0.0009711846388753536,2024-02-22,2024-06-07,738937.0,739043.0,1.6719659005108056,0.8583666653456653,0.2467764188700386,0.4696231963667152
2024-06-22,739058.5773327908,0.28695172494505067,6.792440230009636,-0.4049670046534389,0.21918082230612163,-0.008865650897643573,-0.004345816287782096,-0.0077274605551718055,2024-02-29,2024-06-07,738944.0,739043.0,2.1571638912875275,1.0444194236982316,0.2467764188700386,0.6492113565773568
2024-07-03,739069.245564783,0.6528937595436265,14.331334437474665,-0.08883271600151092,0.023133266346946978,-0.00332038729708409,-0.0018522807590764735,-0.0027557263638090905,2024-03-07,2024-06-07,738951.0,739043.0,3.433366461792956,0.31739793812834155,0.2467764188700386,0.5038258471255084
2024-07-15,739081.1456872514,0.00419841002764021,7.334101044576131,-53.474443085392174,52.757128898916825,-0.11130140267040232,-0.08187733144082779,0.0753930025435244,2024-03-14,2024-06-07,738958.0,739043.0,1.3679748247487291,0.2713429090523347,0.2467764188700386,0.30958210591340346
2024-07-09,739075.2208650969,0.1251304830973299,9.479473413712743,-1.518118533704147,1.0494966718632768,-0.032856569527905166,-0.013308027216442097,-0.030040815114582068,2024-03-21,2024-06-07,738965.0,739043.0,1.8555140845131406,0.42163606954301874,0.2467764188700386,0.5609242440025023
2024-06-10,739046.9835757202,0.5898696775312359,5.794267041022119,0.12873145949365938,0.010389689535692234,-0.013774269670082495,-0.002116445129134474,-0.01361070038460614,2024-03-28,2024-06-07,738972.0,739043.0,2.7066989331404865,0.07678768132771127,0.2467764188700386,0.3621831810912927
2024-06-24,739060.2810262794,0.1385941299790188,9.861252530744235,-0.4737716298129184,0.4027670378315863,-0.06153234334730543,-0.05621632083054802,-0.02501908371798568,2024-04-05,2024-06-07,738980.0,739043.0,2.410582406565656,0.09199478786458336,0.2467764188700386,0.35764464260246576
2024-06-08,739044.9589881174,0.027286057842773843,3.187530964876286,0.5180728506454283,-0.2831468893073638,0.1023974227842481,0.08828824168741657,0.05186924495884213,2024-04-12,2024-06-07,738987.0,739043.0,1.7184194463702667,0.02367059374297617,0.2467764188700386,0.37819515859165237
2024-06-26,739062.2981726911,0.8672787731173803,14.083529320621482,0.1974920945823967,-0.0007038557100767022,-0.004313118393403888,-0.000033731171752939805,0.004312986492393804,2024-04-19,2024-06-07,738994.0,739043.0,2.8329240579896333,0.01004938473935739,0.2467764188700386,0.3044444608445612
2024-07-05,739071.6316251587,0.8449664203184692,14.849400412445398,0.07242271682415902,0.005712715322023932,0.00032084082538137617,0.00019476230633733586,-0.0002549636822403623,2023-12-18,2024-06-10,738871.0,739046.0,4.862943200000842,1.0131727245883007,0.25071936726959504,0.8234254811298841
2024-06-22,739058.1320684811,0.13615078306824316,13.830270355479682,-0.9746511609602102,0.7379490831189335,0.010427983617117583,0.004433031928495406,-0.009438806610997654,2023-12-26,2024-06-10,738879.0,739046.0,5.926108419480622,0.6966514268960458,0.25071936726959504,0.809594453100582
2024-08-02,739099.3167202403,0.5795293968482743,12.484073445520039,-0.21189551361275152,0.034391860606243885,0.002463424518599555,0.0016431298345709153,0.001835370454589592,2024-01-03,2024-06-10,738887.0,739046.0,2.745559081565725,0.6480903692522745,0.25071936726959504,0.6907543394218405
2024-07-15,739081.074896047,0.8297296422710174,12.279415569153297,-0.007015706862617837,0.007516977301569543,-0.0009093374136697566,-0.0005552497769455423,-0.0007201334717269624,2024-01-10,2024-06-10,738894.0,739046.0,3.271593602492036,0.5585693318121927,0.25071936726959504,0.651827184759862
2024-07-30,739096.1206284423,0.027409706226379178,14.26291985037794,-11.456770868507855,10.371628351691614,-0.03207988622159256,-0.028253391443725753,0.015194241406464765,2024-01-18,2024-06-10,738902.0,739046.0,3.0737061251683584,0.621312464127086,0.25071936726959504,0.6578962716097555
2024-08-15,739112.6953121178,0.3989698630249007,8.408193077553612,-0.7057722701255114,0.15029258404152906,-0.010214128316959021,-0.005824881351988104,-0.00839042159313615,2024-01-25,2024-06-10,738909.0,739046.0,1.4940939074429682,0.698190054029977,0.25071936726959504,0.43822648699404365
2024-07-10,739076.8697030952,0.8868045144428989,7.901313300615635,-0.05201392506698484,0.007129326386870567,-0.0008436482126471242,-0.000158785647776601,-0.0008285707119871254,2024-02-01,2024-06-10,738916.0,739046.0,2.075960135893914,0.9484527922700495,0.25071936726959504,0.5492047230386622
2024-07-16,739082.1010064023,0.974565750966675,6.233466014451654,-0.013128956526537137,0.0038712679613142776,-0.0007698562691038837,-0.0003842333918067738,-0.0006671157138751967,2024-02-08,2024-06-10,738923.0,739046.0,1.4714817040462356,0.7861856845987212,0.25071936726959504,0.4491816236380563
2024-06-27,739063.8951704197,0.09367566590690159,4.5363030821114165,-1.4493532300027707,1.1725522251113962,-0.07482622557117466,-0.021957812859001297,0.07153194033211592,2024-02-15,2024-06-10,738930.0,739046.0,1.452993805492921,0.3235959534579238,0.25071936726959504,0.37988988464122575
2024-06-14,739050.8644126027,0.7941748194274794,9.382001031978977,0.06816753973047149,0.009593369768333648,0.0009415732138772884,0.0006027607200840293,-0.0007233530475604485,2024-02-23,2024-06-10,738938.0,739046.0,4.69495536490051,0.8624575448572979,0.25071936726959504,0.6024746766990783
2024-07-22,739088.708568914,0.2943461715349756,2.0928777397897482,5.411307538748876,-1.3965513305334532,-0.27816812513883854,-0.03039850355324791,-0.276502146148958,2024-03-01,2024-06-10,738945.0,739046.0,0.4041695868619451,0.7060965218678475,0.25071936726959504,0.34843521075185957
2024-07-22,739088.0222579881,0.4442722367778539,2.5878972205831103,2.346613176501606,-0.29522301835676257,0.08550861188840615,0.0757266832755259,0.03971387852086798,2024-03-08,2024-06-10,738952.0,739046.0,0.4837981638156477,0.5927103486709759,0.25071936726959504,0.3395636434665252
2024-06-29,739065.510995538,0.12621703090357397,14.767654198411153,-1.1009698098394352,0.8199485168480314,0.03548919515299716,0.008871372356010472,-0.034362504639920105,2024-03-15,2024-06-10,738959.0,739046.0,3.9891704389479883,0.1974680692323757,0.25071936726959504,0.6046703149377345
2024-07-02,739068.7890057527,0.899681564992709,11.863644192153803,-0.025372320950468687,0.007031159826982159,0.001091521442791436,0.000985554255745344,0.00046915015619281106,2024-03-22,2024-06-10,738966.0,739046.0,2.8443209796910156,0.4885009434747811,0.25071936726959504,0.5316857491161433
2024-06-16,739052.461578938,0.8492412935325959,5.09535664370206,0.20428059958028316,-0.00034337255999743915,-0.005632042999380162,-0.0038208177568065473,0.0041377844332612206,2024-04-01,2024-06-10,738976.0,739046.0,2.003791210914379,0.01016146066297482,0.25071936726959504,0.29195906226915325
2024-07-06,739072.2544532026,0.7308006153994159,9.30377607500618,0.17949345892618898,0.0011064899070918877,-0.006302156713932523,-0.006095838134245996,0.0015993550850380497,2024-04-08,2024-06-10,738983.0,739046.0,1.8119183217673596,0.013791068436853819,0.25071936726959504,0.30552036044354697
2024-06-27,739063.4508744335,0.271118597665639,6.7293862716840955,0.1974635048495583,-0.0005930131245112613,-0.04204546955774981,-0.03896526975532373,-0.01579649528302146,2024-04-15,2024-06-10,738990.0,739046.0,1.539291856503529,0.0005682362687116654,0.25071936726959504,0.30199064296882466
2024-06-15,739051.3485060213,0.29125942059204074,5.126006239206467,0.24994774257067026,-0.019446732935782342,-0.039568480550872163,-0.021393538734615383,0.03328635085910228,2024-04-22,2024-06-10,738997.0,739046.0,1.8915815345361309,0.027925317998638274,0.25071936726959504,0.32215664108122133
2024-08-15,739112.4579939372,0.1097112336052313,12.415909083917144,-2.641162585940625,1.7463084985444373,-0.01548228650847496,-0.012204794776271299,0.009525973965931599,2023-12-19,2024-06-11,738872.0,739047.0,2.571115652290165,0.9966861929342272,0.2105722992561829,0.7460866927940359
2024-06-27,739063.7587068357,0.7994907509393601,3.0465701941722125,0.14243157315250582,0.004228167778404412,-0.0034977894418735775,-0.0007510794800628255,0.0034161982662472665,2023-12-27,2024-06-11,738880.0,739047.0,1.1611369564816587,0.3172201782131375,0.2105722992561829,0.435937814704223
2024-08-28,739125.2382541063,0.7750593349849288,14.04569545539287,-0.14289724199974724,0.010052570351598367,0.0005234533847299605,0.00007656457200133724,-0.0005178236304954655,2024-01-04,2024-06-11,738888.0,739047.0,2.4797895537375325,1.059719223325017,0.2105722992561829,0.765088328386104
2024-06-25,739061.59980774,0.0916447358675996,6.4625377184547,-1.7649981054433341,1.4247025800403554,-0.011805755601113752,-0.010603294076643573,-0.0051909555996409815,2024-01-11,2024-06-11,738895.0,739047.0,2.504081047717848,1.7113343019472051,0.2105722992561829,0.8189707689039344
2024-08-16,739113.7707524928,0.10354262491809399,2.4460295165601083,13.953670422744961,-8.295376436863265,0.5424915258585827,0.389410055460223,0.3776994365032061,2024-01-19,2024-06-11,738903.0,739047.0,0.44749999525593914,0.6472925631338339,0.2105722992561829,0.3978478384625206
2024-08-16,739113.6325741379,0.9453941209549046,9.361695954229257,-0.16166258299259595,0.005011140237321603,-0.0006448965106530837,-0.0003887947575955572,0.0005145193348346928,2024-01-26,2024-06-11,738910.0,739047.0,1.6644698421209458,0.7847022442453938,0.2105722992561829,0.46480663556903173
2024-07-23,739089.2698197715,0.414524229690053,3.89380265957438,0.23894755417457744,0.0073636831720584545,0.02516124791763647,0.022238418557653617,0.011770349902503868,2024-02-02,2024-06-11,738917.0,739047.0,0.8706966520778264,0.031155799546768743,0.2105722992561829,0.3833110278964309
2024-07-19,739085.9036580713,0.2026751202704285,14.839910225210632,-1.1554446954610966,0.5898491239443209,-0.01322846278587395,-0.008359469174558485,-0.010252390101671829,2024-02-09,2024-06-11,738924.0,739047.0,3.367785989528939,0.6089767674639862,0.2105722992561829,0.6456148735450011
2024-07-15,739081.8781095137,0.3602816417049613,4.435919713614915,-0.021876770199223516,0.06078437697094412,-0.026301222958458863,-0.02134806065249493,0.015362767832912181,2024-02-16,2024-06-11,738931.0,739047.0,1.034014576900602,0.18770441276137945,0.2105722992561829,0.3508351487571964
2024-06-25,739061.0671811022,0.08153561912780273,6.271294268193227,-1.8270461660835708,1.5269826767351669,-0.028688611317994606,-0.022793707555142477,0.0174207725214931,2024-02-26,2024-06-11,738941.0,739047.0,2.140148976277304,0.6920138350551499,0.2105722992561829,0.7338062034051598
2024-07-09,739075.4907555049,0.3726546665579518,8.68699581489054,-0.4127935196778759,0.1421480249470238,0.007081338518329359,0.00324823599089283,0.0062924016208951205,2024-03-04,2024-06-11,738948.0,739047.0,2.071744108831658,0.8611175204820578,0.2105722992561829,0.6223554651925304
2024-06-21,739057.223648286,0.7998068983774729,3.7365796237198055,0.18557020172774127,0.0014240090286242624,-0.005914730803640879,-0.004172722932025698,-0.004191947496341663,2024-03-11,2024-06-11,738955.0,739047.0,1.3692614505552616,0.051533384240434105,0.2105722992561829,0.29727123296246444
2024-07-21,739087.9267570477,0.2656875065430678,2.166638287322169,3.3858696044873398,-0.9397893805173224,0.20273711224670593,0.0681071014251818,-0.1909548622517725,2024-03-18,2024-06-11,738962.0,739047.0,0.38756142959965834,0.5684365522446166,0.2105722992561829,0.3656536995674059
2024-06-28,739064.8121456434,0.5888122382896105,5.129220053887974,0.12679385207476718,0.008387649693790768,-0.012159386912561744,-0.009557513871486784,-0.007516955413311667,2024-03-25,2024-06-11,738969.0,739047.0,1.3735005317121034,0.07918703876624787,0.2105722992561829,0.2810407536724923
2024-07-07,739073.6822681092,0.37895655387127614,3.4383702211581886,0.07796432429206254,0.042487507491990956,-0.03227929832389271,-0.018745464390545544,-0.02627852098322224,2024-04-02,2024-06-11,738977.0,739047.0,0.7045254057757238,0.14506877844960694,0.2105722992561829,0.33053502820534014
2024-06-15,739051.922309907,0.42892184805908207,10.754001400397982,0.0711528922818733,0.03111755275033203,0.01567709752842224,0.010140421096899128,-0.01195588754100781,2024-04-09,2024-06-11,738984.0,739047.0,4.492117769920575,0.07916766832676798,0.2105722992561829,0.4829149821544321
2024-06-19,739055.1132431823,0.0498445660290128,7.636003183802314,0.5086444685093554,-0.26287082642658277,0.0994369324751919,0.0967409642394187,-0.02299759505042616,2024-04-16,2024-06-11,738991.0,739047.0,2.512227171595509,0.017256248671988866,0.2105722992561829,0.3211215629768701
2024-06-14,739050.5730502938,0.3249253687961134,11.016520882106724,0.25777764763418953,-0.02978335265315202,0.03148328024788604,0.01763173122720398,-0.02608292524044363,2024-04-23,2024-06-11,738998.0,739047.0,4.714335712312584,0.02790183506262373,0.2105722992561829,0.3144904605603723
2024-08-26,739123.4008318034,0.8937353745917835,8.641763528311774,-0.13329406312847386,0.0055476998114375176,0.0009126620474109732,0.000898836574040812,-0.00015825557162692667,2023-12-20,2024-06-12,738873.0,739048.0,1.6507917515410404,0.6286508859133509,0.19845093872383804,0.45866554522367653
2024-08-11,739108.453288673,0.46915502945474696,13.57018849937446,-0.37648725314629766,0.07352786453460712,0.004350991490697521,0.002701589951657696,0.0034106507715133197,2023-12-28,2024-06-12,738881.0,739048.0,2.861845053070367,0.5842439382271479,0.19845093872383804,0.6850541793862329
2024-06-13,739049.5709470893,0.8882946280362203,2.0015565313723043,0.22502527190076552,-0.0005033243066357433,-0.004875890632662406,-0.004694644779754059,0.0013170496777316204,2024-01-05,2024-06-12,738889.0,739048.0,1.4739843112032798,0.04581240835719077,0.19845093872383804,0.38478569059124457
2024-06-21,739057.3378556621,0.10231157915799119,6.10106785563435,-1.3401907712756944,1.0970153832748988,-0.013336941863096172,-0.0012451864349370258,0.013278687021006846,2024-01-12,2024-06-12,738896.0,739048.0,2.766833760251794,1.3793529002274705,0.19845093872383804,0.8632613633501853
2024-08-05,739102.2292532163,0.5937721253788745,12.420761317896254,-0.22780082825226808,0.03295033598015049,0.0012531036634629799,0.0007737895074264771,0.0009856564257290827,2024-01-22,2024-06-12,738906.0,739048.0,2.5423224975140237,1.257026510854823,0.19845093872383804,0.6930029537008447
2024-07-22,739088.7303168097,0.40431691074865383,12.077908264658586,-0.40370411330470635,0.11381347444871555,-0.0037615467398390283,-0.0021473234231179756,-0.003088403469840448,2024-01-29,2024-06-12,738913.0,739048.0,2.8102997511051497,1.012878606998893,0.19845093872383804,0.6681957414692413
2024-06-19,739055.0902403863,0.5590999718745574,13.204970147699697,-0.030871393916576857,0.035358033582485474,-0.0022563670634025194,-0.0021366227226073307,0.0007252831626652767,2024-02-05,2024-06-12,738920.0,739048.0,6.193992351567682,0.6634839155940627,0.19845093872383804,0.6856295902875308
2024-07-08,739074.6234872759,0.663474515384964,11.874361030060644,-0.07834155049610748,0.02106925249913047,0.0013669366938700467,0.0002098792963585796,0.0013507281762102983,2024-02-12,2024-06-12,738927.0,739048.0,3.2370923792090958,0.8612212214843262,0.19845093872383804,0.6223854429790805
2024-07-17,739083.2005366506,0.12544348549769804,5.057311916814697,-1.121509474006557,0.8056002207624842,0.06439304191377687,0.04266239156730707,-0.04823260507858964,2024-02-20,2024-06-12,738935.0,739048.0,1.1570423026807937,0.31031945751071993,0.19845093872383804,0.34438728441920785
2024-07-18,739084.3962869629,0.6615808096000076,9.75341034965132,-0.19305984497061235,0.02605094293597133,0.001982164688060167,0.0018868478276634047,0.0006072743414920053,2024-02-27,2024-06-12,738942.0,739048.0,2.117570370472789,0.8914769434576314,0.19845093872383804,0.5845272399447814
2024-07-03,739069.7746025331,0.2137377334993012,2.661879749733167,0.3228874399688944,-0.015582570004307248,0.07216579904494261,0.06448110307025048,0.032405090628461045,2024-03-05,2024-06-12,738949.0,739048.0,0.7257917100423609,0.017338057119992627,0.19845093872383804,0.38396430736034837
2024-07-27,739093.132334008,0.7866416918708594,6.761637016733844,0.05425058122603609,0.005528844865298863,0.003460365027471225,0.002305588063833314,0.0025803855919717274,2024-03-12,2024-06-12,738956.0,739048.0,1.19597430812958,0.18588211158180273,0.19845093872383804,0.3067814779920062
2024-07-10,739076.780914585,0.15383320359836453,5.295653409026169,-0.6349079439828412,0.4596034813292299,0.062070331619944144,0.05430047091143128,-0.03006966787656031,2024-03-19,2024-06-12,738963.0,739048.0,1.1585215570654561,0.21509473240028884,0.19845093872383804,0.2908763718214914
2024-07-08,739074.1715158647,0.8450228167286242,4.987908665554627,0.17441408885992854,0.001311154183939805,-0.0037189863537813637,-0.002475950844129789,-0.002774982327342822,2024-03-26,2024-06-12,738970.0,739048.0,1.0965987086426772,0.05972815829092637,0.19845093872383804,0.2936915047710041
2024-06-29,739065.7199916247,0.6012496295682636,7.8865298357949944,0.15540838136189866,0.0050975068694483205,-0.01077465640726368,-0.00882459918874064,0.006182205905068699,2024-04-03,2024-06-12,738978.0,739048.0,2.0076059597697937,0.03606809966128109,0.19845093872383804,0.34231106591718685
2024-07-03,739069.379510907,0.9665307302791619,8.35837605120981,0.22519668374067706,-0.0007549233027729663,-0.0027691529377151538,-0.000022996349483076984,-0.0027690574498133716,2024-04-10,2024-06-12,738985.0,739048.0,1.8263259083396393,0.03152460468967574,0.19845093872383804,0.2535277114371722
2024-07-03,739069.6960436229,0.8315002926865342,11.91569833446875,0.19381607974490125,-0.000364093691436867,0.004766677971245166,0.0034742692785686923,0.003263536710617442,2024-04-17,2024-06-12,738992.0,739048.0,2.4192429093911048,0.005330160026783498,0.19845093872383804,0.244226433446316
2024-06-25,739061.9773635855,0.650512817502242,2.1816204473218264,-1.1005725189188496,0.16109523576826826,0.0665828666029498,0.04856974363891841,-0.04554402406371174,2024-04-24,2024-06-12,738999.0,739048.0,0.5226763362380947,0.7214344394562153,0.19845093872383804,0.18532876902802772
2024-06-27,739063.0132154992,0.5923731535172857,4.060602646591299,-0.014366085951692014,0.025492245089835497,0.005511752175690901,0.005454222192194903,-0.0007942747159528621,2023-12-21,2024-06-13,738874.0,739049.0,1.681462629784252,0.6747195246179114,0.2189706689550149,0.4838170854202888
2024-07-07,739073.8930105588,0.7729986374912885,12.548748918319642,0.019845897411299874,0.009596658944516856,0.0012851572368537624,0.00011943946432350026,-0.0012795949897525052,2023-12-29,2024-06-13,738882.0,739049.0,4.078973896252673,0.4599833302547996,0.2189706689550149,0.6951202456983406
2024-07-15,739081.3891993624,0.2719733964789393,8.595496343995428,-0.575575819847043,0.2648139307459218,-0.0028275236081040864,-0.0018216906421534903,0.002162483053962818,2024-01-08,2024-06-13,738892.0,739049.0,2.415887244120048,2.9633984747860205,0.2189706689550149,0.7877430457096719
2024-06-21,739057.6434904705,0.06338707033366987,2.9617149728183705,-1.210964011214615,1.1582008553655163,0.10043301308135977,0.026077987996143984,0.09698829134835583,2024-01-16,2024-06-13,738900.0,739049.0,1.368641330715386,0.2468111684344399,0.2189706689550149,0.3452148617512107
2024-07-22,739088.3589267497,0.7932343311403851,2.5132229348528354,0.7297874331105457,-0.014636785645935292,0.010453659330912336,0.010272137567998876,0.0019396348086370993,2024-01-23,2024-06-13,738907.0,739049.0,0.6110896672906136,0.4419242744692053,0.2189706689550149,0.41288179848405554
2024-08-05,739102.4713390451,0.1811231904465838,7.591111182737849,-1.6028762420177511,0.819203852303816,0.03315105203798392,0.029715276757805116,-0.014696754010058315,2024-01-30,2024-06-13,738914.0,739049.0,1.5220437702526053,0.589608014182108,0.2189706689550149,0.44969022658510927
2024-07-03,739069.8206340625,0.12722203085564823,14.238195959190007,-1.477069621010419,1.0444569752819823,-0.01699455545826757,-0.008966902398944519,-0.014436397632094203,2024-02-06,2024-06-13,738921.0,739049.0,4.456918506603253,0.5491463533197352,0.2189706689550149,0.7540694385338317
2024-06-23,739059.5692186693,0.7551221738100589,7.884723975722681,0.021416698152165143,0.012573404578202666,-0.0008641010956704429,-0.00043191213489307924,0.0007484133959724145,2024-02-13,2024-06-13,738928.0,739049.0,3.164321627628771,1.393538794008364,0.2189706689550149,0.6474841558926345
2024-06-24,739060.8314039053,0.2604218162177317,13.866479770403908,-0.3987142381267603,0.24429096895583152,0.006525819382496647,0.006263130892875572,0.0018328966232923688,2024-02-21,2024-06-13,738936.0,739049.0,5.199956890576866,0.7030456146571058,0.2189706689550149,0.7762245834809489
2024-06-26,739062.2343380523,0.2569591075392795,5.756792945038978,-0.27863038537130497,0.19814456454979876,0.025727562324295152,0.022517987099987445,0.01244378238781482,2024-02-28,2024-06-13,738943.0,739049.0,2.0141089185416643,0.34376917367841014,0.2189706689550149,0.6203909726165326
2024-07-01,739067.1998701601,0.611762683362404,4.203564561122349,0.12418566496048444,0.009051240159403348,0.01030628396195842,0.009637809233069438,0.00365131788420056,2024-03-06,2024-06-13,738950.0,739049.0,1.2460236315329491,0.12781188628801116,0.2189706689550149,0.30227827220101694
2024-06-18,739054.2679989034,0.7119435652461118,9.491679989545425,0.04890727025946738,0.014433950906968883,0.002222877372562827,0.0021150792520305104,0.0006838300747129186,2024-03-13,2024-06-13,738957.0,739049.0,4.404776231771841,0.4870484889155429,0.2189706689550149,0.630901273385268
2024-07-25,739091.121738432,0.680074469027698,6.0539677062453485,0.08310057949845615,0.007655438975068989,-0.005918246607641523,-0.004892146150052841,-0.00333054784613336,2024-03-20,2024-06-13,738964.0,739049.0,1.0642848836064505,0.1453093005199104,0.2189706689550149,0.3084500204215533
2024-07-03,739069.9355377369,0.00844245226137197,14.45178912452459,-17.100285466601683,16.773445469008774,0.04577028437821612,0.014346734230413497,-0.04346366469805158,2024-03-27,2024-06-13,738971.0,739049.0,3.5720613833685833,0.214084718420549,0.2189706689550149,0.6392469671927866
2024-07-10,739076.6884727976,0.5170578127202924,8.710027030461067,0.16768104969427652,0.004815354119034424,0.014104097798395955,0.007786290293372795,0.011760070500385878,2024-04-04,2024-06-13,738979.0,739049.0,1.7477310407900917,0.02026760920024916,0.2189706689550149,0.31505431652422833
2024-06-25,739061.498391494,0.27760412480988644,12.275627060293829,0.01778859701172615,0.0650893112135288,0.037834044364209646,0.02791893477453207,0.025533272293390197,2024-04-11,2024-06-13,738986.0,739049.0,3.513799781272627,0.03890533291859684,0.2189706689550149,0.3753533799472111
2024-07-10,739076.1609112401,0.7675844212174978,9.74235169045878,0.2486906919456527,-0.0024954118914138224,0.005444559326175676,0.0021197167016038243,-0.0050149802951944215,2024-04-18,2024-06-13,738993.0,739049.0,1.7350558760076165,0.03611119450475624,0.2189706689550149,0.2765087443592398
2024-06-29,739065.8864973958,0.9686833119610125,10.670062957065344,0.2445601390558911,-0.0017989001061445805,0.00261214860421596,0.0013655692426355536,0.0022267781600498844,2024-04-25,2024-06-13,739000.0,739049.0,2.3119529016880085,0.06252072468053668,0.2189706689550149,0.21059551683692224
2024-07-05,739071.9845906979,0.8601968495665315,9.73692498093593,0.06741059640913047,0.005514348241275655,-0.0007090693537577511,-0.0006369657373485108,-0.00031153490636283876,2023-12-22,2024-06-14,738875.0,739050.0,3.3981125089401343,0.6870391689105612,0.20477237966263628,0.7389712873260252
2024-08-02,739099.933651976,0.6330055907956081,6.341556033649515,-0.16242067699508372,0.024079583313552342,0.003894535680839037,0.003845536539779622,-0.0006158383639788538,2024-01-02,2024-06-14,738886.0,739050.0,1.4684874290513974,0.6171702622754611,0.20477237966263628,0.4299887982760927
2024-06-20,739056.6884480226,0.054214253594331976,7.647500039452743,-2.208511650007662,2.0356370533501407,0.01735806950140112,0.016370612761175796,-0.005771101683309681,2024-01-09,2024-06-14,738893.0,739050.0,3.8918980287621974,0.8313672636885757,0.20477237966263628,0.9555214847588046
2024-08-25,739122.929877298,0.2741658714285811,2.7004471448560503,4.468531158137904,-1.1039668654742854,-0.18714191691591336,-0.09842455143990168,0.15916879323792324,2024-01-17,2024-06-14,738901.0,739050.0,0.47829687515157643,0.59891153243557,0.20477237966263628,0.426881100534536
2024-07-23,739089.7346924057,0.04607474747213081,4.74198036517468,-3.6325946458328366,3.1913898202112247,-0.08954565985544619,-0.016610561142568137,-0.08799155901264773,2024-01-24,2024-06-14,738908.0,739050.0,1.1474025517564461,0.34628886468107856,0.20477237966263628,0.3793157093768127
2024-07-22,739088.043841872,0.44951500226540275,5.338753327275295,-0.18533600159290772,0.06224352542549177,0.012680320730779834,0.008789166248481414,0.0091400815363978,2024-01-31,2024-06-14,738915.0,739050.0,1.2871137602572449,0.4133027355076996,0.20477237966263628,0.3953880542452742
2024-07-24,739090.6654337074,0.7145270017737163,9.308892708741823,-0.1731296506956324,0.018794765152245874,0.0016436098150495366,0.0012498057330955319,-0.0010674450120023572,2024-02-07,2024-06-14,738922.0,739050.0,2.1075710594270376,0.8777256658174684,0.20477237966263628,0.5829838557570968
2024-08-06,739103.9896446577,0.10584047398518084,13.09319607761039,-2.8502769579552134,1.929843833834721,0.019616319540128976,0.001598994634562857,-0.01955104110933957,2024-02-14,2024-06-14,738929.0,739050.0,2.450467510397212,0.7952629385965583,0.20477237966263628,0.677024867879438
2024-08-07,739104.2322382397,0.9564405582791669,8.164826252530677,-0.0505734323458536,0.0038011911857323607,-0.0009283769120789952,-0.0004969577141953563,0.0007841662586359205,2024-02-22,2024-06-14,738937.0,739050.0,1.4633462801114214,0.4796300877149545,0.20477237966263628,0.42094746252969656
2024-07-26,739092.4572516138,0.6494372847251787,4.347138075952726,0.2580164180464748,-0.00007402265486058503,-0.008374965556763994,-0.006384436047179645,0.005420242101277064,2024-02-29,2024-06-14,738944.0,739050.0,0.8660805366597528,0.0013204300859029836,0.20477237966263628,0.36733647782671697
2024-07-26,739092.2155742554,0.39786980974058117,2.6041120577996915,1.407813915062036,-0.19012539888044674,0.06601043988565732,0.04667646218409735,0.04667639716039046,2024-03-07,2024-06-14,738951.0,739050.0,0.5004565372428227,0.44005689402809145,0.20477237966263628,0.40499506205524005
2024-07-09,739075.110054476,0.5530494509047793,3.5835644341047317,0.16405751565182145,0.00885134170013301,-0.012960065689872971,-0.001966404834431855,-0.012810017748346227,2024-03-14,2024-06-14,738958.0,739050.0,0.8782387157083609,0.10540243685681656,0.20477237966263628,0.3579567443308741
2024-07-11,739077.8797334242,0.9285531442560699,4.451974869714753,0.19477742064898731,0.0006568352327783978,-0.0024918812251856484,-0.0010167054179735441,0.0022750345345721617,2024-03-21,2024-06-14,738965.0,739050.0,0.9908578849833485,0.05497726909444456,0.20477237966263628,0.3263537654597149
2024-06-15,739051.136334772,0.4336905396340248,14.981242681376676,0.08694947012992829,0.03333112951172983,-0.010622126758378822,-0.006252912150074306,0.0085866563058341,2024-03-28,2024-06-14,738972.0,739050.0,10.117617900094833,0.09083864781263819,0.20477237966263628,0.623943114715216
2024-06-26,739062.5255053403,0.39889813219849246,7.13967899972533,0.16157496857826048,0.009140839221184615,0.025083430003849133,0.012302232883215847,-0.02185940362510198,2024-04-05,2024-06-14,738980.0,739050.0,2.1423409725979154,0.020360219855642344,0.20477237966263628,0.3294057246801209
2024-07-08,739074.589214283,0.79622586865593,10.393918944940836,0.20180425810532898,-0.00036779418578209637,0.004689595160091678,0.0006823871531044974,0.004639682159246818,2024-04-12,2024-06-14,738987.0,739050.0,2.101468267882461,0.006007952137264032,0.20477237966263628,0.2925894166176158
2024-07-11,739077.0977544978,0.024356144099657823,13.73991994413237,0.45780542724162115,-0.2438547882255189,-0.09054613565078994,-0.08259565279336477,-0.03710203257139946,2024-04-19,2024-06-14,738994.0,739050.0,2.4504288160239875,0.0047740361145582715,0.20477237966263628,0.3371065015674399
2024-07-04,739070.9861087673,0.39852207882165114,9.974791888035366,0.3774290195784951,-0.045117561491058805,0.012443577977523079,0.004970185733623344,-0.01140788703730819,2024-04-26,2024-06-14,739001.0,739050.0,1.9120873092212016,0.14486013610763643,0.20477237966263628,0.2642806933977679
2024-08-17,739114.4445973261,0.1797370455987737,4.926763910667191,-0.5625747980937367,0.36937833839046386,0.049415055745030675,0.047424798965508455,0.013882945557971376,2023-12-26,2024-06-17,738879.0,739053.0,1.0533379677045538,0.272701785194154,0.24444975425599974,0.45119155396933114
2024-09-06,739134.1413379625,0.31607016852976694,9.849944828567072,-1.0676775782893662,0.28865281243818053,0.016003403526137237,0.015743050780420417,0.00287493939857622,2024-01-03,2024-06-17,738887.0,739053.0,1.7460175502285282,0.5787795093142662,0.24444975425599974,0.47259282580707607
2024-07-08,739074.5348662451,0.8399400860117299,3.7411668352386425,0.13285192906440738,0.003499863475119983,0.0027476720820848294,0.00162466909038035,-0.0022158863277323294,2024-01-10,2024-06-17,738894.0,739053.0,1.2660231874205075,0.28597458274989795,0.24444975425599974,0.40805054692239695
2024-07-26,739092.9563888778,0.9169791312148206,5.317419434871432,0.05361035951179353,0.0034316807762607574,0.0013011941521275014,0.0007874411921777251,0.0010358776908460429,2024-01-18,2024-06-17,738902.0,739053.0,1.3238202369597447,0.4548029914160281,0.24444975425599974,0.4239628250278099
2024-08-22,739119.7753230389,0.3354439963958689,12.083956687988833,-0.8566910372588437,0.23219839868159944,-0.007884109331070586,-0.007598076523455084,0.002104379501894796,2024-01-25,2024-06-17,738909.0,739053.0,2.210664480008256,0.8175558787971844,0.24444975425599974,0.6656651486582678
2024-07-12,739078.4482152748,0.5184744518150836,9.939857763840994,-0.16494481882526785,0.04862203398883364,0.0014715197186399996,0.0014029607490338588,0.00044392726771026053,2024-02-01,2024-06-17,738916.0,739053.0,2.932533298596113,1.7235116674394744,0.24444975425599974,0.7202376324240183
2024-08-08,739105.8156093041,0.054165932188944735,3.52679014134475,2.121016195639317,-1.3959678783559502,0.17113889210686017,0.14922446973331938,-0.08378888962370357,2024-02-08,2024-06-17,738923.0,739053.0,0.6969576371664172,0.12527756761571146,0.24444975425599974,0.4191549284710035
2024-07-11,739077.0575685948,0.9802373708224874,7.993319664873229,0.009876075413154082,0.0040127523717996185,0.00044680960135529005,0.00002063397694958933,-0.00044633290138473586,2024-02-15,2024-06-17,738930.0,739053.0,2.3031155781181343,1.101346402138604,0.24444975425599974,0.5947966124214236
2024-08-12,739109.6469352763,0.9848606397626694,4.558378865279411,0.3636122835851946,-0.0011065680609044577,-0.0018589745888247448,-0.0009868708980173913,-0.001575395935167562,2024-02-23,2024-06-17,738938.0,739053.0,0.8042778734224141,0.12860831270147047,0.24444975425599974,0.3886838244394026
2024-07-16,739082.5953868859,0.2886181855948869,11.727411908672336,-0.5518532737594808,0.23996875891922811,-0.007784502194612997,-0.004901225142936507,0.006047848089707743,2024-03-01,2024-06-17,738945.0,739053.0,2.868210960391823,0.7586568312863513,0.24444975425599974,0.7126048187088254
2024-07-06,739072.756252865,0.7514493184710043,14.33594045199836,0.013120336925530144,0.010971209597615158,0.0018330412001251381,0.0004543660287158302,-0.0017758354522041768,2024-03-08,2024-06-17,738952.0,739053.0,4.130454466135583,0.31372981408672285,0.24444975425599974,0.5985342529610448
2024-07-19,739085.571734505,0.5316102055488096,14.357644240776208,-0.19938467753634684,0.046727169329249994,0.003759610139606991,0.0005016693048606591,0.003725989306264353,2024-03-15,2024-06-17,738959.0,739053.0,3.1016997642603483,0.4601895815940612,0.24444975425599974,0.6468935894649017
2024-07-20,739086.8017951178,0.41218118149066185,13.868621193270117,-0.2865362561080128,0.09175786143979686,0.005936579066949818,0.005914738493846773,-0.0005087627812192858,2024-03-22,2024-06-17,738966.0,739053.0,2.8112480342788375,0.4593692290119397,0.24444975425599974,0.6439565469273277
2024-07-15,739081.2498146623,0.4278586714738021,5.914212889488483,0.021434853961987303,0.03302844675573264,-0.019077741220966254,-0.012363085685878206,0.014529773653357041,2024-04-01,2024-06-17,738976.0,739053.0,1.2380133684810168,0.12524620681025714,0.24444975425599974,0.28956842679225103
2024-07-12,739078.2497089334,0.21138451408695152,7.1570172070543645,0.07138589607918071,0.056173301299826686,0.04865016187064653,0.03550557325602309,0.033259472602572754,2024-04-08,2024-06-17,738983.0,739053.0,1.5123350022744249,0.03410254298998136,0.24444975425599974,0.2929152788546262
2024-07-15,739081.4504484523,0.44207618979512364,2.809811824195781,-1.955870365539624,0.4034646270682644,-0.08769458407272288,-0.08311429202201667,0.027970601305063077,2024-04-15,2024-06-17,738990.0,739053.0,0.5221603132485975,0.7238566705941611,0.24444975425599974,0.27787682281680487
2024-06-29,739065.8060726209,0.24305256219431032,13.000170114121682,0.3081593651442108,-0.05138210091644214,-0.040083298617099715,-0.016030205272212366,-0.036738308983380326,2024-04-22,2024-06-17,738997.0,739053.0,3.4788292510826384,0.02396622167069323,0.24444975425599974,0.29661346675223005
2024-06-18,739054.3084230998,0.1325447599438863,10.965799596142784,0.6614841726209032,-0.32578865434235793,0.040252847978755925,0.032869795639455184,-0.023235066279683553,2024-04-29,2024-06-17,739004.0,739053.0,6.369068735332121,0.09782764545411009,0.24444975425599974,0.19316827978297882
2024-09-12,739140.113175232,0.4155810085835624,2.2787309272827994,4.51672942391536,-0.5408848176926212,0.13740714333908638,0.13094105084503804,0.04165530271412504,2023-12-27,2024-06-18,738880.0,739054.0,0.40091657571542527,0.7178903680953038,0.21801441738800392,0.5040022278364168
2024-07-31,739097.2113136721,0.061701025366245346,4.197407862035462,-1.6078189273440113,1.4397954471004448,-0.09659421773153172,-0.06739416278896339,0.06919876965048773,2024-01-04,2024-06-18,738888.0,739054.0,1.0536582286979155,0.21910933253918596,0.21801441738800392,0.41611579156916617
2024-08-31,739128.7403175288,0.6415528093696533,6.839280894720999,-0.12846861106491503,0.01836010417796469,-0.004028103329093598,-0.002960515807300061,-0.0027314762646930314,2024-01-11,2024-06-18,738895.0,739054.0,1.2411040956304757,0.4275594490161561,0.21801441738800392,0.42309498748711183
2024-06-28,739064.07816385,0.12745490879939506,8.448505187130106,-0.943935078331555,0.7444280509665002,-0.012039831867645501,-0.008075203067962253,-0.0089302097854611,2024-01-19,2024-06-18,738903.0,739054.0,3.7266431808502363,0.9327795127612644,0.21801441738800392,0.9149235932565005
2024-07-09,739075.0996971235,0.29319007880229214,6.456860887529926,-0.46643554560063727,0.21975788305342492,-0.011322105095187522,-0.0009236003477550083,-0.011284370881183316,2024-01-26,2024-06-18,738910.0,739054.0,2.1141570791749014,0.8813433288652499,0.21801441738800392,0.7243140774032687
2024-06-19,739055.7554886726,0.384487737621075,6.539203544620893,-0.07445639105114865,0.08438869408022295,-0.0019088992084141739,-0.0010181683827573487,0.001614691714302623,2024-02-02,2024-06-18,738917.0,739054.0,4.548027164421787,2.5993149584913127,0.21801441738800392,0.8965881693518469
2024-08-18,739115.1868130458,0.5368978864570048,9.83435160310687,-0.45894352095269914,0.05919106645713758,-0.004602832717933093,-0.0013010897749373177,-0.004415114316394185,2024-02-09,2024-06-18,738924.0,739054.0,1.7832462973692107,0.7020643753027916,0.21801441738800392,0.5399167331696042
2024-07-09,739075.6312277484,0.6482872928240865,13.538861926020884,-0.04908003059439575,0.020977783010701388,-0.0020793022508920045,-0.0016623199415638059,0.0012490757632921477,2024-02-16,2024-06-18,738931.0,739054.0,4.09418203340683,0.48308918502698706,0.21801441738800392,0.6643221420710739
2024-08-04,739101.9027531975,0.202976506430062,7.14877874147213,-0.8977176706200152,0.45975144549777747,-0.042836489179287625,-0.039776776755688414,-0.015898831282058174,2024-02-26,2024-06-18,738941.0,739054.0,1.3785451541230374,0.3047355712418434,0.21801441738800392,0.348123024793836
2024-06-29,739065.9199277604,0.23616947174713038,11.599375938262378,-0.33639154315528047,0.2378186985058833,-0.016715456035418498,-0.0005926945184822823,-0.01670494488706173,2024-03-04,2024-06-18,738948.0,739054.0,4.2308767557187785,0.2896789264855253,0.21801441738800392,0.7382465450405689
2024-07-16,739082.4181827472,0.6945141163942198,8.030045188306172,0.001686986850726166,0.012929678040528433,0.003955443831671193,0.003305125148476048,-0.002172943546992621,2024-03-11,2024-06-18,738955.0,739054.0,1.917601150721198,0.2827193782942494,0.21801441738800392,0.5190848247231382
2024-07-23,739089.6017194806,0.7377476007276139,8.489685975804353,0.03493455570792011,0.008185678074579004,-0.004005842409329847,-0.0015616367113164113,0.0036889109761899137,2024-03-18,2024-06-18,738962.0,739054.0,1.7248024123264802,0.17757301966455927,0.21801441738800392,0.41837841170037615
2024-07-15,739081.865872943,0.5884447815169541,5.626216838128112,0.0851896567718586,0.011691296191000016,0.009670583662536071,0.0042191654273655965,0.008701656823308564,2024-03-25,2024-06-18,738969.0,739054.0,1.2525394530076883,0.1264442912223309,0.21801441738800392,0.2998138358794728
2024-07-26,739092.1680934597,0.026055537283962378,10.247641616026932,-1.773671237788937,1.7844575154402782,-0.09193865777056119,-0.08926720539600279,-0.022001882497646032,2024-04-02,2024-06-18,738977.0,739054.0,1.801223636822471,0.04934965920735773,0.21801441738800392,0.40203578483524965
2024-07-21,739087.7438975485,0.3500283650293637,10.328103055605343,0.23527046365664592,-0.006380997978946337,-0.02600099097435989,-0.025818446597516018,0.0030756051339464914,2024-04-09,2024-06-18,738984.0,739054.0,1.8461589040287,0.008317281168830747,0.21801441738800392,0.322831662354642
2024-07-07,739073.3129412803,0.21806082927143217,5.42432388319224,-0.0840588271388706,0.12820856465739475,0.0517620189400511,0.04427969471423058,-0.02680699984639737,2024-04-16,2024-06-18,738991.0,739054.0,1.2515832487197074,0.09957214824737691,0.21801441738800392,0.2959755015635114
2024-07-04,739070.1765227276,0.7477532237470826,3.720160210978163,-0.08992727618823934,0.02195299951214752,0.01258759006560629,0.006516569094012461,-0.010769482387873234,2024-04-23,2024-06-18,738998.0,739054.0,0.8854903429212924,0.35054835007855567,0.21801441738800392,0.2330076539745198
2024-07-04,739070.4034749229,0.008896054505485475,4.1837904786994295,7.217895161204854,-6.8213671949948465,0.05217664409687758,0.012587551887915844,0.05063551843006306,2024-04-30,2024-06-18,739005.0,739054.0,0.9209542334582212,0.27798591621008417,0.21801441738800392,0.13806826945305614
2024-09-06,739134.2021220018,0.4288700010717089,14.214942470403324,-0.49645518804257255,0.09664550542565495,0.0023043799864348466,0.0017754791890625147,0.0014689590774039215,2023-12-28,2024-06-20,738881.0,739056.0,2.6580486257247755,1.2653425996625312,0.2064675005431712,0.8112527081680786
2024-08-17,739114.7382198259,0.8790593476385866,11.307812784141055,-0.04453794077183159,0.005180800523682726,0.00025549544595283337,0.0002497206239356535,0.000054014191503947494,2024-01-05,2024-06-20,738889.0,739056.0,2.4229021413784,1.5763523348089483,0.2064675005431712,0.808630521577322
2024-08-08,739105.1337679963,0.5587559423989129,14.823188404576019,-0.22096127645590666,0.038452962048042647,0.002701632665968607,0.002484713700087734,0.0010606681339726234,2024-01-12,2024-06-20,738896.0,739056.0,3.4171066715883525,0.5365176662785622,0.2064675005431712,0.7066433778043422
2024-08-05,739102.7638792753,0.4827833538034073,2.642905088391001,1.1530486901625345,-0.09490740454383229,0.04092117406090893,0.01244258437091804,0.038983645041168136,2024-01-22,2024-06-20,738906.0,739056.0,0.6044024671300015,0.4236651407155334,0.2064675005431712,0.4559102486911153
2024-08-03,739100.9775167204,0.11596033586090829,4.474212008356487,-0.8738989436654919,0.6864284854956069,-0.07176837187973767,-0.05770796748874174,-0.04266719689160102,2024-01-29,2024-06-20,738913.0,739056.0,1.0184065987929873,0.24788777483533228,0.2064675005431712,0.41241468017453436
2024-07-09,739075.4862178417,0.9130647090172459,7.726183783168628,0.01692088029742539,0.0054221358832597785,-0.0005698778339985126,-0.000514240933314714,-0.00024559521205929095,2024-02-05,2024-06-20,738920.0,739056.0,2.5538196574015033,1.1244111791703548,0.2064675005431712,0.6376286001291556
2024-06-27,739063.4149213854,0.5100923132197493,2.4158385186671243,0.18256323993143106,0.00964207898072197,0.017050146856429034,0.01050332848809365,-0.01343084504031661,2024-02-12,2024-06-20,738927.0,739056.0,1.1197220712038078,0.11940525436673846,0.2064675005431712,0.4089334679024323
2024-08-09,739106.6549769688,0.24741493442315649,7.27331793157778,-0.7697896539874711,0.3313978354796176,-0.03278730262785129,-0.006302295094426962,-0.03217589610489608,2024-02-20,2024-06-20,738935.0,739056.0,1.412772877948717,0.34382489360344276,0.2064675005431712,0.37983145251918116
2024-06-20,739056.4048370537,0.9666386250679535,12.948286572008751,0.10865245705650532,0.003740632661993964,-0.0005213181072858388,-0.00025466176462734277,0.00045488455087085253,2024-02-27,2024-06-20,738942.0,739056.0,11.631092666667469,0.535666015265472,0.2064675005431712,0.6339533079881713
2024-07-18,739084.3749400742,0.8028163904112933,7.90114847084772,0.020188304984398085,0.007416909385819318,0.002249529855816434,0.0014320930739623605,-0.0017347893243038314,2024-03-05,2024-06-20,738949.0,739056.0,1.9649071180621676,0.33500957465648085,0.2064675005431712,0.5147053473762644
2024-07-10,739076.1012018343,0.11200700346822015,10.397143132009155,-1.2880125490824375,0.9811273409032706,-0.014158978258233812,-0.005935215343645196,0.012854955625815926,2024-03-12,2024-06-20,738956.0,739056.0,2.957968869907675,0.746491074440963,0.2064675005431712,0.786245997722758
2024-07-27,739093.4086364459,0.8393766772361326,8.280074947692896,0.07649728463372761,0.0038540814557814452,0.00271601375236554,0.0006187382376068832,0.002644597076373237,2024-03-19,2024-06-20,738963.0,739056.0,1.6456493444994411,0.14385055921416715,0.2064675005431712,0.36058033146389085
2024-07-16,739082.0489730072,0.11360059626358512,7.159909515063134,-0.3994552400329439,0.3900550787195526,0.06982159522928326,0.01167597058989039,0.06883841130608612,2024-03-26,2024-06-20,738970.0,739056.0,1.6625333401162863,0.08863581595594686,0.2064675005431712,0.37975171726978296
2024-07-04,739070.6240938876,0.7838458700064366,10.890328035034482,0.1262898487777432,0.0040803557704845225,-0.003807003692736769,-0.003648690078032117,-0.0010864335373051506,2024-04-03,2024-06-20,738978.0,739056.0,3.199368693246232,0.07714440718472855,0.2064675005431712,0.433434121581818
2024-07-25,739091.3009760403,0.20632380475246076,10.256434529476172,0.26419044002796954,-0.023830000612220202,-0.0456795213255477,-0.04565875660112628,0.0013771761580402748,2024-04-10,2024-06-20,738985.0,739056.0,1.7994571450044625,0.010494347356484482,0.2064675005431712,0.32420751902406586
2024-07-15,739081.4414581432,0.7590456119732951,4.1283053734993365,-0.23673149545797786,0.024916874089870453,0.010559045092054721,0.00018821308093155332,0.010557367526623793,2024-04-17,2024-06-20,738992.0,739056.0,0.8260337459943254,0.43387534518999277,0.2064675005431712,0.24684214194069223
2024-07-11,739077.7993963725,0.4795852126072687,12.165121683334046,0.30379176080043285,-0.0180884166620773,-0.011508544911956752,-0.011404636139058077,0.0015430102158495683,2024-04-24,2024-06-20,738999.0,739056.0,2.4879835758571542,0.061962575740100626,0.2064675005431712,0.3130106761042927
2024-06-26,739062.3722102719,0.15009825907429122,10.835602192496355,0.8359486039377582,-0.4083596073751811,0.020690543736725797,0.00034791642252894985,0.020687618381155022,2024-05-01,2024-06-20,739006.0,739056.0,3.7595480368418333,0.2733968310938102,0.2064675005431712,0.06504384809882653
2024-07-18,739084.2866448456,0.8401338672080088,3.7221811472816477,0.14446584872657442,0.0029739380701920815,0.0025231620735528515,0.00210198667981691,-0.0013957072928403754,2023-12-29,2024-06-21,738882.0,739057.0,1.1867550831738225,0.26603437680611397,0.2110541108771638,0.44660277580639784
2024-08-18,739115.0110678918,0.3902601561492586,7.808743336252344,-0.57307070525713,0.13609564029009782,0.011813133787099138,0.0012403665252758243,0.011747834726232677,2024-01-08,2024-06-21,738892.0,739057.0,1.673539185764816,0.5757741413114079,0.2110541108771638,0.4672371174262658
2024-07-17,739083.9287998831,0.7433265801889878,8.711327454096331,-0.021249524853999464,0.011845867593713099,-0.0007739498811993045,-0.0007293659490646464,-0.0002588894183883252,2024-01-16,2024-06-21,738900.0,739057.0,2.6638605983813304,1.3060185935393562,0.2110541108771638,0.765929230825521
2024-07-21,739087.7693811313,0.6980662522166506,6.322356943280973,-0.06544374532297995,0.01569875157915345,0.0027780761018101484,0.001272504353201447,-0.002469501872550826,2024-01-23,2024-06-21,738907.0,739057.0,1.781741197958002,0.6239339393247687,0.2110541108771638,0.5297101875336677
2024-07-11,739077.8231495664,0.7229493710717668,11.410640889584805,-0.004479825708887498,0.012999650699978502,0.0010021749968689166,0.0009451259307587445,-0.00033330421442974553,2024-01-30,2024-06-21,738914.0,739057.0,3.7460270060536147,0.821837523051479,0.2110541108771638,0.7138128937195375
2024-06-30,739066.3312535676,0.32271845094925605,10.732020094235615,-0.20994196839365042,0.13577628443868453,-0.010024499840364097,-0.0002322245571049688,0.01002180965716957,2024-02-06,2024-06-21,738921.0,739057.0,4.689712240540236,0.40728979231213647,0.2110541108771638,0.8153372071376432
2024-08-10,739107.74456902,0.26964772580434954,7.053723652324877,-0.6793563792385572,0.2730114966922278,-0.028821216405835143,-0.025678052037166343,-0.013088168652968924,2024-02-13,2024-06-21,738928.0,739057.0,1.419832598565318,0.36211536282185147,0.2110541108771638,0.38748790809141914
2024-07-07,739073.766399033,0.9637810765910619,6.859875428719569,0.055507104453884286,0.0037367262478399848,0.0006867338673402591,0.000686569979823453,-0.000015002245076384486,2024-02-21,2024-06-21,738936.0,739057.0,2.299494603399611,0.7644779833867567,0.2110541108771638,0.5993421369242511
2024-06-28,739064.1684542312,0.1480133963305528,2.3833230719076104,-0.3470494326940115,0.3556769536216247,0.07146595407342465,0.05868567865072476,-0.04078447882379656,2024-02-28,2024-06-21,738943.0,739057.0,1.072517507929856,0.3090826567272998,0.2110541108771638,0.40910462786485297
2024-07-17,739083.5634029171,0.7063980287221344,9.151868948131298,-0.03819544042174379,0.014633507523167047,-0.0021197965309891474,-0.00031926697084282016,-0.0020956158842026537,2024-03-06,2024-06-21,738950.0,739057.0,2.352413732909769,0.5328364720754628,0.2110541108771638,0.6334778377456955
2024-07-02,739068.4882413511,0.4137021339856287,7.090722011199718,-0.018000561873282875,0.051817560819346395,0.015494110316505222,0.015125375298159011,0.0033601304423898073,2024-03-13,2024-06-21,738957.0,739057.0,2.5646768875368244,0.1951226222289989,0.2110541108771638,0.5873632748303832
2024-07-09,739075.4796748587,0.033562186935549805,4.659713865075823,-2.6468219921324603,2.518928358752039,-0.10406334484792351,-0.10083565000814049,0.02571675384595898,2024-03-20,2024-06-21,738964.0,739057.0,1.332811520170425,0.17434481563792772,0.2110541108771638,0.3454964692821036
2024-06-29,739065.4409126758,0.16860813269038036,7.633918799217213,-0.04710405104584059,0.14686296112281716,-0.048031496370751846,-0.006079193733436306,0.04764523110621772,2024-03-27,2024-06-21,738971.0,739057.0,2.9340258133177923,0.06753317158597313,0.2110541108771638,0.5397679540691229
2024-07-18,739084.4560751352,0.3097351714331656,5.7454316341897975,-0.056249461865216094,0.07632183295998364,-0.030379574270720307,-0.0074906355696411605,0.029441618699267164,2024-04-04,2024-06-21,738979.0,739057.0,1.2305331638639243,0.13543626573284576,0.2110541108771638,0.30831483994722725
2024-07-20,739086.37951397,0.20809566109283534,6.692863746869829,-0.09934224640066379,0.1310088678018429,0.04652880779672612,0.043895337617274564,-0.015431438379171339,2024-04-11,2024-06-21,738986.0,739057.0,1.308772065965615,0.08754469014539765,0.2110541108771638,0.305550949457994
2024-07-15,739081.2508901316,0.314449639967797,2.6779145441055774,-3.0626257003502277,1.006475574315922,-0.1675826065980233,-0.09731971379461689,0.1364287482208999,2024-04-18,2024-06-21,738993.0,739057.0,0.5505398319961367,0.7052266024205327,0.2110541108771638,0.25868683213095883
2024-07-17,739083.9132636725,0.2337007085048471,9.03309757670258,0.5074834982234855,-0.12469654049616256,-0.031284955174354645,-0.03098651603324968,0.0043109447204226665,2024-04-25,2024-06-21,739000.0,739057.0,1.6348582685570558,0.10311983163532694,0.2110541108771638,0.2622030284017383
2024-06-27,739063.8830359557,0.4803147192629801,2.9448351676710565,0.34275446108966573,-0.0354721098627821,-0.012023471099782372,-0.011934126673988892,0.0014630371890313476,2024-05-02,2024-06-21,739007.0,739057.0,0.9898335035299578,0.48119605916647834,0.2110541108771638,0.03141973479172506
2024-09-11,739139.9632090806,0.4827354106417435,9.547938049700825,-0.5584850585037862,0.07835870511981305,0.006869128805611261,0.004077693666940913,-0.0055278698344541684,2024-01-02,2024-06-24,738886.0,739060.0,1.7560861343611163,0.5767467492660173,0.20670942627315259,0.46988867308597343
2024-06-30,739066.4598967365,0.5858148520029641,13.075622642737274,0.0117796528343099,0.025178702559414953,0.0014882881042251168,0.0014056584796572286,-0.0004890048258920569,2024-01-09,2024-06-24,738893.0,739060.0,6.847347618478897,0.7579565956447744,0.20670942627315259,0.8384301259112531
2024-07-23,739089.7423817015,0.9354539886819571,5.9574324881235325,0.033109483861451565,0.0037110472514706506,-0.0009774979521244205,-0.0008426126969337367,-0.000495485710564382,2024-01-17,2024-06-24,738901.0,739060.0,1.7520099772223667,0.5961340513289501,0.20670942627315259,0.4856232426910502
2024-07-26,739092.5602459856,0.13803644046621846,9.809263948157389,-1.5264472769775386,0.9871398908938182,-0.011045938426624666,-0.003370696234670836,0.010519085636040771,2024-01-24,2024-06-24,738908.0,739060.0,2.7084882554481378,1.2575736103008912,0.20670942627315259,0.8407750056182531
2024-07-06,739072.6020511518,0.2836015062390638,6.908819719478935,-0.3908186589774387,0.2115646294570831,0.008605332607978137,0.008602710897606454,0.00021240175643098466,2024-01-31,2024-06-24,738915.0,739060.0,2.7777557869077834,1.0092065800790193,0.20670942627315259,0.8441630678379233
2024-08-17,739114.4691500894,0.5600866119609448,4.669362645332765,0.1148004668067143,0.012068919901775233,0.009201989080895995,0.0038206240579438237,-0.0083713460597917,2024-02-07,2024-06-24,738922.0,739060.0,0.9380819896807183,0.15732012339591495,0.20670942627315259,0.4322326008497737
2024-07-24,739090.5089066612,0.4814455225098334,8.229890129274423,-0.24257066220057394,0.06294598594414537,0.004816975995535126,0.0015740831802775646,0.0045525289546722155,2024-02-14,2024-06-24,738929.0,739060.0,2.182882379631988,0.7644457545437736,0.20670942627315259,0.6899954306026429
2024-07-19,739085.5963171766,0.14074670421342297,9.373818362156998,-1.3211688037865872,0.8766999769058985,0.015002174163386627,0.01025774230565573,-0.010947326268059518,2024-02-22,2024-06-24,738937.0,739060.0,2.6239127260380233,0.8774421486834293,0.20670942627315259,0.8197408719407167
2024-08-05,739102.7871404495,0.6929247449090744,5.194022384616964,0.10225665580044989,0.006562596779900329,0.004843287213081333,0.0038829791067269736,0.00289480643310031,2024-02-29,2024-06-24,738944.0,739060.0,1.0840141231801852,0.18076641734345122,0.20670942627315259,0.38013014286573116
2024-08-10,739107.5632083099,0.9873705821005394,4.88673214137856,0.2211566543311047,0.0003021851808352237,0.0013846035888278204,0.001061314386474967,-0.0008892349921455768,2024-03-07,2024-06-24,738951.0,739060.0,0.9266086856453741,0.04409703191041955,0.20670942627315259,0.3957146541181694
2024-07-13,739079.8420320165,0.8502705038893186,12.469795648772996,0.02107729401590641,0.006705345242605305,0.0006474485423727844,0.00009017288628710893,-0.0006411384137604726,2024-03-14,2024-06-24,738958.0,739060.0,3.601949678896372,0.7061771538373678,0.20670942627315259,0.6767248483332632
2024-07-29,739095.0875383787,0.44405545915559863,3.249880721811131,-0.2999802705276745,0.09090284956638543,0.023925036763636186,0.0016094314075997581,-0.0238708423539174,2024-03-21,2024-06-24,738965.0,739060.0,0.6777643131429428,0.5191521722853242,0.20670942627315259,0.4027056296249389
2024-07-20,739086.5363293786,0.8347591641881622,13.889144965356735,0.052046798118708264,0.005339946114156202,0.0013153542173573842,0.001280396396411431,0.0003012337716400307,2024-03-28,2024-06-24,738972.0,739060.0,3.2326232565058888,0.24399438813812235,0.20670942627315259,0.5894124498250658
2024-07-27,739093.2017939889,0.9468697516258351,9.322799551478683,0.21433693823273609,-0.000221347172224096,0.001999247630562835,0.0014184291903770565,-0.0014089179252878418,2024-04-05,2024-06-24,738980.0,739060.0,1.8199445033878305,0.011244788322692803,0.20670942627315259,0.26121157156515085
2024-07-30,739096.3166178971,0.13302634672540783,4.61722518186809,-3.1849670227392832,1.9646603889347554,-0.11739862437104982,-0.0036165082351980226,-0.11734290720959455,2024-04-12,2024-06-24,738987.0,739060.0,0.8097894944685782,0.4821487994923825,0.20670942627315259,0.30928316498338626
2024-07-14,739080.9232518104,0.9322873872425925,2.1146637555501546,-1.0024378297707253,0.04452570366899464,0.02306336149471635,0.0222154915164912,-0.006196013243745715,2024-04-19,2024-06-24,738994.0,739060.0,0.4793156496898296,0.8511315169190435,0.20670942627315259,0.24042213756406391
2024-06-27,739063.4080755824,0.1422267217237139,2.8741989822304626,0.21281920737609733,-0.006415369348331625,0.04141709740006638,0.005023073009602725,0.041111369407826635,2024-04-26,2024-06-24,739001.0,739060.0,1.3300369037119402,0.0076648978968108135,0.20670942627315259,0.27547315807010136
2024-07-07,739073.9008986343,0.16905512344505394,13.066967957743817,0.9346774204946462,-0.41477969561809147,0.018357522373304683,0.013638712631251264,0.012287560597959598,2024-05-03,2024-06-24,739008.0,739060.0,3.2363834765306465,0.2923189253562716,0.20670942627315259,0.06890637888296014
2024-09-13,739141.3730388992,0.43682547759538226,8.509875631768939,-0.5606431848853352,0.09804158709321177,0.009149048942089398,0.008657596297136843,0.0029582296902961333,2024-01-03,2024-06-25,738887.0,739061.0,1.560422541461015,0.5500714814546785,0.19600893506828648,0.4363883431640951
2024-08-20,739117.9374048855,0.7293793090155855,11.24509986845693,-0.12843193091652397,0.013149141556413554,0.000724557852942553,0.0006749523431278642,-0.0002634832381137901,2024-01-10,2024-06-25,738894.0,739061.0,2.4508584704283196,1.1771029694709074,0.19600893506828648,0.7883274527002583
2024-07-01,739067.5685362009,0.2563552622045027,5.360125720860009,-0.29856384445622236,0.21026354017655224,0.018754519770678244,0.017880686886456745,-0.00565800744938136,2024-01-18,2024-06-25,738902.0,739061.0,2.753003433034487,0.5361981172906839,0.19600893506828648,0.8091240932162052
2024-09-01,739129.400014254,0.24090461673697444,5.231226092519484,-0.2506074298994994,0.17048310997572935,-0.03938056091283133,-0.024727610083005107,0.0306492067987425,2024-01-25,2024-06-25,738909.0,739061.0,0.9741725280887896,0.19936140881078177,0.19600893506828648,0.44685714174100066
2024-09-04,739132.374330451,0.20912531906878723,8.520258143282707,-1.3918065469940135,0.6068094775163745,0.03253375734356658,0.03192061455717264,-0.006286472236675392,2024-02-01,2024-06-25,738916.0,739061.0,1.5039468265068676,0.4577960020785089,0.19600893506828648,0.43637691931532285
2024-07-25,739091.3407322677,0.025051284176699447,9.871837632031124,-9.622811396228572,8.885104240095265,-0.026162034597272083,-0.005214552476421925,0.025637092205230753,2024-02-08,2024-06-25,738923.0,739061.0,2.6921669396200927,0.8618327661232388,0.19600893506828648,0.864879250649976
2024-08-13,739110.1733759023,0.08537668437660396,5.930578448861056,-2.253442076082963,1.702254448416523,0.0711309979103593,0.004435631890047744,-0.07099256322643607,2024-02-15,2024-06-25,738930.0,739061.0,1.225692792804705,0.34451473855738635,0.19600893506828648,0.3759620780334358
2024-07-29,739095.7902386687,0.7041450155813594,10.007416369262238,-0.11150785904817856,0.016813375044147847,-0.0013438806110654406,-0.0013352086904059553,-0.00015242325892735655,2024-02-23,2024-06-25,738938.0,739061.0,2.408095459760245,0.8803073994959382,0.19600893506828648,0.6822270965475773
2024-07-26,739092.5819811724,0.8299890860909702,2.713719599528228,0.35277941949666264,-0.002397854579010385,0.004759483209931142,0.001478040012958813,0.004524166016594567,2024-03-01,2024-06-25,738945.0,739061.0,0.665905072173563,0.15408857983675966,0.19600893506828648,0.46489519145693686
2024-06-28,739064.6956342857,0.4946781151822611,3.8464531070057806,0.155268846555243,0.011434161250708834,0.01795836633305987,0.004799644965329568,-0.017305095479631567,2024-03-08,2024-06-25,738952.0,739061.0,2.0921556299977166,0.08188413040085696,0.19600893506828648,0.329477378285065
2024-07-30,739096.6425842522,0.34620077553722145,14.126995688656686,-0.38096991542143466,0.14013299229438037,-0.005709693109463275,-0.003938698888163597,0.0041336722744590255,2024-03-15,2024-06-25,738959.0,739061.0,3.0378311055265415,0.6014587585493851,0.19600893506828648,0.7311244658643646
2024-07-24,739090.638911048,0.6140810018450108,3.4375511542015653,-0.06516212867746024,0.02610607113587722,0.010057215957691363,0.005486515238559443,-0.008428863704954352,2024-03-22,2024-06-25,738966.0,739061.0,0.7858223466135786,0.46370334978993116,0.19600893506828648,0.39306432320907736
2024-07-09,739075.4518124779,0.02785835796109449,6.38391587145781,-1.0217782714855894,1.1126850177289291,-0.09549295171821916,-0.0833508915387486,-0.046599707161675406,2024-04-01,2024-06-25,738976.0,739061.0,1.9597763210611001,0.050847462173710674,0.19600893506828648,0.38074250856531405
2024-07-04,739070.4105033576,0.3512939867298302,9.872311348448404,0.15396417155239692,0.014372576124780384,0.024416275456492366,0.009447930428396548,-0.022514242554158695,2024-04-08,2024-06-25,738983.0,739061.0,3.501933801641334,0.020946288168567914,0.19600893506828648,0.4060159425166704
2024-07-20,739086.9118238305,0.9657052840822975,11.15170923080468,0.2152982406971181,-0.00038816538369656236,0.0019710251453042243,0.0019500200772038932,0.00028698749436737,2024-04-15,2024-06-25,738990.0,739061.0,2.3412079854118146,0.017054060861381854,0.19600893506828648,0.2722231249896652
2024-07-26,739092.8657453976,0.8688274935570828,8.293043481100458,0.18060804360256572,0.0007523511723063313,0.002979037059239,0.0016839780230129113,0.0024574132371924908,2024-04-22,2024-06-25,738997.0,739061.0,1.4537371583776355,0.02645844455404397,0.19600893506828648,0.2599950839519749
2024-07-04,739070.3809847473,0.2809490706095526,11.36954298785344,0.41470455762041264,-0.0870811082984245,0.015628272568340842,0.0024648338467890656,-0.015432676293439118,2024-04-29,2024-06-25,739004.0,739061.0,3.5407326295991637,0.13768846631437956,0.19600893506828648,0.22660001898657606
2024-07-11,739077.7498973933,0.037077004902906115,10.761464957712795,3.422269076361619,-2.8327594543877033,-0.015674339301253285,-0.014884341563549557,-0.004913378547436021,2024-05-06,2024-06-25,739011.0,739061.0,2.3679673634747567,0.6226639216048867,0.19600893506828648,0.08885342135212546
2024-06-28,739064.2142299432,0.2633624319168609,4.648405973328111,-0.1727471884259619,0.16463551719318348,-0.022775859241499642,-0.021748282606463602,0.006764020095919104,2024-01-04,2024-06-26,738888.0,739062.0,3.238026998428342,0.4095420835699241,0.1928253888506927,0.7935013241963086
2024-08-01,739098.1183249071,0.3180227102873541,3.324950853096464,0.18181601987384516,0.02489514795055431,-0.034987843977067105,-0.010464654591533012,-0.033386228155386145,2024-01-11,2024-06-26,738895.0,739062.0,0.9138917714193245,0.06805662914102757,0.1928253888506927,0.4993737508561234
2024-09-11,739139.1717931419,0.6601205818483012,10.578805381747006,-0.3454734126913815,0.024770984257768115,-0.002377351701318068,-0.0016791097030917131,-0.0016829710980118377,2024-01-19,2024-06-26,738903.0,739062.0,1.8832268325352515,0.6501842939901878,0.1928253888506927,0.5522192727462109
2024-07-08,739074.7282677243,0.04067094252328896,14.903197466267446,-3.9638422874802353,3.6041757816138316,0.022797447410330077,0.0010379187763417173,0.02277380804873182,2024-01-26,2024-06-26,738910.0,739062.0,6.07322829084489,0.43144408839202536,0.1928253888506927,0.98482389032664
2024-09-01,739129.7808748992,0.4756258773446914,7.134335357972493,-0.2913552360479808,0.05711709285560271,0.009526515421875213,0.005919390590338246,-0.007464268961006246,2024-02-02,2024-06-26,738917.0,739062.0,1.2989521367606802,0.3997090440569145,0.1928253888506927,0.4107292348076092
2024-07-22,739088.4141797968,0.5014223554915634,3.651134278800294,0.06279116020851803,0.023130666358863256,0.01224402229911622,0.009763031485633423,-0.007389133797123023,2024-02-09,2024-06-26,738924.0,739062.0,1.0625270432924538,0.2594417826308337,0.1928253888506927,0.43060026637100973
2024-08-03,739100.6535703732,0.935194512923252,8.005494792100851,0.0030703209172337383,0.0038303906893314326,0.0008866644057157963,0.00032465856467018287,0.0008250882284638673,2024-02-16,2024-06-26,738931.0,739062.0,1.8845668214955027,0.5046584730087393,0.1928253888506927,0.5412733118386676
2024-06-27,739063.907603356,0.892053420911072,8.295787729638992,0.08739436430946979,0.005328977427484767,-0.0004275292072382152,-0.00021113412755190746,-0.0003717574521440446,2024-02-26,2024-06-26,738941.0,739062.0,5.499887241348337,1.340328719078103,0.1928253888506927,0.7103937064141895
2024-07-09,739075.9552634238,0.387294747624387,3.6265619368229003,0.04977038168488431,0.04111594639818509,0.023187843468011553,0.0033512009191356794,-0.02294440099668304,2024-03-04,2024-06-26,738948.0,739062.0,1.2789409225585708,0.1893635730031161,0.1928253888506927,0.3734083638457117
2024-08-09,739106.1685532903,0.2605557637962584,8.82061040625658,-0.40888465252332107,0.20314312586717273,0.03082689814050293,0.011628407515989418,-0.028549567205248896,2024-03-11,2024-06-26,738955.0,739062.0,1.727264624046019,0.19465893718096516,0.1928253888506927,0.4608008441405852
2024-07-25,739091.3658252422,0.21251808007854717,11.014166302978962,-0.5534182723541073,0.32347454591815916,0.02181820466072658,0.012780242709519518,0.017683309953261693,2024-03-18,2024-06-26,738962.0,739062.0,2.5993098036903284,0.2860654147166314,0.1928253888506927,0.6873387236183074
2024-07-19,739085.62223196,0.18884056539932353,5.454224246976658,-0.22350187265439292,0.20697018423112776,0.050967389908775564,0.04029194123708649,0.031212726658533477,2024-03-25,2024-06-26,738969.0,739062.0,1.3860869918366625,0.14059753128649777,0.1928253888506927,0.35155470270027533
2024-07-18,739084.5697444716,0.87850827594473,8.630187259148958,0.1807992705287301,0.0006421393321489732,-0.002865766893744864,-0.00012583864407970477,0.002863002711305081,2024-04-02,2024-06-26,738977.0,739062.0,2.1448180101583176,0.02280940983818049,0.1928253888506927,0.2914303097646623
2024-07-20,739086.2747211818,0.025723649432739755,5.629783973189534,-2.5511023090726948,2.494181439718517,0.09283845056919407,0.017817145949635425,0.09111271708328146,2024-04-09,2024-06-26,738984.0,739062.0,1.288662831226364,0.12275551464310687,0.1928253888506927,0.358038847694076
2024-07-03,739069.2073586412,0.5358981277756395,11.349585815942861,0.19568189423604002,-0.0004507583349202486,-0.014271349242766868,-0.000880690044802386,-0.014244149474574067,2024-04-16,2024-06-26,738991.0,739062.0,4.306792787387441,0.0014913547391174318,0.1928253888506927,0.29626864710812767
2024-07-10,739076.1871298703,0.13016244764215082,5.2618424333051035,0.1719865094177051,0.022821427990011783,0.052537112244426996,0.028371087002219558,-0.04421797807788151,2024-04-23,2024-06-26,738998.0,739062.0,1.4293313932973024,0.010745446985950358,0.1928253888506927,0.3357227020714979
2024-06-29,739065.6368589599,0.03698603702142724,13.84628885033175,1.7193546079363418,-1.372905194408318,0.04290671357258025,0.014627968129954604,0.04033619488732763,2024-04-30,2024-06-26,739005.0,739062.0,6.200747570729719,0.0854711819695675,0.1928253888506927,0.16758094283431849
2024-07-14,739080.4483289159,0.0803331239201284,8.222936204934328,1.3057894219460122,-0.8348895913494195,0.021394933663612704,0.018624317545373473,-0.010529861463451546,2024-05-07,2024-06-26,739012.0,739062.0,1.7158710251231892,0.38122891865193836,0.1928253888506927,0.07518267925502811
2024-08-19,739116.4948823197,0.8550270093513845,6.588568030128335,-0.026467718167425127,0.00529415964774599,-0.0013303818845371057,-0.0005370525553746168,0.0012171649483410602,2024-01-05,2024-06-27,738889.0,739063.0,1.517896868743285,0.5164276778549122,0.1947856933255424,0.4427552858772611
2024-08-30,739127.0464458734,0.4884056392422308,2.482837883733313,1.8583137337132252,-0.1520384379061323,0.05310669654204436,0.029743069344200915,0.04399626170022679,2024-01-12,2024-06-27,738896.0,739063.0,0.5069890856567472,0.5631659879219496,0.1947856933255424,0.526475059221654
2024-08-18,739115.1375979155,0.3046319684972372,13.466499207538504,-0.648952553154371,0.22558466469991564,-0.004938100764334939,-0.0006959903548497767,0.004888807276287477,2024-01-22,2024-06-27,738906.0,739063.0,2.9772153383109106,1.0334046042496015,0.1947856933255424,0.8126259724167191
2024-09-07,739135.0218338389,0.4411968723217906,13.593352629023633,-0.554791167914662,0.09924279800641314,0.0031893467353256086,0.0019882423161844145,-0.0024937572236017184,2024-01-29,2024-06-27,738913.0,739063.0,2.4356250424269583,1.0099575148653612,0.1947856933255424,0.7464549681892616
2024-07-16,739082.8842370036,0.5165863738951667,14.657563584813722,-0.1269490841933625,0.04493064930753749,-0.002475530242481539,-0.0021064327198424397,0.0013004580647671376,2024-02-05,2024-06-27,738920.0,739063.0,4.906190536729287,0.6396694624200439,0.1947856933255424,0.7883151150239383
2024-08-23,739120.0155153606,0.2911213692242685,7.018188593676979,-0.5877903776213349,0.2168320194525379,-0.02573621393257701,-0.012253548917142256,-0.02263190770833455,2024-02-12,2024-06-27,738927.0,739063.0,1.3620973491173873,0.34948441007693426,0.1947856933255424,0.3840513859664412
2024-07-08,739074.4433077286,0.2518024938529109,2.151357702751009,-0.24958101590972154,0.20299257921942374,0.04668880282679688,0.028176240147645384,-0.037228266150087265,2024-02-20,2024-06-27,738935.0,739063.0,0.8560846729773913,0.5088793465213831,0.1947856933255424,0.4758130376226033
2024-08-08,739105.595727712,0.592259157135243,3.528851370848666,0.16147170838994573,0.008274017044695502,0.00872511051473578,0.007347122791377213,-0.004706096066038004,2024-02-27,2024-06-27,738942.0,739063.0,0.7557598059454124,0.15915632110363664,0.1947856933255424,0.47011095553391713
2024-07-02,739068.5532703666,0.9827381840702367,2.5092955480990407,0.22651724807280157,-0.00002257966709840647,0.0023601038530443475,0.0019898678397701395,-0.0012690611401360043,2024-03-05,2024-06-27,738949.0,739063.0,1.2258064573997092,0.003746902872611389,0.1947856933255424,0.4230062148508012
2024-07-03,739069.3894511309,0.5058986015770245,6.942442063139837,0.06433201370473368,0.02497675937398179,0.011135665434816783,0.01082856794881178,-0.002597144750324763,2024-03-12,2024-06-27,738956.0,739063.0,3.17796022136915,0.16344480839764444,0.1947856933255424,0.5865853375189515
2024-07-29,739095.3719337325,0.1665029407475969,4.582083505936756,-0.9399570159521915,0.584689767003782,-0.0575398880428293,-0.029144224414552077,-0.04961303154671721,2024-03-19,2024-06-27,738963.0,739063.0,1.0270359861421088,0.36924565126314834,0.1947856933255424,0.36636670975395136
2024-08-03,739100.3827622392,0.031025872398211092,13.811924693505077,-4.4850993472246,4.1264724294679285,-0.04771005669831862,-0.016246291611870994,0.044858750751874774,2024-03-26,2024-06-27,738970.0,739063.0,2.746178866132259,0.19428479584344593,0.1947856933255424,0.6508153824356272
2024-07-04,739070.2258113045,0.1657316635112829,14.140843046744044,-0.1084637387387127,0.18026553932854983,-0.024518772664480843,-0.012117227817202196,-0.021315323197139528,2024-04-03,2024-06-27,738978.0,739063.0,5.731296102151069,0.08616763493978147,0.1947856933255424,0.6126328345753203
2024-07-28,739094.0921623028,0.44963145032973484,12.97323915230184,0.16990095848878073,0.005248343483279333,-0.014657121702211146,-0.014634483451984294,0.0008143160854525663,2024-04-10,2024-06-27,738985.0,739063.0,2.5917576229994435,0.012410286663624912,0.1947856933255424,0.35854118632447823
2024-07-02,739068.7464866403,0.5314754770498643,10.164595174169879,0.20407892288693047,-0.0012264315908321075,0.013012149410051492,0.01207070838403802,-0.0048594270626296735,2024-04-17,2024-06-27,738992.0,739063.0,4.193065405876113,0.004928189863429938,0.1947856933255424,0.33368876290540367
2024-07-02,739068.3444997707,0.9722537336903623,8.082144539235106,0.21806010168382095,-0.0007152520092818275,-0.0025960312804467413,-0.0025127142823296623,-0.0006524150093571404,2024-04-24,2024-06-27,738999.0,739063.0,3.2968451569228425,0.03314379025947882,0.1947856933255424,0.24637420716573405
2024-06-27,739063.4589565211,0.5193649205684575,11.499284930481915,0.28741503661471696,-0.022280122294621233,-0.006602465296002935,-0.001683046243707512,-0.0063843483086737365,2024-05-01,2024-06-27,739006.0,739063.0,8.839474971463646,0.15240991499238796,0.1947856933255424,0.08781063858640833
2024-06-30,739066.3657185687,0.7810912380223163,12.979160150644402,0.26186607614848745,-0.0057832190437228,-0.0020819573073824196,-0.001665885276663227,-0.0012487483632660902,2024-05-08,2024-06-27,739013.0,739063.0,5.708610973540684,0.16716794244181607,0.1947856933255424,0.05017019520763294
2024-07-11,739077.1808362269,0.6305332260917084,6.386387995580986,-0.023544565325168607,0.021379793266182185,0.0029354038423696368,0.000215695530785554,-0.0029274683868143756,2024-01-08,2024-06-28,738892.0,739064.0,2.6859736367649347,0.7190983957855427,0.16041976169428612,0.6973846441386492
2024-08-03,739100.830293905,0.4569477599279962,2.1444660241046924,0.9136070129512155,-0.08186149152041998,0.043210956231594586,0.015340471698408673,-0.04039624569832084,2024-01-16,2024-06-28,738900.0,739064.0,0.5788964387895305,0.4036762129836753,0.16041976169428612,0.57309202759714
2024-07-06,739072.4057432456,0.4379096945007982,9.525590940340905,-0.07244430426094123,0.05938131979443423,-0.0037368967136563614,-0.0037346704154703372,-0.00012897261859143533,2024-01-23,2024-06-28,738907.0,739064.0,4.5170349824912135,0.7305187777237199,0.16041976169428612,0.8726053194172102
2024-09-02,739130.1546545782,0.7456606289149225,2.7706734406855325,0.9715500928948174,-0.0197551658839615,-0.011065736266307996,-0.008135702756992897,0.0075007239494159625,2024-01-30,2024-06-28,738914.0,739064.0,0.52210369832524,0.4804588934073837,0.16041976169428612,0.5220176349109702
2024-08-01,739098.2261318369,0.6560559652270462,5.720077030819038,-0.011522712656087754,0.014405032849123674,-0.004936502265549933,-0.00493151344880492,0.00022187771865563347,2024-02-06,2024-06-28,738921.0,739064.0,1.49706019779158,0.3346832083983887,0.16041976169428612,0.4203363676658992
2024-07-15,739081.7506277456,0.20522031602321938,4.764035477642954,-0.2973649804860063,0.23707357181726657,-0.047119315313319886,-0.03091699822063553,-0.03555796811716442,2024-02-13,2024-06-28,738928.0,739064.0,1.6369291386973321,0.21673524291335355,0.16041976169428612,0.4491780586011635
2024-08-11,739108.0300356802,0.3344205164958847,13.604315814286217,-0.5743279661949093,0.18570629900826058,-0.007752719403559378,-0.0009684286439581467,0.00769199610711598,2024-02-21,2024-06-28,738936.0,739064.0,2.9507201609447624,0.5888284390880477,0.16041976169428612,0.7571098974209076
2024-08-13,739110.3754254879,0.7163028844043585,13.889786175013313,-0.14388880929725859,0.015522367467733405,-0.0011322547296094372,-0.0010666969338127387,-0.00037968200394203767,2024-02-28,2024-06-28,738943.0,739064.0,2.8372741107105646,0.7069927444981217,0.16041976169428612,0.6985504091098061
2024-07-31,739097.2696719806,0.5308822020788103,9.456670881546536,-0.10862313644628215,0.03519259088515365,0.006620444285548679,0.0027368913485759164,0.006028242553526231,2024-03-06,2024-06-28,738950.0,739064.0,2.2389797980794643,0.2984173001516824,0.16041976169428612,0.5959799732151546
2024-08-19,739116.7551946919,0.7470873690953311,9.551539848899,0.017433134974760726,0.007014554220099651,-0.003264661824351344,-0.003261868287989491,0.00013502629071981208,2024-03-13,2024-06-28,738957.0,739064.0,1.684323809246949,0.16805826580548464,0.16041976169428612,0.3858535121797826
2024-07-10,739076.4044893723,0.13349036840565945,3.5461871036834003,-0.4635907372181005,0.42259101162095936,-0.07102505042079812,-0.00472101846028777,-0.07086797423360242,2024-03-20,2024-06-28,738964.0,739064.0,1.2439482647776297,0.2239736823772262,0.16041976169428612,0.39040372463571743
2024-07-14,739080.8005849989,0.5165863675034782,11.285379056850598,0.03277459228874524,0.02417718388736511,0.007342866614956942,0.006216723898738567,0.003907689098674814,2024-03-27,2024-06-28,738971.0,739064.0,3.3717773803434175,0.15071860463139175,0.16041976169428612,0.5981536304372116
2024-08-02,739099.2075726682,0.07044098692205504,9.786412443199502,-0.16534229342740475,0.2800573618064772,-0.07628594167128132,-0.03444982208913278,0.06806434202062954,2024-04-04,2024-06-28,738979.0,739064.0,1.9126145374382544,0.026424355225593756,0.16041976169428612,0.3538300464317169
2024-07-30,739096.1641805213,0.973015066052638,8.909845685688882,0.21153707636383065,-0.00015461364564290362,-0.0016718927968579756,-0.00115412958512025,-0.0012096323511446544,2024-04-11,2024-06-28,738986.0,739064.0,1.7457824678249212,0.010099241940652768,0.16041976169428612,0.26489980541289954
2024-07-14,739080.0190529993,0.3365223462206524,6.054777386549539,0.14237576366321975,0.019507389222044022,-0.028321452212635084,-0.02468863365976459,0.013877176349910366,2024-04-18,2024-06-28,738993.0,739064.0,1.6308276017466676,0.03828241780407718,0.16041976169428612,0.32247276023104016
2024-07-23,739089.7626632266,0.8458524435635033,6.631656064336467,0.18203360658802858,0.000833962580620231,0.0030129829220936883,0.002949994852852837,-0.0006128592472745998,2024-04-25,2024-06-28,739000.0,739064.0,1.3174714301116555,0.03530388569707195,0.16041976169428612,0.25077859142383013
2024-07-18,739084.7396036378,0.9298837124902226,12.005793235857162,0.31964383163568016,-0.004025310621139295,-0.0005620666951382592,-0.00037027747286045264,-0.0004228635274834206,2024-05-02,2024-06-28,739007.0,739064.0,2.5247530932324738,0.5546887121590233,0.16041976169428612,0.08683136094522301
2024-06-29,739065.7227256799,0.5185280948410066,6.547348380059334,0.2365939733810781,-0.008427223256986877,-0.00648928922209738,-0.006165790925946841,0.002023338050237978,2024-05-09,2024-06-28,739014.0,739064.0,3.545018884191796,0.10284761169126934,0.16041976169428612,0.05353726495858676
2024-07-27,739093.6262217391,0.335627131818147,11.479498420295961,-0.3506538932183873,0.14411402384888436,-0.006225549257021288,-0.0026780739424374657,0.005620087500247284,2024-01-09,2024-07-01,738893.0,739067.0,3.689750708938524,0.6768036929150654,0.142267659042096,0.8435805981583172
2024-07-17,739083.5136477052,0.9925543921069311,7.368666687557281,0.055861822924684605,0.002981717676080853,-0.0004896978569872961,-0.00048023728092426985,-0.00009579219774289695,2024-01-17,2024-07-01,738901.0,739067.0,2.8177168271433923,0.8201696978325802,0.142267659042096,0.656627346439217
2024-08-25,739122.486439028,0.23609805557627733,11.120657679021956,-1.0953140151670628,0.4540260174574829,0.010670723891984297,0.0027133777892262684,-0.01031997719725669,2024-01-24,2024-07-01,738908.0,739067.0,2.3931060421966794,0.9033349135151363,0.142267659042096,0.7825640133419711
2024-07-31,739097.7334846607,0.8547907526754841,14.160894603628778,-0.005293962759482521,0.006073527481555284,-0.0005181132079399157,-0.00039761527980198234,0.00033217974879540973,2024-01-31,2024-07-01,738915.0,739067.0,4.01775295703228,0.7075961513217338,0.142267659042096,0.7130311420711852
2024-07-30,739096.5008402739,0.48794572304035777,7.08599965639382,-0.17086648765095463,0.051061982667119844,-0.007292550527018022,-0.0072846074145496474,0.0003402763656193811,2024-02-07,2024-07-01,738922.0,739067.0,2.0046266939770345,0.4821571548311863,0.142267659042096,0.6252602873508442
2024-08-06,739103.6896723997,0.7792464369825782,4.188783902303801,0.11427385700887145,0.004280084301303158,-0.002920192467187601,-0.002054908207992382,0.002074819583034811,2024-02-14,2024-07-01,738929.0,739067.0,1.0403422945159915,0.2726639463064755,0.142267659042096,0.45940310411798446
2024-07-16,739082.0208188915,0.27862311370811793,7.221785196993303,-0.31933973735234267,0.1830999165262545,-0.02088437461928352,-0.01596749566364409,0.01346091324799625,2024-02-22,2024-07-01,738937.0,739067.0,2.606156730881491,0.3382511221084124,0.142267659042096,0.709416084756567
2024-07-08,739074.4463313987,0.9881294353729404,12.66334400838997,0.09368628088597167,0.0028406470250803974,-0.00037003001872966857,-0.00005436753681487823,-0.0003660141878421681,2024-02-29,2024-07-01,738944.0,739067.0,5.77067147975193,0.5990261013251854,0.142267659042096,0.674272954315741
2024-08-05,739102.1332042953,0.2595465725682396,7.763597910535194,-0.2875981496335967,0.16935540303227772,0.03266848427277102,0.032505675034477426,-0.003257446121310101,2024-03-07,2024-07-01,738951.0,739067.0,1.8027806977156806,0.1733094865281349,0.142267659042096,0.44039785020795225
2024-07-03,739069.3484108415,0.8944421949051078,11.874519720939897,0.09417657060161173,0.004621973145373935,0.0008025043233890258,0.000772317489945943,0.00021803413444155135,2024-03-14,2024-07-01,738958.0,739067.0,7.292938511663784,0.43382668532060314,0.142267659042096,0.6824512626498354
2024-07-30,739096.8405420805,0.4209178470472671,6.194182105101541,-0.010926348777207969,0.03892237720027579,0.0176662988525268,0.0009456919824169447,-0.017640968845876435,2024-03-21,2024-07-01,738965.0,739067.0,1.464679493360761,0.14971563455565165,0.142267659042096,0.33460305212130115
2024-07-13,739079.8382057479,0.22993672172591878,4.506930837289787,-0.03074946042196788,0.10553963327468847,-0.04318594982111611,-0.03340916691007811,0.02736519373815029,2024-03-28,2024-07-01,738972.0,739067.0,1.5265631765399947,0.12468107745952778,0.142267659042096,0.37453733333718986
2024-07-09,739075.8758379548,0.5719675845187736,13.028218913237097,0.12563785137395406,0.00924034141251595,0.008488140675434044,0.006034944686247003,0.005968917385916558,2024-04-05,2024-07-01,738980.0,739067.0,4.93436495976099,0.0477927277377584,0.142267659042096,0.44635261899321643
2024-08-07,739104.616207968,0.8636551877093224,10.652875178751465,0.1973492879317738,0.000051119133957399,0.002392070877713394,0.0023657214610357455,0.0003540692768363635,2024-04-12,2024-07-01,738987.0,739067.0,1.9328079721185485,0.0017325388881099238,0.142267659042096,0.27963080231348236
2024-07-24,739090.029008053,0.9747858353110352,12.157080884082665,0.21519490455634802,-0.000387303811917866,0.0017547453639316748,0.0004795453929586671,-0.0016879477208527004,2024-04-19,2024-07-01,738994.0,739067.0,2.762777529379049,0.017697730253604195,0.142267659042096,0.284168478103164
2024-07-23,739089.5462985742,0.3372641330744806,8.382697963647233,0.26622174689197114,-0.02066907476741505,0.01705231351699689,0.009074655220091063,0.014437175240275667,2024-04-26,2024-07-01,739001.0,739067.0,1.8250537152509017,0.048766778450298046,0.142267659042096,0.2613133886402107
2024-07-29,739095.050205359,0.6655339351692048,2.344240806852244,0.3980144796761935,-0.027062085669473362,-0.015186567912309028,-0.015144989437331752,0.0011230048522975664,2024-05-03,2024-07-01,739008.0,739067.0,0.42252885543544166,0.5059057449381116,0.142267659042096,0.028351308604667745
2024-07-17,739083.695009144,0.8816689119585175,12.742496605480957,0.257550045126105,-0.002463046967404843,0.0005600513121506514,0.0003280416109819993,-0.0004539230922810614,2024-05-10,2024-07-01,739015.0,739067.0,2.8687856323479184,0.3042957420441943,0.142267659042096,0.06525309606769102
2024-08-18,739115.8987666446,0.6393878795775031,2.9208940415280233,0.4734286990168287,-0.01047244519118323,-0.010971523114070911,-0.010337682099264722,0.003675139216020803,2024-01-10,2024-07-02,738894.0,739068.0,0.7127140919279054,0.20894393543966097,0.1344976121801642,0.5773067974976709
2024-09-15,739143.4532994372,0.11042516785036474,2.608075673831005,5.794671458649589,-3.157402505906491,-0.2755216631987744,-0.13061211154729538,0.24259567846310814,2024-01-18,2024-07-02,738902.0,739068.0,0.482814813441812,0.48520143606058125,0.1344976121801642,0.6047020002936663
2024-08-10,739107.6455488125,0.3037566763454059,9.953046734230298,-0.6427434336818731,0.23222669199878507,-0.007680051320579002,-0.002078369336272844,-0.007393481533673296,2024-01-25,2024-07-02,738909.0,739068.0,2.5528081603127433,0.9228217090160654,0.1344976121801642,0.7953415353344363
2024-07-23,739089.3102689956,0.8676026238671017,3.6320931196638835,0.1491109495841717,0.0022828868186457922,0.002257550065456372,0.0014413209087507759,-0.0017375633329579404,2024-02-01,2024-07-02,738916.0,739068.0,1.2115643882271971,0.24155213055240982,0.1344976121801642,0.46012031291069505
2024-08-23,739120.8870216474,0.5875269804507567,2.433936188060009,0.5288203235800951,-0.01378858272674306,0.016016733201812444,0.011295720706961401,0.011355282302451336,2024-02-08,2024-07-02,738923.0,739068.0,0.5111534770982549,0.2078089820124041,0.1344976121801642,0.5581772358801911
2024-08-14,739111.9045530169,0.8791812334626181,13.214439853295996,-0.07395313870099426,0.006001924523653269,0.00047119155096021493,0.00035879746838717155,0.0003054273307601162,2024-02-15,2024-07-02,738930.0,739068.0,2.9895428463656475,0.8474667854881689,0.1344976121801642,0.6881870985898567
2024-08-18,739115.0028987472,0.4672276562000782,5.7658907318428625,-0.16181583350148881,0.048328997914276625,-0.010892810585526824,-0.005514201969345261,-0.009393982067974906,2024-02-23,2024-07-02,738938.0,739068.0,1.2167908230809839,0.35952572628053653,0.1344976121801642,0.40447449426013676
2024-08-03,739100.7807611666,0.5250088122376654,3.205050206523123,-0.07748102073213137,0.03595297395079689,-0.010082300349658724,-0.0018384271060321962,-0.009913272220439355,2024-03-01,2024-07-02,738945.0,739068.0,0.795045213748856,0.5841265484118634,0.1344976121801642,0.49881689676623464
2024-08-17,739114.851350761,0.028125025849299108,4.202129427676909,-11.869502220699932,10.697419413765529,-0.10974306623973919,-0.08859851716901851,-0.06475988992540764,2024-03-08,2024-07-02,738952.0,739068.0,0.8332169514448272,0.652417255137021,0.1344976121801642,0.4507313861598824
2024-08-19,739116.5020899378,0.8930593675284524,8.676386277550499,0.08152376112576822,0.0024126697973557857,0.0017753686756471021,0.000725780473480794,-0.0016202396855968376,2024-03-15,2024-07-02,738959.0,739068.0,1.6264559306282096,0.13987844189681892,0.1344976121801642,0.3252403966362221
2024-07-31,739097.779680953,0.6592823609991324,5.036119176424536,0.012720407901378064,0.013203052751928195,0.005970490456197611,0.0059292255926876305,-0.0007007425765320468,2024-03-22,2024-07-02,738966.0,739068.0,1.1921096583466138,0.2894941603390881,0.1344976121801642,0.36003834348494146
2024-07-06,739072.0237260249,0.36204719039933325,13.958754071439223,0.025677884702320682,0.05185624096704634,-0.00874738926723078,-0.006923425471099397,-0.005346307018736987,2024-04-01,2024-07-02,738976.0,739068.0,7.047789815897591,0.15375919763960164,0.1344976121801642,0.6542702941459556
2024-07-20,739086.8448941109,0.7731916115665101,5.329365001928052,0.14003490276169567,0.003455396186873459,0.0043432576451383886,0.004257802521493656,0.0008573241277459323,2024-04-08,2024-07-02,738983.0,739068.0,1.4475770349729356,0.11542341645191709,0.1344976121801642,0.31878807103211415
2024-07-09,739075.2019397,0.967606259061788,2.782959039029353,0.07094404114688092,0.005904005912989626,-0.004831575995095173,-0.0005809025030862502,0.0047965277939659694,2024-04-15,2024-07-02,738990.0,739068.0,1.0943150120326806,0.4248638924620222,0.1344976121801642,0.31166827943827524
2024-07-22,739088.4405736993,0.6670199964266176,14.146016167960026,0.20049222068818126,-0.0007941116456292779,0.0054865088571140535,0.0031901033707388412,0.004463745055801422,2024-04-22,2024-07-02,738997.0,739068.0,3.3729868038055058,0.006824804007287297,0.1344976121801642,0.33948144105245215
2024-07-12,739078.049526916,0.9064072325694796,14.046104808165277,0.23888848328307322,-0.002069728201853899,0.0017534998185659463,0.0003350089417724188,-0.001721200343551944,2024-04-29,2024-07-02,739004.0,739068.0,4.464773809808871,0.0761684380229002,0.1344976121801642,0.2201621181274357
2024-07-05,739071.1082429781,0.9354625072273672,13.818235533705495,0.241934700344024,-0.0026129738913886016,-0.0012714605463191864,-0.0010867845506469962,0.0006599327703041353,2024-05-06,2024-07-02,739011.0,739068.0,6.5143468968035245,0.1391252560868314,0.1344976121801642,0.08766093025367291
2024-07-15,739081.1986429943,0.04335117356291774,2.262780163580163,3.6831217132326737,-3.060758514697645,-0.11697187718846475,-0.06547948850961995,0.09692706865221824,2024-05-13,2024-07-02,739018.0,739068.0,0.5640285204658785,0.5013096937928451,0.1344976121801642,0.025360868350523622
2024-08-14,739111.9942625066,0.048058283975190644,8.616562070937883,-5.455218978222623,4.606066813278431,0.03758816500280258,0.01075480703779136,-0.036016722142052114,2024-01-11,2024-07-03,738895.0,739069.0,2.2199770501512104,0.6834603854026671,0.11956609705003966,0.7735910083805567
2024-09-16,739144.9131951628,0.39444535520823065,11.494908093685206,-0.7229986784448725,0.14528925330949466,-0.007352654872650081,-0.006122441818254462,0.004071515670901192,2024-01-19,2024-07-03,738903.0,739069.0,2.120336264442539,0.6780639478437076,0.11956609705003966,0.6543790458755512
2024-08-06,739103.9297806093,0.6312146668933726,10.048543803517477,-0.1573206985065502,0.024991090313591872,-0.001654395168031094,-0.0003031745753273155,-0.001626378968407958,2024-01-26,2024-07-03,738910.0,739069.0,2.7414081277736986,0.9488988112295437,0.11956609705003966,0.740810007623194
2024-07-07,739073.8828978977,0.8898063004458325,12.671322098995958,0.07442346836356545,0.0049456694060564755,0.0005293480885030482,0.00007242151394573423,-0.0005243705971158554,2024-02-02,2024-07-03,738917.0,739069.0,6.997478871530138,0.6560807257038616,0.11956609705003966,0.7091635032476917
2024-07-30,739096.189499581,0.021751573032535502,3.874566078530577,-8.546471307435773,8.022163136723071,0.09157344832101602,0.042068254655886254,0.08133854183355699,2024-02-09,2024-07-03,738924.0,739069.0,1.13820254714836,0.4918011261202917,0.11956609705003966,0.44682274244077813
2024-07-05,739071.6281310598,0.8378658820278106,2.1276820512441543,0.17954807375217377,0.0024301908497268597,-0.003377237386082748,-0.0008199792982605544,-0.0032761816665714924,2024-02-16,2024-07-03,738931.0,739069.0,1.3476997146846073,0.28336523636438465,0.11956609705003966,0.4991611706656953
2024-07-25,739091.134227821,0.32555329776304803,10.38999441717729,-0.3641608081108429,0.15682675820085618,-0.005705227366145809,-0.003175249337807286,-0.004739980057149337,2024-02-26,2024-07-03,738941.0,739069.0,3.165695706125831,0.8612990996514155,0.11956609705003966,0.8154462310303189
2024-07-08,739074.9513701017,0.945067317890794,12.9429288932147,0.09075625469736918,0.0034470566172708195,0.0004867445974571337,0.0004269646978871084,-0.00023371232297822328,2024-03-04,2024-07-03,738948.0,739069.0,6.303765423345611,0.5171034750816941,0.11956609705003966,0.6762936999222172
2024-08-17,739114.953758234,0.5952587832420445,2.3222901272437113,-0.5793867224228959,0.06765386195427689,-0.018732899952780064,-0.0012054801768212838,0.018694072808892112,2024-03-11,2024-07-03,738955.0,739069.0,0.46098820789076794,0.9257141787093929,0.11956609705003966,0.5077894779370602
2024-07-23,739089.900977325,0.23907867627409046,6.830711866994734,-0.13342160632550462,0.13430136963620357,0.0385802984909501,0.02596852411783811,0.028532002852797885,2024-03-18,2024-07-03,738962.0,739069.0,1.9693139150137047,0.12183995630595881,0.11956609705003966,0.41873649604230034
2024-08-09,739106.5019881852,0.8290546197149551,8.292324274372906,0.1273040534257246,0.002281711859978291,-0.0026837343603152938,-0.001955344317847868,0.0018382216175959294,2024-03-25,2024-07-03,738969.0,739069.0,1.714696538625629,0.08500180341462472,0.11956609705003966,0.31598955547559276
2024-07-29,739095.0125888854,0.7926130195230663,8.1373988581648,0.1590576962126337,0.001592026495351127,0.0034710249403993175,0.003083105964394751,0.0015945130131759968,2024-04-02,2024-07-03,738977.0,739069.0,1.9584750385835854,0.04467536970700464,0.11956609705003966,0.307229914042326
2024-07-12,739078.3506354704,0.11354472173077927,13.909845554919507,-0.09139380813000969,0.1944355339380264,0.04877469706769624,0.00851308342058183,-0.04802601883062716,2024-04-09,2024-07-03,738984.0,739069.0,5.1174096579928365,0.032540610660131836,0.11956609705003966,0.4728704020116545
2024-07-16,739082.0674183056,0.04105726201978179,11.221124440614567,-0.1737623897531388,0.3196311519414839,0.06830750079486836,0.0676083041359908,-0.009748429447675707,2024-04-16,2024-07-03,738991.0,739069.0,3.4672807561815038,0.017121204307439825,0.11956609705003966,0.4188879183303747
2024-07-06,739072.3259348684,0.8579961117678505,10.268732221555481,0.19602676615701084,-0.0003688162228966826,0.0033659365231654415,0.0029867280748317837,0.001552090230943642,2024-04-23,2024-07-03,738998.0,739069.0,5.077355319095797,0.00915530011349784,0.11956609705003966,0.30129007080658493
2024-07-07,739073.1720180927,0.1629419443071485,7.350887560933482,0.343546283601737,-0.09505697122896209,0.02737227836249624,0.00578844440185366,0.026753234087874868,2024-04-30,2024-07-03,739005.0,739069.0,3.26835684950619,0.07697791413537634,0.11956609705003966,0.20479729758553303
2024-07-10,739076.623768471,0.04237474699693045,2.0182938928896528,3.0529984357573534,-2.5479163689613666,0.11990743140265099,0.07618406261892388,0.0925947120977075,2024-05-07,2024-07-03,739012.0,739069.0,0.6865502915627958,0.4461303624789018,0.11956609705003966,0.033707087043310505
2024-07-10,739076.9258246835,0.31718006978291063,11.698366771733147,0.19780916753728794,-0.0025891315168775214,0.005065643693029927,0.0024890833950381823,-0.004411939468904699,2024-05-14,2024-07-03,739019.0,739069.0,3.7032941756256377,0.013857986345407629,0.11956609705003966,0.07922345591265889
2024-09-12,739140.412836687,0.3750871454020873,12.381952185841358,-0.6606165362796289,0.15203162906371007,0.005412768873676107,0.004811794730311639,0.002478850207895195,2024-01-12,2024-07-05,738896.0,739071.0,2.4806270774312815,0.8508588574038045,0.11427367929857427,0.7725150041258106
2024-09-23,739151.9533702853,0.4067059630912121,5.9204432516048175,-0.2711836286815818,0.07306051415724045,0.012493361817674707,0.012180687676829671,0.0027775775825099893,2024-01-22,2024-07-05,738906.0,739071.0,1.0471126785065867,0.4017257996285449,0.11427367929857427,0.5328320024522081
2024-07-29,739095.3231891755,0.9822718027117214,4.580915559427972,0.11908023366670506,0.0016438655282337029,-0.0011517475682473425,-0.0009072911925308032,-0.0007094682184000211,2024-01-29,2024-07-05,738913.0,739071.0,1.4686134481096422,0.3060471751649063,0.11427367929857427,0.42841557929287444
2024-09-16,739144.2891366745,0.9642321832823546,9.53542700830477,-0.09742459846342225,0.0031937809518773567,0.00060800013457072,0.00044394983782879193,-0.0004154187106159317,2024-02-05,2024-07-05,738920.0,739071.0,1.697483005255248,0.5311814838430627,0.11427367929857427,0.47588438169506575
2024-07-10,739076.5547217827,0.2588512534874064,9.92384546152525,-0.2935352035170329,0.2013526620397054,0.008464757612180842,0.007425885193354787,-0.0040630469512531655,2024-02-12,2024-07-05,738927.0,739071.0,5.2010820373436815,0.6204590575434358,0.11427367929857427,0.938117735624633
2024-08-19,739116.6085646409,0.4831247235431019,8.083119384058314,-0.20404336866545977,0.04948828162694396,-0.009686454672440914,-0.008855863229200648,0.0039244223252530176,2024-02-20,2024-07-05,738935.0,739071.0,1.7775881490836767,0.3053639699888293,0.11427367929857427,0.46591487865297365
2024-08-06,739103.907989782,0.8999103772353685,5.63680298998724,0.09227723629454607,0.0025661596578716705,-0.0016832457537122984,-0.0015676563780847035,0.0006130006098209305,2024-02-27,2024-07-05,738942.0,739071.0,1.429400777739123,0.24338989836338776,0.11427367929857427,0.37770968911452535
2024-08-25,739122.2556223162,0.49122859023875065,6.792140358595235,-0.17082745260929377,0.04195673612060885,-0.009714163000960528,-0.00970632138797822,0.0003902408519197212,2024-03-05,2024-07-05,738949.0,739071.0,1.3165994418940261,0.31237285961699657,0.11427367929857427,0.37281900953240205
2024-08-03,739100.96533637,0.2629549508925764,7.445078111379958,-0.19753861118410124,0.13830169939193013,-0.03376105842817862,-0.00501218230614956,-0.03338692999844119,2024-03-12,2024-07-05,738956.0,739071.0,1.8679727067186593,0.14468501595505845,0.11427367929857427,0.40855976053032955
2024-07-09,739075.6061258343,0.6841358668593079,3.5269853713259964,0.13153786537293585,0.007240045112586475,-0.006954883658273263,-0.0017196099997883526,-0.006738942658069169,2024-03-19,2024-07-05,738963.0,739071.0,1.7943192697264991,0.20192500578579267,0.11427367929857427,0.3656218401138745
2024-08-03,739100.5376414211,0.5665542470726951,14.631467723369836,-0.053021220785641206,0.024383598176277124,0.003452960258427627,0.002980120630993963,-0.001744080150395827,2024-03-26,2024-07-05,738970.0,739071.0,3.4603953725289807,0.27343859815258215,0.11427367929857427,0.6434379533669358
2024-08-01,739098.9909334101,0.20303307745950888,3.021744600582568,-2.441058835344284,1.1676641082017152,-0.11528131046056908,-0.04666932039572256,-0.10541230988507705,2024-04-03,2024-07-05,738978.0,739071.0,0.7039956923617178,0.680562584447037,0.11427367929857427,0.3869970696828134
2024-07-28,739094.872288401,0.8281086687458656,10.205550176516068,0.1557854629640681,0.0011580865082381619,-0.002971936170786408,-0.002915963384692443,-0.0005740750319963146,2024-04-10,2024-07-05,738985.0,739071.0,2.4796016559836582,0.031619313241413885,0.11427367929857427,0.2950151866085868
2024-07-27,739093.0720365387,0.21122395339244698,11.230768963310675,0.07913890791423671,0.04944094364619805,0.037045796203902345,0.007854382035312529,0.036203586828164214,2024-04-17,2024-07-05,738992.0,739071.0,2.7196177187965933,0.02510044908456847,0.11427367929857427,0.35604637673078837
2024-07-25,739091.3614574159,0.3823438819413266,5.566115704641906,0.04611201024309642,0.03527039015809721,-0.020115260062878677,-0.0014038560395370611,0.020066212288757854,2024-04-24,2024-07-05,738999.0,739071.0,1.339501201497773,0.12044437638863005,0.11427367929857427,0.30698611387388863
2024-08-04,739101.6332609882,0.6868251764059975,13.633025499488918,0.3195087032895868,-0.008899449321172134,0.002072212923824618,0.000803210734697271,0.0019102143642358157,2024-05-01,2024-07-05,739006.0,739071.0,2.4701330720245442,0.21636286105323552,0.11427367929857427,0.1350907295888177
2024-07-30,739096.062148467,0.7434022595448057,8.080962120195906,0.20288675484542554,-0.0009157025196648321,0.002404946564393128,0.002059409904345485,0.001242014019031198,2024-05-08,2024-07-05,739013.0,739071.0,1.541074185646372,0.03502755178240284,0.11427367929857427,0.07535277769161051
2024-07-22,739088.1008178829,0.46511332855445275,2.1338563204236256,0.3830639297022528,-0.05707026720077993,-0.031430669691809875,-0.007840718971830798,0.03043698610704463,2024-05-15,2024-07-05,739020.0,739071.0,0.4692996952710157,0.39577638993815617,0.11427367929857427,0.02385254522871788
2024-07-14,739080.1769040973,0.6829320559233628,11.883282630908555,0.014784725001141719,0.014582212558632032,-0.0015931502213320991,-0.00099528524221847,0.001243999563646482,2024-01-16,2024-07-08,738900.0,739074.0,6.37952883022782,0.5260266752840749,0.07421419579708029,0.7626815796944773
2024-09-02,739130.5156578366,0.26465146899302533,6.405247057890001,-0.7240651762961081,0.2793414694205098,-0.025694129652167684,-0.0078002310333707406,0.02448151740412433,2024-01-23,2024-07-08,738907.0,739074.0,1.4016747901082751,0.44920018392384164,0.07421419579708029,0.43714177572249296
2024-08-26,739123.6510931719,0.6938005494234546,11.231265967974464,-0.2071597963147845,0.018284637938516063,0.001271996348732251,0.0010060238995907218,-0.000778389763961767,2024-01-30,2024-07-08,738914.0,739074.0,2.5747749597077356,0.887986632262414,0.07421419579708029,0.6955212063922492
2024-08-02,739099.8405679129,0.10960475247632664,9.980893031498315,-1.9691426533925944,1.3876335928330956,-0.017835874858581825,-0.017437782061481142,-0.003747290854374361,2024-02-06,2024-07-08,738921.0,739074.0,3.073047568960403,0.8543589492352193,0.07421419579708029,0.8800366001830009
2024-07-19,739085.261009261,0.11569709820355081,7.422332558305932,-1.1730482598879068,0.8926201404950233,-0.03292860339385118,-0.027485726170216943,-0.018133609082733614,2024-02-13,2024-07-08,738928.0,739074.0,3.114571514540709,0.4225473943431458,0.07421419579708029,0.8390673966664064
2024-09-03,739131.5118672713,0.18526695749086766,2.360985537744717,-2.6945956554867085,1.2951142641993043,-0.10048644537473518,-0.06489547335096849,0.07672094396319284,2024-02-21,2024-07-08,738936.0,739074.0,0.45979420303745233,1.0113587719097048,0.07421419579708029,0.5768659226007203
2024-08-30,739127.1142504396,0.24938239844640991,7.149337881277806,-0.697308784756575,0.2922566789145441,0.030700025236328088,0.013545513566504946,-0.02755014721795171,2024-02-28,2024-07-08,738943.0,739074.0,1.4144771746239553,0.33206697604814667,0.07421419579708029,0.3696596943660124
2024-08-26,739123.9669007647,0.0324559223461296,3.2879265387819414,-17.3025402148278,15.17250072374596,0.1678316588810036,0.16220334777615264,0.04309918436534534,2024-03-06,2024-07-08,738950.0,739074.0,0.6528062031946963,0.8923908929932747,0.07421419579708029,0.5130576526421431
2024-07-26,739092.9090770772,0.450096893279354,4.760946161036509,-0.029613210637825665,0.03976295111473197,-0.01509689086293349,-0.0023706018423987007,-0.014909606320494874,2024-03-13,2024-07-08,738957.0,739074.0,1.4945005290508977,0.24900257528127434,0.07421419579708029,0.36749526403289196
2024-07-26,739092.988409214,0.1461064314511338,13.083659639243681,-0.7769754931133559,0.5511227444620522,-0.013807971695570794,-0.009911548898401653,-0.009613598742420926,2024-03-20,2024-07-08,738964.0,739074.0,3.9895214174930187,0.4457163260546207,0.07421419579708029,0.763762504313214
2024-07-20,739086.2203031313,0.8792837749606566,9.2299651926075,0.12069672534686372,0.002375610748445845,-0.0023850958537155404,-0.00011231257933545124,-0.0023824500238061874,2024-03-27,2024-07-08,738971.0,739074.0,3.296052509752198,0.09488519190430034,0.07421419579708029,0.39751190901307415
2024-08-09,739106.4568158364,0.26955509293622565,13.22580973975214,-0.10697813681933713,0.09684846792478514,0.027288383514248157,0.026830412617724137,-0.004978436861441563,2024-04-04,2024-07-08,738979.0,739074.0,2.8792960469673377,0.07233362256414809,0.07421419579708029,0.4008522736008537
2024-08-13,739110.4413090162,0.021753485480658034,9.815367424119245,-2.4466052899093103,2.4099665108632222,-0.07770015588268406,-0.07764277932234731,-0.002985472038837178,2024-04-11,2024-07-08,738986.0,739074.0,1.9185426426244094,0.0687402976564565,0.07421419579708029,0.38615267941451853
2024-08-09,739106.4060341608,0.5415029878895495,3.2100848154066175,-1.50859979599295,0.18555478627346553,0.0436718069438919,0.026037078474323325,-0.03506133577413293,2024-04-18,2024-07-08,738993.0,739074.0,0.6399697295379058,0.7167296150476048,0.07421419579708029,0.32166117347039075
2024-07-26,739092.4846628661,0.4784035912572092,4.1813845171804465,-0.09828677911565842,0.0460770868543675,-0.01645682809299487,-0.01140928944904633,0.011859818934126493,2024-04-25,2024-07-08,739000.0,739074.0,1.071503230979428,0.32034150051767213,0.07421419579708029,0.29558960401262746
2024-07-26,739092.2974579816,0.016384189351522863,12.931815500638244,3.2306548988280954,-2.8781537284934857,-0.01822480299658255,-0.01745703606684459,0.005234055409062033,2024-05-02,2024-07-08,739007.0,739074.0,3.1682991419947535,0.20008595430682272,0.07421419579708029,0.19418783311348764
2024-07-19,739085.7591310428,0.03651187433612214,9.830974680638988,-0.12593436874063513,0.26868108660095796,0.03093235613490054,0.030511419335723346,0.0050856608396516794,2024-05-09,2024-07-08,739014.0,739074.0,2.829955851580143,0.032259798078643216,0.07421419579708029,0.09691799351410398
2024-08-02,739099.7123825918,0.1365504900304584,6.669634363209131,-0.23741984101640534,0.2523866358003496,0.028596961316218687,0.020892353691243273,0.019526795788385287,2024-05-16,2024-07-08,739021.0,739074.0,1.1876416073609537,0.18069149192772316,0.07421419579708029,0.03411684349356351
2024-07-09,739075.0037227549,0.44705869542856325,4.667417270209434,-0.0007142798191745656,0.04330170521836091,-0.013794601179206152,-0.013124266971058007,-0.004247898087966755,2024-01-17,2024-07-09,738901.0,739075.0,7.987316261746586,0.3006656178388926,0.02322609182891933,0.5357097410090245
2024-07-17,739083.102058406,0.6417121954724624,14.454132385932986,-0.029443184593369885,0.01995628442336232,-0.0015324885053227954,-0.0004033407912927,0.0014784577183761028,2024-01-24,2024-07-09,738908.0,739075.0,7.069849501912541,0.5781369462319901,0.02322609182891933,0.7742480988567776
2024-08-01,739098.7636664462,0.8513863069690724,8.015833160616356,-0.030820010668611134,0.006669693918956824,0.0008592242059044495,0.00035727803734480584,0.0007814209109328824,2024-01-31,2024-07-09,738915.0,739075.0,2.609556704614368,0.8244748120387356,0.02322609182891933,0.6384172301103626
2024-08-28,739125.3817674258,0.6315244425510614,7.433171841068015,-0.1489018348132436,0.02050438749609758,0.004460697166879893,0.004290802837767391,0.0012193564786466733,2024-02-07,2024-07-09,738922.0,739075.0,1.650860182315855,0.3905350807159216,0.02322609182891933,0.42190813365323837
2024-09-04,739132.3820894093,0.2356526103419952,7.429624656701466,-0.8943189235927171,0.37351168326230166,0.03192526536821325,0.02543808510187855,0.01929057788611894,2024-02-14,2024-07-09,738929.0,739075.0,1.49623261234427,0.37108641528120545,0.02322609182891933,0.38474414729295053
2024-08-09,739106.2201533187,0.28570810026017784,10.830601971717266,-0.6320963177522669,0.2502507142889164,-0.009160711400584299,-0.003463366267208971,0.008480785781043765,2024-02-22,2024-07-09,738937.0,739075.0,2.9133627667352515,0.7206362129775137,0.02322609182891933,0.7815444090836519
2024-08-09,739106.700755215,0.45950717260005913,14.877350201700082,-0.2723418935000019,0.06786431188043157,0.003416675349126302,0.0022902728713192605,0.002535413302841643,2024-02-29,2024-07-09,738944.0,739075.0,3.872713996055593,0.6134857003630082,0.02322609182891933,0.7512254495058561
2024-08-15,739112.8839146196,0.19923998747749222,6.748626553559269,-0.6218583781466787,0.34953554347214694,-0.043138670535749504,-0.027386145257824342,0.033330825724984484,2024-03-07,2024-07-09,738951.0,739075.0,1.559939241332413,0.23921350660787907,0.02322609182891933,0.3521674474178243
2024-08-24,739121.6570342522,0.09276861777732172,3.971475540576272,-5.448709475790034,3.7558090725908415,-0.1152369037490913,-0.11434043590490392,-0.014346034391213893,2024-03-14,2024-07-09,738958.0,739075.0,0.7932282951499979,0.761309272565171,0.02322609182891933,0.452826438965711
2024-08-21,739118.5649961814,0.9822304606723402,2.1207429845431687,-0.9092614279638165,0.018145236033328453,0.00810419400497416,0.004224802365364244,0.00691585175114908,2024-03-21,2024-07-09,738965.0,739075.0,0.42523977216316283,1.0369985571047833,0.02322609182891933,0.4743384966558726
2024-08-24,739121.3236136377,0.6749950645260693,2.6236559636373213,-1.8156041913095018,0.10967071472925004,-0.031190481478509682,-0.029445133045857056,-0.010287384253202188,2024-03-28,2024-07-09,738972.0,739075.0,0.48874809968009053,0.9046119202736235,0.02322609182891933,0.41456479782888717
2024-08-21,739118.9756828517,0.22662982041748397,9.175130849554542,-0.18924167144674112,0.1435259299516858,0.035509372313322456,0.015185589214183818,0.03209849532772861,2024-04-05,2024-07-09,738980.0,739075.0,1.6802744667536504,0.09983714703837654,0.02322609182891933,0.33390602849395173
2024-07-29,739095.6067207705,0.8095744466532377,3.9309721391420456,-0.12010253074319914,0.013511137822501802,0.005948828832174016,0.0008598602554802067,0.00588635751679681,2024-04-12,2024-07-09,738987.0,739075.0,1.0398757059656465,0.467753749005722,0.02322609182891933,0.3333016844726181
2024-07-11,739077.6790285428,0.9960846031166903,8.870966416278208,0.16018449093499662,0.0006567869531994079,-0.0020154677394033675,-0.00031827069875072053,0.0019901793815866077,2024-04-19,2024-07-09,738994.0,739075.0,4.858958050644116,0.03659097300182628,0.02322609182891933,0.3057423220428072
2024-08-10,739107.3991070319,0.1218102682555198,9.652476388670244,-0.051520957622368455,0.1363846007111305,-0.030368117128923768,-0.020780511648832278,0.022144815952470212,2024-04-26,2024-07-09,739001.0,739075.0,1.8266904512173934,0.056675142717052596,0.02322609182891933,0.344644489966193
2024-07-22,739088.0363089197,0.6968615175420502,10.548990076913201,0.20062916666444736,-0.0022779069884433633,-0.003047118323949348,-0.0011026524369430334,-0.002840613962412259,2024-05-03,2024-07-09,739008.0,739075.0,3.0468136350337036,0.04938354546984265,0.02322609182891933,0.17649526361758155
2024-07-21,739087.7865306998,0.9997545185043704,13.230918732525854,0.1671617113141332,0.0002817182372766696,-0.0004634639273862122,-0.0001778070569194858,0.00042799937207650554,2024-05-10,2024-07-09,739015.0,739075.0,3.6622191223030245,0.04593062959514528,0.02322609182891933,0.12956126684270594
2024-07-26,739092.7054078715,0.7791828441723812,10.829668511078998,0.07240352687367108,0.006274653182228725,-0.001959844218288356,-0.0007328309221989665,-0.0018176765937391907,2024-05-17,2024-07-09,739022.0,739075.0,2.386579538668478,0.23035221492490177,0.02322609182891933,0.05827685399060392
2024-09-11,739139.5853896929,0.13274986255901514,8.78059542572154,-2.3018932498209477,1.3537984538810515,0.04268255963233694,0.0017000044216611495,0.042648691442227465,2024-01-18,2024-07-10,738902.0,739076.0,1.8420726270296393,0.47952766876846603,0.01622693814673085,0.4858115468180798
2024-08-16,739113.7576580443,0.1017346859133306,11.312930302389148,-2.5481513332665675,1.7737263435620878,0.017258280666533895,0.0032871756375708523,-0.016942335373041646,2024-01-25,2024-07-10,738909.0,739076.0,3.044010012767126,0.9242363088058999,0.01622693814673085,0.8482143109830058
2024-09-24,739152.6945644965,0.5606768743520306,13.406781578048479,-0.48863267342178773,0.047749739660394815,0.0025015101199729415,0.0024972501894010134,-0.0001459259122419391,2024-02-01,2024-07-10,738916.0,739076.0,2.404613879031747,0.7982829499348534,0.01622693814673085,0.6776349131936507
2024-08-01,739098.6412093501,0.8436749713387852,4.914861842967806,0.06682785069973811,0.004184503312677076,0.0020743572440789764,0.001558754456893804,-0.0013686645020517733,2024-02-08,2024-07-10,738923.0,739076.0,1.602521283579041,0.34627745326721576,0.01622693814673085,0.4309361292262161
2024-07-22,739088.2327269353,0.0004456525177025662,4.87299657965338,-282.6691297976265,282.39973398455777,0.10851817060048465,0.01390839734424773,-0.10762318446222638,2024-02-15,2024-07-10,738930.0,739076.0,1.9854002027280564,0.2379918458167167,0.01622693814673085,0.48668963538589116
2024-07-31,739097.5972350707,0.5949837500919065,6.069651725325413,-0.0015812758495598734,0.01786343960006465,-0.007420445277075544,-0.0019113944392279785,-0.007170047378348422,2024-02-23,2024-07-10,738938.0,739076.0,1.932115217381344,0.23598068189420815,0.01622693814673085,0.39406874633973377
2024-08-13,739110.8262927217,0.48677489263414786,7.097353413318422,-0.09133231009192337,0.03636114430352746,-0.011781349343724669,-0.009780565529927685,-0.00656816034165367,2024-03-01,2024-07-10,738945.0,739076.0,1.7627848452489783,0.21167728004342348,0.01622693814673085,0.34844248674337347
2024-08-02,739099.6744279088,0.5969310770441397,5.527579378829914,0.013912234028612708,0.016102413108184208,-0.007356620314862242,-0.0033690601820412875,0.006539823846773533,2024-03-08,2024-07-10,738952.0,739076.0,1.6104677522836846,0.23637515337955492,0.01622693814673085,0.36101316141335005
2024-07-24,739090.1672991394,0.9317095724152875,8.853368353960168,0.06985518633663819,0.002965939446141638,-0.0014859765474944735,-0.0012234804491166333,-0.0008433397241521097,2024-03-15,2024-07-10,738959.0,739076.0,3.135909476690063,0.2100498367896395,0.01622693814673085,0.48830080751414134
2024-07-22,739088.0094788029,0.5994172776982808,7.796324608281633,0.05642543916729857,0.013023743139049384,0.008103361272491958,0.0012839326154386959,-0.008000998747127463,2024-03-22,2024-07-10,738966.0,739076.0,2.8767285330680794,0.12356912305022859,0.01622693814673085,0.3911832953724556
2024-08-19,739116.3423281925,0.8219964903946158,11.014831857688202,0.049938766146917,0.003753280808553645,-0.0021378128334823996,-0.002114396729928803,-0.0003155474282392911,2024-04-01,2024-07-10,738976.0,739076.0,2.1855169465785766,0.13101875540408237,0.01622693814673085,0.4041199937322346
2024-08-18,739115.8097751118,0.4637150082560567,4.901777392881111,-0.6755652705798086,0.11869321494779574,0.021248198309087495,0.01636549126260802,0.013551997163363383,2024-04-08,2024-07-10,738983.0,739076.0,0.9399193814984333,0.5284468945459293,0.01622693814673085,0.35884097222910344
2024-08-15,739112.541234848,0.8294906203975994,12.242095576749984,0.07869779174950978,0.0028823494678523257,-0.002324610882664844,-0.0014590953412866264,0.0018096564703941704,2024-04-15,2024-07-10,738990.0,739076.0,2.357564087142471,0.08401408124246239,0.01622693814673085,0.35424789040814303
2024-07-26,739092.4046807594,0.1810899882482684,9.044491925274235,-0.14632460588576668,0.1627927205444957,-0.041703153305877184,-0.018502428955135698,-0.037373963108207446,2024-04-22,2024-07-10,738997.0,739076.0,2.5342845049178377,0.07815852442499063,0.01622693814673085,0.36854763077401465
2024-07-10,739076.8579770505,0.9302373973116771,3.243162563283481,0.0869751733072992,0.004558767536114996,-0.004005849473416683,-0.0030164618101584766,-0.0026358657309370217,2024-04-29,2024-07-10,739004.0,739076.0,2.2926464638275434,0.32642085484330646,0.01622693814673085,0.22815305243572634
2024-08-10,739107.135139536,0.5804075960930714,9.74703506792805,0.1405454914850119,0.0021776984698308787,-0.0041464131942107645,-0.004133509901560388,-0.000326861240937723,2024-05-06,2024-07-10,739011.0,739076.0,1.7489506735697393,0.03127416529507544,0.01622693814673085,0.18794657313495153
2024-07-22,739088.972859167,0.18223291058172422,8.483687564737968,-0.13638295680723747,0.161464888766187,0.023260962946928285,0.012015150022582695,0.019917544204876306,2024-05-13,2024-07-10,739018.0,739076.0,2.2946167176469316,0.14910511906577475,0.01622693814673085,0.10017184428724768
2024-08-01,739098.9092916099,0.8590010486193422,9.527167357983084,0.03436020687851665,0.005412299996997611,0.0011107990701102375,0.001093539697704842,-0.00019505256650803436,2024-05-20,2024-07-10,739025.0,739076.0,1.7760311452614927,0.4393152236549912,0.01622693814673085,0.07482338316886863
2024-09-11,739139.1340235408,0.7193738203181513,3.650171506661738,0.06810299623548755,0.005905417701083773,0.003002297180355627,0.0023882976999212505,0.0018192917456313076,2024-01-19,2024-07-11,738903.0,739077.0,0.7756201636037112,0.3876486726433807,0.03879734069934975,0.7132094224585365
2024-08-09,739106.7316283218,0.11220116122564575,11.11312024559102,-2.022703202691571,1.3899183157872945,-0.015349895851657669,-0.015143023831795692,0.0025115994677505863,2024-01-26,2024-07-11,738910.0,739077.0,3.3422021468825496,0.9142083485205543,0.03879734069934975,0.8657605064744589
2024-09-04,739132.5493327875,0.6787358577488126,11.72740768834621,-0.27423778309239183,0.021187060830841493,-0.001381012367381736,-0.0010476618580564712,0.0008997776336600999,2024-02-02,2024-07-11,738917.0,739077.0,2.5307874793160576,0.8879160701298026,0.03879734069934975,0.6840085472821292
2024-08-10,739107.1872837653,0.0667612060711822,13.883493863882263,-3.4491512543171683,2.758917289154046,-0.02591310186424337,-0.022773450177818136,0.012363608503389623,2024-02-09,2024-07-11,738924.0,739077.0,3.984151939673704,0.511970196112729,0.03879734069934975,0.8370443780175651
2024-08-26,739123.1068266656,0.44982871651074074,2.631089040257623,-0.7571639208187998,0.13499755639990837,-0.018519677957684933,-0.017792899944616306,-0.005137234977809965,2024-02-16,2024-07-11,738931.0,739077.0,0.597595361204142,1.2462469494151038,0.03879734069934975,0.619583514654475
2024-08-24,739121.5983093005,0.4400350808871526,4.5432350777786255,-0.43973326718967437,0.09202940844753293,0.010510467154467448,0.008048603004046608,-0.006759431151242755,2024-02-26,2024-07-11,738941.0,739077.0,1.011282392048006,0.8480602417499702,0.03879734069934975,0.5283466612256393
2024-08-12,739109.1738700826,0.547707753964887,11.982140591352797,-0.21116761777380041,0.03950402757423742,0.003202201597026272,0.0006985294880830582,0.0031250842584282464,2024-03-04,2024-07-11,738948.0,739077.0,3.072831804184193,0.5639066085850905,0.03879734069934975,0.693651396639252
2024-08-05,739102.1787058482,0.1989145893777005,10.739837167676527,-0.7074604022478773,0.3997452803824853,0.025074480830419413,0.01002140073158038,0.02298480185453315,2024-03-11,2024-07-11,738955.0,739077.0,3.0180204448176635,0.2952706880051695,0.03879734069934975,0.6765836794994244
2024-07-21,739087.4293528489,0.3827298625949479,11.99500435250199,-0.16328014862497264,0.0831019706038047,-0.004513627113368155,-0.00011782230673164004,-0.004512089053040585,2024-03-18,2024-07-11,738962.0,739077.0,4.748068890081383,0.587459030646701,0.03879734069934975,0.7639275604210982
2024-08-08,739105.1517858285,0.8146151845806431,8.063789727172455,0.06223048772760083,0.004084778747524642,0.0025953364904322805,0.0009437833812129865,0.0024176526689984926,2024-03-25,2024-07-11,738969.0,739077.0,2.022830540989519,0.15899672233903722,0.03879734069934975,0.38551661785773883
2024-07-16,739082.9910835271,0.9711468637200635,10.339538048612646,0.11576959591863557,0.0016509228696099713,-0.0015978341592380414,-0.001445033119427545,0.0006818748302917751,2024-04-02,2024-07-11,738977.0,739077.0,4.727912088382177,0.09704627237992401,0.03879734069934975,0.42587762115364064
2024-07-21,739087.5627205934,0.21425361161319595,12.659587112325555,-0.15207976253522645,0.14882667122207585,0.02937223367366561,0.01859987037543246,0.022732640255753972,2024-04-09,2024-07-11,738984.0,739077.0,4.599561102840502,0.08575360833926406,0.03879734069934975,0.4914551947240494
2024-08-09,739106.4378448275,0.3475152442561709,6.5112680821143245,-0.22033742544086654,0.09893637026240686,0.025479452393722155,0.02024272686388016,0.015473671296699376,2024-04-16,2024-07-11,738991.0,739077.0,1.41605402126709,0.20724027839480072,0.03879734069934975,0.32775265977624307
2024-08-15,739112.2649024297,0.6995839496519106,2.245628281510233,-2.6931341560453905,0.1648536863359582,0.05681891276788437,0.01102460415229316,0.05573909715280375,2024-04-23,2024-07-11,738998.0,739077.0,0.42017395070468044,0.9038736202261634,0.03879734069934975,0.3224887194332037
2024-07-26,739092.7431969206,0.8843603328282017,14.08959694379627,0.16677842328348333,-0.0002459401396866616,-0.0008382803130204371,-0.00009932540388027886,0.0008323751241727859,2024-04-30,2024-07-11,739005.0,739077.0,3.8525064783467693,0.018414962269487713,0.03879734069934975,0.3200750880244241
2024-07-14,739080.0848968996,0.3962358595973593,12.760238813584541,0.11067703991494018,0.012996361815720291,0.0060194309966017006,0.005718769505062576,-0.0018786231316620379,2024-05-07,2024-07-11,739012.0,739077.0,6.283947289130056,0.0670442177015308,0.03879734069934975,0.21290143707947895
2024-07-25,739091.3784168626,0.556416060027496,4.993712853453496,-0.01300161029600802,0.024716285472492754,0.008833593810250144,0.006363997102889,-0.006126330098754888,2024-05-14,2024-07-11,739019.0,739077.0,1.2844978949445036,0.31176105882599564,0.03879734069934975,0.06128470942713956
2024-07-24,739090.6737936436,0.5092976943398376,5.574537812669326,-0.09511875691193236,0.04490525729078365,0.007882209907256521,0.0051959849430960395,0.005927138727343247,2024-05-21,2024-07-11,739026.0,739077.0,1.3786215470608942,0.5204895773503372,0.03879734069934975,0.04526689881790075
2024-09-02,739130.6135708546,0.7121652930988501,8.871202835638783,-0.18604392195426608,0.015070506880946643,0.002069009962871706,0.00045992881321227174,0.0020172426014834046,2024-01-22,2024-07-12,738906.0,739078.0,2.0492359518212915,0.5847410364612496,0.08136887684011922,0.5218591952434279
2024-08-12,739109.0932862613,0.34940027757855013,4.712078428626091,-0.32034719901766545,0.11851368896156401,0.017091141686391517,0.00974823898000292,-0.014038481432585988,2024-01-29,2024-07-12,738913.0,739078.0,1.381107909636921,0.5141717094801824,0.08136887684011922,0.48891775781147784
2024-09-28,739156.9120031071,0.14643915212860595,6.000034644485116,-2.3581115134689323,1.2722903234715517,0.03153130547728757,0.00517173140246357,0.031104282975223812,2024-02-05,2024-07-12,738920.0,739078.0,1.0498131674160933,0.9847992739787952,0.08136887684011922,0.5800838208649495
2024-09-03,739131.6824989589,0.9713185429417757,10.09237148815448,-0.0858383048899298,0.003326151531470364,0.00052312614119869,0.00030301770739847377,0.00042642845661189696,2024-02-12,2024-07-12,738927.0,739078.0,2.149762632419732,0.6119332613321901,0.08136887684011922,0.5524706483567893
2024-08-16,739113.4476374765,0.5734138744716039,7.161199945863985,-0.09705257421613384,0.024954331730704788,-0.007077821305222094,-0.00232668465607159,-0.006684466541157705,2024-02-20,2024-07-12,738935.0,739078.0,1.8420923840433436,0.28231161578288444,0.08136887684011922,0.3995903694054376
2024-09-10,739138.2939558848,0.7504345873270881,7.325104347448309,-0.11398006048272365,0.009639529138876687,0.0021979785042086667,0.0020175113004410527,0.0008722142268709104,2024-02-27,2024-07-12,738942.0,739078.0,1.3761200472271253,0.4492948146165361,0.08136887684011922,0.4364352505662812
2024-09-09,739137.438258593,0.2603192611415717,2.128931294458768,-5.2787595625509445,1.6849329188505302,-0.1990301132358045,-0.03909454281992119,0.19515276758570074,2024-03-05,2024-07-12,738949.0,739078.0,0.390952931070139,1.0351623840894104,0.08136887684011922,0.5797915265318383
2024-09-09,739137.2393412585,0.6548902550084198,8.863230896636463,-0.10713083477982496,0.014811877028324852,0.004435389317720983,0.0007344366301494654,0.00437416063217254,2024-03-12,2024-07-12,738956.0,739078.0,1.577409130003713,0.24674866765979445,0.08136887684011922,0.3395756796007365
2024-07-23,739089.4645870501,0.5430156199531003,6.5280494405680045,0.02056465199608549,0.020544199547489202,0.00986332104956119,0.008479555812693286,-0.005038078537114755,2024-03-19,2024-07-12,738963.0,739078.0,2.49425789428574,0.17325865656922998,0.08136887684011922,0.40277491632046664
2024-07-20,739086.7952666495,0.1837824864937159,5.043680986557538,-0.36763942430236035,0.2809811085281905,0.04465211719807229,0.024419924522019222,-0.03738286849091797,2024-03-26,2024-07-12,738970.0,739078.0,2.0760190504705807,0.22929341314380294,0.08136887684011922,0.429281737476054
2024-08-15,739112.4725066137,0.5303208390400679,2.9237186627872296,-1.2714888187769116,0.15885305102536712,-0.03584262361981623,-0.010108147896334177,-0.03438777419458322,2024-04-03,2024-07-12,738978.0,739078.0,0.6333983220717744,0.8038941752993796,0.08136887684011922,0.4112448907561627
2024-08-19,739116.1775751197,0.25751665479105706,12.072117801589517,-0.29443130351189073,0.1557575650480777,-0.024901220801593002,-0.009083614571021012,0.023185313104092924,2024-04-10,2024-07-12,738985.0,739078.0,2.3715135188776326,0.1334290418653651,0.08136887684011922,0.4318440240787589
2024-08-20,739117.2879836246,0.37545962865404847,6.7481217778256415,-0.3727279099783243,0.11289113150864911,-0.02223923534510943,-0.018949444650071853,0.011640538483636732,2024-04-17,2024-07-12,738992.0,739078.0,1.2455102150858135,0.2824361677902308,0.08136887684011922,0.33362106900681643
2024-07-31,739097.0762804492,0.5360287627584687,9.902968901205528,0.05231156488550035,0.014677498916351223,-0.0097360129203962,-0.006845427446768956,0.006923154675228918,2024-04-24,2024-07-12,738999.0,739078.0,2.580558850716133,0.08160064551544384,0.08136887684011922,0.33577909445694193
2024-07-19,739085.1353779469,0.6558675933565933,13.420593276873058,0.1611509410338603,-0.0008129255730513047,-0.002603302764498176,-0.0011514333041675374,-0.0023348204705496466,2024-05-01,2024-07-12,739006.0,739078.0,5.139307255344218,0.015260563283414307,0.08136887684011922,0.26173622921336226
2024-07-21,739087.389852287,0.16893571137651445,11.800198929136128,-0.07469251905806049,0.12973594154434742,-0.014470284038051135,-0.008248244935120583,0.01188930509458543,2024-05-08,2024-07-12,739013.0,739078.0,3.8870019342632074,0.12835576758750283,0.08136887684011922,0.182580470424553
2024-07-14,739080.1377572599,0.8433239961663304,12.191299458358332,0.10888940702981087,0.0037931088541878918,-0.0013151720455593953,-0.00017070178400909372,0.0013040469356418868,2024-05-15,2024-07-12,739020.0,739078.0,6.474568048342244,0.1995065671606081,0.08136887684011922,0.12710352248794052
2024-07-15,739081.3094942851,0.5940971757275978,6.537278645827782,0.023146113827625197,0.02276894422593058,-0.004001605944853802,-0.0036361126553655933,-0.0016707887045881832,2024-05-22,2024-07-12,739027.0,739078.0,2.911051480819132,0.5170934834239145,0.08136887684011922,0.05560130937019259
2024-07-28,739094.7105041451,0.8632421903849481,4.036931697573506,0.0871418115106838,0.003409304785241722,0.0019007651490967725,0.0007146737428811226,0.0017612920238441897,2024-01-23,2024-07-15,738907.0,739081.0,1.6812483862074203,0.38354702999155815,0.02322609182891933,0.5165405123202401
2024-09-18,739146.2667554934,0.5490247036411823,7.096206485412293,-0.312811563955229,0.038634297026335564,0.005184354837881579,0.0050722417118708295,-0.001072333484240703,2024-01-30,2024-07-15,738914.0,739081.0,1.4336599110247115,0.5765592415751853,0.02322609182891933,0.4933413691893338
2024-07-16,739082.7678553218,0.778679778323077,9.765798489065435,0.009732553673285326,0.009633916508145584,0.0006172251291203631,0.0005964220325721882,0.0001588949938799475,2024-02-06,2024-07-15,738921.0,739081.0,7.019720592503834,1.244544462842512,0.02322609182891933,0.7483294725877184
2024-09-19,739147.2838654162,0.6398930162617568,3.1316498733526545,-0.4142156976871791,0.0318643237174185,0.0038306196962089763,0.0038011133044959884,-0.0004745365142618,2024-02-13,2024-07-15,738928.0,739081.0,0.5963170177213292,1.6996904632433525,0.02322609182891933,0.6619854171035732
2024-07-17,739083.4882281085,0.8153612769914156,10.33990613591546,0.013143417687811947,0.008040440003533086,-0.0006331304490831355,-0.0005552399494543524,0.0003042412925395582,2024-02-21,2024-07-15,738936.0,739081.0,6.717823875898166,1.0014288551272992,0.02322609182891933,0.7335002043912087
2024-07-26,739092.6180927955,0.1858559409338907,5.357380368762021,-0.47340913829540004,0.32443254783274145,0.04728464502243915,0.030413897351931188,0.036205420903012195,2024-02-28,2024-07-15,738943.0,739081.0,2.178975285434078,0.23802811107172728,0.02322609182891933,0.4101471591569965
2024-09-05,739133.9790352384,0.5666838840923684,12.38330969210797,-0.2955126827450282,0.03661713510602107,0.004103240641855599,0.003701369921453583,-0.0017710009795407367,2024-03-06,2024-07-15,738950.0,739081.0,2.453580108242642,0.40837721441618674,0.02322609182891933,0.5970846963690272
2024-07-30,739096.1764944218,0.46799146690331594,8.514033904845665,-0.08494665147366821,0.042199101579282215,-0.01177407120145827,-0.011248409964232839,0.003478796621470766,2024-03-13,2024-07-15,738957.0,739081.0,3.002785395486171,0.19700584262339502,0.02322609182891933,0.49039385757017456
2024-09-10,739138.859772632,0.5034616748286266,9.390940441572532,-0.19450520215292566,0.03819542935776642,-0.009399037882864477,-0.005806358019601567,-0.007391083795474794,2024-03-20,2024-07-15,738964.0,739081.0,1.6529869183202213,0.2178639263829627,0.02322609182891933,0.33071657262442883
2024-08-11,739108.6116038389,0.04300825770675965,12.18506058880217,-3.1123169019148,2.7572911295006377,-0.06405496591498373,-0.015311806422254817,0.062197968153767894,2024-03-27,2024-07-15,738971.0,739081.0,3.1149222675766963,0.15193365149343938,0.02322609182891933,0.5253655820557361
2024-08-19,739116.2763853163,0.4776345832584522,3.5043216670247714,-1.088371740070246,0.1673508691366664,0.030784463038337206,0.021004616855694307,0.022505315712165252,2024-04-04,2024-07-15,738979.0,739081.0,0.757833940611699,0.7409487846886917,0.02322609182891933,0.41421943824591523
2024-08-29,739126.5528419329,0.23562364168220135,6.719308778906844,-0.9859861581762859,0.4148112962513607,-0.03920435901310267,-0.03917104345028809,-0.0016158962354952267,2024-04-11,2024-07-15,738986.0,739081.0,1.2049168392303866,0.37103124357239803,0.02322609182891933,0.36474921572760205
2024-07-15,739081.8432947847,0.34814610568552046,9.170863943589879,0.019354338648055726,0.044562173937626605,-0.022657788504984542,-0.021261403533818543,-0.007831225939068412,2024-04-18,2024-07-15,738993.0,739081.0,6.797759381215306,0.07466208984801706,0.02322609182891933,0.38405040880395713
2024-07-23,739089.4525776436,0.5205529673249368,5.5465461865672285,-0.008041237985666956,0.026236929105687826,0.011650646057641907,0.0007174467644336496,0.011628534890546228,2024-04-25,2024-07-15,739000.0,739081.0,2.0826407897026438,0.21135147629919776,0.02322609182891933,0.34238356796658986
2024-08-17,739114.4804955807,0.11194763824530399,10.016661420465882,-0.1903861330017983,0.2128585103412764,0.023558295831544496,0.01235071935468229,-0.020061232113418235,2024-05-02,2024-07-15,739007.0,739081.0,1.8593907204983788,0.10098086555951569,0.02322609182891933,0.2649658054648747
2024-07-24,739090.1890728512,0.9578198437751793,11.031540826365783,0.10360601467631694,0.0017920751167695603,0.0011676905192418575,0.0011061050166910355,-0.0003742096214399665,2024-05-09,2024-07-15,739014.0,739081.0,3.713713218094309,0.1332527281481096,0.02322609182891933,0.15574279000552294
2024-08-04,739101.2481427046,0.24768804559784435,5.733523449237728,-0.3444677760783831,0.1996240136699989,-0.02405532618235274,-0.024053261277626595,-0.0003151819309768927,2024-05-16,2024-07-15,739021.0,739081.0,1.2565933599297576,0.3584965548372211,0.02322609182891933,0.04035600485483435
2024-07-31,739097.1125815773,0.11029096082644577,4.251275129321077,-0.6907188288180197,0.5661045215154746,-0.04181059083513742,-0.040606899566453414,-0.009960181403129294,2024-05-23,2024-07-15,739028.0,739081.0,0.9852385363254518,0.3512618845793014,0.02322609182891933,0.023532586299988452
2024-09-09,739137.4266922349,0.012598979682824977,8.910004630722142,-24.478618144648376,23.300863074735854,-0.0713524322979082,-0.034688071510348445,0.0623530856471476,2024-01-24,2024-07-16,738908.0,739082.0,2.0144018302794895,0.4617646379526311,0.09984264318329862,0.5672757353553903
2024-09-13,739141.8388057337,0.9182947672125794,4.7581170032490965,-0.04128940930134261,0.003429259875865117,0.0005869043814827764,0.0005695587284119636,0.00014163194517278712,2024-01-31,2024-07-16,738915.0,739082.0,1.0091373055365491,1.1276648375530778,0.09984264318329862,0.6657005985167641
2024-07-25,739091.3671906524,0.9783515168717576,12.060967957626787,0.03217421751718082,0.003209292250821989,0.00017590146785233606,0.00004188932870470041,-0.0001708408924504786,2024-02-07,2024-07-16,738922.0,739082.0,5.55685723325546,1.4799688103393525,0.09984264318329862,0.7149585398022089
2024-08-25,739122.1917925185,0.8943058346118027,2.946960599869097,-0.0877871114926695,0.005734316486518434,-0.0009617238750753701,-0.00028949943786523797,-0.0009171166160122156,2024-02-14,2024-07-16,738929.0,739082.0,0.7363763303018448,1.8094350379028772,0.09984264318329862,0.6517487029675527
2024-07-18,739084.5734146792,0.7568814971123277,13.50805954937101,0.014137302893675832,0.010025938023418494,-0.0010381284910723015,-0.0008083942312096697,-0.0006513136962501102,2024-02-22,2024-07-16,738937.0,739082.0,8.705039631089235,0.5411389907862009,0.09984264318329862,0.7297945024431589
2024-09-16,739144.2946531792,0.034829700562951656,10.944995519941582,-7.510481572218384,6.561293316077651,0.07825422051567986,0.07472290140001218,-0.02324244038135213,2024-02-29,2024-07-16,738944.0,739082.0,2.0344478675239532,0.2668184369510386,0.09984264318329862,0.4786986403210126
2024-08-20,739117.3586165865,0.6239237031388128,8.967004810923925,-0.09556762741830102,0.018755239791092934,0.005319989672103921,0.004919069508182231,0.0020260911344172567,2024-03-07,2024-07-16,738951.0,739082.0,2.2100791272795943,0.24529907704024748,0.09984264318329862,0.4265725725124157
2024-08-24,739121.3658492471,0.8691233228581718,10.266163703380528,-0.024935629938076416,0.004494268450326773,0.0015196667354336645,0.0012903436697318479,0.0008027454146655457,2024-03-14,2024-07-16,738958.0,739082.0,2.3252076797077077,0.25037091241114806,0.09984264318329862,0.45807704658766113
2024-08-30,739127.04788487,0.4053455892584791,7.394444293935405,-0.3051859723626353,0.08209590361603863,0.015155210970611982,0.015140150362244349,0.0006754750716274084,2024-03-21,2024-07-16,738965.0,739082.0,1.5065789984914475,0.2969473207313183,0.09984264318329862,0.3647629114062869
2024-08-05,739102.9715162399,0.3847510872267609,11.99481126871003,-0.15315220605941607,0.06874797974505956,0.015371140756424309,0.015197853880403985,0.002301565898187149,2024-03-28,2024-07-16,738972.0,739082.0,3.496995672867941,0.14346312200025552,0.09984264318329862,0.4885211837788279
2024-08-28,739125.1888175539,0.7665464341771759,5.835025656672265,-0.22292329780851114,0.014109434915897341,0.003810459407502734,0.00248841709523531,-0.0028857202318254534,2024-04-05,2024-07-16,738980.0,739082.0,1.1259730211798993,0.48643854282503346,0.09984264318329862,0.38636882903351183
2024-08-13,739110.3402112802,0.6954041768681395,8.241257365568192,-0.0011997803011052595,0.009636861379602717,-0.004547242261806359,-0.003429884584478891,0.0029855156882374408,2024-04-12,2024-07-16,738987.0,739082.0,1.9289781322808937,0.1788262779723519,0.09984264318329862,0.3649777230595104
2024-07-21,739087.9366256272,0.7160926448068837,8.301237305165355,0.06441748205600122,0.007329394175671991,0.005726025465384411,0.0047456796248958825,0.0032040431532797484,2024-04-19,2024-07-16,738994.0,739082.0,3.6484195867036373,0.11041833331476274,0.09984264318329862,0.3403382730972989
2024-07-16,739082.124965863,0.8555876706890033,8.185992139016243,0.10818848185581463,0.002780705272899779,0.0032430334895011126,0.0028639601497115774,-0.0015215119042879032,2024-04-26,2024-07-16,739001.0,739082.0,8.436815269567662,0.08961830410788466,0.09984264318329862,0.309662726441841
2024-08-11,739108.578860662,0.3414862700870323,10.218138195227828,0.05979411509717154,0.023342436123174114,0.012659054331980375,0.010752601318530177,-0.006680809940776209,2024-05-03,2024-07-16,739008.0,739082.0,2.1642785386174714,0.06162350412511927,0.09984264318329862,0.22752766383965697
2024-08-14,739111.3952016869,0.8798964863459677,8.967140217427811,0.014751997082828627,0.004141062130166108,0.0015101124486967454,0.0011561732422287188,-0.0009714437923334595,2024-05-10,2024-07-16,739015.0,739082.0,1.6949364265466575,0.269079171253594,0.09984264318329862,0.12443189545250885
2024-07-30,739096.3323791841,0.44586708296065314,11.576663150657465,-0.09898557796114892,0.0514192095330321,-0.006551132083614284,-0.0009313227535759292,0.0064845947834565685,2024-05-17,2024-07-16,739022.0,739082.0,3.0327740708041095,0.30229506294878017,0.09984264318329862,0.0776847243317976
2024-08-09,739106.4553170789,0.19400597341564946,9.115279950598843,-0.890102431914162,0.5011678238891165,-0.016333743730949927,-0.007939169700058039,-0.014274479631216908,2024-05-24,2024-07-16,739029.0,739082.0,1.6724929150182528,0.6530441355305641,0.09984264318329862,0.05026960484444414
2024-07-31,739097.5195835886,0.30326715271432875,12.313925906968864,-0.4187769253838424,0.183471713203003,0.007175222540383551,0.006749115541730922,0.0024358279718392035,2024-01-25,2024-07-17,738909.0,739083.0,5.024403097325081,0.6297418834116756,0.08874495180651024,0.8577256263796275
2024-08-24,739121.9006926331,0.8941424320137838,9.223444859444193,-0.0932553931519977,0.00535313940932503,-0.0006999014375294963,-0.00046055933340604657,0.0005270171939020904,2024-02-01,2024-07-17,738916.0,739083.0,2.4461767433312676,0.7414557157583218,0.08874495180651024,0.593066593115664
2024-08-07,739104.2553108089,0.7077874259386047,11.964995753142839,-0.10602275140144717,0.015555224689842486,0.0010766961600687072,0.0010571601483517579,0.000204174047918899,2024-02-08,2024-07-17,738923.0,739083.0,4.081460575759474,0.8546207215626761,0.08874495180651024,0.733113949620002
2024-09-29,739157.6238444493,0.843253769524916,11.301085813221551,-0.17488604968237603,0.006513901671510567,-0.0011504075931220315,-0.0010273378677784957,0.0005177012031482634,2024-02-15,2024-07-17,738930.0,739083.0,2.0058869432705917,0.42250084078072475,0.08874495180651024,0.47025943336860676
2024-09-05,739133.0115484314,0.13343097808475782,12.566500502932291,-2.168222140676302,1.2924316500192847,0.020185922932798906,0.019070217420480477,0.006618027816842394,2024-02-23,2024-07-17,738938.0,739083.0,2.721637795411156,0.6798315106151058,0.08874495180651024,0.7623148727220813
2024-09-21,739149.7504790365,0.37626617596088263,14.130929250696123,-0.7173826611184704,0.15481755255562984,-0.008072153904426988,-0.00788941980672966,-0.0017078418457039844,2024-03-01,2024-07-17,738945.0,739083.0,2.5207561092040813,0.5106874926826662,0.08874495180651024,0.6508268335512764
2024-09-04,739132.1689256968,0.9657649897040452,3.730503139359648,-0.24276679362770615,0.005720263444674027,-0.0013631570767035004,-0.0010896156159489181,0.0008191062356294771,2024-03-08,2024-07-17,738952.0,739083.0,0.7710348254411606,1.0863610240544102,0.08874495180651024,0.5627587891449994
2024-08-03,739100.1780001968,0.49036612465101237,10.846056936341704,-0.12874546014566307,0.04312282152606862,0.0078107393985988845,0.0022307680525195093,0.007485407393634842,2024-03-15,2024-07-17,738959.0,739083.0,3.63606139989942,0.24961093194237616,0.08874495180651024,0.6068986754388906
2024-08-02,739099.7213623123,0.5350687020289401,5.799526850784249,-0.036607370773912046,0.025985613819026816,-0.009911187607591933,-0.009804093583726787,-0.001453061868748594,2024-03-22,2024-07-17,738966.0,739083.0,1.9190312664570683,0.24189353870216773,0.08874495180651024,0.3594409479214038
2024-08-02,739099.4869107943,0.8255970157456389,4.709723979251532,-0.00232594043613984,0.007197211949203703,0.0033157192959695266,0.0009359799987379857,-0.003180870304119156,2024-04-01,2024-07-17,738976.0,739083.0,1.5093222368524475,0.3805039720787539,0.08874495180651024,0.37160135031141267
2024-08-27,739124.6069938603,0.09270266287173358,6.5795492322078735,-2.174549254798747,1.5758196284367314,-0.06114946062284904,-0.04335244928187872,0.043125649858610796,2024-04-08,2024-07-17,738983.0,739083.0,1.2825577991349595,0.3630863678681176,0.08874495180651024,0.41947268889359496
2024-08-04,739101.8074321875,0.7398454784592486,3.2900213284469126,-0.22535025736170358,0.022489814208862757,0.007858982226585152,0.003939302899057654,-0.006800403981180623,2024-04-15,2024-07-17,738990.0,739083.0,0.9333718476875881,0.6435197373707212,0.08874495180651024,0.4336621929249207
2024-08-24,739121.9531027139,0.608055341078893,5.028540477836076,-0.4168945189316587,0.043460830915950814,0.009578444775310701,0.0009244389501027095,0.009533730483982109,2024-04-22,2024-07-17,738997.0,739083.0,0.9328336231116486,0.5486611163456877,0.08874495180651024,0.4016133105728774
2024-08-19,739116.5574839698,0.17513315419112543,11.739372391414749,-0.1824920942112621,0.1626672833460262,0.021983014939525976,0.01569716788354024,0.015389992406345601,2024-04-29,2024-07-17,739004.0,739083.0,2.2611201988021814,0.11039170696847224,0.08874495180651024,0.3579580159513158
2024-07-29,739095.4661734613,0.9507946534091649,13.528680187719353,0.12868436022991395,0.0007299495591880737,0.000943463556647515,0.0007706067903580773,-0.0005443240371102503,2024-05-06,2024-07-17,739011.0,739083.0,4.119703516548447,0.05437496894523485,0.08874495180651024,0.24296250689766183
2024-08-18,739115.4921099835,0.8397432936332243,2.3981462704756615,0.629870106292954,-0.023577684990303924,-0.013219270309046106,-0.005998330362667381,-0.011780031424573135,2024-05-13,2024-07-17,739018.0,739083.0,0.41937664231385835,0.6245461757917425,0.08874495180651024,0.038084450472154946
2024-07-27,739093.5525991926,0.8829211968894108,12.233331317166568,0.028385690494441004,0.0055564945760256555,-0.0013177760401608426,-0.0010240769778094806,-0.0008293371060929273,2024-05-20,2024-07-17,739025.0,739083.0,3.643274027231903,0.3043242029295144,0.08874495180651024,0.0807947979242721
2024-07-19,739085.959478912,0.42841375952447647,14.344523178444225,-0.05750485892435682,0.0560913334221679,-0.005350235124848152,-0.005061725930814059,-0.0017331896873924299,2024-05-28,2024-07-17,739033.0,739083.0,6.585350254617906,0.3131123446627053,0.08874495180651024,0.05549238928459031
2024-09-09,739137.1084246627,0.661032628447756,13.988195194328387,-0.26387398375054166,0.022011381994176217,0.0007998122242110095,0.00011106717084373625,0.0007920629252516055,2024-01-26,2024-07-18,738910.0,739084.0,3.2350047243245053,1.3005303332467761,0.0639434601262601,0.7634671827054934
2024-09-01,739129.4295024638,0.5724805419971576,4.360292525697808,-0.23829025237830362,0.03343790305341641,-0.0035148175142113193,-0.00015376383020526436,-0.003511452526053456,2024-02-02,2024-07-18,738917.0,739084.0,1.0704007805977467,1.249054407235294,0.0639434601262601,0.6347441750816457
2024-08-21,739118.6739903475,0.8680215598472083,2.384520372901388,-0.09835417312859446,0.007141819489098459,-0.001320190717420991,-0.0002615493901116317,0.0012940229700035414,2024-02-09,2024-07-18,738924.0,739084.0,0.6547793442868043,1.969253696151077,0.0639434601262601,0.6671294812228354
2024-09-01,739129.2488549176,0.6234911778941347,10.019153265230539,-0.2354913267471976,0.025754861223156525,0.0033642509113285955,0.0031030586163679937,0.0012996966637487523,2024-02-16,2024-07-18,738931.0,739084.0,2.3557721879699978,0.47639821765983487,0.0639434601262601,0.5700473782780665
2024-08-12,739109.8932816141,0.5759697061539703,6.27838957927064,-0.05379462295145605,0.02164910980192042,0.0073682094263007175,0.00734304203082363,-0.0006084766909129166,2024-02-26,2024-07-18,738941.0,739084.0,1.8738521717863366,0.2695438722155079,0.0639434601262601,0.3702781803585669
2024-08-29,739126.687666924,0.21931096070138573,14.813675651476881,-1.0436584873564243,0.4679159344059109,-0.010658559346392173,-0.005857286355176988,-0.0089048910096655,2024-03-04,2024-07-18,738948.0,739084.0,3.3755449301266935,0.6499303728979371,0.0639434601262601,0.7607802547758636
2024-09-09,739137.4093973754,0.571033686974843,7.197244469902871,-0.23990177267533674,0.03167292562927173,0.005690327309650729,0.005615760679094466,-0.0009181812926069497,2024-03-11,2024-07-18,738955.0,739084.0,1.4069515092412148,0.4416176351425723,0.0639434601262601,0.4257417741438881
2024-08-13,739110.5710394988,0.7518057618304792,9.976829051211913,-0.019205034679534237,0.008302818272215885,-0.0027814305259613752,-0.000454058556645544,-0.0027441185466168787,2024-03-18,2024-07-18,738962.0,739084.0,2.7330931348229455,0.22494193914313707,0.0639434601262601,0.4900580235508921
2024-07-24,739090.738758189,0.02955293461271969,13.91657947067552,-3.492320010295646,3.2987858688157567,0.021054965481612255,0.006273900028392319,0.020098501184556583,2024-03-25,2024-07-18,738969.0,739084.0,6.40990254231906,0.3327114144622934,0.0639434601262601,0.7728869330254516
2024-07-20,739086.6181463125,0.6356226201195375,11.901986180929438,0.04846280051646635,0.01188162155743446,-0.005247283271941077,-0.003929988967319388,-0.0034769481521501775,2024-04-02,2024-07-18,738977.0,739084.0,7.074182627072312,0.12092639553987641,0.0639434601262601,0.508306440455119
2024-08-22,739119.2474634135,0.10911216199386556,8.298008627566858,-1.0989842553588158,0.8022560177347764,-0.059220307459225706,-0.05681825470883233,-0.01669523127744793,2024-04-09,2024-07-18,738984.0,739084.0,1.775920361654637,0.17813186082852212,0.0639434601262601,0.35183489831040815
2024-08-26,739123.4458737362,0.8050162492718,3.5396394491758647,-0.724288368541158,0.028686180755338325,0.008420652915140719,0.0036637936766607143,0.00758182111449016,2024-04-16,2024-07-18,738991.0,739084.0,0.6823560044144176,0.774769621522071,0.0639434601262601,0.4271757546014191
2024-07-24,739090.3437524885,0.9349328228929559,8.066575451869573,0.08104808893788314,0.0026395869819198243,0.002420484589328622,0.0024080271247608623,-0.00024525703576713695,2024-04-23,2024-07-18,738998.0,739084.0,3.4381721779270586,0.12639353556880964,0.0639434601262601,0.31874034623172826
2024-07-31,739097.8960585047,0.339054414058829,14.687741282988991,0.07319644137993692,0.02112085784308995,0.00876213122408528,0.0031246753463857646,-0.008186045905550443,2024-04-30,2024-07-18,739005.0,739084.0,4.44120067735798,0.05564372417380602,0.0639434601262601,0.34137021943561563
2024-07-26,739092.2990260151,0.34225949000258976,13.786142860164,0.02855020259802012,0.03522289500198103,0.005691885612804822,0.0049122615499811225,-0.002875282298111193,2024-05-07,2024-07-18,739012.0,739084.0,4.979846178109869,0.15363197327927927,0.0639434601262601,0.23884489705272766
2024-08-15,739112.2813544818,0.9819394873199636,7.9255233307472475,-0.009798790958635055,0.003249255981920631,0.001241541038860193,0.0006968591660057041,0.0010275268628740961,2024-05-14,2024-07-18,739019.0,739084.0,1.5053603927218258,0.32424973041305,0.0639434601262601,0.07200557112858005
2024-07-30,739096.5885423532,0.44985049880496975,7.004794792877381,-0.14881437754656254,0.061738138200405974,0.007537051460224867,0.004917457341221116,0.005711896183523328,2024-05-21,2024-07-18,739026.0,739084.0,1.9220875191967237,0.5260473503291855,0.0639434601262601,0.06110460155942132
2024-07-27,739093.4662474989,0.016429834771009903,5.638740414193589,-8.119206366312195,7.831032079811894,0.03413011604134442,0.01410129549037154,0.031080834713515398,2024-05-29,2024-07-18,739034.0,739084.0,1.649192112769692,0.6685475972414571,0.0639434601262601,0.032743302683912484
2024-08-24,739121.2807668141,0.132189456548556,6.008692386977741,-1.407952342474246,0.905453352245174,0.048597847265093266,0.04369524088301631,-0.02127149931190825,2024-01-29,2024-07-19,738913.0,739085.0,1.671252046383884,0.4098886524652565,0.1957644063960812,0.5252112925173674
2024-09-03,739131.196924015,0.7972749254295577,4.121409253104746,-0.08574204116771975,0.007843806159139991,-0.001102729306086771,-0.0010681369285358328,-0.00027403544369414816,2024-02-05,2024-07-19,738920.0,739085.0,0.9969526607857124,1.3760059120119799,0.1957644063960812,0.6612797476735381
2024-09-09,739137.9684294712,0.28144641499234085,2.739694060488129,-1.3543515273159175,0.4392017958880225,-0.03369598880082487,-0.018210564068539388,-0.028351278940656935,2024-02-12,2024-07-19,738927.0,739085.0,0.6026069691831336,1.3389968489147075,0.1957644063960812,0.6684896538961507
2024-07-27,739093.4686902817,0.25122668561764044,6.592831673307888,-0.32775293656620635,0.199429619548662,0.029029922688334653,0.024991428858687412,0.014770406050337718,2024-02-20,2024-07-19,738935.0,739085.0,3.0735363431624334,0.2617806626867456,0.1957644063960812,0.6444531288414101
2024-07-27,739093.5993386017,0.22066627077747386,5.706827920341144,-0.3186228680356741,0.21955905290854713,-0.04002954844796493,-0.03179476167804639,0.024319907047194986,2024-02-27,2024-07-19,738942.0,739085.0,2.6063310970788516,0.2120859192343773,0.1957644063960812,0.49479646967750346
2024-08-03,739100.9815802865,0.3575111265662499,6.305705898341559,-0.1691322456821943,0.08413340634160699,0.021716657291395616,0.017210969949249335,-0.01324370481843969,2024-03-05,2024-07-19,738949.0,739085.0,2.260395421334605,0.21965007015919444,0.1957644063960812,0.386116016424211
2024-08-15,739112.555196583,0.9983273494848908,10.584883044509656,0.018739357663709637,0.0022977543856349887,0.0007575516147448219,0.00006852620817340183,0.000754445894545039,2024-03-12,2024-07-19,738956.0,739085.0,2.9265799371645405,0.28607392894589223,0.1957644063960812,0.5434618245037431
2024-08-07,739104.4825342925,0.5056689456911706,7.049448729630249,-0.062256448103372185,0.030601539727244442,-0.010723393840527758,-0.0103883382334355,0.0026596248244462684,2024-03-19,2024-07-19,738963.0,739085.0,2.2244521625006866,0.20470202981954472,0.1957644063960812,0.3878779099657724
2024-09-06,739134.4395218579,0.3189444149718899,2.013511922293141,-5.738334311933605,1.4556173237089922,0.23859896833794586,0.12816293704052326,0.20125538318534228,2024-03-26,2024-07-19,738970.0,739085.0,0.3851269437719903,0.9663611239230132,0.1957644063960812,0.5344986564577979
2024-08-14,739111.0532613988,0.8511264401264356,6.2656743461181925,0.010471322530207702,0.004996023354365058,0.002384868720017866,0.0023821699916825234,0.0001134237296465799,2024-04-03,2024-07-19,738978.0,739085.0,1.6260621229587693,0.28456812050223546,0.1957644063960812,0.3654643646980955
2024-08-24,739121.4751816748,0.2631773450134152,3.334786016135659,-1.7304003315196481,0.6207867806875361,0.060857929675992496,0.060475418736691045,0.006812586371557131,2024-04-10,2024-07-19,738985.0,739085.0,0.7003272428848901,0.8050184165881981,0.1957644063960812,0.5387690618420145
2024-07-23,739089.1524757668,0.20224514310365632,4.106998757015337,-0.29062337983883596,0.23131355076051394,0.043475418659233586,0.004631105311125435,0.04322805675938837,2024-04-17,2024-07-19,738992.0,739085.0,2.0606792432966685,0.2620057556539163,0.1957644063960812,0.44541802498444016
2024-08-04,739101.7908767565,0.029665950200529874,6.556173535298677,-3.4119454897583315,3.187004677782632,0.07225227315116034,0.06579404689453773,0.02985857278486793,2024-04-24,2024-07-19,738999.0,739085.0,1.8905816056537665,0.19959010597679827,0.1957644063960812,0.37679779591248164
2024-08-24,739121.5910274722,0.6602264255044991,3.437217572109633,0.513301246845769,-0.028205305558238986,-0.012550487156020558,-0.01100643483705066,0.006031013184465324,2024-05-01,2024-07-19,739006.0,739085.0,0.6292473414081056,0.43167421203446116,0.1957644063960812,0.07046960056947167
2024-08-17,739114.3775309627,0.6785213409055523,6.816345270323902,0.006627045653643273,0.009506400247896975,-0.004963731981889423,-0.004960349204524031,0.00018322378996656595,2024-05-08,2024-07-19,739013.0,739085.0,1.34372461786723,0.19064249044338213,0.1957644063960812,0.06270494564754929
2024-08-12,739109.9340613423,0.769609807330107,5.095507199597778,0.07494377049362583,0.0032668630251504838,-0.0038606570962657206,-0.0014774451323304229,0.003566767317319706,2024-05-15,2024-07-19,739020.0,739085.0,1.0403529583998534,0.1278064788933033,0.1957644063960812,0.04580612810913666
2024-07-19,739085.0247119144,0.44927184770694073,4.809749643775051,0.02144257432468814,0.035242822323778046,-0.005574310381839331,-0.004207800930981487,-0.0036561383396027393,2024-05-22,2024-07-19,739027.0,739085.0,5.941269370367816,0.590563046230865,0.1957644063960812,0.09455503781662816
2024-08-12,739109.8827235114,0.4240731661858742,8.28061156554618,-0.3342899705038667,0.09694137306977268,0.007359967712818689,0.0016659541971727997,0.0071689414383614486,2024-05-30,2024-07-19,739035.0,739085.0,1.4519959228370525,0.6745461028169922,0.1957644063960812,0.03787912756191797
2024-07-22,739088.020639765,0.9612308094506812,8.783084929855303,0.03961801040597833,0.0035849922161914306,-0.0003635575859542813,-0.00034265302484251205,-0.00012150318049821333,2024-01-30,2024-07-22,738914.0,739088.0,12.636351405573619,1.0791842691399076,0.127190690317132,0.7347398807399336
2024-10-02,739160.8437591925,0.7137699912371879,5.425289858955498,-0.24024507892560695,0.014379406446686288,-0.0014588366692503633,-0.000049383827817511484,-0.0014580005710216888,2024-02-06,2024-07-22,738921.0,739088.0,1.0289621326619258,1.2967899233647762,0.127190690317132,0.6449215405098647
2024-08-19,739116.371387364,0.43074587202015546,7.7506574077274895,-0.26613676672325154,0.07193182480467768,0.012467770412701423,0.0048334069473142316,0.011492757560546013,2024-02-13,2024-07-22,738928.0,739088.0,2.3351627917715967,0.32063790693821453,0.127190690317132,0.48170741916715903
2024-08-16,739113.5737639365,0.5387400787552362,7.660045914590284,-0.1397524215647744,0.033061144241256626,0.007961243994102325,0.007178309082999382,0.003442859951052167,2024-02-21,2024-07-22,738936.0,739088.0,2.3624615006829672,0.29206859313224953,0.127190690317132,0.45805792111260263
2024-08-09,739106.3376403617,0.9002504244921574,8.501437560289782,0.012990783582833265,0.004004637082825032,-0.0012467972107281565,-0.0009605566503919647,-0.0007948799947585047,2024-02-28,2024-07-22,738943.0,739088.0,2.9589267333724423,0.3401248066876031,0.127190690317132,0.5401532993610542
2024-09-02,739130.1016843882,0.7039721303965466,14.038694669685583,-0.1632280831767391,0.015020634451452247,0.0013986004237833843,0.0006652641116842163,0.0012302466448286184,2024-03-06,2024-07-22,738950.0,739088.0,3.2474474526899932,0.5385466877314722,0.127190690317132,0.703648689308293
2024-08-04,739101.8278739841,0.6554875766224922,10.968736776947845,-0.04489448213853523,0.016051469659541445,-0.00330867943989128,-0.001768363201349777,0.0027964712092333867,2024-03-13,2024-07-22,738957.0,739088.0,4.100471480092322,0.28991318012830025,0.127190690317132,0.649092804698588
2024-08-28,739125.4712484921,0.9502078153943134,11.897457915261793,-0.002165293363619052,0.002704750816941358,-0.0009186095756348615,-0.0007028199349318565,0.0005915130526965921,2024-03-20,2024-07-22,738964.0,739088.0,2.765993437688424,0.23515851733527998,0.127190690317132,0.5213073572236907
2024-09-04,739132.950623081,0.4728603294804353,2.776712909604078,-1.669235987602219,0.23213647042646027,-0.042836235839878056,-0.016011699752305094,-0.03973120400858355,2024-03-27,2024-07-22,738971.0,739088.0,0.5664304606555416,0.9228560781704417,0.127190690317132,0.5473469969574927
2024-09-12,739140.8982378736,0.7680518050187966,10.587549246148535,-0.01123717812047086,0.005682100597921499,-0.0025989580224925987,-0.0023816915194486226,-0.0010402539636382793,2024-04-04,2024-07-22,738979.0,739088.0,1.8849055519555713,0.15860056281359755,0.127190690317132,0.32670277228604305
2024-08-04,739101.4827330528,0.9382449759816955,5.231867126875476,0.015996477086643625,0.004109907495764044,0.0023526381193063116,0.001118888818671937,0.0020695395458565306,2024-04-11,2024-07-22,738986.0,739088.0,1.7883508144143465,0.313282733401991,0.127190690317132,0.34110996836718943
2024-07-24,739090.1511363487,0.7901964232018563,10.74957986645246,0.0971765261523332,0.0036150305503719815,0.0036612411642739325,0.0018532949198543634,-0.0031575282743019017,2024-04-18,2024-07-22,738993.0,739088.0,6.518798548737799,0.07258171137271997,0.127190690317132,0.37386131415638946
2024-08-27,739124.1374697555,0.6159690404929189,7.6504134608653755,-0.06598834327184537,0.017053269250254636,0.006445974211605123,0.0026422048465031744,0.005879569464322489,2024-04-25,2024-07-22,739000.0,739088.0,1.5025919945429926,0.21300660131297763,0.127190690317132,0.28682499446374005
2024-08-24,739121.2744253956,0.37542013008225206,13.138827833565689,0.06282575969623576,0.017842418283306113,-0.010315541317199492,-0.002315234616795561,0.010052366951919396,2024-05-02,2024-07-22,739007.0,739088.0,2.5800394215053606,0.04942226300550914,0.127190690317132,0.24366935567129866
2024-07-25,739091.8044514685,0.4964573560758244,8.405968179415195,0.05800008824413076,0.01753078284094864,0.007457116616173513,0.001051347958999427,0.007382632030402088,2024-05-09,2024-07-22,739014.0,739088.0,4.037671376053567,0.13884319014145727,0.127190690317132,0.14334892601365848
2024-08-22,739119.1229592351,0.8170233596362435,11.382111287312949,-0.020742934226845717,0.006300700473188944,-0.0010279021141615288,-0.0005741506345847372,-0.0008526041315309726,2024-05-16,2024-07-22,739021.0,739088.0,2.080123367706773,0.4399959927243564,0.127190690317132,0.12635841486959423
2024-08-07,739104.5134212098,0.9345327250388176,5.54232818609905,0.02758305411856291,0.00353311486802458,-0.0018015691157725563,-0.0017357998131098953,0.0004823383539727714,2024-05-23,2024-07-22,739028.0,739088.0,1.3525005206952698,0.3306808950107228,0.127190690317132,0.039786192565681625
2024-07-31,739097.9953744236,0.2868949954181231,12.585036162263615,-0.2846237397855299,0.16411545470557057,-0.0004939758134946287,-0.0004938930694245288,9.041033795857215e-6,2024-05-31,2024-07-22,739036.0,739088.0,3.65529606302459,7.573773271752284,0.127190690317132,0.06923660364757708
2024-08-26,739123.7786372188,0.36058078907403895,11.38859314225367,-0.5429181502758303,0.15192009677610502,0.004117331715468532,0.00410867191798446,-0.0002668998418301279,2024-01-31,2024-07-23,738915.0,739089.0,3.2485827890562438,1.1682394762407475,0.11956609705003966,0.8630806120402318
2024-10-13,739171.6287222835,0.7624592195422359,14.546371870955989,-0.3460948847488789,0.01300518369084793,0.0009562464270166287,0.0003723007761154423,0.0008807947327759786,2024-02-07,2024-07-23,738922.0,739089.0,2.5596445776841783,0.712867145705621,0.11956609705003966,0.6513074168560011
2024-08-24,739121.3022325098,0.13126748142911196,2.8292152654214813,-2.2801582554423327,1.4154017567612147,-0.0607563630182647,-0.04561335846505238,-0.04013423945642668,2024-02-14,2024-07-23,738929.0,739089.0,0.8032752757051311,1.0808840841124412,0.11956609705003966,0.6600533288156443
2024-08-01,739098.0495890102,0.36562518612526557,5.374140395337895,-0.12503947250622285,0.07516207301090894,0.02164906781278168,0.005233962540899869,0.021006850627423343,2024-02-22,2024-07-23,738937.0,739089.0,2.4624631802828727,0.2362036723723748,0.11956609705003966,0.4110962010674823
2024-09-11,739139.5891585075,0.09973966780748403,8.435762522273738,-1.9419210613234081,1.360987243958989,0.05895588948918391,0.056142544948103,-0.017994764577818206,2024-02-29,2024-07-23,738944.0,739089.0,1.8155607772481674,0.27294203847565657,0.11956609705003966,0.46876067505940444
2024-09-27,739155.4651534928,0.8330729922473727,5.116139217399358,-0.27486161752805605,0.009161098999110709,-0.0014123709143935832,-0.001342141760775278,-0.00043982620864155253,2024-03-07,2024-07-23,738951.0,739089.0,0.9149987547562568,1.056183825512754,0.11956609705003966,0.5940629976047582
2024-09-11,739139.9908386722,0.7585927031340207,2.3708095878622992,-0.9207511303699,0.038600863127857474,-0.011532936517902607,-0.009777537735041728,0.0061162390867106065,2024-03-14,2024-07-23,738958.0,739089.0,0.48007586396063395,1.0709497659630254,0.11956609705003966,0.5898871376876652
2024-09-16,739144.228633408,0.834102898080928,5.132260949274041,-0.2867123856144807,0.01030116466935861,-0.002126587572595811,-0.0021229145747339614,0.0001249336315852054,2024-03-21,2024-07-23,738965.0,739089.0,0.9615502978359067,0.7872523365059729,0.11956609705003966,0.5335864153717218
2024-08-20,739117.0718295741,0.9250808423204739,13.331140376015032,0.03455465134475056,0.0026034246193600997,-0.0013069775515586574,-0.0003558381764527468,0.0012576046725648914,2024-03-28,2024-07-23,738972.0,739089.0,3.484840273133701,0.13822584858385858,0.11956609705003966,0.4485398405056593
2024-09-13,739141.0302733362,0.5401487820144047,8.27825184417315,-0.19837486223801248,0.03308116149938733,0.0071544305627856165,0.003663299500670707,-0.006145414017469179,2024-04-05,2024-07-23,738980.0,739089.0,1.488495470199948,0.30170356580157154,0.11956609705003966,0.4225381950187341
2024-09-09,739137.4096297945,0.30306940576946056,11.040287528342448,-0.35569617113471313,0.13504756716713912,0.023272304732710455,0.013376826638521218,-0.019043651872870562,2024-04-12,2024-07-23,738987.0,739089.0,1.9919789698631658,0.1592975451786,0.11956609705003966,0.34914244449134724
2024-08-05,739102.0397691042,0.3744971455860174,9.040518848181978,-0.06316938881500957,0.05357202969798629,0.01694376706359416,0.010434085351816695,-0.013349947759311365,2024-04-19,2024-07-23,738994.0,739089.0,3.0424276650937867,0.13097345512979255,0.11956609705003966,0.4312295126823603
2024-08-13,739110.2283775505,0.44005568912676096,6.978881625790413,-0.0996774946899616,0.04455080095740636,-0.014919911961221173,-0.014894448366029796,-0.0008713098199050403,2024-04-26,2024-07-23,739001.0,739089.0,1.8194784520209317,0.18828298025568774,0.11956609705003966,0.27416685601342616
2024-08-20,739117.9999165095,0.8274279179190593,8.732100422642468,0.049516708274719,0.0032807325119670076,0.002216713480224328,0.001867527282147168,-0.0011942196212775373,2024-05-03,2024-07-23,739008.0,739089.0,1.8528054149806978,0.1402402601514222,0.11956609705003966,0.1728854091293123
2024-08-21,739118.5135672921,0.022328517526585937,6.950212326921592,-3.744250659225562,3.5601479241294243,-0.06909930570298346,-0.03942664129008112,-0.05674728191920413,2024-05-10,2024-07-23,739015.0,739089.0,1.388068590068159,0.16552217210744827,0.11956609705003966,0.05152022057954478
2024-08-09,739106.7621127628,0.28887434774889736,8.618893715077043,-0.24920486158222357,0.13665831055844221,-0.009444064351125356,-0.00817434993385297,0.004729730925445416,2024-05-17,2024-07-23,739022.0,739089.0,2.1437284430213697,0.48499198610511923,0.11956609705003966,0.10509556733557027
2024-07-24,739090.6555023313,0.38602729622793885,11.256062166790322,-0.02015730313766494,0.05091066348925986,0.0041753949813017645,0.0034551444869344405,-0.0023443335565329656,2024-05-24,2024-07-23,739029.0,739089.0,6.48052381654121,0.41816022818236004,0.11956609705003966,0.10224639923709263
2024-08-16,739113.9786970916,0.502883629271834,9.228709203741097,-0.26774994705801686,0.06048786723496912,0.0046945412104557015,0.003418242224999235,-0.0032178156050182796,2024-06-03,2024-07-23,739039.0,739089.0,1.6144707575028456,0.7021043315325209,0.11956609705003966,0.04696307397930357
2024-09-24,739152.492716332,0.5437886670181599,10.769084728994631,-0.3942573519132193,0.04546349896788937,0.004429228469005067,0.004337077646192048,-0.0008987893643931352,2024-02-01,2024-07-24,738916.0,739090.0,2.281044259593531,0.5183058762003355,0.07724742575262299,0.5845484364330967
2024-10-04,739162.2449422689,0.8023879104774285,2.789539081464904,-0.17534464458382482,0.008878088252337466,-0.0015782259117731658,-0.0008401241631442133,-0.0013360345875363692,2024-02-08,2024-07-24,738923.0,739090.0,0.5316197530514306,1.6180882889015649,0.07724742575262299,0.6885049545102317
2024-10-06,739164.9887277511,0.12344788210740523,9.285092751042923,-2.3550937543176613,1.4110633967164168,0.04451939746463623,0.03322762755856324,-0.029629402920809376,2024-02-15,2024-07-24,738930.0,739090.0,1.687906692423672,0.42140011091821555,0.07724742575262299,0.5428220544643283
2024-08-13,739110.858363659,0.3004995445313477,4.052947370968161,-0.41947483500016985,0.17747614532952288,-0.020340431212779023,-0.015351801561436822,0.013343737510160377,2024-02-23,2024-07-24,738938.0,739090.0,1.3640913825426113,0.646923139772782,0.07724742575262299,0.62837738567031
2024-08-04,739101.4680487372,0.5783884867116428,10.427085384746164,-0.09064402812391932,0.027120941737092966,0.003603563306304984,0.0035356557977928426,-0.0006962805340389516,2024-03-01,2024-07-24,738945.0,739090.0,4.336807791436577,0.4174738905402261,0.07724742575262299,0.7306986006862938
2024-09-10,739138.4105775825,0.4182529268522591,4.1188794747373505,-0.7269585360634019,0.13891035842881683,-0.015001336557098677,-0.006656807465086332,-0.013443474732081588,2024-03-08,2024-07-24,738952.0,739090.0,0.8838209038995923,0.9402959858262948,0.07724742575262299,0.5953019666097848
2024-09-06,739134.0543127265,0.009775656748506558,9.656698888921394,-19.865275826357987,19.194410827820434,0.09700966716325855,0.02399618211426801,-0.09399499330850074,2024-03-15,2024-07-24,738959.0,739090.0,2.1204351579172913,0.20029819039777744,0.07724742575262299,0.38991192566147387
2024-07-31,739097.6112236629,0.14062742933544106,6.509458038603245,-0.4957476631212108,0.39536679381752565,0.05115909300276538,0.05058381392695746,-0.007650527136645079,2024-03-22,2024-07-24,738966.0,739090.0,2.9528719766143996,0.16695620357555135,0.07724742575262299,0.49643967080286855
2024-09-04,739132.2789924751,0.34492363347423743,10.059159720695044,-0.2845276973031838,0.09891585990791993,0.019349801536992416,0.01874786761650979,0.004788765953230291,2024-04-01,2024-07-24,738976.0,739090.0,2.0930255736299994,0.17528738583926562,0.07724742575262299,0.35112295452389575
2024-08-03,739100.545202172,0.8582517407795589,14.548583990689055,0.07626615508334435,0.0030092856668660797,0.0020794447488201155,0.000607387489956979,-0.0019887611471565195,2024-04-08,2024-07-24,738983.0,739090.0,5.582971896715469,0.08537092722339971,0.07724742575262299,0.447225770246014
2024-08-01,739098.4131244284,0.695935818908839,2.059837787548877,-0.0726583529278984,0.01921643048626275,0.006420240593269726,0.005981206363023174,-0.002333379463010569,2024-04-15,2024-07-24,738990.0,739090.0,0.8379933029172744,1.0112477880914352,0.07724742575262299,0.6031545017023879
2024-08-04,739101.9135710627,0.07716844168713634,4.673045542466142,-1.1790136663310047,1.0057921136643682,0.052212982745459796,0.020764151597285643,-0.04790663394168519,2024-04-22,2024-07-24,738997.0,739090.0,1.6179719515571271,0.3181042263059839,0.07724742575262299,0.4521830978968842
2024-08-18,739115.0783039037,0.6857852580459153,6.430761890979929,-0.007526871910559366,0.010001769230333616,0.004935540299403768,0.0007161724377547328,0.004883303706143933,2024-04-29,2024-07-24,739004.0,739090.0,1.5231872271517028,0.21610650672614407,0.07724742575262299,0.22630913232885028
2024-08-24,739121.8257510274,0.39198223713245073,6.7111322576595605,0.0039492253622305535,0.028072355415628886,-0.017181012024965532,-0.01569314845162004,-0.006993730469315053,2024-05-06,2024-07-24,739011.0,739090.0,1.332662972820152,0.09543346697786621,0.07724742575262299,0.07021366716076052
2024-08-24,739121.3081288072,0.8038286682987397,5.171671883351776,0.15852370939168614,-0.0010085675895270293,-0.0035638587753793866,-0.0034424681229363457,-0.000922226974998982,2024-05-13,2024-07-24,739018.0,739090.0,0.9826448906615971,0.04398626129735469,0.07724742575262299,0.05200871654923518
2024-07-26,739092.9348226716,0.9782021767319096,9.312552637887281,0.07043021969461535,0.0029578854016857766,-0.0009175551579332331,-0.00033427667448842295,-0.0008544978482962034,2024-05-20,2024-07-24,739025.0,739090.0,4.656734401953094,0.33861722586739396,0.07724742575262299,0.09522428859984923
2024-08-17,739114.8291347089,0.22586110922780117,8.859530878562865,-0.6469798043938647,0.33189317484259473,-0.0200821667519979,-0.0029692114757550957,-0.0198614502156135,2024-05-28,2024-07-24,739033.0,739090.0,1.6816334736769893,0.42132621624864014,0.07724742575262299,0.052525902980341425
2024-08-13,739110.6047393663,0.2062037013560521,5.259129227179795,-0.284488174287599,0.19645410031847774,-0.027642483344348167,-0.025970413034006285,0.009468079651422578,2024-06-04,2024-07-24,739040.0,739090.0,1.0308494566161293,0.27865488137957406,0.07724742575262299,0.03113090457490279
2024-08-31,739128.084331519,0.21302862718169063,4.228182929838515,-1.0050609040725973,0.46939814457379214,-0.025469854755328,-0.017300657306956596,-0.018692264656931048,2024-02-02,2024-07-25,738917.0,739091.0,1.1702785913186515,0.9285367569759179,0.03936942309481471,0.6533780279798914
2024-10-10,739168.3076739924,0.48661556406413753,2.1668305981249225,-0.9159722747976702,0.11628169133931268,-0.01817748630300335,-0.004560458316576106,0.01759611400959446,2024-02-09,2024-07-25,738924.0,739091.0,0.3968101143532239,1.436608890349987,0.03936942309481471,0.6933739892730097
2024-10-07,739165.7496641264,0.8426267596762289,13.861530926986124,-0.2464315613629046,0.007412965487821707,-0.0007815690620707139,-0.0006991627375498539,-0.00034931599620957734,2024-02-16,2024-07-25,738931.0,739091.0,2.524641283090593,0.5765655203667523,0.03936942309481471,0.6098413734040862
2024-08-10,739107.8632191906,0.3198054202335406,12.760067334021972,-0.41262464388474485,0.16304884161193162,-0.005533370330697634,-0.002974465153908379,-0.0046659130151375135,2024-02-26,2024-07-25,738941.0,739091.0,4.654737633368492,0.7385175743049464,0.03936942309481471,0.8822294105083313
2024-09-20,739148.4935178801,0.4434360303827284,10.714291188951814,-0.34017523054910176,0.06714243659058476,0.0115914209647909,0.0047003762629129996,-0.010595636034237776,2024-03-04,2024-07-25,738948.0,739091.0,2.1300223499740243,0.2397330727083012,0.03936942309481471,0.3901780326672019
2024-09-10,739138.9541204144,0.0062583579820187935,5.287481942590376,-50.62362689279633,49.39545020739726,-0.08244561214960663,-0.08172485214929848,-0.010877844634791831,2024-03-11,2024-07-25,738955.0,739091.0,1.1313864878018949,0.7091382403463282,0.03936942309481471,0.6080273481386899
2024-08-12,739109.6017075971,0.9861641464423234,3.881168479106945,-0.009731856086619438,0.00340940077124793,-0.0012022838910003312,-0.00036266000186125816,0.0011462828087382667,2024-03-18,2024-07-25,738962.0,739091.0,1.2794346398413174,0.7205394111647295,0.03936942309481471,0.5285081452578031
2024-07-26,739092.5338931512,0.0034715067163411115,5.22340582461044,-21.12246400231824,21.046110391679946,0.09461794630245957,0.0944167766018493,0.006166689436934988,2024-03-25,2024-07-25,738969.0,739091.0,3.6484671430997944,0.14782999679358558,0.03936942309481471,0.5386959217619669
2024-09-09,739137.2480144628,0.4369759377772672,8.614530886899626,-0.23329242348734663,0.05859099377324367,0.012207016324285903,0.011770286151027329,0.003235986938217891,2024-04-02,2024-07-25,738977.0,739091.0,1.7038035579073478,0.24347099436241662,0.03936942309481471,0.3878616023222552
2024-08-05,739102.6410581602,0.44403171888045667,8.089323965529129,-0.037462810718389083,0.035561219929161815,0.011491623004910021,0.0061882332724429445,0.009683138347292543,2024-04-09,2024-07-25,738984.0,739091.0,2.9889116078175477,0.16986231822802778,0.03936942309481471,0.4564566767980392
2024-08-20,739117.2250343414,0.8230661811436435,7.725685109189832,-0.03380528022804971,0.006489467336723636,0.0031289536976704035,0.002191111748254312,0.0022336921338508625,2024-04-16,2024-07-25,738991.0,739091.0,1.932104322120701,0.22095695127686762,0.03936942309481471,0.30527382552491145
2024-08-31,739128.1150891301,0.40672310294050196,9.735312162449851,-0.2450606818581866,0.07005424286721801,-0.015934964078055665,-0.0007143286901405788,-0.015918945150083463,2024-04-23,2024-07-25,738998.0,739091.0,1.943589704942272,0.1836675003041988,0.03936942309481471,0.3343471295007476
2024-08-22,739119.3294363841,0.3622683104506677,14.983783515962097,0.017000711862304275,0.02874270655846232,-0.010194458019583219,-0.009914447626537167,-0.002372910148677386,2024-04-30,2024-07-25,739005.0,739091.0,3.327152366708896,0.06816671650449022,0.03936942309481471,0.3212163392977715
2024-08-02,739099.8409491971,0.4424942554183148,5.532096940323115,-0.008362660756632397,0.031155150285142378,-0.014202990982852236,-0.011617199965871417,0.008171023057851388,2024-05-07,2024-07-25,739012.0,739091.0,2.0216550518097214,0.1754558667553366,0.03936942309481471,0.10464493946388008
2024-08-27,739124.9021167511,0.33560836305233327,8.445653310278427,-0.29679506031323927,0.1107890232220576,0.01634549842148777,0.0012830141133194442,-0.016295066536589627,2024-05-14,2024-07-25,739019.0,739091.0,1.5310575428232494,0.2693382847341712,0.03936942309481471,0.06577444099323522
2024-08-08,739105.3730105878,0.18897284043523405,13.084326020629955,-0.44450371301909936,0.2975235930774205,-0.010743492673793063,-0.010192688754081355,-0.0033958402191900466,2024-05-21,2024-07-25,739026.0,739091.0,3.5584781392852576,0.39996680819406194,0.03936942309481471,0.09923491517273204
2024-08-18,739115.6248424186,0.7690575044956636,5.818814598860129,0.022020411847068197,0.0055719374971384275,0.0030925851272188797,0.001811203617371778,-0.0025067158246428337,2024-05-29,2024-07-25,739034.0,739091.0,1.1098094835064225,0.2381271245432604,0.03936942309481471,0.04606432340186301
2024-07-31,739097.6701939091,0.7083912923805818,6.745675918354445,-0.019263255095249645,0.015125659158651753,0.001641270683658245,0.0013015395531536394,-0.0009998821173581554,2024-06-05,2024-07-25,739041.0,739091.0,2.297090384964896,0.9677915795645567,0.03936942309481471,0.05950934664216024
2024-09-09,739137.448696776,0.8134800143848093,5.812531371740187,-0.07962112169618879,0.006614842585758715,0.001236765673524305,0.0008727837530725198,-0.0008762635742632891,2024-02-05,2024-07-26,738920.0,739092.0,1.4481211257222673,0.7485376829764636,0.06002956080512383,0.588661199848848
2024-10-11,739169.3867569296,0.6009995829405986,2.7974589191584753,-0.5567315195513202,0.043748181475119746,0.005763575902343732,0.0009160079116965074,-0.005690319559373335,2024-02-12,2024-07-26,738927.0,739092.0,0.5083268615052684,1.6307164082941596,0.06002956080512383,0.6903800951893847
2024-10-01,739159.9737502179,0.8548546930393883,9.327642911549301,-0.10722502718747666,0.005033814124987364,0.0011789900079462077,0.0007469800604317448,-0.0009121612950319616,2024-02-20,2024-07-26,738935.0,739092.0,1.7767902700580704,0.39129782974233407,0.06002956080512383,0.46594215816271084
2024-10-05,739163.3528056409,0.6206183316804775,3.02164456874457,-0.8065437342655056,0.05354217593666679,0.008551401549516311,0.008519947636134572,-0.0007327760494140636,2024-02-27,2024-07-26,738942.0,739092.0,0.5444480170149596,1.285996949901173,0.06002956080512383,0.648200268631861
2024-09-03,739131.1312367655,0.5072555306741585,6.903289326474944,-0.18255678938704334,0.039119765515179004,-0.0077355118470175035,-0.0034107096704010026,-0.006942996693041214,2024-03-05,2024-07-26,738949.0,739092.0,1.6895766150841747,0.371601880091411,0.06002956080512383,0.4811692358085735
2024-07-27,739093.3532906416,0.6162156141706011,7.5938628400058725,0.024733934643065118,0.014623285839990603,-0.006796990955298462,-0.00018700337012851623,-0.006794417987287042,2024-03-12,2024-07-26,738956.0,739092.0,5.583756559680616,0.17458150262007055,0.06002956080512383,0.4679471876044947
2024-08-19,739116.3691931465,0.013149797911674147,14.616293187271806,-13.290998514354117,12.755230500328292,-0.034890747836645294,-0.006080924919031267,0.03435675532889381,2024-03-19,2024-07-26,738963.0,739092.0,4.27921243749895,0.32889696487670245,0.06002956080512383,0.7994619674397465
2024-09-07,739135.9928049127,0.7044883436795569,11.370272065036488,-0.07216246155961355,0.01010072094120613,0.003386671621672431,0.0027636600378769392,0.001957479978973835,2024-03-26,2024-07-26,738970.0,739092.0,2.4030475236890427,0.18479160578301873,0.06002956080512383,0.3907973182165728
2024-07-27,739093.0877497931,0.8807096526187588,7.595106634571635,0.08882823093258002,0.002653788128457103,-0.002085995195412482,-0.0008951607881666407,-0.001884161118007915,2024-04-03,2024-07-26,738978.0,739092.0,5.634916648041318,0.14752031251175007,0.06002956080512383,0.3958720748777226
2024-08-04,739101.5428908818,0.2943173322096884,9.313625815889273,-0.09071305463142079,0.08270313481300347,0.023622717811105958,0.023098711756555493,0.004947960384916977,2024-04-10,2024-07-26,738985.0,739092.0,3.7094247475381046,0.11063413942099899,0.06002956080512383,0.42901462230626713
2024-09-02,739130.9202493543,0.5708919865648406,4.432331105396273,-0.3515591697163616,0.04333834174203359,0.0072681280288892265,0.004116096406616957,-0.005990278408868837,2024-04-17,2024-07-26,738992.0,739092.0,0.8975755015370653,0.7680181301196614,0.06002956080512383,0.5593740218543112
2024-08-05,739102.459977884,0.2977478218215113,3.974504354364352,-0.14327777660549595,0.09657098086487978,-0.01736841245225351,-0.01414116223660905,0.010084110357859877,2024-04-24,2024-07-26,738999.0,739092.0,1.4495971441975877,0.4165356090970227,0.06002956080512383,0.44492586217028735
2024-08-17,739114.462679577,0.15505012998228931,11.123539525906285,-0.1469539745851806,0.15283764341743883,-0.022544413976001737,-0.005251153734967,-0.021924324071065093,2024-05-01,2024-07-26,739006.0,739092.0,2.787531851665901,0.09449754249625834,0.06002956080512383,0.2828181902601236
2024-08-13,739110.3789169678,0.7570165643720799,8.520492374096545,0.03541893915336436,0.00583777949248915,-0.0025195261679537236,-0.0021359636120670627,-0.0013362902225673144,2024-05-08,2024-07-26,739013.0,739092.0,2.2611327660914307,0.20585883165237223,0.06002956080512383,0.16407467252638555
2024-08-15,739112.7029072864,0.9124625073552153,12.56726433363405,0.030127766711456692,0.003282964439653688,-0.0009372829404593257,-0.0009372774313834915,-3.2135798176182667e-6,2024-05-15,2024-07-26,739020.0,739092.0,2.9984646261335084,0.2543136931303637,0.06002956080512383,0.13038584398444145
2024-08-11,739108.8175854181,0.9875830579237819,13.722373602626229,0.014582773314604105,0.003153027605334387,0.0005540571225544679,0.0005391473050095055,0.00012766941119283015,2024-05-22,2024-07-26,739027.0,739092.0,3.455208608709557,0.40956008330898225,0.06002956080512383,0.09119142378284376
2024-08-15,739112.6575848276,0.6919790418989521,8.338816236298179,-0.10983213999548261,0.018283231426927365,-0.002620097933019577,-0.0012894952354943418,0.002280814594887285,2024-05-30,2024-07-26,739035.0,739092.0,1.7574657286578967,0.5790605383822892,0.06002956080512383,0.0460956543297971
2024-08-05,739102.3570119417,0.11889996583916876,3.0941973949047004,-0.6665261501408711,0.540581231163553,0.03246372319712456,0.025940510558998535,0.019518791862151934,2024-06-06,2024-07-26,739042.0,739092.0,0.8680109511443417,0.6398767790841515,0.06002956080512383,0.043717410410934375
2024-08-25,739122.4514396347,0.35630447635451074,7.650966214921545,-0.4027431084441769,0.12629382943910508,0.017067284076163227,0.005553275158944464,0.016138566254333294,2024-02-06,2024-07-29,738921.0,739095.0,2.427012351327167,0.3446059003384998,0.09146308340663654,0.5033144885457635
2024-07-30,739096.0304708745,0.3813541869425018,9.796560008298451,-0.18318305991132935,0.08858353585181279,-0.003210493993974988,-0.002296941276900335,0.002243063185873489,2024-02-13,2024-07-29,738928.0,739095.0,7.942618703455067,1.0740786040920285,0.09146308340663654,1.0052318279706152
2024-09-12,739140.1839400512,0.9218547798505128,2.0780012391945686,-0.2613199638826426,0.007852200777671651,0.002326096875850259,0.0013475937592877852,0.0018959740862598698,2024-02-21,2024-07-29,738936.0,739095.0,0.49882449724231126,1.4975464689812448,0.09146308340663654,0.6622335795296993
2024-09-01,739129.7960154339,0.33220745237459887,11.51377177617829,-0.5227189729682372,0.16396466357270695,0.010511769347892823,0.0029102391531665548,0.010100881292970208,2024-02-28,2024-07-29,738943.0,739095.0,3.0794982685953793,0.4500556242476207,0.09146308340663654,0.7421608647628779
2024-09-21,739149.6668663521,0.5622943462672484,4.186922124355441,-0.5302833087735666,0.05343992757030355,0.006644092693102485,0.0017119018414735799,-0.00641976321990906,2024-03-06,2024-07-29,738950.0,739095.0,0.863209873104564,1.0801871627488708,0.09146308340663654,0.6156905205716838
2024-08-18,739115.4018373473,0.15326577227415353,4.70833608052145,-0.9548579451416298,0.6073403253183505,0.036941010846991314,0.02893653436863864,-0.022963346035151863,2024-03-13,2024-07-29,738957.0,739095.0,1.5358105728645117,0.5351814664433917,0.09146308340663654,0.663417654102225
2024-08-25,739122.1339307221,0.39633714775320816,7.5979811143298,-0.23561978182035168,0.07556173836218177,0.016135919135219213,0.013170258404121279,0.009322670213356601,2024-03-20,2024-07-29,738964.0,739095.0,2.1315044033049135,0.24427262634951813,0.09146308340663654,0.3747263754961043
2024-09-03,739131.6444062082,0.8253936896684169,5.575347288816657,-0.11371414747120272,0.00774625071626722,-0.00196141884731761,-0.000604866349200029,-0.0018658243738943299,2024-03-27,2024-07-29,738971.0,739095.0,1.311434633789917,0.5846694807892531,0.09146308340663654,0.5213042861358496
2024-09-11,739139.6784741482,0.5090351411247197,4.529832038937707,-0.5078334613275939,0.06986713062630019,0.009494771781544268,0.009395150321109,-0.0013718023280978784,2024-04-04,2024-07-29,738979.0,739095.0,0.9227474365141854,0.8269020008832039,0.09146308340663654,0.5755209016517924
2024-08-26,739123.8485134054,0.025111530518728394,13.810291247060992,-4.879916773210965,4.53223918263127,0.05865391546002203,0.006658464394992312,-0.05827475139965871,2024-04-11,2024-07-29,738986.0,739095.0,3.4378476097928043,0.1405031813549668,0.09146308340663654,0.49106998585934136
2024-08-24,739121.6760398193,0.34503905129005014,5.441149450757681,-0.2781803566861142,0.10515111056757842,-0.01284764582256863,-0.012566124754138354,-0.002674791925663838,2024-04-18,2024-07-29,738993.0,739095.0,1.362656545965206,0.5190006532722465,0.09146308340663654,0.5384410123933827
2024-08-05,739102.0930489005,0.19697925104779707,13.410433895690328,-0.12247759323221026,0.12912830417774124,0.019544679848447134,0.01884535030491303,-0.005181436312781415,2024-04-25,2024-07-29,739000.0,739095.0,5.691784109236763,0.0970444133088033,0.09146308340663654,0.4397931943357054
2024-08-31,739128.2860063157,0.6811317084589376,10.728661844032516,0.03667470849746532,0.005864698813311823,-0.0031049347316784858,-0.0030117964432758984,-0.0007547859777804559,2024-05-02,2024-07-29,739007.0,739095.0,2.2078473300151216,0.1199164544634626,0.09146308340663654,0.22858862327300172
2024-08-06,739103.3181430206,0.23625285099200505,3.8924307862237004,-0.04777072636710805,0.07449417318352948,-0.03225289751570906,-0.030273414004575,0.01112518775870476,2024-05-09,2024-07-29,739014.0,739095.0,1.4705468411327725,0.14018764072470882,0.09146308340663654,0.07911497000616804
2024-08-18,739115.3404581572,0.21214461971017712,7.673320271358298,-0.4948541649608721,0.2797893008145468,0.025004377774562905,0.02441936428879003,0.005377132658250271,2024-05-16,2024-07-29,739021.0,739095.0,1.873756868607414,0.30935970708796284,0.09146308340663654,0.06107312943072227
2024-08-07,739104.127165299,0.9091809446250159,7.236405729260624,0.008175571303281748,0.005083400187523245,-0.0013924446699598277,-0.0013411085136370154,0.00037460661172735425,2024-05-23,2024-07-29,739028.0,739095.0,2.442949125361519,0.45867362692926755,0.09146308340663654,0.06658054436754579
2024-07-30,739096.297201849,0.42916406128415396,7.217868659173219,-0.056017202241392575,0.05101059123700916,0.001068879938251853,0.0008619093123127074,0.000632152402309697,2024-05-31,2024-07-29,739036.0,739095.0,4.410175137344593,2.83756489564756,0.09146308340663654,0.08663252954821374
2024-08-22,739119.945501408,0.36432648270863394,4.990422174109549,-0.1387481869898541,0.06685574599491846,-0.012233842043119702,-0.011211841710858206,0.004895048170004398,2024-06-07,2024-07-29,739043.0,739095.0,0.8946466964189939,0.3989599715430622,0.09146308340663654,0.04437791096720433
2024-09-27,739155.7481639184,0.8232957934940732,8.360422365829564,-0.11610580885707668,0.00626372846976834,0.0012816012416638465,0.001202887978584271,0.00044222421192395084,2024-02-07,2024-07-30,738922.0,739096.0,1.8150827198943398,0.48129093453544375,0.11135086600484947,0.5155464332419495
2024-09-30,739158.8108807735,0.7346800979698235,10.31970748993139,-0.17764734465895407,0.01121050732121307,-0.002206304766844447,-0.001176096441005124,-0.0018667024095060272,2024-02-14,2024-07-30,738929.0,739096.0,2.1304457768476297,0.36173509973235907,0.11135086600484947,0.4651357652043564
2024-09-21,739149.0563400453,0.6144419214303486,11.650935039713438,-0.282271070376177,0.026713458522275694,-0.0036954088232057213,-0.0031360051922645223,-0.001954870278232459,2024-02-22,2024-07-30,738937.0,739096.0,2.569133655091993,0.3812305406299441,0.11135086600484947,0.5565456928440837
2024-09-01,739129.6293776135,0.1813352179215473,9.311852438686598,-0.9755101335170901,0.5216937052034504,-0.04179578357048866,-0.04177666342893892,0.0012640874243056415,2024-02-29,2024-07-30,738944.0,739096.0,2.531824488017142,0.24306878950961944,0.11135086600484947,0.4636177031908425
2024-09-11,739139.0960266347,0.568379665149051,2.130678791944272,-0.933835232207987,0.09393263312039302,0.022235813007225616,0.005694481332644759,0.021494284413407762,2024-03-07,2024-07-30,738951.0,739096.0,0.4996831247825378,1.1268965057374896,0.11135086600484947,0.635178881314791
2024-08-03,739100.8982762157,0.7335144338670679,8.689857108326212,0.03174014684282418,0.007836337696186128,-0.003616323604654845,-0.002275077379522452,-0.0028110174902993873,2024-03-14,2024-07-30,738958.0,739096.0,4.665318019903645,0.18291186836836704,0.11135086600484947,0.48263512307284095
2024-10-02,739160.1257055704,0.20512667044194993,13.391328211514065,-1.05586034594262,0.4661461073315678,0.03403838869920259,0.03244516395297173,0.010291901734023038,2024-03-21,2024-07-30,738965.0,739096.0,2.3717034816580482,0.20977394463251514,0.11135086600484947,0.4122947258639235
2024-08-13,739110.8372694765,0.1972884792722996,11.572898666967612,-0.3832293948211999,0.24923078084488962,0.036184709831584415,0.025240402007930124,-0.025927887150210275,2024-03-28,2024-07-30,738972.0,739096.0,4.11874794383946,0.1174184001141658,0.11135086600484947,0.48768650255577256
2024-08-31,739128.0922492108,0.06249654115802185,12.873109146792295,-2.0047947345672967,1.6579278415155165,0.043965286891932694,0.033937565905551206,0.02794974189319674,2024-04-05,2024-07-30,738980.0,739096.0,3.1330966448176896,0.18307466323153546,0.11135086600484947,0.545270930230404
2024-08-24,739121.2469993235,0.6018350715955122,5.52948950432609,-0.11697396488659045,0.02322409296124579,-0.005488890505545162,-0.004872794030048657,-0.002526617763450972,2024-04-12,2024-07-30,738987.0,739096.0,1.4705333584799196,0.46051804060380985,0.11135086600484947,0.5106842761955707
2024-09-04,739132.3578181315,0.2235783530420759,11.745669436436403,-0.392749138427677,0.208621268792773,-0.02599964481303753,-0.0053678757482698795,0.025439485850843095,2024-04-19,2024-07-30,738994.0,739096.0,2.498304710687178,0.15273660954146523,0.11135086600484947,0.4478473908686654
2024-08-22,739119.6854849254,0.8802936150657987,6.653630127621422,-0.008733950354139156,0.0042837750167602625,-0.002083673212228325,-0.0018374899971249849,0.0009825093209855714,2024-04-26,2024-07-30,739001.0,739096.0,1.7066323742876293,0.2719981449382189,0.11135086600484947,0.279221438242482
2024-08-07,739104.1798796245,0.7016226660917134,3.778919405095835,0.08809419298006381,0.0021494371712021095,-0.006836575035133717,-0.005188686650251068,0.004451549062575851,2024-05-03,2024-07-30,739008.0,739096.0,1.4822590717701327,0.05837436257191877,0.11135086600484947,0.07631492580152865
2024-08-08,739105.6938830714,0.777529849433835,4.096845416980056,0.06886083251940278,0.003032141161268448,-0.004222480984108266,-0.0034097632536035606,-0.002490554198472857,2024-05-10,2024-07-30,739015.0,739096.0,1.4579428676850081,0.1362853603562163,0.11135086600484947,0.06330268535988645
2024-08-09,739106.1802197531,0.5492143320770823,2.5691669192510904,0.195665652320311,-0.012507080458311953,-0.015028806855717686,-0.0065538264339853325,-0.013524510881346577,2024-05-17,2024-07-30,739022.0,739096.0,0.8637974557991593,0.17790206168017775,0.11135086600484947,0.07594242276513745
2024-08-11,739108.6638526944,0.009460332802037287,8.709617255813093,-11.938838334130063,11.679026802926671,-0.027788250868842977,-0.025940167158253688,0.009964668291097763,2024-05-24,2024-07-30,739029.0,739096.0,2.549271578737741,0.4565126205750373,0.11135086600484947,0.09456378204443232
2024-08-24,739121.5834189012,0.16476420001312778,3.3665775159795945,-0.10476872508579883,0.13989601936182147,-0.043717023585813725,-0.04146928938955709,0.013837492140115619,2024-06-03,2024-07-30,739039.0,739096.0,0.6278937212987937,0.15661343196896163,0.11135086600484947,0.04972866399336382
2024-08-01,739098.1994708824,0.11291230403582556,8.5903923687199,-0.3760083229248605,0.3600162068716925,0.006106471831005587,0.005334273445205171,0.0029722928917998103,2024-06-10,2024-07-30,739046.0,739096.0,4.3297356819868495,0.7749255184098646,0.11135086600484947,0.09996646057371937
2024-09-23,739151.9400919155,0.3568441668151339,12.003363929329941,-0.7371938579608253,0.17542049087482983,0.009498519179867946,0.007820381808556223,-0.005391056944488913,2024-02-08,2024-07-31,738923.0,739097.0,2.726547812789879,0.5490350194407998,0.1629501274168635,0.7295477530837855
2024-08-13,739110.1151612882,0.6270703039467777,5.070241729287378,-0.026018953664544858,0.016123800489727252,0.0049209513267459044,0.003782589457875103,0.0031476624586150286,2024-02-15,2024-07-31,738930.0,739097.0,2.1140803853623917,0.40523403637601446,0.1629501274168635,0.5113456186249461
2024-09-26,739154.4220003192,0.44626966578206295,2.488075547209754,-1.0086297727688676,0.15743962523557814,-0.023007094912262226,-0.022954923647513312,-0.0015485143327320244,2024-02-23,2024-07-31,738938.0,739097.0,0.5253999656022966,1.2273998554466046,0.1629501274168635,0.6678219065117421
2024-09-08,739136.5600550431,0.9440778668041749,9.682923329386451,-0.020220630358237672,0.0027678554897491233,0.0010469721939193903,0.0006582976490689741,-0.0008141222144559395,2024-03-01,2024-07-31,738945.0,739097.0,2.430879090297839,0.2577564769757981,0.1629501274168635,0.39150467897693036
2024-10-05,739163.499154,0.5442604016044114,8.138528726772257,-0.32445395134201527,0.03834297612856966,0.004833333988965059,0.004466244587618092,-0.0018476408559178887,2024-03-08,2024-07-31,738952.0,739097.0,1.4986883021206505,0.5305176653846388,0.1629501274168635,0.5734623149060152
2024-09-11,739139.8761836094,0.17312656123766382,6.291061970736118,-1.1391167576788068,0.6100864986281666,-0.029560269940685172,-0.004988130695906972,0.029136370932680105,2024-03-15,2024-07-31,738959.0,739097.0,1.4413007843404362,0.5679665486649894,0.1629501274168635,0.6670118788190854
2024-08-13,739110.2279552572,0.6026473252143173,8.144440244285297,-0.003686307452450562,0.01482531089698296,-0.00660373458046318,-0.0026716104344483215,0.006039189357500896,2024-03-22,2024-07-31,738966.0,739097.0,3.0967697283290767,0.16611780811198823,0.1629501274168635,0.4129052095378996
2024-08-26,739123.1179020505,0.2468768141888154,5.035190071966717,-0.5072867945229801,0.24202099990950848,0.018174643055690047,0.005840013047711361,0.017210807587219823,2024-04-01,2024-07-31,738976.0,739097.0,1.3852681872323043,0.6529074074542157,0.1629501274168635,0.6603703080128365
2024-09-06,739134.0021943982,0.6476762439440656,4.938349230391868,-0.17717330465211056,0.020355276671466197,0.003389450823565109,0.000604905621385605,0.0033350361429199363,2024-04-08,2024-07-31,738983.0,739097.0,1.1053128113943775,0.7876328865906553,0.1629501274168635,0.6037379811171639
2024-09-07,739135.60712446,0.8973564519017312,8.561119638118353,-0.05276672057718418,0.004259799750703013,0.0017791140552891182,0.0017682830398372833,-0.00019601508296839768,2024-04-15,2024-07-31,738990.0,739097.0,1.8087440925086324,0.25096884768018196,0.1629501274168635,0.34192930702249225
2024-09-09,739137.7225639509,0.5538976619688348,9.721006104300468,-0.17850333956237438,0.02958883073107198,0.008256166823987025,0.005831347322132065,-0.005844628220354755,2024-04-22,2024-07-31,738997.0,739097.0,1.9184736086362815,0.20420560567328178,0.1629501274168635,0.33350440004127874
2024-08-03,739100.1436157814,0.18393056953344325,3.9550108264100827,-0.04401143966014978,0.09498144348173028,-0.034034547374825454,-0.03222999580988401,0.010935162783612196,2024-04-29,2024-07-31,739004.0,739097.0,2.1530470439781877,0.12978515650225064,0.1629501274168635,0.29391538412355966
2024-09-03,739131.678081983,0.3350107607372495,14.086519194026204,-0.04710250128441364,0.045174807374730404,0.007111055661913353,0.0037250445533126074,0.00605732248626949,2024-05-06,2024-07-31,739011.0,739097.0,2.7957400049798506,0.15108359039783553,0.1629501274168635,0.2753044515918803
2024-08-06,739103.5792345608,0.9812055660793422,4.147449385643293,0.08199478354541238,0.0011964046415642831,-0.0019340334300213754,-0.001526442916083893,-0.0011876267647613653,2024-05-13,2024-07-31,739018.0,739097.0,1.6934693918430908,0.14635009916601052,0.1629501274168635,0.06578278721242019
2024-08-11,739108.5279864554,0.09619480224660751,2.9470245374431694,0.16791340921220574,-0.025801113787675495,0.05709656657843282,0.05498572406997584,-0.015381419425589158,2024-05-20,2024-07-31,739025.0,739097.0,0.9288758918916433,0.014750145862608371,0.1629501274168635,0.08190358096941018
2024-08-05,739102.6282996347,0.8495325676319565,12.446029324427478,0.03561159184298849,0.005431820283394231,0.0008213942905326087,0.0008212475728803163,-0.000015524321491040345,2024-05-28,2024-07-31,739033.0,739097.0,4.982550883974219,0.451380637352761,0.1629501274168635,0.10546977551438667
2024-08-05,739102.5767232091,0.8656193108503476,8.379523890297822,0.016447250834206815,0.006443958567986951,0.00046007087504612955,0.00036073843428014715,-0.00028553982576659824,2024-06-04,2024-07-31,739040.0,739097.0,3.22447053807782,1.4468902542265765,0.1629501274168635,0.08501995053721312
2024-08-17,739114.0595782179,0.7157041408497528,13.819334832834368,-0.040980897592795856,0.012310236165602945,-0.0006910286728366158,-0.0006481030304299715,0.0002397563109280382,2024-06-11,2024-07-31,739047.0,739097.0,3.0107130185302076,0.9226069187589315,0.1629501274168635,0.08292075153369866
2024-09-19,739147.7411824935,0.4677027897868914,8.594420768772522,-0.31515009521314474,0.05862278042805977,0.008971347675287247,0.003689123245154148,0.008177741056853368,2024-02-09,2024-08-01,738924.0,739098.0,2.056768670235188,0.355600262902943,0.0890170976783761,0.5098921372041118
2024-10-16,739174.5292105539,0.9975213903155107,10.997138143322728,-0.08948605642976283,0.002143344080852204,-0.0005274560874449148,-0.0003585224232111237,0.0003868741348778974,2024-02-16,2024-08-01,738931.0,739098.0,2.0260257971592415,0.36859388301370893,0.0890170976783761,0.4698173762674323
2024-08-14,739111.1817341839,0.2832538808654948,5.555042297308672,-0.306670729208375,0.1560687418439812,-0.027203276782498367,-0.027031126696591044,0.003055561686181059,2024-02-26,2024-08-01,738941.0,739098.0,2.2615903845156238,0.29253861958411415,0.0890170976783761,0.49526629835954117
2024-10-10,739168.769189893,0.3249304941095799,10.765479418958453,-0.5862022445526444,0.1634201017424868,0.01837587638547012,0.014537548410215038,0.011239773981479018,2024-03-04,2024-08-01,738948.0,739098.0,1.9493013620786923,0.26841977735768985,0.0890170976783761,0.45408170749139476
2024-08-18,739115.282234746,0.9483292121292646,11.68402749572436,0.006265931059127738,0.003082505264900012,0.0007969017755527175,0.0005666835765562228,0.0005602875725379971,2024-03-11,2024-08-01,738955.0,739098.0,4.141742202902012,0.3139536893561943,0.0890170976783761,0.6266454632341271
2024-08-22,739119.8757110276,0.5874057123565631,14.967454214772781,-0.12374449696159504,0.024929080572918726,-0.002769868950615398,-0.002032011552403409,-0.0018823132190159888,2024-03-18,2024-08-01,738962.0,739098.0,4.708144241894441,0.353213477535796,0.0890170976783761,0.7432286538511059
2024-08-23,739120.0702311515,0.19213863357710098,2.583721652527999,-1.1473993689030741,0.6054775988309696,-0.04698626244002424,-0.031982309096372126,0.03442151598850558,2024-03-25,2024-08-01,738969.0,739098.0,0.7909726481160063,0.9582882275302957,0.0890170976783761,0.6920184364021978
2024-08-25,739122.5154779052,0.1118102859699042,4.108898596541829,-1.2523762658970028,0.892291971083906,-0.02227567760405999,-0.021124405448496142,0.007068614232476284,2024-04-02,2024-08-01,738977.0,739098.0,1.164673136302923,1.090014803817428,0.0890170976783761,0.7029742940244302
2024-08-21,739118.412676364,0.5266141457717562,2.373586135866139,-0.2422992419267919,0.04916249555334442,0.009528934716006715,0.0010746651614518263,0.009468140874146286,2024-04-09,2024-08-01,738984.0,739098.0,0.7120014398933339,1.1446615447768391,0.0890170976783761,0.6426755788424718
2024-09-09,739137.5242110504,0.40641562328757364,14.317555370039292,-0.163637913110154,0.053464280958992506,-0.009736008065992391,-0.0065341819682420985,0.007217639438692453,2024-04-16,2024-08-01,738991.0,739098.0,2.9857415058133085,0.15587782186541554,0.0890170976783761,0.5000549956844117
2024-08-09,739106.5145459414,0.3644584402946423,5.7297611469900485,-0.09359192611164226,0.06375587511557866,-0.017472478717595823,-0.01560182328367488,-0.007865788120831845,2024-04-23,2024-08-01,738998.0,739098.0,2.3209346206676345,0.23210109277784077,0.0890170976783761,0.41683292424928275
2024-09-05,739133.0862349975,0.07288601158238042,5.151405656543322,0.6492719704476755,-0.37893982390748243,-0.0687597094222214,-0.03833131056259237,-0.05708422085289784,2024-04-30,2024-08-01,739005.0,739098.0,1.061647616464244,0.07797486858209493,0.0890170976783761,0.2086435539085989
2024-08-08,739105.4910110678,0.6327577076567473,14.836857382700112,0.0737225641951536,0.006403221314675339,0.0024239010381649595,0.0023190357050888503,0.0007052443841252671,2024-05-07,2024-08-01,739012.0,739098.0,5.960451998739131,0.11266243923488149,0.0890170976783761,0.25277321484358384
2024-08-02,739099.7720642252,0.906537170988571,4.558055860779877,0.06918176841318167,0.0026378036311474873,0.0024806464050936374,0.0007497023055987216,-0.0023646464936822906,2024-05-14,2024-08-01,739019.0,739098.0,2.7707969788113607,0.2114869485443587,0.0890170976783761,0.06117475591641377
2024-08-02,739099.4987568076,0.23531495903063543,3.3032570432974246,0.01857764978120051,0.05149582544711927,0.027793288708670753,0.02556623632135721,0.010901121850710615,2024-05-21,2024-08-01,739026.0,739098.0,2.0464724765728812,0.13198945992844036,0.0890170976783761,0.08690476693651177
2024-08-09,739106.8295582599,0.3190057313931088,9.736811611674408,-0.14647412414886316,0.0944043755693448,-0.0023964512959939207,-0.000586562421377441,-0.002323558335807125,2024-05-29,2024-08-01,739034.0,739098.0,3.26981238230953,1.2906403405896878,0.0890170976783761,0.11826482810998609
2024-08-27,739124.152619699,0.3923114266315789,6.927543343967188,-0.164138409576618,0.062238797123068755,-0.011212868105890705,-0.0017249874711011942,-0.01107938759068591,2024-06-05,2024-08-01,739041.0,739098.0,1.2753540377946138,0.31433749136954103,0.0890170976783761,0.04477175689976133
2024-08-21,739118.0191415399,0.8605318027302964,12.05735917084406,-0.0184681266332652,0.005590926592581322,0.0013466387718730096,0.0002926130871371139,-0.0013144632224401465,2024-06-12,2024-08-01,739048.0,739098.0,2.402726430571219,0.2963107466936621,0.0890170976783761,0.0616820332089202
2024-09-28,739156.8947382281,0.7307926935626706,13.030950232051318,-0.2572461825201844,0.014123311988879754,0.0012327182443338522,0.00016581127012533576,-0.001221515817586068,2024-02-12,2024-08-02,738927.0,739099.0,2.859953171432815,0.6425261976837495,0.10975299615755446,0.6993365635808872
2024-09-24,739152.0431309653,0.8502354053131327,3.273706458674865,-0.1751672300724449,0.007314643178043231,0.0012658653129626377,0.001219910305251977,0.00033798496668050945,2024-02-20,2024-08-02,738935.0,739099.0,0.7341215949318836,1.5007387495494302,0.10975299615755446,0.6716462777334153
2024-09-22,739150.2085207681,0.2893540848648107,14.704632719776548,-0.8033504529381309,0.26092013746678927,0.007027283132040053,0.006998139102267035,0.000639341319778253,2024-02-27,2024-08-02,738942.0,739099.0,3.2826056986428322,0.7306267741774595,0.10975299615755446,0.8567116617762796
2024-10-02,739160.416995076,0.7118431223867151,9.484067654913712,-0.1257959691248911,0.010752513967818865,0.002567093052252067,0.0025426615368828206,-0.00035332569645799445,2024-03-05,2024-08-02,738949.0,739099.0,1.8658833892451663,0.3143822762460113,0.10975299615755446,0.46206456217307784
2024-08-23,739120.6556180004,0.592029308546988,12.095789109757956,-0.10256544844948333,0.022717459195217827,-0.0038952181747325446,-0.003864488857292036,-0.0004883139365535556,2024-03-12,2024-08-02,738956.0,739099.0,3.905250337791478,0.2854545498095261,0.10975299615755446,0.6988268132200394
2024-10-05,739163.5542142189,0.06616898641781678,10.510269976025159,-3.413734729658528,2.633862848045163,0.06595400833774118,0.03408730496889484,-0.05646226045574503,2024-03-19,2024-08-02,738963.0,739099.0,1.8962075589093765,0.25141580278693787,0.10975299615755446,0.46725198267593804
2024-09-17,739145.5720130431,0.7523857273265093,7.701604367958343,-0.10539421983372974,0.009354169856273152,-0.002369092290967902,-0.002228942125431602,0.0008027548097644727,2024-03-26,2024-08-02,738970.0,739099.0,1.6266288167153329,0.3857292878904654,0.10975299615755446,0.4946301054543628
2024-08-14,739111.0498459148,0.3436438934051405,8.401475855749904,-0.10639512103567532,0.06805614058828945,-0.01913128333508727,-0.019060744923751392,0.0016413424380894478,2024-04-03,2024-08-02,738978.0,739099.0,3.2113630355503315,0.14550444491146866,0.10975299615755446,0.4276518711769927
2024-09-07,739135.2583219005,0.3299068438067721,12.90760570664004,-0.20614903950963243,0.08635381653160244,0.015187892701680993,0.0021926975273658107,0.015028777803642533,2024-04-10,2024-08-02,738985.0,739099.0,2.920584827541176,0.14532142600558196,0.10975299615755446,0.483590011142943
2024-08-07,739104.186172469,0.41935249805822783,9.427206975601461,-0.013360760410269611,0.03521489464693403,0.013761060606447018,0.007087079109695501,0.011795766134814036,2024-04-17,2024-08-02,738992.0,739099.0,4.61243414347748,0.11383365437202123,0.10975299615755446,0.45271532257871977
2024-09-17,739145.7201812115,0.20620904747339958,14.221767724184916,-0.3529297274255668,0.20107661956109557,-0.019860251205187224,-0.017059561542466878,0.01016862517314537,2024-04-24,2024-08-02,738999.0,739099.0,2.5901980757935585,0.14680166213290094,0.10975299615755446,0.4630068790012678
2024-08-26,739123.0382780264,0.9602695033981314,11.775013187028497,0.09379921404408284,0.0008463211701598357,-0.0007611237200037122,-0.00021215087607708214,0.0007309591800723319,2024-05-01,2024-08-02,739006.0,739099.0,2.966349185235176,0.09068003567557797,0.10975299615755446,0.27697981019913276
2024-08-19,739116.6500712906,0.5780610376890546,14.360467490725041,0.025489097856899876,0.012001670690357813,0.004095303198915254,0.003813953051030648,-0.0014917340297719032,2024-05-08,2024-08-02,739013.0,739099.0,4.046046274152782,0.11796706259621428,0.10975299615755446,0.18751536151499756
2024-08-12,739109.7602855924,0.06070012850636354,9.473997629120836,-1.004835431899197,0.9214327285645256,0.010594338433935866,0.009814157636696666,0.003990277776651544,2024-05-15,2024-08-02,739020.0,739099.0,3.1985379551447983,0.5572449360363116,0.10975299615755446,0.16977999466108418
2024-09-02,739130.6183207675,0.455534216652698,10.7271360507155,-0.20171017800959337,0.053565449871755565,-0.005238325895514412,-0.003814230798656584,0.0035905015808653283,2024-05-22,2024-08-02,739027.0,739099.0,2.0264989457106646,0.4342396318353548,0.10975299615755446,0.09359681219492998
2024-08-11,739108.1348142575,0.7622927938382529,7.481130220256964,0.003925469776905766,0.008698080335651389,-0.0022423718922039283,-0.00016035321592297307,-0.0022366310712966055,2024-05-30,2024-08-02,739035.0,739099.0,2.4768224226822717,0.395248630177287,0.10975299615755446,0.07373282484047167
2024-08-08,739105.3256459835,0.5263805732122743,4.73360856454834,0.04612093620276995,0.013013711326202097,0.008816140533229109,0.008810731033521589,-0.00030879209281460144,2024-06-06,2024-08-02,739042.0,739099.0,1.7355386628873921,0.16414595124992803,0.10975299615755446,0.058016364255058704
2024-08-14,739111.7849167829,0.6257979421954044,14.130128544662124,-0.02065143171965148,0.015880926849112093,0.0005967471094342531,0.00021802313973042647,0.000555493495155635,2024-06-13,2024-08-02,739049.0,739099.0,3.578976990176975,1.1786192751661861,0.10975299615755446,0.09041772384947568
2024-09-14,739142.4221116999,0.04296116454667521,2.0807687260991714,-11.12955413916639,9.387348788750243,0.17127435635411187,0.10102876696078225,0.13830435058558083,2024-02-13,2024-08-05,738928.0,739102.0,0.5525712319409761,1.1316258088285436,0.05469321897452693,0.6990008876025324
2024-10-21,739179.6131566914,0.32340309842292264,2.364213435620194,-2.296868834521314,0.5370548830646615,-0.06141009459758657,-0.06139503752259216,-0.001359811047179806,2024-02-21,2024-08-05,738936.0,739102.0,0.4304015568869222,1.1962897968634156,0.05469321897452693,0.6734597721637342
2024-08-22,739119.9288982433,0.8441191060036715,11.4280704482532,-0.04255366412933895,0.006002071266765889,0.0008653479539956749,0.0008579730723806515,0.00011273548045848728,2024-02-28,2024-08-05,738943.0,739102.0,4.163918490030151,0.5123198676025599,0.05469321897452693,0.7183897862174798
2024-09-07,739135.1970716107,0.20829898069240765,6.5279143421388,-0.7609718038680895,0.37968088909485964,-0.028561927592173075,-0.0265406645100375,0.010553522404684294,2024-03-06,2024-08-05,738950.0,739102.0,1.7859120068880514,0.4241738799090493,0.05469321897452693,0.6359714369479738
2024-08-16,739113.8550774102,0.01297753886042097,6.55451077393936,-9.327004639476112,9.027480253061372,0.08936778958986578,0.017912485939493697,0.08755423841051882,2024-03-13,2024-08-05,738957.0,739102.0,2.6940884616293403,0.20000349605012657,0.05469321897452693,0.55299080609316
2024-09-21,739149.1660412557,0.12141760953598116,2.1042771066251653,-7.664637482996336,4.568576931630022,0.2623387955071004,0.0353298302009951,0.2599489309962344,2024-03-20,2024-08-05,738964.0,739102.0,0.45801047799672834,1.0048405909245444,0.05469321897452693,0.6432185052207905
2024-10-04,739162.9333462971,0.12562004982891642,4.778703786102598,-3.130976420499737,1.8354646393255216,-0.0521470575529871,-0.00841031152623331,0.051464378665891375,2024-03-27,2024-08-05,738971.0,739102.0,0.8726353754693981,0.9252627203644792,0.05469321897452693,0.6532227805646772
2024-08-20,739117.0044576379,0.45598753593724195,7.260867252448647,-0.0905113887072088,0.03989495581994256,0.012236334064961723,0.001465965775507845,-0.012148202158936217,2024-04-04,2024-08-05,738979.0,739102.0,2.564211974825695,0.20475340760034746,0.05469321897452693,0.40281372487256495
2024-08-19,739116.3408746067,0.9799224518931764,3.451097439101998,-0.005912001666706362,0.0032109919272889243,0.0009963397563061503,0.0009953397578954851,0.000044628201271796864,2024-04-11,2024-08-05,738986.0,739102.0,1.2122366806338125,0.9150951224757546,0.05469321897452693,0.6034400293616381
2024-08-27,739124.2679280429,0.3321777933629851,11.265372747846074,-0.16887533049581216,0.08050089718312024,0.015731349555510022,0.004810442447088934,-0.014977817007190676,2024-04-18,2024-08-05,738993.0,739102.0,3.1808419609368306,0.15088976038113242,0.05469321897452693,0.4757008505064921
2024-09-05,739133.9985223297,0.8655449763927534,2.8135576052307987,0.08403255338637974,0.0005715543307254809,0.0014682564855489717,0.0014631313987445121,-0.00012257086670390034,2024-04-25,2024-08-05,739000.0,739102.0,0.6412998364919645,0.11975383236288065,0.05469321897452693,0.4854899541733941
2024-08-18,739115.2236908351,0.7023552027145213,6.130372547632711,0.04395569736697939,0.0057558302454095035,0.004851543615093706,0.0044182481759840846,0.0020041353508607695,2024-05-02,2024-08-05,739007.0,739102.0,2.0510631422336094,0.13592457164216687,0.05469321897452693,0.09463497359860618
2024-09-07,739135.5391960223,0.0883737315862312,2.3563746054012022,9.887326432040613,-6.768146220396579,0.3589409706158562,0.1165373116518453,-0.33949620819622367,2024-05-09,2024-08-05,739014.0,739102.0,0.48285766828479393,0.7071728188808151,0.05469321897452693,0.10730982939032464
2024-09-07,739135.7220206261,0.5839332515286219,4.412231407157643,0.2833916915216113,-0.013959273271471676,0.009546608934001739,0.004348171594145327,0.008498890864496938,2024-05-16,2024-08-05,739021.0,739102.0,0.8597810677295735,0.19351676770705778,0.05469321897452693,0.08783186656432682
2024-08-25,739122.1721900991,0.049089614293274644,9.982789198410712,-2.2891433440803017,2.0088549157317552,-0.024396707279536876,-0.004988838836934613,-0.023881181150489608,2024-05-23,2024-08-05,739028.0,739102.0,2.4480705854231872,0.40490680529602874,0.05469321897452693,0.10946055421255875
2024-08-29,739126.2153197889,0.06822629940013371,2.951982371464091,-1.4964626109913342,1.2785214756790295,-0.05870992086820248,-0.017037225456456435,0.05618351855390041,2024-05-31,2024-08-05,739036.0,739102.0,0.6179171364643448,0.5033088749476384,0.05469321897452693,0.0648520911045505
2024-09-01,739129.7966248498,0.05062885102600469,4.9762145643838505,-2.841328686087242,2.43792222718284,-0.043935723401678096,-0.028921868513940834,-0.033073755645391736,2024-06-07,2024-08-05,739043.0,739102.0,0.90180092110373,0.5645482156822873,0.05469321897452693,0.05314602847737618
2024-08-23,739120.7626878722,0.45504680640700046,13.666263580204598,-0.11227113834336734,0.042069275608542595,0.006036505449349296,0.0037912745842599905,-0.004697407270693906,2024-06-14,2024-08-05,739050.0,739102.0,2.8872999658510583,0.23205221328963357,0.05469321897452693,0.07031907613995339
2024-10-29,739187.5149939421,0.7566217791887007,8.942660584783866,-0.24300017646318856,0.0101121778685459,0.0013038490199149175,0.0002500254098390503,-0.0012796521250589585,2024-02-14,2024-08-06,738929.0,739103.0,1.5912495389564756,0.6561898158297017,0.09606701841759513,0.6083892374885154
2024-10-16,739174.3815248145,0.7066196454045118,12.311404134112179,-0.24622500180018056,0.013893775093161104,-0.0024234485529674053,-0.0022601738532116848,0.0008744810130231843,2024-02-22,2024-08-06,738937.0,739103.0,2.354498015073036,0.32905203395891136,0.09606701841759513,0.47372703199502636
2024-10-19,739177.9155651424,0.045034967708327496,7.549350701856151,-7.459913392701026,6.144325087425831,-0.05049932913462743,-0.048606387777839793,-0.013696762764890739,2024-02-29,2024-08-06,738944.0,739103.0,1.3680449069504743,0.7258198339718871,0.09606701841759513,0.7004312294927951
2024-09-22,739150.0825146248,0.4962216465104735,11.488782472672302,-0.2697863015240417,0.04525915450751066,-0.00872894377135758,-0.00797710093982852,0.0035440541699174456,2024-03-07,2024-08-06,738951.0,739103.0,2.63635863399698,0.22394761386105935,0.09606701841759513,0.43316197134205475
2024-10-12,739170.5864746976,0.8592452896496849,12.97389036849006,-0.1098129641341098,0.004502515269548456,0.001329666804561004,0.0009603528811498562,-0.0009196391438051347,2024-03-14,2024-08-06,738958.0,739103.0,2.3662062579179115,0.22426386572359588,0.09606701841759513,0.36582333147792157
2024-10-02,739160.5667853766,0.23519896986418615,12.077711325004715,-0.8084818997145027,0.32467659840014673,0.03049657124883452,0.030288405753062256,0.0035571526356209917,2024-03-21,2024-08-06,738965.0,739103.0,2.350799941524291,0.20732455569898314,0.09606701841759513,0.38223408256074765
2024-09-29,739157.0926234453,0.4652608549416678,11.95381165021144,-0.26379415361558184,0.049197536919908365,0.009866587364196927,0.006276187112402891,-0.007613082263146663,2024-03-28,2024-08-06,738972.0,739103.0,2.3403867271923207,0.19407361716937757,0.09606701841759513,0.3610279662173219
2024-10-03,739161.9467254805,0.2820986632807663,11.969299047551498,-0.600631722569009,0.20402481097889888,0.02283620911354924,0.021452701359513087,-0.007827774336124844,2024-04-05,2024-08-06,738980.0,739103.0,2.147056803870316,0.21056747212656718,0.09606701841759513,0.36716664826063283
2024-08-21,739118.3261954364,0.051171696302031236,14.968363645987667,-1.5778358794824634,1.4090267898615643,-0.05364004429296712,-0.052117664991794724,0.012688709451891825,2024-04-12,2024-08-06,738987.0,739103.0,5.117444655438193,0.08980191766867479,0.09606701841759513,0.4865847271972458
2024-08-30,739127.7132851395,0.16365108398626796,11.776288638970843,-0.49266898287635746,0.3240100070637494,0.029382311822758748,0.003408428505719289,0.029183948724790975,2024-04-19,2024-08-06,738994.0,739103.0,3.1644105716266133,0.15324379720274228,0.09606701841759513,0.49473546244358735
2024-08-08,739105.8137856269,0.16272277418571027,14.292039634995284,-0.07730512302391879,0.12208846364578098,-0.01934648485585825,-0.008183786609406631,-0.017530319820518083,2024-04-26,2024-08-06,739001.0,739103.0,8.228893373241972,0.07184998614111249,0.09606701841759513,0.43118174284182426
2024-08-22,739119.5955651427,0.999646286905,14.04069266782996,0.08499245189750566,0.000932086328330698,0.0007980405308692683,0.0005765928472796168,-0.000551733067140341,2024-05-03,2024-08-06,739008.0,739103.0,4.258666571636229,0.08315512349647612,0.09606701841759513,0.24100032884030514
2024-09-18,739146.1631158161,0.9941561716385254,13.13554632077804,0.0032327714724378663,0.0017851912364024638,-0.0005920654879165322,-0.0005660225168963176,-0.00017366649748353633,2024-05-10,2024-08-06,739015.0,739103.0,2.323594304690431,0.2282030646682965,0.09606701841759513,0.14000527522003506
2024-08-29,739126.0145060311,0.1730042030564292,5.178180008490212,-0.2633586223564985,0.19780296037076278,-0.028019447628336344,-0.02363677660077779,-0.015046336342180009,2024-05-17,2024-08-06,739022.0,739103.0,1.2431267951805458,0.23585914953022746,0.09606701841759513,0.0819101552995737
2024-08-19,739116.3521497668,0.614810693766154,8.110987767849549,-0.03109274205635843,0.01646145180384283,-0.0038034206963948615,-0.00219154571951549,0.0031085585651613686,2024-05-24,2024-08-06,739029.0,739103.0,2.424666189210098,0.3280661604182881,0.09606701841759513,0.08518658848625116
2024-09-01,739129.1591321747,0.2516325058660905,8.431836125178409,-0.37983510272671867,0.18748240125278384,0.01701146062300447,0.006834024299266365,-0.015578379389560021,2024-06-03,2024-08-06,739039.0,739103.0,1.6605220282754658,0.3288997082531009,0.09606701841759513,0.06812986762577876
2024-08-21,739118.3165719172,0.4053925856071582,7.671735206415416,-0.049113096283140506,0.037940075020949926,0.010785628133602726,0.010265943908274188,0.0033075927664285884,2024-06-10,2024-08-06,739046.0,739103.0,1.8951275917034611,0.18588097404355836,0.09606701841759513,0.06156999299782215
2024-08-07,739104.3227312729,0.6604605095550985,5.773149729217055,0.06608831935946514,0.005124591058958332,-0.006663597968737298,-0.006238658945617706,-0.0023415107194339336,2024-06-17,2024-08-06,739053.0,739103.0,3.3614627098408283,0.08798010205005827,0.09606701841759513,0.037066397214012906
2024-10-18,739176.3536535193,0.35349468586832106,6.264973419406984,-0.7939591352851105,0.17656534451003142,-0.01059565939643645,-0.010595610117251261,0.000032315452878946636,2024-02-15,2024-08-07,738930.0,739104.0,1.2216509066883723,0.9402452185597522,0.0939031008840023,0.671802464987132
2024-10-15,739173.2619136582,0.1052054614277669,10.830687111491915,-2.5685270910423506,1.6630666761993775,0.05147859145011647,0.00609475576682352,0.05111652697348266,2024-02-23,2024-08-07,738938.0,739104.0,2.1078178653752744,0.3138089183987807,0.0939031008840023,0.5436235856213114
2024-10-14,739172.4458853889,0.015332260736742546,6.156501147988032,-22.73888523467026,21.29716627448657,-0.062193161192848484,-0.044553106700002114,0.043393662930638406,2024-03-01,2024-08-07,738945.0,739104.0,1.1766564935446193,0.8528083049061193,0.0939031008840023,0.6989413103408398
2024-08-07,739104.1617228562,0.8255553578534864,14.34051060980626,0.011664551896588604,0.006249774926950328,-0.0004380925367673022,-0.00013433861774341926,-0.00041698705801738914,2024-03-08,2024-08-07,738952.0,739104.0,15.62691846599369,0.8212589355419477,0.0939031008840023,0.8117037865685383
2024-09-02,739130.0484187796,0.30594034677051535,11.225661834213787,-0.3675194594403644,0.1439758039011766,0.01932480677723959,0.017975591308192405,-0.007094101359473433,2024-03-15,2024-08-07,738959.0,739104.0,3.3623994511055404,0.2030482034540331,0.0939031008840023,0.5963698165059261
2024-09-05,739133.172853317,0.7822180692077862,10.492797552083152,-0.008276873850857099,0.005593621176595214,-0.0024457904100960697,-0.0019051692715216458,0.0015336951382095405,2024-03-22,2024-08-07,738966.0,739104.0,2.9154349776885717,0.17049449593106222,0.0939031008840023,0.40039285118007467
2024-08-24,739121.8628284,0.3561546204054991,10.233827976222642,-0.14556080561420429,0.06964829750100546,0.016884312944069467,0.016878980839950583,0.00042429871299931615,2024-04-01,2024-08-07,738976.0,739104.0,3.4203150121296564,0.14355806046925204,0.0939031008840023,0.4678213281263342
2024-09-01,739129.3019756642,0.5059392883031527,8.572882895468679,-0.10675046269879004,0.031146566651463557,0.009251725116332108,0.007233973266762934,-0.005767499319803131,2024-04-08,2024-08-07,738983.0,739104.0,2.3942652125197257,0.19868220624446395,0.0939031008840023,0.38577625734476656
2024-09-02,739130.3098776542,0.4835817986552141,4.415116555876178,-0.13465498346203697,0.037399203640401765,0.0027483737029199433,0.0007941959828677424,-0.002631123477090845,2024-04-15,2024-08-07,738990.0,739104.0,1.1762350986683017,1.4904394708529947,0.0939031008840023,0.645694542607962
2024-08-17,739114.0206289485,0.4834512813517867,12.910756193418283,-0.013490811884497493,0.023922757717031236,0.010372899270687694,0.0070828902318296515,-0.007578238927592965,2024-04-22,2024-08-07,738997.0,739104.0,5.050117160624033,0.08635989725413425,0.0939031008840023,0.3928569930052308
2024-09-22,739150.3361845064,0.6362399787443117,3.992682477692281,0.3564721757309845,-0.014934266375486996,0.007162641485583934,0.007162529908830806,0.000039979446121625235,2024-04-29,2024-08-07,739004.0,739104.0,0.7307628956765398,0.3322514314231014,0.0939031008840023,0.34045532493012853
2024-09-19,739147.1471794301,0.46904024008992395,7.666542521786882,-0.00937861170524204,0.017693973709589052,-0.009998572470587599,-0.008657136876286728,-0.005002542608996817,2024-05-06,2024-08-07,739011.0,739104.0,1.402118944800432,0.10826745636140299,0.0939031008840023,0.10846404832754912
2024-08-30,739127.2423207595,0.00396248418500167,5.768970146058406,-18.144896618132453,17.984495622877976,0.061376039975415915,0.061276852691686985,-0.003487923058948724,2024-05-13,2024-08-07,739018.0,739104.0,1.4209388590642322,0.20126518130142604,0.0939031008840023,0.09769260769291754
2024-09-09,739137.820395024,0.9186084351148005,3.7598268622460425,0.28493728035897675,-0.0038112556246463255,-0.0028410991994392044,-0.00027856443097183556,-0.0028274098604290487,2024-05-20,2024-08-07,739025.0,739104.0,0.7209063035107215,0.3277511794065994,0.0939031008840023,0.08811549638930112
2024-09-10,739138.036457295,0.006728167505479112,8.477802244579678,-20.50609065236575,20.06700973091072,0.054099816152645655,0.05386170118588272,0.005070232057089736,2024-05-28,2024-08-07,739033.0,739104.0,1.5204749343041717,0.29437463455354224,0.0939031008840023,0.06340597122344695
2024-08-26,739123.222096545,0.845483480174511,11.605616986977136,-0.03476241594348795,0.006404676379901723,-0.0007217765839008271,-0.00008053719966767792,-0.0007172692636222725,2024-06-04,2024-08-07,739040.0,739104.0,2.706824426319539,0.6464445740133937,0.0939031008840023,0.08764523806548338
2024-08-23,739120.188032594,0.5275647169746801,7.043607088807543,0.008007149145253108,0.01519559030284934,-0.007100912222745521,-0.0030052722754113632,-0.006433606527118404,2024-06-11,2024-08-07,739047.0,739104.0,1.6913571450612905,0.1602817414482477,0.0939031008840023,0.0511987863696382
2024-08-20,739117.7621579956,0.15683740459689147,7.767235540095953,-0.16811698722370708,0.15950650846917694,0.025506037487835396,0.0242333149970059,0.007956405758051404,2024-06-18,2024-08-07,739054.0,739104.0,1.8953785553446383,0.12627535162388898,0.0939031008840023,0.060392477154628345
2024-08-10,739107.2337238253,0.47161098518116884,5.9176481502790885,-0.04112110300683666,0.0350237269314586,-0.012759338531675336,-0.0032532553502402886,-0.012337627380984883,2024-02-16,2024-08-08,738931.0,739105.0,4.114015482242686,0.2187605320397877,0.10628216100855274,0.486666061659766
2024-10-19,739177.6245871582,0.5277635094366652,4.361897786691648,-0.5753342895189802,0.059853452056893616,0.005853021017582909,0.005834936227412741,0.0004597545587524293,2024-02-26,2024-08-08,738941.0,739105.0,0.8199899217680063,1.2372942492026684,0.10628216100855274,0.6680279577292962
2024-10-14,739172.469909111,0.5906392739834648,13.557496470701597,-0.302919654022869,0.027899828892989503,-0.004715632668295373,-0.0038038640435945946,0.002787079080353251,2024-03-04,2024-08-08,738948.0,739105.0,2.5937359488570855,0.25775339460519336,0.10628216100855274,0.45620796607226444
2024-09-14,739142.6396422067,0.7602737237931021,3.719239618397426,-0.17575151632065264,0.011934866567569046,-0.0023031339855730322,-0.0010364776743611776,0.002056730460233514,2024-03-11,2024-08-08,738955.0,739105.0,0.9509237602764876,1.0592883243840205,0.10628216100855274,0.6547157598144857
2024-09-01,739129.3447573588,0.3917945524192815,8.09036255360322,-0.20610768546253352,0.07037695866432887,-0.01586252868024294,-0.015372289662880113,-0.003913122366095775,2024-03-18,2024-08-08,738962.0,739105.0,2.4821983315812766,0.21485649349082764,0.10628216100855274,0.4243702126944947
2024-08-23,739120.2315222642,0.7534196443959278,8.223542547342472,0.014974203780682677,0.006394622228143119,-0.003123461908411942,-0.003110456001894508,-0.00028474155576382453,2024-03-25,2024-08-08,738969.0,739105.0,3.004318212662331,0.18756710481913838,0.10628216100855274,0.38098976794284306
2024-09-15,739143.0731101357,0.019155088413018054,10.257563901932572,-8.108960407593598,7.599495873920616,-0.07675941867637906,-0.0382224806935056,0.06656613497244859,2024-04-02,2024-08-08,738977.0,739105.0,2.4046035191037367,0.1848813212670582,0.10628216100855274,0.4309078681470854
2024-08-09,739106.4333432612,0.8632541661370594,5.758733607562297,0.04121876319375906,0.004454682842358257,-0.0025806861225740082,-0.002234410547048304,-0.0012912592189352875,2024-04-09,2024-08-08,738984.0,739105.0,4.076323584861724,0.2587577086622752,0.10628216100855274,0.39429800486249356
2024-09-17,739145.3882161753,0.2267862499794409,9.270297726318388,-0.6892491841592333,0.3100463701459818,-0.030992366573561258,-0.02014085970475474,-0.02355573297911538,2024-04-16,2024-08-08,738991.0,739105.0,1.9784298233568711,0.2447343607231297,0.10628216100855274,0.4167507760298487
2024-09-24,739152.7195492543,0.8414618004810321,10.122246665936595,-0.091318393778509,0.0054221673991005255,-0.0018818413459608487,-0.0014709857641228817,0.0011736812740755305,2024-04-23,2024-08-08,738998.0,739105.0,1.894982327409193,0.23952310022201537,0.10628216100855274,0.33942994990406583
2024-09-23,739151.8018282945,0.7473901269090705,13.15372236283242,0.02158045589447039,0.004170692580062074,-0.0019667476166554663,-0.00007126538384409528,-0.001965456036823393,2024-04-30,2024-08-08,739005.0,739105.0,2.3931852474782636,0.12049200534226762,0.10628216100855274,0.2852642452172585
2024-08-17,739114.2282396392,0.26102412372025957,8.276405172539636,-0.0698177337997892,0.07830699276690947,-0.018992065755399697,-0.018985862711628384,0.0004853645564158434,2024-05-07,2024-08-08,739012.0,739105.0,3.167860563074133,0.13003709047762266,0.10628216100855274,0.18397490433148372
2024-08-09,739106.6954487556,0.024845023625534875,12.860118609703406,-1.4392813243583182,1.4538428027821446,-0.015103331648777625,-0.014583921657648656,-0.003926812444787036,2024-05-14,2024-08-08,739019.0,739105.0,8.076322670794903,0.1859683902163872,0.10628216100855274,0.19496671538729976
2024-09-08,739136.9473392828,0.1658461992334355,5.991696491664836,-0.4018197697040527,0.2679698853133766,-0.02583878329419706,-0.006515905952673333,0.02500371355899745,2024-05-21,2024-08-08,739026.0,739105.0,1.1872104118565472,0.28705799538588783,0.10628216100855274,0.0821794949373491
2024-08-09,739106.4112433528,0.35259292526335556,2.0556257064366155,0.045394950464050274,0.028012879177121877,-0.01790911437761845,-0.017494851717715882,0.0038296920458117142,2024-05-29,2024-08-08,739034.0,739105.0,1.2883320250174426,0.2682953785441793,0.10628216100855274,0.0869599971033266
2024-08-21,739118.033144294,0.8630632058391154,3.9234481700588453,0.05617996382284411,0.002736745051640842,-0.0019404249210353568,-0.0004259096108676854,-0.0018931058812294691,2024-06-05,2024-08-08,739041.0,739105.0,1.1094607839688273,0.3102502785906877,0.10628216100855274,0.054267883293286766
2024-08-18,739115.22135922,0.6993587598113434,3.615193790367364,0.03428239302617062,0.007537035100010835,-0.004187953897391262,-0.004166504081709504,-0.0004233220804218732,2024-06-12,2024-08-08,739048.0,739105.0,1.0837272242505698,0.34815054733785367,0.10628216100855274,0.05285900510530382
2024-08-10,739107.6520815503,0.2985262291917004,9.339365642784815,0.03391983564619876,0.027968209971920607,-0.0192414960516877,-0.013255944772460834,-0.013946866977804784,2024-06-20,2024-08-08,739056.0,739105.0,4.4134160159474245,0.046461256641965064,0.10628216100855274,0.05071462300756233
2024-09-28,739156.6372778096,0.36537985612085194,4.536838446240366,-0.6254495822390743,0.14888254743565835,0.011954653186302464,0.011954653162247695,7.583751329417334e-7,2024-02-20,2024-08-09,738935.0,739106.0,1.066016662051197,1.0029934468888255,0.08847273185110639,0.6888270963526746
2024-10-25,739183.6026220045,0.276820176406156,13.809942042664476,-1.0263604083645799,0.31123357909595883,0.021850586163552947,0.002876083660179697,-0.021660476875417566,2024-02-27,2024-08-09,738942.0,739106.0,2.496163198842761,0.28551520429583355,0.08847273185110639,0.49945545415701953
2024-10-19,739177.1007938803,0.2741958337187081,14.503345534795839,-0.9180718288486257,0.29146125892880137,0.021286640099889186,0.0035992290293391706,0.020980147691009532,2024-03-05,2024-08-09,738949.0,739106.0,2.6907358421149543,0.258860852232291,0.08847273185110639,0.5430883759137921
2024-09-02,739130.5014582329,0.5659306323682533,7.754615446666213,-0.09658002274886705,0.023243641093504835,-0.006790061491202376,-0.002288623796167988,0.006392740896823761,2024-03-12,2024-08-09,738956.0,739106.0,2.4229533093638946,0.24982355808527226,0.08847273185110639,0.4216600738092619
2024-10-17,739175.5522447395,0.4500853224318958,6.578556925493965,-0.5482441810006077,0.08328500330429439,-0.006859362055062764,-0.00031718069337178064,-0.006852024825567031,2024-03-19,2024-08-09,738963.0,739106.0,1.1696247819692442,0.8307058983064578,0.08847273185110639,0.6737807635905365
2024-09-07,739135.0615514416,0.6630441114419948,10.138943001096886,-0.03436076871923393,0.010896705334329218,0.004289802021633995,0.0026072068174995892,0.0034065927252312934,2024-03-26,2024-08-09,738970.0,739106.0,2.8027749560661506,0.16611455927130492,0.08847273185110639,0.3896637958641276
2024-09-14,739142.6911532994,0.2889940087879124,13.186064095976452,-0.33357733925611793,0.13635445248264355,-0.018937218925533735,-0.016970863408924723,-0.008402859976770588,2024-04-03,2024-08-09,738978.0,739106.0,3.1511649378269646,0.157807187902797,0.08847273185110639,0.48653611858772855
2024-08-26,739123.0111377978,0.7683104256273903,14.45263101534508,0.040249000633364826,0.0045398442258102936,0.0026729207130326425,0.0005781707435425644,0.002609640536447573,2024-04-10,2024-08-09,738985.0,739106.0,4.815406765238542,0.09029104641692152,0.08847273185110639,0.40306122800750144
2024-08-12,739109.8937091101,0.6534878524412534,5.770813507624991,-0.005447655239361235,0.013668198471648246,-0.006168344035312279,-0.004601521830050565,-0.004107854060886374,2024-04-17,2024-08-09,738992.0,739106.0,3.1323133143554815,0.2509245578330846,0.08847273185110639,0.4317629760749191
2024-08-09,739106.8515538743,0.7777757688304106,13.866802066926535,0.074397822909197,0.003613855570590084,-0.0025519698442614935,-0.0021571698943595352,0.0013635131583116104,2024-04-24,2024-08-09,738999.0,739106.0,10.684931590033573,0.07942794856663073,0.08847273185110639,0.41957751069763477
2024-09-03,739131.4213553778,0.5423927653460002,3.9097791832051696,0.26010663176470983,-0.01640192127224565,0.012269465632798807,0.0005481823379305775,-0.012257213510370603,2024-05-01,2024-08-09,739006.0,739106.0,0.993183636067899,0.18545166321693668,0.08847273185110639,0.12929303526799257
2024-08-20,739117.0319357981,0.5556471976604339,10.210332662472474,0.020374711948977834,0.013719540634633052,0.003864982163091724,0.0032759877487522904,-0.0020508513819977505,2024-05-08,2024-08-09,739013.0,739106.0,3.646399264205564,0.19317517424883623,0.08847273185110639,0.2035245746186227
2024-09-04,739132.7473701424,0.3463497347584595,5.102164045458851,0.0014394359003158507,0.030162475351190415,-0.01502398061647309,-0.012367583761243422,-0.008530115208646782,2024-05-15,2024-08-09,739020.0,739106.0,1.168285180057035,0.13628322645934515,0.08847273185110639,0.10342864082701038
2024-08-24,739121.4807428811,0.9751035247448978,6.897941116074419,0.042118455519571184,0.0019801006108182404,-0.0010515609270871247,-0.0005722277747523327,-0.0008822333915570905,2024-05-22,2024-08-09,739027.0,739106.0,1.985774668474915,0.2661852955129926,0.08847273185110639,0.0695065350819719
2024-09-01,739129.2171922873,0.8971004954050952,13.82035158678692,-0.03180876911653462,0.004718510016367387,-0.0003591480090104815,-0.00019499052471549144,0.0003016056823857439,2024-05-30,2024-08-09,739035.0,739106.0,3.080969047261597,0.8528122363090365,0.08847273185110639,0.10023922927694641
2024-08-30,739127.9708830476,0.6652086148132456,11.41483585414572,-0.053272045969851314,0.013274708402834429,0.0023835901730346787,0.0002552733595944212,-0.002369881352487689,2024-06-06,2024-08-09,739042.0,739106.0,2.4785443035413124,0.324549988408417,0.08847273185110639,0.08122211031203125
2024-08-14,739111.0016351285,0.4227431834901313,14.568321402287076,-0.009343590457143626,0.031712884964541034,-0.0024102519304106296,-0.0021020851858434045,0.001179216790715713,2024-06-13,2024-08-09,739049.0,739106.0,5.836885334839708,0.381803945668219,0.08847273185110639,0.1044707167670331
2024-08-12,739109.0665106406,0.45065368499984204,3.489902169524729,0.04927220025083303,0.016351265101490712,-0.011933374992268049,-0.0054478741862313195,0.010617255085806448,2024-06-21,2024-08-09,739057.0,739106.0,1.5729822331440266,0.17693662768092572,0.08847273185110639,0.053585112874135456
2024-08-27,739124.3395881347,0.7095859168435606,13.337124870239967,-0.09644479169644149,0.013372329752731157,-0.000688086355237179,-0.0006834560650656921,0.00007969089903185775,2024-02-21,2024-08-12,738936.0,739109.0,5.323250799568751,1.033967532511222,0.13968434579971498,0.8880928777330509
2024-09-03,739131.9247976616,0.08828425474517922,3.1423719776060706,-2.2172577999944014,1.6496235221642475,0.055719050023724376,0.00034510647494573256,-0.05571798127236162,2024-02-28,2024-08-12,738943.0,739109.0,1.054826526224003,0.8317767932166626,0.13968434579971498,0.7686896773230613
2024-10-10,739168.0274183982,0.03935099243050023,6.724927224827291,-6.981528859201635,5.9471067912027396,0.04465397236807529,0.005406147652198635,-0.044325509763695405,2024-03-06,2024-08-12,738950.0,739109.0,1.3984811410046063,0.7793162618040992,0.13968434579971498,0.7957990214393867
2024-08-23,739120.6014493537,0.9942963844403048,8.834975482661275,0.04918720858207752,0.0017367310569892337,0.0009951089813566016,0.000992078113729346,-0.00007760735168652707,2024-03-13,2024-08-12,738957.0,739109.0,3.721046440397716,0.19641399816637736,0.13968434579971498,0.40458760181387576
2024-09-25,739153.9810466095,0.2207230495591022,14.335829136357583,-0.7450414196489505,0.33332721989581793,-0.024528415889659358,-0.005083270863183636,-0.02399590680486159,2024-03-20,2024-08-12,738964.0,739109.0,3.2870885898656486,0.20923105773460965,0.13968434579971498,0.6384075860914021
2024-09-24,739152.065485635,0.14633941648709461,5.332939054527861,-1.2960280135165294,0.7547737882815484,-0.020694012118971067,-0.020292057291544055,-0.004058885124860661,2024-03-27,2024-08-12,738971.0,739109.0,1.2189407302686706,1.0008449656819083,0.13968434579971498,0.7511795624229723
2024-08-12,739109.339444202,0.8630495225111341,12.955866354222739,0.06983961602794497,0.002758251211398221,0.0019936534221147387,0.0008832826676976358,-0.0017873068277312538,2024-04-04,2024-08-12,738979.0,739109.0,12.270053677660565,0.09216232287778714,0.13968434579971498,0.4215047326241897
2024-09-22,739150.9253042684,0.5619151653729885,13.098597322005984,-0.07662773441093076,0.01834186988922551,-0.005759528587019089,-0.00385840298794268,-0.004276084181505913,2024-04-11,2024-08-12,738986.0,739109.0,2.855220510709318,0.1366163355961348,0.13968434579971498,0.40918375503686705
2024-09-04,739132.1759162756,0.20052043800308456,9.076522957997701,-0.41257633266677646,0.24554553298252352,-0.032061452248330756,-0.009640328914644876,0.03057778243577279,2024-04-18,2024-08-12,738993.0,739109.0,2.5895786619791954,0.16919517801674025,0.13968434579971498,0.4469194636539724
2024-09-29,739157.154295359,0.9871320009748257,7.485506302828017,0.00653620198287903,0.0015365001753336125,-0.000538033406033772,-0.0005379689200954078,8.329887135033161e-6,2024-04-25,2024-08-12,739000.0,739109.0,1.4091562347368114,0.3765974920008959,0.13968434579971498,0.42188175393732086
2024-08-13,739110.9150787226,0.4932011581001555,13.738610585883807,0.06843032350151503,0.010319003732766131,-0.005092775176530653,-0.004837651173365311,0.0015916941048844952,2024-05-02,2024-08-12,739007.0,739109.0,8.732747844423537,0.07273853318287331,0.13968434579971498,0.2952096620092486
2024-09-26,739154.7916505255,0.040902556439771594,11.330601998056755,-2.911060784890549,2.5440463694034086,-0.04628582841025956,-0.030402943119592463,0.034900414915740134,2024-05-09,2024-08-12,739014.0,739109.0,2.0254533001156223,0.19841497639759934,0.13968434579971498,0.12403345784988426
2024-09-12,739140.5202850237,0.12344968213755061,14.499833529623226,-0.8576379403417855,0.594298291206662,-0.011909440817939208,-0.005842551605344367,0.010377830762490034,2024-05-16,2024-08-12,739021.0,739109.0,3.075855915929525,0.4248543514634014,0.13968434579971498,0.15801736057730945
2024-08-25,739122.8805194544,0.6088873489326826,4.303338222309463,0.056551610201057666,0.006209823930412329,0.005323934734745341,0.005153311204008304,-0.00133703578653319,2024-05-23,2024-08-12,739028.0,739109.0,1.3164635186032898,0.16503575087169195,0.13968434579971498,0.08408914753235269
2024-09-16,739144.6509966642,0.40636864262350303,7.364343679700189,-0.1904225023282698,0.05745332073194501,-0.009059649808728344,-0.006601771865035135,0.006204342261579552,2024-05-31,2024-08-12,739036.0,739109.0,1.3061142450301138,0.34993700051626364,0.13968434579971498,0.05888446595066422
2024-08-14,739111.837669651,0.3317757324213733,6.963110600427968,0.00676505354018731,0.03778129478501896,-0.014397106119695672,-0.014320285962002827,0.00148528602910123,2024-06-07,2024-08-12,739043.0,739109.0,3.533835598294141,0.12503826954010983,0.13968434579971498,0.0897449805701184
2024-09-02,739130.9620251161,0.8420478166626841,6.437090131206308,0.02983618211776823,0.0032099893290607577,-0.0017732314428414683,-0.0017716231529170596,-0.00007550598605310573,2024-06-14,2024-08-12,739050.0,739109.0,1.3366227931319443,0.23680197985693552,0.13968434579971498,0.05370441748996506
2024-08-12,739109.9111122334,0.23283962973738254,5.3218034597352,0.062476628960993305,0.020587052951975996,-0.019516854286101802,-0.01143896355950431,0.015813213269581322,2024-06-24,2024-08-12,739060.0,739109.0,3.3907882100291333,0.046151139700424046,0.13968434579971498,0.061605341796643606
2024-09-15,739143.8617288911,0.9581705386386112,4.4732323879623515,-0.008731927207667413,0.0025596096832275796,0.0005791564677498121,0.0002839747547331292,-0.0005047579150550274,2024-02-22,2024-08-13,738937.0,739110.0,1.2884388610199438,0.9466712463808948,0.5352715467124481,0.9142682388181326
2024-10-02,739160.4490736321,0.661272702157213,8.164967533542145,-0.12202978475958776,0.014114638752990937,0.003035104012210101,0.0028074109318232216,-0.0011533864160867,2024-02-29,2024-08-13,738944.0,739110.0,1.8925726221712498,0.3766364272074409,0.5352715467124481,0.7967182474404956
2024-10-21,739179.2655637471,0.7404677997416215,5.677722492895028,-0.19028391258980287,0.010429222337385791,0.001496301142828725,0.0014903898703941027,-0.0001328726618127215,2024-03-07,2024-08-13,738951.0,739110.0,1.0776437168648916,0.9090021992584935,0.5352715467124481,0.9057546788536102
2024-10-01,739159.9414154239,0.8306156527134263,2.4988375282494375,-0.10814995953661959,0.007649320765297479,-0.002724681020653581,-0.0021986604058619325,0.0016092790572193756,2024-03-14,2024-08-13,738958.0,739110.0,0.5556406858945264,0.9331883269825443,0.5352715467124481,0.8500151964515683
2024-10-01,739159.3092115729,0.11072909987594806,9.268145719222794,-1.6016125171726712,1.0698957877329371,0.052402125279965815,0.013829474038731302,-0.050544320963578984,2024-03-21,2024-08-13,738965.0,739110.0,2.022823929298184,0.24392790886979826,0.5352715467124481,0.731043999200118
2024-08-28,739125.6851132095,0.30599261356543855,14.66323037156713,-0.1354227993183786,0.08559868982566103,-0.020698349690183294,-0.020607939089300177,0.001932492273931443,2024-03-28,2024-08-13,738972.0,739110.0,5.326013922116742,0.0863003749932493,0.5352715467124481,0.7819004804907619
2024-08-27,739124.6374597747,0.6533363968120486,14.357737781739905,0.04827081528448773,0.007410426261240587,0.004559352854040965,0.001725039402141478,0.00422041911529067,2024-04-05,2024-08-13,738980.0,739110.0,5.234367296686673,0.07395896443492049,0.5352715467124481,0.6330081485692096
2024-10-10,739168.1570514123,0.5110935693078592,8.417474981827182,-0.17760954931041817,0.03181230300444993,0.003944570903632433,0.000037370079435147285,0.003944393881313953,2024-04-12,2024-08-13,738987.0,739110.0,1.522170596191369,0.4896817581468002,0.5352715467124481,0.8111293159480878
2024-10-08,739166.0498733713,0.8311912285807845,2.8274204115855213,0.3009834912882056,-0.003050164790910158,-0.0022552189143527994,-0.0015846144171535953,0.001604683613863989,2024-04-19,2024-08-13,738994.0,739110.0,0.5046918113535925,0.3975988878289998,0.5352715467124481,0.8031566364039168
2024-09-27,739155.2866360279,0.7432652079174317,8.413748592773981,0.006167254292019082,0.0050287124098875235,0.002143609564209963,0.0009299516670115404,0.0019313859947703053,2024-04-26,2024-08-13,739001.0,739110.0,1.6414563511747433,0.20723608834903498,0.5352715467124481,0.5185028447297912
2024-09-24,739152.6395501946,0.613254325086725,9.351681453157966,0.04210308167543543,0.006368909801899705,0.0045161615487402445,0.003461985127767438,-0.002900064500909757,2024-05-03,2024-08-13,739008.0,739110.0,1.817983740960582,0.0924797281357419,0.5352715467124481,0.3264748174008607
2024-09-28,739156.7817991461,0.2976749185884671,5.569641562359737,0.7258496069179494,-0.15792092882896197,0.034931344362112954,0.011179593579723745,0.03309404034470133,2024-05-10,2024-08-13,739015.0,739110.0,0.9828758154940463,0.2416236197988507,0.5352715467124481,0.20523215915067378
2024-09-20,739148.4372684283,0.27967052617762495,6.012335024631529,0.21470826057594986,-0.023636051022280252,-0.026562064590806327,-0.023698382815632295,0.011997079946800023,2024-05-17,2024-08-13,739022.0,739110.0,1.139390256732326,0.04139201961181257,0.5352715467124481,0.21550740109717514
2024-08-19,739116.867764149,0.8969964445500074,8.372465681566876,0.07956887464064975,0.002208739093535478,-0.0013743619546621208,-0.0012567431510252306,-0.0005562979730089443,2024-05-24,2024-08-13,739029.0,739110.0,3.396584234359575,0.17217918158285136,0.5352715467124481,0.2992137165078718
2024-08-22,739119.8888488862,0.06322347641690729,2.8186224046874426,0.4223106292859891,-0.22105403659065898,0.07734968120713459,0.07731024602671495,-0.0024696238851608116,2024-06-03,2024-08-13,739039.0,739110.0,0.9428035094112425,0.06410344863701978,0.5352715467124481,0.19726384778159012
2024-08-23,739120.5744444045,0.30533725967891195,2.387769529534526,0.468171748077744,-0.10682848428444378,-0.04458761862724136,-0.010299779978151166,-0.04338168124047289,2024-06-10,2024-08-13,739046.0,739110.0,0.742325390223162,0.3063798410241232,0.5352715467124481,0.17386882236503443
2024-09-08,739136.1615819222,0.1077383961509049,9.188012435975178,0.15330916754772428,-0.015350124250127524,-0.02732411561875018,-0.027157358630481104,0.0030141610047011123,2024-06-17,2024-08-13,739053.0,739110.0,1.6911607800077328,0.006587410271389871,0.5352715467124481,0.2747044534991955
2024-08-31,739128.6629432349,0.49538927539081457,6.463331666779753,0.21385336650700432,-0.015989759487780794,-0.003937453067714984,-0.0011702748843429266,0.003759520362431128,2024-06-25,2024-08-13,739061.0,739110.0,1.324927198818913,0.3112552596924176,0.5352715467124481,0.24786421400509373
2024-09-24,739152.1684063055,0.7619671248538611,8.205013270291463,-0.027075923933650246,0.006544511850195854,0.0022889332375298963,0.0016624035597385754,-0.0015734134137084274,2024-02-23,2024-08-14,738938.0,739111.0,2.153496545602307,0.26552234755028753,0.49999983545124377,0.8642561802261391
2024-10-16,739174.496012213,0.3796239196959671,9.44479039832584,-0.3618508956625275,0.0909564486017347,0.013170628061925,0.010147543945161243,0.00839599877480861,2024-03-01,2024-08-14,738945.0,739111.0,1.9314553582743863,0.2775800528898721,0.49999983545124377,0.9650320290089871
2024-10-02,739160.3564660221,0.28730354608940095,8.263035663132042,-0.464394667625905,0.17441044041030093,0.021707150314364685,0.021425857712632917,0.0034832450457054315,2024-03-08,2024-08-14,738952.0,739111.0,1.8939871147081875,0.27936437563078176,0.49999983545124377,0.9971103049630904
2024-09-24,739152.977909372,0.4444866173539844,13.85149312321105,-0.1830116966057248,0.04788953471696979,-0.010479994708173734,-0.004831236788113677,0.009299969902130141,2024-03-15,2024-08-14,738959.0,739111.0,3.3742608270142407,0.1466363538306995,0.49999983545124377,0.9603557776313302
2024-09-16,739144.0591836033,0.04774489268295269,11.340994180110819,-2.104458050988558,1.8522689027148898,0.07956368553623125,0.01749952821443495,0.07761537585028166,2024-03-22,2024-08-14,738966.0,739111.0,3.0392473257091237,0.09800876962587102,0.49999983545124377,0.8516856163849814
2024-08-14,739111.9117006793,0.3181314875053188,4.821630538293954,0.01541064005316825,0.05133401544516484,0.015978786474321233,0.01232202579059139,-0.010172968967216596,2024-04-01,2024-08-14,738976.0,739111.0,3.8403457410901405,0.21196988816089038,0.49999983545124377,1.166703323802308
2024-09-08,739136.18492309,0.2979004507887511,4.171389954468888,-0.018681198893609686,0.05095709762423482,0.01033991347119901,0.002131228066574989,0.010117888985362802,2024-04-08,2024-08-14,738983.0,739111.0,1.1986004494026883,0.35194771414640835,0.49999983545124377,1.0679525270903625
2024-10-08,739166.9614735222,0.08584220338241733,4.868442011040138,0.31453945470669686,-0.09858270745480162,0.045908261631545176,0.043456295420899745,-0.014802664433198873,2024-04-15,2024-08-14,738990.0,739111.0,0.8920450327333894,0.03786349929580146,0.49999983545124377,0.9587415181234238
2024-08-30,739127.7323319061,0.5986301104664234,6.143549006739424,0.04729608280350785,0.009997655952217643,0.003066698827561022,0.0026662485195486315,0.001515176732585634,2024-04-22,2024-08-14,738997.0,739111.0,2.010121169962571,0.31766274970412606,0.49999983545124377,0.919717514169078
2024-08-31,739128.805344058,0.7585354994461257,8.87880172915807,0.09098767692106004,0.0029311784537613315,0.0028121224922184394,0.0016511203188912357,0.0022763643389812076,2024-04-29,2024-08-14,739004.0,739111.0,2.7516784464617348,0.0890491089632853,0.49999983545124377,0.5886995402232755
2024-09-09,739137.3800829836,0.8388509298755344,8.41671593067818,0.13700880735136226,0.0003042849052526602,0.0016736818773211792,0.0016272026258956416,0.00039169202283385304,2024-05-06,2024-08-14,739011.0,739111.0,2.098671076595473,0.018119642119587533,0.49999983545124377,0.47365537053470974
2024-08-21,739118.9472856547,0.16298313642356524,7.5493149779849995,0.11168232304291328,0.023796407387497078,0.015061827436047332,0.013185280025087728,0.007280593133343649,2024-05-13,2024-08-14,739018.0,739111.0,3.0539617079063457,0.03410898947964728,0.49999983545124377,0.528075936003061
2024-09-13,739141.9815057772,0.8368080323740581,10.110578647726392,0.10633080690757431,0.0013116912973252424,-0.001363917015474162,-0.0006280428327727725,0.0012107154187928299,2024-05-20,2024-08-14,739025.0,739111.0,2.137955683113189,0.07959641692165763,0.49999983545124377,0.44519431330194703
2024-09-04,739132.2048681255,0.9000869206641706,7.412967988619161,0.14275953569851996,0.000015753551130858378,0.0014519404909288877,0.00023922889729244067,0.0014320966182136817,2024-05-28,2024-08-14,739033.0,739111.0,1.820396044870342,0.0013174130959568158,0.49999983545124377,0.4364874936920409
2024-08-15,739112.8780283427,0.46720940221239615,8.911842404363725,0.13770934721872383,0.0021226885900629865,0.007931513547986319,0.0017145873805369633,-0.007743971673269086,2024-06-04,2024-08-14,739040.0,739111.0,5.189175660811823,0.014030536929447144,0.49999983545124377,0.47644832105898793
2024-09-06,739134.8729067224,0.6889042020079875,12.863555254921236,0.13649477185660686,0.0002485891394457623,0.0021127505692650037,0.0012398227142956313,-0.0017107175702161396,2024-06-11,2024-08-14,739047.0,739111.0,2.6679314348536014,0.0063013229887735915,0.49999983545124377,0.43868575542438987
2024-08-30,739127.9140524728,0.8100568920482152,8.284766105552972,0.21406687356767617,-0.0039936203271600905,-0.0032572618507717616,-0.0021087138095390963,-0.002482555303301861,2024-06-18,2024-08-14,739054.0,739111.0,1.9445593274990014,0.11988072776328268,0.49999983545124377,0.32315084357110824
2024-08-14,739111.1473539029,0.19964612806332888,9.134879551003273,0.49512644830443236,-0.20754280818632173,-0.02595804724935709,-0.021844154587082765,-0.014023306577818449,2024-06-26,2024-08-14,739062.0,739111.0,8.446557357650748,0.1747405654498224,0.49999983545124377,0.22914074743058535
2024-11-05,739194.8663032053,0.3597871384905558,13.074962687817374,-0.5069911182984385,0.1183139891375448,-0.017128664372415534,-0.0041834263609539105,0.016609939405829662,2024-02-26,2024-08-15,738941.0,739112.0,2.3297827963499276,0.19007183782528425,0.5173480305235437,0.9780181682041129
2024-10-26,739184.6906534402,0.8425657014023233,9.34819272992543,-0.05584062343829606,0.004187295038857083,0.0009825478847992934,0.0007234391674370743,0.0006648579674949516,2024-03-04,2024-08-15,738948.0,739112.0,1.7564223037511681,0.3841103027448646,0.5173480305235437,1.2127986780495479
2024-09-13,739141.7426114071,0.32749977834840577,3.783039181301065,-0.12280745811811991,0.07463746748234623,0.01834966611187505,0.01116387350856266,0.014562904061419498,2024-03-11,2024-08-15,738955.0,739112.0,1.1061288242937404,0.3521266538225431,0.5173480305235437,1.3097905212908405
2024-09-10,739138.2572106172,0.3470787778569802,9.244737688241205,-0.09529475775985902,0.06347142804086638,-0.018699643475746805,-0.018050691835305742,-0.00488356328789406,2024-03-18,2024-08-15,738962.0,739112.0,2.8014476737466327,0.1274319737436219,0.5173480305235437,1.1291562803767823
2024-08-26,739123.9300187523,0.8447437167403729,6.6135816704688635,0.08016890104750814,0.0031710635682789404,-0.0019554988028334204,-0.001365488896415309,0.0013997912850312513,2024-03-25,2024-08-15,738969.0,739112.0,2.698737208729692,0.20712648870702363,0.5173480305235437,1.0512453477261154
2024-09-04,739132.2767737325,0.23433025772805532,4.70906602893038,-0.14234222594722765,0.12166819929063745,0.002328612381348918,0.002327630608096857,-0.00006761194289571974,2024-04-02,2024-08-15,738977.0,739112.0,1.5257231849922137,2.6000007206393834,0.5173480305235437,1.3691024793730902
2024-08-29,739126.8683134752,0.9214104469502054,13.484608190039271,0.12193731902865983,0.001016314528157463,-0.0011820044719597187,-0.0011261026950738938,-0.0003592036913508631,2024-04-09,2024-08-15,738984.0,739112.0,4.856056267249441,0.05875215677909602,0.5173480305235437,0.9829467405097569
2024-10-12,739170.2193860397,0.12817425203358027,14.231484056577825,-0.3788988200732231,0.3051613770618016,0.028642793850113153,0.016725817557070633,-0.023252024999721368,2024-04-16,2024-08-15,738991.0,739112.0,2.546760928763697,0.09595437697093517,0.5173480305235437,1.090126644982029
2024-08-19,739116.9175794119,0.6489617470050343,7.989538973705099,0.11506765695607135,0.0044998848464864565,-0.005068540306799333,-0.0009088700448545739,0.004986387077154715,2024-04-23,2024-08-15,738998.0,739112.0,4.050746197506617,0.07211338372974663,0.5173480305235437,0.9069297074108189
2024-09-02,739130.2354657444,0.69702445960725,3.808661047445618,0.34177889002368905,-0.013093499835184513,-0.008072429838343718,-0.0017093314800536634,-0.007889379531134215,2024-04-30,2024-08-15,739005.0,739112.0,1.167979587311435,0.2968432393087305,0.5173480305235437,0.4712616882068071
2024-08-22,739119.4681304336,0.18760458693475163,10.770899942904387,0.2662717401613884,-0.053175070520320646,-0.009075141215133762,-0.009037021164893194,0.0008309251108806189,2024-05-07,2024-08-15,739012.0,739112.0,4.571111320646733,0.10205778631871726,0.5173480305235437,0.7037786078738331
2024-08-31,739128.523016805,0.29324284537008954,7.290271443810534,0.2563006597637981,-0.032256625821013234,0.022584148705031986,0.013641735774082914,0.017998522656071093,2024-05-14,2024-08-15,739019.0,739112.0,2.1945359798609956,0.057451177926791934,0.5173480305235437,0.535593527199682
2024-08-20,739117.4208908128,0.2401514406315986,7.313500101137324,0.21909794885057557,-0.024902935586467806,0.018386898157140473,0.01775340067043839,-0.00478484989063747,2024-05-21,2024-08-15,739026.0,739112.0,3.2884915579663088,0.04447357066339751,0.5173480305235437,0.6094572723026312
2024-09-07,739135.7355025095,0.5172507785113475,5.938382575747049,0.25245505836909665,-0.013834970656918442,0.011392383546730545,0.005105828131089315,0.010184150527736411,2024-05-29,2024-08-15,739034.0,739112.0,1.3755360954668654,0.10577831002555331,0.5173480305235437,0.4737234334407404
2024-09-09,739137.5102539363,0.7305606393199983,4.464074913610796,0.4736391627557568,-0.017741898371191344,0.008316403382659892,0.0028208420683518798,0.007823388987423109,2024-06-05,2024-08-15,739041.0,739112.0,0.9453419559075438,0.34913174300429,0.5173480305235437,0.27900713763239204
2024-09-07,739135.3931252817,0.5127581037350019,4.99834219420038,0.5123077334538682,-0.050663303126437825,-0.016946721518390526,-0.016866848763052174,0.0016434059225297528,2024-06-12,2024-08-15,739048.0,739112.0,1.0484629850157183,0.3066862858499051,0.5173480305235437,0.30322713178401683
2024-09-11,739139.2542940644,0.4686277408577598,12.369907483956627,0.44840495137951136,-0.04947019996419082,-0.013907490260938874,-0.012135464111538603,-0.006793290524897948,2024-06-20,2024-08-15,739056.0,739112.0,2.198460530475245,0.1347585853753268,0.5173480305235437,0.3540203786903724
2024-08-21,739118.7253324682,0.12343381414839395,2.6151980168601834,2.0461752761547523,-1.2876292830295555,-0.09488548262938992,-0.046148605513434415,-0.08290694194684586,2024-06-27,2024-08-15,739063.0,739112.0,0.880123027800125,0.6405022277750171,0.5173480305235437,0.163311727068049
2024-11-06,739195.1371938703,0.07293612587156507,12.236114369792958,-2.786406308116113,2.086924065414622,-0.08028091429996019,-0.06382264931003179,-0.04870004759634483,2024-02-27,2024-08-16,738942.0,739113.0,2.191920758261369,0.15495068514252652,0.5261742131518157,1.0992604185383157
2024-09-06,739134.5548857852,0.8545209672471761,10.585665190026873,0.06379489308366423,0.003094861367374857,-0.0017228881265004684,-0.0016858150903877843,-0.00035548695820961,2024-03-05,2024-08-16,738949.0,739113.0,3.6268660983076284,0.1450069077751609,0.5261742131518157,1.2712132304969548
2024-09-28,739156.858870832,0.11396224946318803,5.684186705645467,-1.0047501417759686,0.7138860963083509,-0.02531168405942249,-0.009097396871334993,-0.023620303132886485,2024-03-12,2024-08-16,738956.0,739113.0,1.3765635067127169,0.5654582713936096,0.5261742131518157,1.7496161303825277
2024-10-22,739180.6404648878,0.11931806551905802,7.848588768177133,-1.2611145510995938,0.8234771753746841,-0.00886815491929168,-0.002413938524368897,-0.008533292006788762,2024-03-19,2024-08-16,738963.0,739113.0,1.459794532338964,1.4116691501085274,0.5261742131518157,1.7138836231200338
2024-10-07,739165.2432483882,0.17524717822910832,14.124442320611523,-0.3302368476171721,0.23156943274539513,-0.039114381456263204,-0.0028295452061715166,-0.03901190216629148,2024-03-26,2024-08-16,738970.0,739113.0,2.9635850984320626,0.07345552876854239,0.5261742131518157,1.219716642067707
2024-09-28,739156.1789674525,0.38547858808746727,12.375818731180994,0.016366083569770363,0.02966536447582046,0.013152695014929367,0.004651715281026137,0.012302639192466621,2024-04-03,2024-08-16,738978.0,739113.0,2.791882997448702,0.07025241509338308,0.5261742131518157,1.1706317754159858
2024-10-13,739171.0773213217,0.6644801795358298,10.933551495487526,0.022443994481150777,0.00710460043851451,0.0037674123987060976,0.0012334953660748753,0.0035597591721626696,2024-04-10,2024-08-16,738985.0,739113.0,2.026183390789625,0.1146086170185304,0.5261742131518157,1.0390952632394324
2024-10-10,739168.0993140923,0.35768729283354533,9.525283488090372,-0.1196919244076952,0.058267038137148695,0.015493488052367792,0.013111959013375933,0.008253769009392809,2024-04-17,2024-08-16,738992.0,739113.0,1.7614521488858375,0.14122101956824784,0.5261742131518157,1.0950455047185275
2024-08-18,739115.0641290997,0.9905236116094727,7.923147002188218,0.14624881234752904,0.0006381067435639893,0.0011700240898304566,0.00029589759384690334,0.0011319898342031177,2024-04-24,2024-08-16,738999.0,739113.0,5.081149157840777,0.06818135838981952,0.5261742131518157,1.0163671929110782
2024-08-17,739114.0212700237,0.6120581521650771,12.94793031961382,0.21207057782204894,-0.004940321757933982,0.003283856447005689,0.0032566538293124087,-0.00042180445773563365,2024-05-01,2024-08-16,739006.0,739113.0,9.605628506438693,0.07111535862229296,0.5261742131518157,0.8083091305301935
2024-09-14,739142.0471955271,0.29702061161758425,2.661929019236001,3.333530304467218,-0.9218855251011961,0.1499182326823083,0.14641470672325269,0.03222126853074902,2024-05-08,2024-08-16,739013.0,739113.0,0.6317843747353001,0.6861398755218883,0.5261742131518157,0.2203433950196634
2024-09-25,739153.9669659148,0.6597367707698824,10.963658892521394,0.21809426423893463,-0.002848344855765798,0.0018542186750933097,0.00025562665251602023,0.0018365135201212775,2024-05-15,2024-08-16,739020.0,739113.0,2.06742930307235,0.09243720251425118,0.5261742131518157,0.771290730228312
2024-09-16,739144.6411275445,0.3659985892680809,6.352731372772806,0.39500576278852206,-0.053484091167851265,-0.024609201635334182,-0.02049889845501701,-0.013616459424513987,2024-05-22,2024-08-16,739027.0,739113.0,1.3277159938727314,0.12521201821423417,0.5261742131518157,0.4732498675411238
2024-08-29,739126.7371446241,0.37159429406993866,13.451223142271596,0.20809757339611779,-0.008359609827357752,0.003567108259734052,0.002127825025930906,-0.0028629743267596782,2024-05-30,2024-08-16,739035.0,739113.0,4.065056642762879,0.06474063832627115,0.5261742131518157,0.7758653324456382
2024-08-16,739113.9644495049,0.6174516190327181,8.2088688137113,0.2523884483616633,-0.011504457200657847,-0.007772045071197575,-0.005141413765050657,0.005828425952628559,2024-06-06,2024-08-16,739042.0,739113.0,5.6340340479458675,0.11133980100798506,0.5261742131518157,0.6371662116935449
2024-08-31,739128.8538000984,0.1939363241710897,7.732100317802459,0.6839643047050571,-0.2559281214379452,-0.04030593360509569,-0.02813879371372166,0.028857868461045433,2024-06-13,2024-08-16,739049.0,739113.0,1.9896228174126511,0.159261463965118,0.5261742131518157,0.499715843770831
2024-08-29,739126.2759212052,0.2981693661823253,6.251708015464792,0.6046182718057338,-0.15424555468560017,0.0032594729043938296,0.0006224205369874904,0.0031994931301088537,2024-06-21,2024-08-16,739057.0,739113.0,1.6438685668092747,2.256989909397669,0.5261742131518157,0.5673861602006205
2024-08-17,739114.02329968,0.5561590019043822,3.1609088844365947,0.465610729974294,-0.06454697545032465,0.0168012663055555,0.009634924636300822,-0.01376411191188876,2024-06-28,2024-08-16,739064.0,739113.0,1.9566855055882955,0.6759598099169182,0.5261742131518157,0.3314647348912752
2024-08-28,739125.0718285531,0.2941918469863048,2.188914220121252,0.2568199323392126,-0.011793449311656889,0.04689054874297496,0.024701027040163887,-0.03985702980125843,2024-02-28,2024-08-19,738943.0,739116.0,1.0448604068140643,0.0338031692453638,0.4810591854543998,1.248253350596079
2024-11-04,739193.8365152369,0.7825149168970453,3.6689221541998522,0.4556509898743752,-0.004048774240088937,-0.004238022100250305,-0.0005610083006975545,0.004200726247776504,2024-03-06,2024-08-19,738950.0,739116.0,0.6667789431689715,0.20375790752523304,0.4810591854543998,1.182598378762104
2024-11-04,739193.0019039515,0.08057037069424867,11.364288839869237,-1.8698433043152236,1.4009483957531508,0.0744057553095843,0.04753774414787292,-0.0572396654822607,2024-03-13,2024-08-19,738957.0,739116.0,2.0257422611620868,0.1334899919741689,0.4810591854543998,1.2351925171139948
2024-10-13,739171.0353511797,0.8072567625195901,8.429876108539878,0.011535259478928432,0.004287040597836005,-0.0015055068781973545,-0.00003058972371386958,0.0015051960766300962,2024-03-20,2024-08-19,738964.0,739116.0,1.7775791885961068,0.27268757647702757,0.4810591854543998,1.4780112057111965
2024-09-08,739136.1820629593,0.6225188402013867,3.2714004998802917,0.2454056950198962,-0.00437216980079104,-0.007069026275919829,-0.005074592442416691,-0.004921345754264007,2024-03-27,2024-08-19,738971.0,739116.0,1.0945586642145175,0.11769451082472289,0.4810591854543998,1.337180108722235
2024-10-05,739163.6976670311,0.8950358992094405,13.378163749762011,0.12864457850614675,0.0009239715944434233,0.0011253941193436594,0.00100319462289588,0.0005100122277417315,2024-04-04,2024-08-19,738979.0,739116.0,2.8825925819745324,0.05492852359741432,0.4810591854543998,1.2074912719963624
2024-10-20,739178.9160640985,0.22559163395346032,3.2379138125652647,3.0359879537490078,-0.9547206399041731,0.11158677294695558,0.013885655639820813,-0.11071944934909904,2024-04-11,2024-08-19,738986.0,739116.0,0.5774033775226801,0.5961029881642708,0.4810591854543998,1.032049442066928
2024-08-26,739123.9429255626,0.3204325527364436,4.746758310291459,0.19577004137426385,-0.003515429460427859,0.002609561645461086,0.0011393476869224197,-0.0023477007538794423,2024-04-18,2024-08-19,738993.0,739116.0,2.1171896110780817,0.09093903419678054,0.4810591854543998,1.411358192564878
2024-09-21,739149.6126494035,0.8227240881398701,2.659496777755392,1.1561216881753154,-0.028989865271302102,0.011855311849418784,0.009640662832662232,0.00689971297909518,2024-04-25,2024-08-19,739000.0,739116.0,0.6320074676931339,0.7564634674645406,0.4810591854543998,0.7713587207534405
2024-09-17,739145.5384768689,0.162574497330382,5.661730950904207,0.9697768569931611,-0.412292254652537,0.06726355481372119,0.043882671417879764,0.05097741613115434,2024-05-02,2024-08-19,739007.0,739116.0,1.392597304190458,0.1760064376169885,0.4810591854543998,0.383534019925918
2024-09-18,739146.5031161961,0.8263544654169106,9.600880111096679,0.23881197840972496,-0.001991054015237582,0.0012449344181077826,0.0010135059704479386,0.0007229573661397644,2024-05-09,2024-08-19,739014.0,739116.0,2.2443321691747125,0.13765497123179318,0.4810591854543998,0.8358036593492219
2024-09-18,739146.2046044029,0.9689876693272763,14.022410969335182,0.18399493365895342,-0.00008777390219635373,0.0003470613231876428,0.00033077924504854055,0.00010505547628693623,2024-05-16,2024-08-19,739021.0,739116.0,3.173427875044123,0.017476511513528453,0.4810591854543998,0.872977804978965
2024-08-19,739116.1857293425,0.263056484412354,11.89286649498728,0.3596499514744028,-0.0725499233388366,-0.010016758811617094,-0.0006538771156312467,0.009995394029639969,2024-05-23,2024-08-19,739028.0,739116.0,11.665208304045084,0.16020357717319958,0.4810591854543998,0.7850747548774122
2024-08-20,739117.4841165447,0.2546690479527543,5.4098918781403675,0.4792156226002611,-0.13194052818425978,-0.04154126938702153,-0.030924810682376555,-0.027736855383122663,2024-05-31,2024-08-19,739036.0,739116.0,3.4488558413947406,0.1495154369645353,0.4810591854543998,0.5481072922277058
2024-08-29,739126.5629598283,0.10149780091671494,6.372065480432673,1.088000045868808,-0.6308850916637517,-0.041033631456956,-0.04078729833702949,0.004489454856821781,2024-06-07,2024-08-19,739043.0,739116.0,2.097503670210999,0.24489883210036942,0.4810591854543998,0.6670652328189466
2024-09-13,739141.5660986123,0.9257715049230628,4.123790784808742,0.7314163005959183,-0.01389910142189582,0.005525591486190559,0.005437109009739182,-0.0009848892772665316,2024-06-14,2024-08-19,739050.0,739116.0,0.8373312054384061,0.5646965513780248,0.4810591854543998,0.24984681375504286
2024-09-11,739139.070612003,0.5455984496770058,12.904181218884856,0.608524248258926,-0.054653435574395164,0.010033152643773762,0.005899051139894519,-0.008115746892441482,2024-06-24,2024-08-19,739060.0,739116.0,2.5297891426078163,0.23031526422323698,0.4810591854543998,0.47063202118748226
2024-08-20,739117.0286873747,0.8320284718223532,4.466405157975306,0.39380551533153135,-0.017751818133019466,-0.0036679494812539887,-0.0016425156336782422,-0.0032796334841189135,2024-07-01,2024-08-19,739067.0,739116.0,2.7611656725539744,0.9015702367231372,0.4810591854543998,0.445178067399389
2024-11-04,739193.7472741267,0.964016691508844,14.118855371985791,0.011492978073388515,0.0016512606469402575,0.0006767271337879424,0.00048732413446148825,0.0004695474433709601,2024-02-29,2024-08-20,738944.0,739117.0,2.65140741003238,0.16660464471745412,0.49402858817839923,1.5363410942105373
2024-10-20,739178.8982728921,0.715990640232783,11.102496299883779,0.04033969637891456,0.005209964478146987,-0.0033055241697170037,-0.0031168814197851127,0.0011006998916969276,2024-03-07,2024-08-20,738951.0,739117.0,2.3031426859258857,0.1016438562134932,0.49402858817839923,1.2456253350416997
2024-10-10,739168.6014780644,0.9763044138507675,8.841086071326378,0.08345469306804246,0.0012445660640314359,-0.0007821147834462071,-0.0007585205690258467,-0.00019065697167901593,2024-03-14,2024-08-20,738958.0,739117.0,1.9789733717835962,0.17572238695881245,0.49402858817839923,1.4248710183156543
2024-10-26,739184.4522622059,0.4366072488171747,8.050771103932567,-0.09610592485412675,0.03654157587155002,0.00173768859012541,0.0013103457771847767,-0.001141295571035855,2024-03-21,2024-08-20,738965.0,739117.0,1.5115919356976337,1.1404304004376729,0.49402858817839923,1.9041264696034228
2024-09-27,739155.2760430702,0.2639959195666513,9.559259722709932,0.021238413400634367,0.053310444170444476,0.02489619955474489,0.017221820962676486,-0.017978588237100163,2024-03-28,2024-08-20,738972.0,739117.0,2.3827752880601665,0.059136034343911556,0.49402858817839923,1.4621009594312262
2024-09-27,739155.6289205428,0.6898488136166999,8.727721056956394,0.10666131859278911,0.00397738469537785,-0.00345916076718021,-0.00040719754765876923,0.0034351103869278287,2024-04-05,2024-08-20,738980.0,739117.0,2.103553672950948,0.09088242691273886,0.49402858817839923,1.335505749069095
2024-09-11,739139.5119386222,0.9734006667430346,10.589944455677742,0.16650749194276057,0.00033267791791089185,-0.0011483707208267831,-0.0011394418883364313,-0.0001429247898600282,2024-04-12,2024-08-20,738987.0,739117.0,3.224582768985288,0.026628078024159257,0.49402858817839923,1.1781353190558281
2024-10-06,739164.3098785158,0.3626989922371156,10.504313002884961,0.15053752800635903,0.007007473902528005,-0.01273070430627793,-0.002507891984439775,-0.012481238317100836,2024-04-19,2024-08-20,738994.0,739117.0,2.1414264918687493,0.019005869928820945,0.49402858817839923,1.3097947612678362
2024-08-29,739126.9053517855,0.7360497595180152,5.70201297022412,0.23701409361048623,-0.0033034756089946504,0.0016374929649556943,0.001623411092845142,0.00021428866957152193,2024-04-26,2024-08-20,739001.0,739117.0,2.307287167179107,0.2604177822169847,0.49402858817839923,1.192526760268935
2024-09-26,739154.3007218767,0.3016648057413865,13.496570337205144,0.3934802929960953,-0.05782889060734713,0.017221328946310083,0.017083945738191015,0.0021709372841154716,2024-05-03,2024-08-20,739008.0,739117.0,2.935630263651367,0.07505496410190193,0.49402858817839923,0.8513804966134664
2024-09-27,739155.2166697816,0.4188890256494141,6.209853106184852,0.6531552060904369,-0.08036488935749257,-0.024136837208776102,-0.014428954822766196,-0.019349216344997817,2024-05-10,2024-08-20,739015.0,739117.0,1.2847454963867417,0.22459684189800186,0.49402858817839923,0.3748876669480724
2024-09-07,739135.2771166759,0.3330787933497466,12.037236339075493,0.34146528782985813,-0.04083014968924107,0.00084514200556251,0.00020281877977748082,0.0008204447282637603,2024-05-17,2024-08-20,739022.0,739117.0,3.4947519822908837,1.3368155218015365,0.49402858817839923,0.9433650202968873
2024-08-26,739123.6195677321,0.38113275537866176,12.430419089148378,0.3259957420397541,-0.03428479497606569,0.002531259000217101,0.0014112823156291175,-0.0021013220485619514,2024-05-24,2024-08-20,739029.0,739117.0,5.2621166788525455,0.4152938267937783,0.49402858817839923,0.9145522074241674
2024-09-03,739131.0292923775,0.9876136032873843,2.4949807843431477,0.7049371760370007,-0.012534127791007342,0.007252802554656635,0.003240038566488049,-0.006488859297634976,2024-06-03,2024-08-20,739039.0,739117.0,0.7469074191945182,0.6840819345612625,0.49402858817839923,0.23892835545144553
2024-09-14,739142.4706112205,0.5252028515947375,10.816282722778297,0.4905354384843185,-0.038835532693670675,-0.011369109830168672,-0.00045497633676912805,-0.011360002414762893,2024-06-10,2024-08-20,739046.0,739117.0,2.292497356194796,0.1658638910697216,0.49402858817839923,0.6263114868278984
2024-08-28,739125.9881324376,0.19572819545991443,9.857524514834658,0.9402193413507174,-0.38418917980086725,-0.028379250663544756,-0.02835870285498432,-0.001079740990705519,2024-06-17,2024-08-20,739053.0,739117.0,3.2858362759575375,0.2688002892015822,0.49402858817839923,0.6213217473307956
2024-08-27,739124.3380764369,0.751600023821456,10.255050007729647,0.42097376975031486,-0.01834128727324864,-0.0029622834320705885,-0.001529763559842787,-0.0025367196500395996,2024-06-25,2024-08-20,739061.0,739117.0,3.5179348581719023,0.4537871630903241,0.49402858817839923,0.5999038615869029
2024-09-01,739129.6490239,0.5406528230979829,2.218416887309325,1.040280415919588,-0.11346350692850725,-0.035768136924560816,-0.022009341619098437,-0.02819483109628345,2024-07-02,2024-08-20,739068.0,739117.0,0.5592227637621164,0.7730991498689037,0.49402858817839923,0.22208963058029785
2024-10-30,739188.9537385966,0.5356745601537111,6.44019659927977,-0.006759270458713542,0.015604553147132053,-0.006254320849645341,-0.006206482767854229,-0.0007720757363348018,2024-03-01,2024-08-21,738945.0,739118.0,1.265810846443405,0.20752626802252758,0.48984562309041435,1.7851321468462624
2024-09-28,739156.4477457034,0.8315156854880783,8.361739446694767,0.11429813053111938,0.0020979611003516425,0.001939233916568335,0.0019363388732174319,0.00010592427123190573,2024-03-08,2024-08-21,738952.0,739118.0,2.2238035721027964,0.10758235540801442,0.48984562309041435,1.467530604392647
2024-10-15,739173.8254856438,0.507940817693758,14.467720109133714,0.03214293533147228,0.015941090999768502,0.0074888704352258,0.0034066813070734,0.006669160581935009,2024-03-15,2024-08-21,738959.0,739118.0,3.1029857721776235,0.07473339973834697,0.48984562309041435,1.687787477792022
2024-10-17,739175.168547251,0.9650106048127154,2.9554798934591657,0.6702665471237363,-0.004301493458229436,-0.002862407541353822,-0.0025450849355404155,-0.0013099311446348888,2024-03-22,2024-08-21,738966.0,739118.0,0.6101460732256565,0.49067267825652705,0.48984562309041435,1.1934652944911137
2024-09-01,739129.4479701045,0.10384230165551948,14.552045717810554,0.18722094681920812,0.011807110797069897,-0.04018324031395591,-0.03993406767112359,-0.004468001943514968,2024-04-01,2024-08-21,738976.0,739118.0,6.011369653462088,0.0020967610439245657,0.48984562309041435,1.7279556771327185
2024-08-25,739122.8553503321,0.6954533033082032,7.268606006756356,0.18057350909987457,0.0013009976786637846,0.004338674376146192,0.0014859553354621326,-0.0040762767427199,2024-04-08,2024-08-21,738983.0,739118.0,3.887574309050417,0.02869038065679205,0.48984562309041435,1.423076321229049
2024-09-14,739142.3015102829,0.20634614664063206,3.8781060006373167,0.8113320279225369,-0.26528585326189524,0.05338480354804627,0.053099544300510004,-0.005511410431247989,2024-04-15,2024-08-21,738990.0,739118.0,1.1327980020475186,0.26440711042353093,0.48984562309041435,1.1245253813692142
2024-08-28,739125.2405128554,0.2893925630651662,12.514346351512481,0.3406821376699349,-0.047887476628512664,-0.010163827123179722,-0.0036364305630435696,-0.009491035483552176,2024-04-22,2024-08-21,738997.0,739118.0,5.724632664341347,0.10895417567509263,0.48984562309041435,1.4326870550352815
2024-10-13,739171.8572989774,0.4577189326868031,6.288552378831023,0.8609372031216772,-0.0853999967756569,0.019175694337080298,0.016667877805726317,-0.009480986381305982,2024-04-29,2024-08-21,739004.0,739118.0,1.1377473001510803,0.3241566607510995,0.48984562309041435,0.6308364440046548
2024-09-06,739134.0234562419,0.42144863193052384,5.314793647066756,0.4439842818821891,-0.05040483333846735,0.017489198764481944,0.00043724511476493324,-0.01748373215687007,2024-05-06,2024-08-21,739011.0,739118.0,1.7241664796489458,0.22853909894808128,0.48984562309041435,0.7578013429186435
2024-09-10,739138.1819768655,0.5289506169880412,14.89033709888931,0.3195976239499372,-0.015046198071995295,0.0018904341216754012,0.0012967963604237345,-0.0013755218529657757,2024-05-13,2024-08-21,739018.0,739118.0,4.228363914409778,0.2827325599328294,0.48984562309041435,1.0177800597127937
2024-09-24,739152.9925921363,0.3032917758408585,3.1532932578804944,2.8786738014912268,-0.7249683412969972,-0.10580618916666296,-0.10215485046981349,0.027556055440895618,2024-05-20,2024-08-21,739025.0,739118.0,0.6508329809240376,0.65902856768025,0.48984562309041435,0.27305983446784526
2024-09-25,739153.1897799197,0.3581037359285469,6.1371317303861534,0.8803684287787203,-0.15661730578173885,-0.035251478652401295,-0.03416374784146129,-0.008689365949581878,2024-05-28,2024-08-21,739033.0,739118.0,1.1997639006584873,0.25924227065547073,0.48984562309041435,0.3382292548757887
2024-08-29,739126.6369368345,0.42072877750321236,11.849027587709882,0.40021274269332374,-0.0456830587699697,0.012428335554578345,0.006792378716446191,0.01040803132343312,2024-06-04,2024-08-21,739040.0,739118.0,4.348120256866652,0.13051538608898747,0.48984562309041435,0.8583796473403491
2024-09-07,739135.5583973214,0.06547594196714203,10.745826241835776,3.029713588795374,-2.2177824352118267,-0.06419398846007242,-0.061538928428862806,0.01827097266812063,2024-06-11,2024-08-21,739047.0,739118.0,2.767408827233823,0.21050698980684182,0.48984562309041435,0.6362974124461622
2024-09-14,739142.9858795122,0.5050684089635248,11.103486157668538,0.6492198387621304,-0.06373707056140182,0.011367118456303206,0.008986869414588162,-0.006960428156713406,2024-06-18,2024-08-21,739054.0,739118.0,2.244606739094487,0.2550542488582559,0.48984562309041435,0.6013449876486183
2024-09-07,739135.62645673,0.8280557137939184,12.695487347535728,0.5238390241514325,-0.015476509847378424,-0.002903218346898332,-0.0026674995716972024,-0.0011459157057839484,2024-06-26,2024-08-21,739062.0,739118.0,2.888584592425318,0.34769905467056683,0.48984562309041435,0.5579563809117567
2024-09-01,739129.504131718,0.6609510368303192,12.815275186815839,0.636217389538961,-0.04524304949158053,0.003018468384579662,0.002856902462273701,0.0009742995995900951,2024-07-03,2024-08-21,739069.0,739118.0,3.385770916394574,0.7730482300411646,0.48984562309041435,0.43504728304405915
2024-09-10,739138.8908888464,0.6587949499352103,5.353153002835293,0.10747143855536315,0.006619415032585857,-0.0037758057927785465,-0.0037728246459306676,-0.00015001191898699398,2024-03-04,2024-08-22,738948.0,739119.0,1.926703562711648,0.2157498827501496,0.4834464788478624,1.9963162953878877
2024-10-31,739189.7633740151,0.32535363941787027,12.66250291544876,-0.09732432321363121,0.06310858271114192,0.024395019287251487,0.010601000586588758,-0.021971248316573114,2024-03-11,2024-08-22,738955.0,739119.0,2.416821310363919,0.06646964692464913,0.4834464788478624,1.482428244218279
2024-10-17,739175.750003012,0.2017343959644154,11.012230012514916,-0.1204340710768512,0.1268318620778948,-0.04524882904670995,-0.013762356841014026,0.043105151249925776,2024-03-18,2024-08-22,738962.0,739119.0,2.3242803883040914,0.05134825649793115,0.4834464788478624,1.4593034810166141
2024-09-13,739141.0568068479,0.6645928927707508,9.853053839974292,0.1712478728442888,0.0019544221076616504,0.004959814995914951,0.004951735870741027,0.00028297819725101226,2024-03-25,2024-08-22,738969.0,739119.0,3.2213242330519813,0.026578944229876,0.4834464788478624,1.497995671555055
2024-09-01,739129.6835089629,0.10689598062772833,2.0913045919186994,1.2292535739064208,-0.6540283197581119,-0.11479327909765451,-0.012174408308716701,-0.11414587468815798,2024-04-02,2024-08-22,738977.0,739119.0,0.8852470820738961,0.2912219977616226,0.4834464788478624,0.9874922045808016
2024-10-25,739183.8012364283,0.6712607394512896,8.478185536443235,0.16119421221866329,0.001535106158083653,-0.0007496114663695246,-0.00023527746068280052,-0.0007117315975895141,2024-04-09,2024-08-22,738984.0,739119.0,1.5193604252484796,0.1621401324198957,0.4834464788478624,1.7938735433033466
2024-09-09,739137.903462183,0.026284017777692854,10.392994091260803,1.852899669801638,-1.4798819313009262,-0.07302146753588765,-0.026119060981069853,0.06819039063212534,2024-04-16,2024-08-22,738991.0,739119.0,3.3916097758851658,0.05125397853755423,0.4834464788478624,1.3896118774876365
2024-09-13,739141.9648735861,0.3271972155281902,11.433499388112972,0.35659311292001916,-0.04020187913465063,0.017199734174288436,0.00954952410971938,0.014305154488647573,2024-04-23,2024-08-22,738998.0,739119.0,3.3402439581143133,0.0668890526357092,0.4834464788478624,1.316006159383053
2024-09-20,739148.8329741,0.7734067750238531,3.706300500726933,0.8170371473206052,-0.02426262258746955,0.009069572401863398,0.0038371662142953557,-0.008217864625102586,2024-04-30,2024-08-22,739005.0,739119.0,0.9278976876141218,0.5582365581766868,0.4834464788478624,0.4561225702910253
2024-08-28,739125.5124423637,0.08667090267723299,3.195355022637536,2.0755506364542935,-1.3919930852444997,0.11932880304145754,0.011985051228167556,0.11872540495768028,2024-05-07,2024-08-22,739012.0,739119.0,1.4535552532076224,0.3164069362489607,0.4834464788478624,0.2815268667065377
2024-09-26,739154.0324729464,0.5860417693982737,5.639223994224734,0.6651104478765494,-0.04023459270759596,0.013786250221616617,0.002139328883309895,0.013619249872957765,2024-05-14,2024-08-22,739019.0,739119.0,1.2109567712399563,0.30329320336784266,0.4834464788478624,0.33312299892092323
2024-09-20,739148.152961244,0.1737812548528415,2.983347502479922,3.3735546942565935,-1.5144953858127728,-0.14474934571933637,-0.06645902162138793,0.1285907132389577,2024-05-21,2024-08-22,739026.0,739119.0,0.680275068103328,0.6094673303159901,0.4834464788478624,0.29937646950955693
2024-09-14,739142.3161951896,0.4087950728870876,13.434485817913304,0.4468311550850379,-0.0472713815963557,-0.0030214752169369034,-0.0021818103312206652,-0.002090219166772393,2024-05-29,2024-08-22,739034.0,739119.0,3.2840212353618785,0.4760623791522614,0.4834464788478624,1.042949199407852
2024-09-12,739140.8289014633,0.15647057870537842,13.552159884959496,1.0909686826418128,-0.48095135207588474,-0.013936002772053932,-0.012587364109484533,-0.005980839241942182,2024-06-05,2024-08-22,739041.0,739119.0,3.2789584637775318,0.39846217206669826,0.4834464788478624,0.9380026684696966
2024-09-10,739138.0406189898,0.09062536177237247,4.648494165003532,2.804523720348545,-1.8538730262264573,-0.10486746257982076,-0.029240404641978582,0.10070840801196024,2024-06-12,2024-08-22,739048.0,739119.0,1.1494650543605518,0.344648735079183,0.4834464788478624,0.25844701462167347
2024-09-21,739149.82060061,0.17911076986877753,3.565588677439947,1.7135854956465721,-0.6859861640729372,0.11199505832727887,0.02999286018290837,-0.10790422340102872,2024-06-20,2024-08-22,739056.0,739119.0,0.6317205647428842,0.30768544654780905,0.4834464788478624,0.25173169737011236
2024-09-06,739134.8700220741,0.7444100322580004,7.191743153121895,0.6378752987623413,-0.029297524465068385,-0.004389254431481691,-0.001311123059571151,-0.004188855546201427,2024-06-27,2024-08-22,739063.0,739119.0,1.7288373263835999,0.6909048131024982,0.4834464788478624,0.5404897221270251
2024-08-24,739121.5134743701,0.4130087195614921,6.788071422814245,0.7099847916622543,-0.1438001155280344,-0.0029450021649346236,-0.002868302786260089,0.0006677401274464729,2024-07-05,2024-08-22,739071.0,739119.0,3.2416856085919554,2.97088905670346,0.4834464788478624,0.36285957455639467
2024-10-29,739187.0712459378,0.6732318234406441,3.6663496697991595,0.6263065308768215,-0.01349919832382265,0.008699406197290272,0.0012514812132591157,0.008608917641510571,2024-03-05,2024-08-23,738949.0,739120.0,0.7392086812848478,0.28493718045266647,0.5121929217824109,1.2487823468637569
2024-10-16,739174.4513773089,0.7464842151468313,6.866328064375872,0.10216113866025199,0.003352730158704673,0.0011472114701381333,0.0004060651613059771,-0.0010729423292936333,2024-03-12,2024-08-23,738956.0,739120.0,1.5181921749191922,0.3177248619247907,0.5121929217824109,2.276720762163692
2024-10-16,739174.8586656208,0.6515463441360206,9.72083172035233,0.10822685131627995,0.005042066560231497,-0.004682634672913451,-0.001206362966908855,0.004524572451850244,2024-03-19,2024-08-23,738963.0,739120.0,2.090403314892871,0.0721705782809495,0.5121929217824109,1.590727407831358
2024-10-21,739179.4444281362,0.48970007677506355,6.560596937328947,0.21952377648721125,-0.001993233918766557,-0.00752951167342381,-0.006587546281657221,0.0036466121300804044,2024-03-26,2024-08-23,738970.0,739120.0,1.3150215938730674,0.019759605662081462,0.5121929217824109,1.9061438710005052
2024-08-27,739124.213782697,0.5496430149468813,9.416222744795347,0.24824897914828076,-0.004451845563473635,-0.008078526244756974,-0.006425908025905901,0.004895946520319165,2024-04-03,2024-08-23,738978.0,739120.0,5.315234386467287,0.03216710225565966,0.5121929217824109,1.6239105771433229
2024-09-29,739157.0912603023,0.3107214459881716,4.178259143040566,0.8155793962718583,-0.15576887888165672,-0.036656242576051754,-0.02100263336860753,0.030042794666578592,2024-04-10,2024-08-23,738985.0,739120.0,1.0205235283430827,0.31601566073630755,0.5121929217824109,1.172004524237084
2024-10-18,739176.1095351239,0.36196693822967446,4.636122632721275,1.217607410042182,-0.1876989836309716,0.03333235248289576,0.009885194738482915,-0.03183282342215777,2024-04-17,2024-08-23,738992.0,739120.0,0.8767459626125644,0.43965290210422614,0.5121929217824109,1.094476683817331
2024-10-02,739160.9652818689,0.568015270546466,4.928854022013929,0.7171110786180384,-0.04294849638932378,0.012472634095466414,0.007207117874639702,-0.010179590032041575,2024-04-24,2024-08-23,738999.0,739120.0,1.078351781635411,0.3968293976241929,0.5121929217824109,0.9357977154274444
2024-09-07,739135.8507936818,0.25675668003437885,7.756141091229878,0.652069759846327,-0.16558954276026402,-0.023267017124739695,-0.016865523333500904,-0.016028356390162618,2024-05-01,2024-08-23,739006.0,739120.0,2.5962079955566324,0.23559618204381186,0.5121929217824109,0.9552855604621032
2024-09-02,739130.0080904227,0.546828157742678,4.601289805966147,0.4702180683833226,-0.034866148643276154,0.013626929186233924,0.0005371395731238316,0.01361633871955374,2024-05-08,2024-08-23,739013.0,739120.0,1.800659624351747,0.3040725808315821,0.5121929217824109,0.7632835201839986
2024-10-01,739159.8824075642,0.4285769184081213,3.107193170824747,2.7012522264378953,-0.3801730661542023,-0.07214515450014213,-0.06981667676882249,0.01818117055657144,2024-05-15,2024-08-23,739020.0,739120.0,0.6205632004028785,0.7268331082175029,0.5121929217824109,0.31459891887557445
2024-08-24,739121.120303059,0.9305474351663925,14.890448987893388,0.2663092640082811,-0.0020672923972272486,-0.0007009028703915558,-0.000665594633147657,0.00021965568066443912,2024-05-22,2024-08-23,739027.0,739120.0,10.500915893505736,0.18432098908725775,0.5121929217824109,1.1520056978790778
2024-10-02,739160.9448476811,0.41130179341194195,6.067034239562314,1.0134810939166452,-0.13972857363781943,-0.029391125427474442,-0.024731109660479682,-0.015881135628627543,2024-05-30,2024-08-23,739035.0,739120.0,1.0849639510011588,0.3222947023085193,0.5121929217824109,0.28629279300071964
2024-08-30,739127.7833187013,0.19107814158378372,9.449885100426071,0.910835142476423,-0.35911129113632084,-0.03726275309312486,-0.031939454809416845,0.019193332033714355,2024-06-06,2024-08-23,739042.0,739120.0,3.609352215568931,0.1948671359702522,0.5121929217824109,0.7754251062420389
2024-09-26,739154.769888062,0.36833208080500374,6.169598516453562,1.1739505352500277,-0.21327638794902312,-0.03397340007196525,-0.033007604400508844,-0.008043007160839607,2024-06-13,2024-08-23,739049.0,739120.0,1.0924022218893727,0.374788629422474,0.5121929217824109,0.27526588074487884
2024-09-23,739151.1297054192,0.42607848547371396,5.371093967478041,1.1250786530585224,-0.16298892203001522,0.0275131004473113,0.025396831857366665,-0.010581664700437594,2024-06-21,2024-08-23,739057.0,739120.0,0.945885740534685,0.46994324201353516,0.5121929217824109,0.2537352000294251
2024-09-14,739142.1146580921,0.7934659100776535,4.09437474329709,0.7951758863471262,-0.026898186357565676,0.007599538655264172,0.007165044051718066,-0.002532810989749124,2024-06-28,2024-08-23,739064.0,739120.0,0.8223286475134931,0.6859247173689709,0.5121929217824109,0.24410604229021435
2024-08-28,739125.6744754575,0.8231928949123972,8.041347409285263,0.5607037910751258,-0.023779607405530298,0.001014126274259155,0.0004479518596019887,-0.0009098303312276828,2024-07-08,2024-08-23,739074.0,739120.0,2.827104658028166,2.4004100346123707,0.5121929217824109,0.4198585858795755
2024-09-29,739157.7330159835,0.2304729930537835,3.7831471585424956,0.4091669631080364,-0.06406687503498079,0.05508358019872949,0.023364185170607666,0.0498830197444323,2024-03-06,2024-08-23,738950.0,739120.0,1.0270241429359048,0.07085625394284334,0.5121929217824109,1.4362386947488224
2024-11-01,739190.584323787,0.484347935689477,12.499238710032296,0.10469747665821309,0.010584488985804054,-0.011355130157716586,-0.0043679260002216945,-0.010481421819355997,2024-03-13,2024-08-23,738957.0,739120.0,2.3806837634162745,0.03612032667696274,0.5121929217824109,1.6060363921264185
2024-08-23,739120.028693218,0.7136802602982121,4.809202584949091,0.2193353886310098,0.0002182288626604107,0.0036703984742308677,0.0024960067438721664,-0.002691054680637491,2024-03-20,2024-08-23,738964.0,739120.0,6.58338021600074,0.00882327035017346,0.5121929217824109,2.079722011498121
2024-10-03,739161.4886634406,0.9522554220559512,13.390012084788413,0.20962449077596795,-0.000012811890117560119,0.0011484618721822252,0.0010863285200565925,0.00037263255140681877,2024-03-27,2024-08-23,738971.0,739120.0,3.2481435303288673,0.0007933578235745861,0.5121929217824109,1.5875816844206831
2024-09-02,739130.9405211607,0.3761444469326357,12.664520433080567,0.29824608557233845,-0.01925788758217806,0.017612625300088197,0.01737651836499394,-0.0028742267607715457,2024-04-04,2024-08-23,738979.0,739120.0,5.303130576413715,0.0324750970060858,0.5121929217824109,1.6300473532579185
2024-09-25,739153.9289990318,0.9984754453379179,13.294229537360872,0.24906024837690804,-0.0005139118865098473,0.0009131041659535298,0.0002523052577618436,-0.0008775541435076358,2024-04-11,2024-08-23,738986.0,739120.0,3.383805701204477,0.04227100318101674,0.5121929217824109,1.5062564934176774
2024-10-19,739177.4729331915,0.9337917424510835,4.4563163170913445,0.7271025249179244,-0.006701254737429573,-0.0025896673170979372,-0.0014059431074127872,-0.0021747875280044493,2024-04-18,2024-08-23,738993.0,739120.0,0.8271131930617865,0.5422332813862369,0.5121929217824109,1.152756567379387
2024-08-30,739127.7449312937,0.9636806215138534,7.075657311013058,0.25467095255273675,-0.0010960309130864537,0.0003508088138424891,0.00026001429739226477,-0.0002354981720123982,2024-04-25,2024-08-23,739000.0,739120.0,3.1565272841157106,0.4255186918493436,0.5121929217824109,1.5727980816319171
2024-09-25,739153.1716791744,0.12579157308797265,5.084488919045855,2.4070851731942198,-1.3049963998362293,0.09896420662314816,0.04413308908954541,-0.0885786917941522,2024-05-02,2024-08-23,739007.0,739120.0,1.2001446101101918,0.3262386484672787,0.5121929217824109,0.2857132119219631
2024-09-03,739131.316493073,0.7485619258603792,9.134862435125356,0.31550262444836213,-0.005832069711163947,-0.0021430652983229098,-0.0021017279721468607,0.0004188894889721005,2024-05-09,2024-08-23,739014.0,739120.0,3.4000140512239496,0.22300419086645665,0.5121929217824109,1.1255812381309234
2024-09-13,739141.8369023312,0.5696464932984974,4.414928524673657,0.6789940652541739,-0.050046911637005885,0.017937159799769637,0.0019329956216587675,0.01783270113048273,2024-05-16,2024-08-23,739021.0,739120.0,1.2021351882117,0.36000236732953544,0.5121929217824109,0.2985562302367476
2024-08-29,739126.5194151964,0.19814884590490572,5.1091774083432515,0.8256285187603244,-0.3054130469642823,-0.03508562866833298,-0.034194226532276516,-0.007858512003649657,2024-05-23,2024-08-23,739028.0,739120.0,2.2080858643058225,0.33759723976909145,0.5121929217824109,0.8804525095387107
2024-09-22,739150.7369360373,0.40834955752929536,4.7883071941136635,0.9686558905882872,-0.14098215611800907,-0.03278375726550499,-0.027936679504593605,-0.017155660252557194,2024-05-31,2024-08-23,739036.0,739120.0,1.003797833173103,0.3667376579749128,0.5121929217824109,0.264087029077388
2024-09-08,739136.8368436365,0.6904793896698188,2.2261841100618045,0.8104880277641211,-0.0352625454442555,0.020576961114850485,0.0016156431643727515,-0.020513435253206227,2024-06-07,2024-08-23,739043.0,739120.0,0.6086972484425485,0.531523001413001,0.5121929217824109,0.2776232891645278
2024-09-24,739152.8708528028,0.535558405457616,7.344206539230888,0.8983907942483024,-0.0794367404125331,-0.016262829352075972,-0.0022879297031008147,0.016101086802089253,2024-06-14,2024-08-23,739050.0,739120.0,1.3335460912123975,0.3561945483040306,0.5121929217824109,0.41339790918740016
2024-09-01,739129.6368552442,0.23711741819284265,6.340513537760287,1.2359893930807626,-0.45278731352308105,0.02064757981088313,0.016221264594981112,0.012774706532300496,2024-06-24,2024-08-23,739060.0,739120.0,1.9957437883809812,0.8200949166785028,0.5121929217824109,0.5863091479811646
2024-09-07,739135.1430811665,0.6999660541129381,14.777579037911432,0.6847940983429994,-0.03760579964508182,-0.0018462772301417881,-0.000641046456039786,-0.0017314153319578946,2024-07-01,2024-08-23,739067.0,739120.0,3.537449794540597,0.9647873537467856,0.5121929217824109,0.5360409363572287
2024-09-07,739135.6778056228,0.43257435406458244,9.32999825108226,1.2375524554243917,-0.22090581067856865,0.015902934373778977,0.004247548560031681,-0.015325196668457264,2024-07-09,2024-08-23,739075.0,739120.0,2.009583348544219,0.6440344199073696,0.5121929217824109,0.29653734656498226
2024-11-18,739207.7191667921,0.4207086582467444,7.21713246583323,0.1390872394207191,0.009431688602740048,0.013535652821814827,0.0015227083788338274,0.013449730722424624,2024-03-07,2024-08-26,738951.0,739123.0,1.2734318234301536,0.040618793598762144,0.5404826059252004,2.024551024533661
2024-09-03,739131.2657806367,0.4537815235249577,3.7447107934871218,0.2786739924366037,-0.008074279566904244,0.011319731737504512,0.011319681468014408,-0.00003373531914931063,2024-03-14,2024-08-26,738958.0,739123.0,1.8134179550432086,0.08643630118966862,0.5404826059252004,2.3999236677844666
2024-09-02,739130.0592959339,0.31078891123997937,6.444117326431088,0.2692680454684712,-0.010686794523274389,0.020480708251840302,0.00432973293572459,0.020017812647796986,2024-03-21,2024-08-26,738965.0,739123.0,3.232690994081714,0.02516544209406545,0.5404826059252004,2.2030372942178453
2024-10-22,739180.1993618349,0.5987335444543872,2.458849078535535,1.7480585105460407,-0.08213670982232421,0.03030267025488853,0.011697383699715765,0.027953944965927985,2024-03-28,2024-08-26,738972.0,739123.0,0.5055904206945993,0.6600215560101962,0.5404826059252004,1.1118676522405424
2024-11-01,739190.426197904,0.9427220930411062,12.80339204701826,0.25315182312373635,-0.0004296964592826867,0.0009187309594570089,0.0006683727960363432,-0.0006303525849739629,2024-04-05,2024-08-26,738980.0,739123.0,2.3191354533242245,0.034437535556811005,0.5404826059252004,1.659222781504107
2024-10-14,739172.4417671915,0.9508481150239525,5.4237177352267185,0.4524943857625074,-0.0031860090443710637,-0.0015930992925186813,-0.0012380720229522113,0.0010025682130441506,2024-04-12,2024-08-26,738987.0,739123.0,1.1411184141998276,0.35060510054593147,0.5404826059252004,1.4424098190939625
2024-08-27,739124.2884879444,0.8342189881529674,7.45054368704723,0.2532896203063997,-0.0013406684373995982,0.0018112222355632496,0.0016864363749256625,-0.0006606499375057305,2024-04-19,2024-08-26,738994.0,739123.0,5.473944672554073,0.08287847461268558,0.5404826059252004,1.749558919043958
2024-09-26,739154.598016467,0.6714485640804123,6.475649273369005,0.42423743216113297,-0.012495722504019561,0.004981322294584475,0.0031690596754580264,-0.0038432580678260733,2024-04-26,2024-08-26,739001.0,739123.0,1.6296805959252736,0.26010347882699264,0.5404826059252004,1.2337198073614513
2024-10-09,739167.9376796297,0.4893002905811471,6.614150344316365,0.8371078213113947,-0.07387552847684768,0.01895203348091894,0.015807928539861304,0.010454136422512908,2024-05-03,2024-08-26,739008.0,739123.0,1.3363785639356824,0.2883674233459588,0.5404826059252004,0.35016925935860105
2024-09-24,739152.3507056854,0.8407291611270395,2.869569162027215,1.2881304741903201,-0.031049158709364085,0.011991511990740838,0.0016205378324016168,0.011881507352092846,2024-05-10,2024-08-26,739015.0,739123.0,0.7047984520998541,0.7586043105035291,0.5404826059252004,0.33154795594656056
2024-09-17,739145.174952523,0.5142205906970104,4.668220241918979,0.7540121270004849,-0.0695154505725301,-0.021813183510186747,-0.0203947089899332,0.00773762367041852,2024-05-17,2024-08-26,739022.0,739123.0,1.2739283768263823,0.35104307850547833,0.5404826059252004,0.2994997452558289
2024-10-02,739160.260165505,0.982756353391093,3.445643545256888,1.1709878624755434,-0.013449479065127565,-0.005343404413741655,-0.001921956808266729,-0.004985785069169243,2024-05-24,2024-08-26,739029.0,739123.0,0.6905652096305628,0.7178983104828475,0.5404826059252004,0.30512102485946585
2024-09-19,739147.938983868,0.06952638182422134,6.0264043780003185,3.7964494696264595,-2.720881645724898,-0.11851390379111476,-0.07492853242674825,0.09182189510233026,2024-06-03,2024-08-26,739039.0,739123.0,1.4141018449626062,0.264869350412329,0.5404826059252004,0.42431305571680805
2024-08-26,739123.7067924857,0.30533647788277346,13.108411420898422,0.6453276093621018,-0.1533248781393953,0.010654037356811948,0.0029949215426298714,-0.010224429419475496,2024-06-10,2024-08-26,739046.0,739123.0,9.805380134476577,0.33521777633108285,0.5404826059252004,0.8437933633839592
2024-09-10,739138.2212068537,0.45568432433062467,4.017499997712749,0.8487294393358058,-0.11248380042728183,0.02873622732727175,0.02294297580926566,-0.017302907906478916,2024-06-17,2024-08-26,739053.0,739123.0,1.1014138744703221,0.4439851396506583,0.5404826059252004,0.24816035626388944
2024-09-12,739140.4983569687,0.02925009853921235,12.302919218063504,12.007090255120074,-10.566337260813041,-0.06071238407763781,-0.060070917537203984,-0.008802184196496221,2024-06-25,2024-08-26,739061.0,739123.0,2.963792869024571,0.4137769960711872,0.5404826059252004,0.4941866354428905
2024-08-28,739125.773514709,0.8184028298765613,2.3657467276784785,0.5887092925878823,-0.02176237062804316,-0.010833146799958636,-0.0031477260812914,-0.010365755645712078,2024-07-02,2024-08-26,739068.0,739123.0,1.1432718751776403,0.6949450221058385,0.5404826059252004,0.23326591413869205
2024-08-26,739123.832895665,0.1361982711620209,11.648614328470318,1.700709496461125,-0.9909146622051368,0.025389707139206887,0.007911833749154462,-0.024125507566483097,2024-07-10,2024-08-26,739076.0,739123.0,7.509474047855808,0.45632671158194066,0.5404826059252004,0.35660947456925973
2024-11-12,739201.4962322726,0.8953775865877747,9.497230037259289,0.12801871691495442,0.0013373036168020207,-0.0005937160122940328,-0.00044511054888645015,0.00039290622612059886,2024-03-08,2024-08-27,738952.0,739124.0,1.7673040783421923,0.21235403556117718,0.5906578118672942,2.6315978587847417
2024-09-14,739142.0564440859,0.9740031445298143,10.580413327215386,0.22754632042580453,-0.000030451353091108405,-0.001248344693753339,-0.0010350125606723081,-0.000697935150048104,2024-03-15,2024-08-27,738959.0,739124.0,3.900462040066178,0.0022455865611946367,0.5906578118672942,1.9631412776347212
2024-10-05,739163.6963309773,0.6547316065809868,14.606754218792842,0.24956992018645693,-0.0012538459690904385,0.00473084328161809,0.004419845806273732,0.0016869621228692488,2024-03-22,2024-08-27,738966.0,739124.0,3.732303650263082,0.01187996638038525,0.5906578118672942,2.0068555087107485
2024-10-13,739171.5965828481,0.07657921408399272,3.447485291531846,3.909049641120895,-2.5542049069108326,0.15529683161564398,0.14630732730999546,-0.05206987502638669,2024-04-01,2024-08-27,738976.0,739124.0,0.7754518905320987,0.36534369986747117,0.5906578118672942,1.1198673099239074
2024-10-13,739171.8732836429,0.8445278384220898,11.017558134770882,0.2902804355421952,-0.0013928155947368615,0.0014332164647795059,0.0005430557376716016,0.0013263483330924113,2024-04-08,2024-08-27,738983.0,739124.0,2.4067100107980535,0.07449214006724564,0.5906578118672942,1.9135093253606408
2024-10-16,739174.2802633968,0.4369915174801712,4.105921004206883,1.1919225433028313,-0.12782153488649484,-0.02772281540727068,-0.021658466679447017,0.017305066171525836,2024-04-15,2024-08-27,738990.0,739124.0,0.8487662403568664,0.490714750155894,0.5906578118672942,1.0965019245195533
2024-10-26,739184.2230355212,0.7261088893594222,12.255462728977273,0.3606169044960201,-0.004682894517792248,-0.0020332453787046474,-0.000934702455534984,0.001805662784032688,2024-04-22,2024-08-27,738997.0,739124.0,2.212366018699524,0.13645725215135365,0.5906578118672942,1.770604000421121
2024-09-22,739150.945135661,0.9704962222780849,5.019243713966071,0.4991537441906175,-0.004999873046478894,0.002487015714752501,0.0006930563062861501,-0.002388497461112926,2024-04-29,2024-08-27,739004.0,739124.0,1.3550332163965217,0.388719218686667,0.5906578118672942,0.8285174266267195
2024-10-09,739167.3549863673,0.5127076480600702,4.284282556382305,1.5976179712358964,-0.14147702030447007,-0.028157663809007555,-0.01851750589465203,0.021212166476402665,2024-05-06,2024-08-27,739011.0,739124.0,0.8746328560756745,0.6012858383126679,0.5906578118672942,0.32702283625173373
2024-10-06,739164.4367799821,0.9836269336340664,14.652064502376424,0.3712074962070292,-0.0019329399287978696,0.0004270354775958565,0.0003065153643505931,0.00029733420681540227,2024-05-13,2024-08-27,739018.0,739124.0,3.000877321646238,0.303868715752842,0.5906578118672942,1.3495192151040982
2024-09-08,739136.0733621498,0.11656545802470288,10.398231397725395,1.4257529390316772,-0.7660124990419432,-0.03138908617673136,-0.023273135988071667,0.0210626653653091,2024-05-20,2024-08-27,739025.0,739124.0,3.672602872047745,0.2735694393656234,0.5906578118672942,1.0850105705512463
2024-10-01,739159.7544543912,0.16536200964017714,4.6562160403501744,2.382986351360395,-1.0620328169356341,-0.09074345875371972,-0.07243886578891247,-0.05465332588053504,2024-05-28,2024-08-27,739033.0,739124.0,0.937868181747722,0.41564755198171266,0.5906578118672942,0.2887709798431551
2024-09-15,739143.2689867794,0.7951252020204855,2.687526608556184,0.7971615152273631,-0.021367534837181686,0.011330582827627469,0.00902519732560152,0.006850395641689731,2024-06-04,2024-08-27,739040.0,739124.0,0.7180956000835361,0.5579366840142416,0.5906578118672942,0.28779136039339875
2024-08-31,739128.3182978097,0.26765439722940837,8.72289942327481,0.8900095992302868,-0.26577499058529175,0.03620999397194571,0.03435085446639521,-0.011453491209097817,2024-06-11,2024-08-27,739047.0,739124.0,4.075346359938407,0.2252159667037711,0.5906578118672942,0.6265781266669065
2024-09-05,739133.3261566265,0.22500127046707813,14.028565316579586,1.2797309038593518,-0.47059472959612003,-0.018204742887484245,-0.006749746650368505,-0.016907205084083162,2024-06-18,2024-08-27,739054.0,739124.0,4.779674407726429,0.4146047001974901,0.5906578118672942,0.7284202187078692
2024-09-09,739137.0921904817,0.43429862771258276,6.2396687771584185,1.131192148543776,-0.18820171377940853,0.023907689860714034,0.013578085338049379,0.01967773444857759,2024-06-26,2024-08-27,739062.0,739124.0,1.7346032359014594,0.5479146101803571,0.5906578118672942,0.37843573219125753
2024-09-13,739141.0353173974,0.49642480797076016,11.202272438526013,1.070371241919867,-0.133334388212093,0.0024229396416213175,0.0023988604756207716,0.00034074172835818603,2024-07-03,2024-08-27,739069.0,739124.0,2.5707018844659566,2.438635676438297,0.5906578118672942,0.46191635849148327
2024-09-13,739141.2027764282,0.053556464495825976,8.002103726741513,10.47866096746164,-8.441716412130344,0.09513884304851689,0.03461580397902921,0.08861797544232072,2024-07-11,2024-08-27,739077.0,739124.0,1.677266444304647,0.5938552711408288,0.5906578118672942,0.1423275480366955
2024-10-15,739173.3950867828,0.3152121103200792,5.389433907084854,0.3729971770566609,-0.03485252416101365,-0.0301989102058928,-0.030163677452837323,0.0014583347163012524,2024-03-11,2024-08-27,738955.0,739124.0,1.275014094323793,0.0674998348676592,0.5906578118672942,2.098970467190723
2024-10-14,739172.404218932,0.23911621142792555,9.007719184763978,0.15348774933651363,0.02828877019020272,-0.03844221716502003,-0.01320932227142723,-0.03610149395374294,2024-03-18,2024-08-27,738962.0,739124.0,2.106628127503092,0.019534388571984092,0.5906578118672942,2.072982820155359
2024-11-04,739193.2505138321,0.3930496764515595,4.196830276555171,1.1297253093223172,-0.1276561860774523,-0.033982416215408415,-0.02074722642287401,-0.02691388503347763,2024-03-25,2024-08-27,738969.0,739124.0,0.7848590775364468,0.35181442884859987,0.5906578118672942,1.2523174908771249
2024-09-29,739157.3118445429,0.010352668566528502,12.096079648904341,6.2686027357122756,-5.7693668467489285,0.08525376409287637,0.08271479417692401,-0.020651080268908783,2024-04-02,2024-08-27,738977.0,739124.0,3.2511462643658278,0.05791916129822654,0.5906578118672942,1.9908248225163967
2024-09-04,739132.1129670864,0.7966019175696544,2.6729413107542115,0.5058730019818932,-0.012691803858503948,0.007501166184808801,0.006662172638251576,0.003447165483444488,2024-04-09,2024-08-27,738984.0,739124.0,1.2356135796876762,0.5042506758971661,0.5906578118672942,1.2444704277287792
2024-10-29,739187.3997985472,0.48105343352322494,5.096840307500766,1.1189365910446198,-0.09167621636416025,0.019308297712608828,0.002284932154964183,0.01917262229341481,2024-04-16,2024-08-27,738991.0,739124.0,0.9172027689872265,0.4481309986790147,0.5906578118672942,1.1588520762879453
2024-09-08,739136.644416392,0.8148495229804249,8.531091977895251,0.31931075118594504,-0.0033115146966224886,0.0007983642434943108,0.0006878021514969977,-0.00040535622073226444,2024-04-23,2024-08-27,738998.0,739124.0,3.2514365630198894,0.3961853389904073,0.5906578118672942,1.9388199991352806
2024-10-02,739160.3000977758,0.9898582469101223,3.5361639358021657,0.9945647613358576,-0.010493156864017987,0.004212610194842318,0.0006020565155710863,-0.004169365971673373,2024-04-30,2024-08-27,739005.0,739124.0,0.8180487562191009,0.6972612111068771,0.5906578118672942,0.49475164556099777
2024-10-13,739171.4453264797,0.02448658445887065,8.536688494774548,9.311796150896441,-8.160525746214946,-0.1118456512784053,-0.11184031324680545,-0.001092722630442103,2024-05-07,2024-08-27,739012.0,739124.0,1.6468584709426752,0.20928486079525385,0.5906578118672942,0.7902891577002573
2024-09-05,739133.6718234885,0.906759094667678,12.858164979537932,0.35622260001942246,-0.0036465805234302696,-0.0005176283022065683,-0.00040107415151099474,0.0003272286421372524,2024-05-14,2024-08-27,739019.0,739124.0,5.060555729315923,0.4967990084481177,0.5906578118672942,1.44655347705086
2024-09-12,739140.9613812938,0.7719856532867782,10.078440738115775,0.4423902542075321,-0.009765848132608841,-0.0030257125097634128,-0.001488572857641741,0.002634214691180487,2024-05-21,2024-08-27,739026.0,739124.0,3.069570543911152,0.24722830334402246,0.5906578118672942,1.2588891957746093
2024-10-03,739161.8793401993,0.08107225629268801,11.634625426926648,3.325645272803771,-2.190606001932427,0.04034229625315012,0.02775390085446996,-0.02927835129130706,2024-05-29,2024-08-27,739034.0,739124.0,2.2529387035385833,0.37837594005268804,0.5906578118672942,1.1619732700922103
2024-09-27,739155.0160542671,0.3705926059366503,4.835743763112019,1.1479708550848435,-0.1967745421196331,-0.03823079727019587,-0.01892628984341503,-0.03321730592142988,2024-06-05,2024-08-27,739041.0,739124.0,1.001934029218721,0.39444733411806854,0.5906578118672942,0.2609732775404933
2024-09-04,739132.0339301628,0.02314627107469103,11.469016815679103,8.576303654068795,-7.694768990986463,0.05238760368977877,0.008623069924032658,-0.05167304602442711,2024-06-12,2024-08-27,739048.0,739124.0,4.285096246775671,0.29642982541851226,0.5906578118672942,0.7477874190878829
2024-09-05,739133.0381613999,0.3000488417059109,11.379480106921688,1.084069826898665,-0.2956518986570673,-0.026238679473259953,-0.0074227837301009385,-0.02516685483322504,2024-06-20,2024-08-27,739056.0,739124.0,3.8809079105960933,0.2971038172060139,0.5906578118672942,0.605511776294987
2024-09-22,739150.1827469217,0.7720674099399112,11.925734547960932,0.8022263846049138,-0.02673163048378375,-0.0008371448470072359,-0.0008169227109240421,0.0001828900742174992,2024-06-27,2024-08-27,739063.0,739124.0,2.2831628009963283,2.067259151848544,0.5906578118672942,0.703935201512833
2024-09-10,739138.2735234328,0.707309996932746,9.8285488124726,0.8413517873900689,-0.046976438616936164,-0.0036512848312249923,-0.00008752635112148142,0.003650235616586024,2024-07-05,2024-08-27,739071.0,739124.0,2.425170111917056,0.9258801501962396,0.5906578118672942,0.4258483174598005
2024-09-09,739137.6476237008,0.2487135582794247,6.410312953828924,2.156712019448081,-0.7984462937573679,0.04471607023595555,0.02209530175128448,0.03887575822883194,2024-07-12,2024-08-27,739078.0,739124.0,1.5047303089225759,0.6927911131987537,0.5906578118672942,0.16354583534899642
2024-10-25,739183.7376994896,0.9257421700943225,11.71333650410199,0.2464391184055785,-0.00011960318581871827,0.0012241728677182624,0.0011857519574840878,-0.0003042885232476056,2024-03-12,2024-08-28,738956.0,739125.0,2.5262491941731344,0.007721637790854632,0.5347489441398016,2.2018138919698624
2024-10-20,739178.2363966756,0.016564118321310998,11.133991312125971,2.674330733583373,-2.254800059025279,-0.10862227618590153,-0.07856024352206328,0.07501391218674297,2024-03-19,2024-08-28,738963.0,739125.0,2.4755160554919278,0.03088208288996908,0.5347489441398016,2.199016528778213
2024-09-16,739144.9524968339,0.5877185490582605,12.834941689191393,0.31096805568371055,-0.006193432714832799,-0.00707598020700546,-0.0038937776281381823,0.005908298542943105,2024-03-26,2024-08-28,738970.0,739125.0,4.4351253714018695,0.04007931701399244,0.5347489441398016,2.194637003149309
2024-09-01,739129.5280246035,0.9752361778703516,8.172537667946594,0.27619955297637044,-0.0007792770257246552,-0.0011960915226822755,-0.0011739444388397925,-0.00022910562007408012,2024-04-03,2024-08-28,738978.0,739125.0,4.56608678150048,0.07774640801719389,0.5347489441398016,2.101448045063338
2024-10-18,739176.6931119936,0.9232830555908147,8.662679703772543,0.27221190356118746,-0.000494915072213208,-0.0005675506434673457,-0.0005583698857292526,0.00010167007234628828,2024-04-10,2024-08-28,738985.0,739125.0,1.8068953517502633,0.092941283995255,0.5347489441398016,2.316941426325314
2024-09-09,739137.3442666049,0.3852728247719198,14.196766232460352,0.4881770465833181,-0.053348800191575695,0.011239927193821468,0.0017594971802608536,0.01110135725914005,2024-04-17,2024-08-28,738992.0,739125.0,5.571695779053801,0.128807189552473,0.5347489441398016,1.9298704435611662
2024-10-02,739160.6470293504,0.5157576534791003,4.365212204131399,0.9368189271144965,-0.07577546211328536,-0.018789075769643192,-0.017115166527715504,0.007752447549384627,2024-04-24,2024-08-28,738999.0,739125.0,1.0502804266628052,0.47650064889069343,0.5347489441398016,0.8828053155728947
2024-10-24,739182.1950948236,0.14907040718584666,2.2103360945295867,22.322167278774913,-11.011998327035945,0.8132867807399202,0.666177777174111,-0.46652176468591866,2024-05-01,2024-08-28,739006.0,739125.0,0.3958026828289848,0.9131782216687178,0.5347489441398016,0.49196029729060925
2024-10-08,739166.5350539525,0.5943790046582514,13.20141319186629,0.5753370821067098,-0.02505768376132934,0.003561488958589041,0.0020920013773070224,0.0028823139730947377,2024-05-08,2024-08-28,739013.0,739125.0,2.7469205631804567,0.3167760636035595,0.5347489441398016,1.3539134649634843
2024-09-14,739142.6701459845,0.6767135001526227,4.310608820353911,0.6893859681631815,-0.03241774046097591,0.012603758510531258,0.006288289008518674,0.010923010113385975,2024-05-15,2024-08-28,739020.0,739125.0,1.3293150018970992,0.403783803688218,0.5347489441398016,0.3164490698393919
2024-09-17,739145.6877921341,0.0643541851679519,3.815482631121268,3.8386533287896247,-2.789738081424513,0.12712544915534824,0.10548872971779141,-0.07094369405011118,2024-05-22,2024-08-28,739027.0,739125.0,1.0608421151596892,0.3701333733491436,0.5347489441398016,0.2909277291124004
2024-09-03,739131.0296548266,0.1989796559054105,7.944946518943737,1.0992383744971006,-0.4222641428838425,-0.04381056020197608,-0.03673220554396821,-0.02387698182531958,2024-05-30,2024-08-28,739035.0,739125.0,3.500032379262289,0.24139212350035694,0.5347489441398016,0.878585424124401
2024-09-22,739150.6108071638,0.014658032698199323,4.122153115271885,14.27288058037103,-13.216579003629624,0.16758991458841221,0.06836968731051477,0.15300969031016873,2024-06-06,2024-08-28,739042.0,739125.0,0.9478484576111071,0.2804288838910595,0.5347489441398016,0.263460146710424
2024-09-03,739131.6264982272,0.9799244462755214,2.0511604443568983,0.5958112617143132,-0.008002606084263722,-0.007340654010760374,-0.005718764279702078,-0.004602275135071343,2024-06-13,2024-08-28,739049.0,739125.0,0.823722111272521,0.5208223880972526,0.5347489441398016,0.2753398005227075
2024-09-03,739131.7238770386,0.6892317647724276,3.778806419183309,0.7253496621235768,-0.04358271026326157,-0.013475910736058016,-0.010954566502327054,-0.007848416586312025,2024-06-21,2024-08-28,739057.0,739125.0,1.4482900969981725,0.589884179556372,0.5347489441398016,0.26747755235707155
2024-09-23,739151.3954547305,0.4125930536462915,4.555854564717169,1.0627829337302568,-0.15500071546902822,-0.031210307189415556,-0.028422780864270792,0.012892974939839385,2024-06-28,2024-08-28,739064.0,739125.0,0.8681111914592428,0.44976713700360965,0.5347489441398016,0.25588316414442797
2024-09-05,739133.6558525094,0.27697980553274465,13.449542310729475,1.5099820686665808,-0.496399383305515,-0.016218615578368116,-0.012242328319879524,-0.010638086697670813,2024-07-08,2024-08-28,739074.0,739125.0,4.13204627295677,0.63031559694943,0.5347489441398016,0.336070423545748
2024-09-06,739134.6516718974,0.48999808993475746,11.592194178981861,1.0587229703558856,-0.1516325023534651,0.0042632321528302194,0.00398058782360126,-0.0015264563431434156,2024-07-15,2024-08-28,739081.0,739125.0,3.164801642494918,1.5034260091114826,0.5347489441398016,0.3521622897633258
2024-10-06,739164.2559095061,0.49685338534817525,3.129173261849672,0.7242311652185983,-0.046413699879316685,-0.02354166459991497,-0.008340591879345768,-0.02201464283691837,2024-03-13,2024-08-29,738957.0,739126.0,0.8414883437546147,0.31304564352694453,0.5270525619127215,1.2417451857505608
2024-10-04,739162.7081021515,0.19348556972056802,8.293888411077024,0.36537184092484376,-0.05003277939902591,0.04655315645597581,0.046487591662382734,-0.0024698577785219854,2024-03-20,2024-08-29,738964.0,739126.0,2.229290569191422,0.025072398917425,0.5270525619127215,2.2437381092507422
2024-08-31,739128.0946843205,0.581227155478193,13.79206298068334,0.3182180897790392,-0.007460642464384951,0.006403934064456372,0.004531142058134421,-0.00452538651950417,2024-03-27,2024-08-29,738971.0,739126.0,9.477117441259375,0.04909599218953591,0.5270525619127215,2.4113097235259646
2024-10-01,739159.6556519145,0.9375455301869244,3.248224888084825,0.6530070653777604,-0.0063677286846604815,-0.0033916246888559642,-0.00143737227262645,-0.0030719829068440456,2024-04-04,2024-08-29,738979.0,739126.0,0.868724216906451,0.5419048535650915,0.5270525619127215,1.213872360800015
2024-09-08,739136.7034278841,0.7835855726652994,7.690430356718227,0.3238245826280689,-0.0033823633437440495,0.001721212284693037,0.0007277368726563295,0.0015597983116911655,2024-04-11,2024-08-29,738986.0,739126.0,3.2370944262896253,0.20022652472202265,0.5270525619127215,2.2484924655265175
2024-10-08,739166.4308086731,0.5287852794023912,7.867169069454813,0.42222455913560014,-0.017314428562684735,0.0032655872706516906,0.0018737831032128243,-0.002674508759446578,2024-04-18,2024-08-29,738993.0,739126.0,1.8232896074732443,0.356375419418928,0.5270525619127215,2.148573902504392
2024-09-07,739135.2293687509,0.9472959185817766,4.01908804411559,0.46256753105948356,-0.005881210469502464,0.0030763685218604957,0.003021282618625602,-0.0005795641644244055,2024-04-25,2024-08-29,739000.0,739126.0,1.7172134393613188,0.4505951457447092,0.5270525619127215,1.3251541481133573
2024-10-08,739166.4089222741,0.3821212480424635,5.506380034756577,1.2546889611581553,-0.19536717395041975,-0.03390847232905764,-0.002705357788322594,0.03380037773350519,2024-05-02,2024-08-29,739007.0,739126.0,1.2027462896874719,0.3998327610229196,0.5270525619127215,0.3041417932930755
2024-10-07,739165.5743360596,0.702734568753005,7.725357604014467,0.6108413776689968,-0.017811544538348042,0.005669020447177224,0.003973160056361211,-0.0040437349068712745,2024-05-09,2024-08-29,739014.0,739126.0,1.651128566286847,0.28580267128333736,0.5270525619127215,0.9502264297389438
2024-09-24,739152.2790657466,0.9403442380709144,11.733593767134431,0.4363820093937858,-0.003774140586120838,0.0009108874718066992,0.00017816382261590284,-0.0008932937023204005,2024-05-16,2024-08-29,739021.0,739126.0,3.0039069138576373,0.3320543424607007,0.5270525619127215,1.4569057236462648
2024-09-24,739152.8630814024,0.44490797080938294,13.96454609996171,0.7105873512923483,-0.07384703279192993,-0.007501417161527438,-0.0035857974467336457,0.0065888782127352195,2024-05-23,2024-08-29,739028.0,739126.0,3.414833979583613,0.3136411911513155,0.5270525619127215,1.3110732641952376
2024-10-09,739167.3808986401,0.5653536324812264,8.297199687698125,0.8991628530156963,-0.05842914879791316,0.013363418773037115,0.0008442364422017281,0.013336724715357186,2024-05-31,2024-08-29,739036.0,739126.0,1.5255956164166216,0.2979206630571701,0.5270525619127215,0.7169130942090984
2024-09-13,739141.459981648,0.5830791110292687,2.954192204324302,0.682116452215989,-0.040674752442429615,-0.02179139044906453,-0.00785675055616197,0.020325751361310842,2024-06-07,2024-08-29,739043.0,739126.0,0.8704784896610622,0.36840771070338313,0.5270525619127215,0.283895679189157
2024-09-01,739129.3975820947,0.649178932278421,5.920700559148928,0.5954370204819307,-0.03743344722701738,0.00807237042742989,0.007995159953892021,-0.0011138140012255011,2024-06-14,2024-08-29,739050.0,739126.0,2.9695954894279892,0.5084521175462454,0.5270525619127215,0.8161375735524762
2024-09-12,739140.2221036871,0.28985621586627325,4.623651991852796,1.4144986674440978,-0.4023390968460312,-0.046804146278078725,-0.004823621350715387,0.04655492225194577,2024-06-24,2024-08-29,739060.0,739126.0,1.2730686049588924,0.5388965312897529,0.5270525619127215,0.2577239781326061
2024-09-25,739153.7558019421,0.20999572750973267,4.414451133515906,1.3237355093602936,-0.4510235301231073,-0.08037643640956027,-0.06713885904546331,0.044189875944309856,2024-07-01,2024-08-29,739067.0,739126.0,0.8006989424877999,0.2669341864124107,0.5270525619127215,0.26035413406046254
2024-09-06,739134.9075749635,0.973254987718484,9.447796035079687,0.6813851110565965,-0.01457628145271109,0.002068531110554882,0.001573935389016113,-0.001342217697147564,2024-07-09,2024-08-29,739075.0,739126.0,2.865833538832604,0.7259067212750206,0.5270525619127215,0.390013019721635
2024-09-13,739141.6762668646,0.023030654091735773,4.416029046223076,10.711381297409648,-9.591899427976065,0.14484943983933243,0.06636188292111184,0.1287534881738473,2024-07-16,2024-08-29,739082.0,739126.0,0.939537465900245,0.3453521369641752,0.5270525619127215,0.20731080867276758
2024-10-02,739160.8252656657,0.20740776280949885,5.8566334885867235,0.4073223332000742,-0.06107486296923081,-0.01353267593647036,-0.0016181729372540922,-0.013435580908418595,2024-03-14,2024-08-30,738958.0,739127.0,1.6695404272783585,0.15982907270668784,0.5219473664219006,3.1603223776337823
2024-09-04,739132.5429172302,0.8858502467861649,7.225314855621033,0.28508529952764716,-0.0009761860534057968,0.001791791572644911,0.0010089598679236735,-0.0014807150383246486,2024-03-21,2024-08-30,738965.0,739127.0,3.919837463749967,0.06679572108148625,0.5219473664219006,2.4777526113498136
2024-10-22,739180.0858655744,0.15296733996895331,2.315279270850254,4.014060433340502,-1.7315433123131647,0.22249361825436684,0.15256766826577306,0.16194603040477695,2024-03-28,2024-08-30,738972.0,739127.0,0.5033695771639226,0.51417520719411,0.5219473664219006,1.1024553920198805
2024-10-31,739189.9320435505,0.22363667673736304,2.9159687563348777,3.5020795710732946,-1.0732139928352211,-0.13675073072974922,-0.11389946651291773,-0.07568139720692997,2024-04-05,2024-08-30,738980.0,739127.0,0.5591034195948157,0.6018895933285238,0.5219473664219006,1.0863519877283374
2024-10-03,739161.840797763,0.5656573700150626,7.782385800406849,0.38151602484990593,-0.011079752304854851,-0.0037332698880809764,-0.0031851080242750623,-0.0019474062059443972,2024-04-12,2024-08-30,738987.0,739127.0,1.9979776279824562,0.21571550281566435,0.5219473664219006,2.2916055032989116
2024-10-27,739185.6172741912,0.7244110680443915,4.42996071678577,1.0550584014142605,-0.027065872449233853,-0.007583639368144628,-0.0031351827323077342,-0.006905231009974428,2024-04-19,2024-08-30,738994.0,739127.0,0.8351111582613315,0.5836191859252898,0.5219473664219006,1.0817384398240473
2024-10-31,739189.4350834222,0.5671536897577932,3.471987852220681,2.5366912264720787,-0.15665827901944016,0.032038843117504594,0.027259035433550873,-0.01683545234142788,2024-04-26,2024-08-30,739001.0,739127.0,0.6103988021616271,0.7987283329198536,0.5219473664219006,0.799212418509981
2024-10-20,739178.5852659649,0.6065821519718443,13.36132303632152,0.6750422492941166,-0.027914196822021238,-0.002790488318540319,-0.0026527672696723442,-0.0008658238093660355,2024-05-03,2024-08-30,739008.0,739127.0,2.543316896329159,0.4541351222600824,0.5219473664219006,1.4512280995005986
2024-09-19,739147.5301561825,0.9860521856173512,3.57198531868959,0.701779675865361,-0.008546418339762723,-0.0039372682770595895,-0.0012452742650351028,-0.003735153743874686,2024-05-10,2024-08-30,739015.0,739127.0,1.0602027496937716,0.5992104442039451,0.5219473664219006,0.3161423851572392
2024-09-13,739141.8910616576,0.369032092608,2.6116026426222883,0.9471015429643573,-0.15685279068927405,0.043490192115539054,0.037564071446509806,0.021916599795771288,2024-05-17,2024-08-30,739022.0,739127.0,0.8669709611817605,0.5096334910612157,0.5219473664219006,0.4203657716158357
2024-09-15,739143.2615446099,0.3314606324344465,3.8519778548150043,1.0452394398596754,-0.22138358231276015,0.046372022598772676,0.034007602494862524,-0.03152534619084308,2024-05-24,2024-08-30,739029.0,739127.0,1.1952776647588719,0.41080672533332824,0.5219473664219006,0.27494543230732765
2024-09-12,739140.0946280252,0.5470817064253862,9.395380793362275,0.6518902684221406,-0.04946610511636748,0.010091262091285877,0.0015163582159876342,-0.009976684236550255,2024-06-03,2024-08-30,739039.0,739127.0,3.0562197832828484,0.2854302752868323,0.5219473664219006,1.0945123443422125
2024-10-01,739159.8391241841,0.6079041319128745,3.909416551264911,0.7765257010424086,-0.03645865911116415,0.016918096073099298,0.012409393265417224,0.011499084029731911,2024-06-10,2024-08-30,739046.0,739127.0,0.7735013551468661,0.3350983991480693,0.5219473664219006,0.3100393481327222
2024-09-16,739144.3810467096,0.7807425256912148,7.786747006497914,0.7000427572732218,-0.02229654286098408,-0.004305237094756991,-0.0040429659019445485,0.001479693602670945,2024-06-17,2024-08-30,739053.0,739127.0,2.056812646115158,0.5192687974075924,0.5219473664219006,0.8495301080489362
2024-09-05,739133.6942266811,0.3306319899242843,6.748700755053003,1.1052092036053398,-0.27439660892861895,-0.01916308375481562,-0.017093092795319082,0.008663137865963417,2024-06-25,2024-08-30,739061.0,739127.0,2.561720192417674,0.7015167445024638,0.5219473664219006,0.5668834084962231
2024-09-02,739130.2514923309,0.8890818891843888,14.472238379511861,0.5795247764767313,-0.016179728826731767,-0.0006501605318342306,-0.0005826730559584355,-0.00028844553561292556,2024-07-02,2024-08-30,739068.0,739127.0,6.799582706321294,1.5288211872863209,0.5219473664219006,0.5671366584166562
2024-08-31,739128.2119872448,0.14035686234129277,7.998248986937382,1.8009038302183404,-1.0167651657041845,-0.03954730938985977,-0.019163111910106435,-0.03459428886244126,2024-07-10,2024-08-30,739076.0,739127.0,4.790216322375808,0.4511723215625944,0.5219473664219006,0.41014734726743807
2024-09-20,739148.6520952199,0.9352739194078954,2.0527274750833793,-1.5970312657647077,0.08508771773249432,0.04998552314342346,0.034644111384203646,-0.036032458566140235,2024-07-17,2024-08-30,739083.0,739127.0,0.3623995360864896,0.775586358688178,0.5219473664219006,0.21540501856465571
2024-11-18,739207.7221798402,0.15446909523459265,5.359523799393919,1.3951544406760195,-0.5305494408725323,-0.08661796740227014,-0.03515698449418384,-0.07916223037646458,2024-03-15,2024-09-03,738959.0,739131.0,1.0032460435280224,0.1765359959034837,0.49710913786470207,1.4079954188090231
2024-11-24,739213.4263216944,0.21736308350619998,13.458612096368752,0.5249846834265198,-0.09640666966732385,-0.04565420412540704,-0.0025516437334359757,-0.04558284182213682,2024-03-22,2024-09-03,738966.0,739131.0,2.3545086894442435,0.034104510033032005,0.49710913786470207,1.9223029053687106
2024-10-26,739184.7929389282,0.25171293807920053,10.022858445679198,0.4510190702817093,-0.06181964635149645,-0.03212206431391359,-0.023168618212383203,-0.022249542600153067,2024-04-01,2024-09-03,738976.0,739131.0,2.163394558671337,0.048332249765698575,0.49710913786470207,2.1789199594116657
2024-11-05,739194.0984028581,0.026531285761567165,2.4816778761994542,26.04075747815404,-22.486652037223795,-0.42191034528025917,-0.1331632224586353,0.4003447210079578,2024-04-08,2024-09-03,738983.0,739131.0,0.4769787702232342,0.5697935298423242,0.49710913786470207,1.1243511061259008
2024-09-22,739150.9915865173,0.597287551787587,8.165208076313021,0.42817694624857067,-0.014021135605174165,-0.0031663223796720387,-0.0016995072425710208,-0.0026715674321380408,2024-04-15,2024-09-03,738990.0,739131.0,2.710879065553921,0.32392484990000486,0.49710913786470207,2.2734057896806386
2024-09-22,739150.5724883211,0.9743239734256937,11.517059381429908,0.35351812072299166,-0.0016669537701540645,-0.0007289472807468284,-0.000446673990333327,0.0005760611811846885,2024-04-22,2024-09-03,738997.0,739131.0,3.77606123727363,0.19345912446892463,0.49710913786470207,2.1061418035490496
2024-09-13,739141.4884268221,0.725516186132319,12.825576113555542,0.44485004984164944,-0.010600249267139055,0.0007779687757409447,0.0005866767986496227,0.0005109263645126314,2024-04-29,2024-09-03,739004.0,739131.0,5.252691754783833,0.7707688147513567,0.49710913786470207,1.7303998411735595
2024-10-27,739185.6880594885,0.11135038399474875,5.906941099726151,4.779527582035109,-2.726479791316054,-0.1050873114365327,-0.006433720078415846,-0.10489018195670854,2024-05-06,2024-09-03,739011.0,739131.0,1.0918131388980417,0.48908132551944566,0.49710913786470207,0.41683134797762494
2024-10-01,739159.2140928981,0.19072683466888957,14.998473960861022,1.3970289402563634,-0.5098190855038773,0.012100687028826707,0.0019194558859348362,0.011947481561884294,2024-05-13,2024-09-03,739018.0,739131.0,3.8442882238829297,0.5357606204301553,0.49710913786470207,1.3650280927254375
2024-10-24,739182.9994946006,0.28161718649371253,5.024333799580708,1.9803363766832491,-0.4746917105883319,0.053084718369916704,0.04541250439385025,0.027489848473425678,2024-05-20,2024-09-03,739025.0,739131.0,0.8886945809671464,0.501213547028885,0.49710913786470207,0.4246177207434433
2024-09-05,739133.5639163855,0.2909376056420157,11.603247378721816,0.7823541807966999,-0.18290266857910134,0.006633853439196811,0.0029718928166789253,0.005930924425324907,2024-05-28,2024-09-03,739033.0,739131.0,6.7760699924193455,0.6913126094324715,0.49710913786470207,1.212739332567771
2024-09-16,739144.200548619,0.9158569297800851,14.596737155732718,0.4769342312340619,-0.005903895709748836,-0.0006091040217438262,-0.0005362637657671101,-0.00028884058376513075,2024-06-04,2024-09-03,739040.0,739131.0,4.799750245966957,0.6081616888534136,0.49710913786470207,1.4381731249855378
2024-09-25,739153.8561223121,0.8782528254190669,3.459930183573191,0.6346989213246883,-0.008552708410479929,0.006132561824523087,0.00012509938799363574,-0.006131285727701922,2024-06-11,2024-09-03,739047.0,739131.0,0.8492709366659774,0.3540087126800121,0.49710913786470207,0.3254211630645771
2024-09-27,739155.0164741839,0.48891543010177785,8.748257028329743,1.1814269840918645,-0.1296330074248874,0.013657343476839051,0.0013872146488394792,0.013586709180754686,2024-06-18,2024-09-03,739054.0,739131.0,2.000140372713804,0.5304709113142166,0.49710913786470207,0.7193292223107162
2024-09-04,739132.3157447212,0.12608173122023095,3.7713994765260472,2.1022421018911435,-1.2087683836371115,-0.0807010195937983,-0.050556493902834676,-0.06290226933689483,2024-06-26,2024-09-03,739062.0,739131.0,2.3880981487151125,0.5007416285158109,0.49710913786470207,0.356356189416925
2024-09-13,739141.4151049292,0.613062647597652,8.200340431893968,0.9940550288066786,-0.08009260616961873,-0.009669168405173477,-0.006765212045148673,0.0069083083046271405,2024-07-03,2024-09-03,739069.0,739131.0,2.5308427181171145,0.6192646300559178,0.49710913786470207,0.35091572202515076
2024-09-29,739157.5502353932,0.45129420819280364,12.12283985911974,1.847314433326618,-0.265708538193033,-0.015694558269310214,-0.0020561281933458835,0.015559289704909466,2024-07-11,2024-09-03,739077.0,739131.0,2.141340935790184,0.6302484771990968,0.49710913786470207,0.27496183006226327
2024-09-14,739142.8620157831,0.8453987707989703,5.025606713130774,0.7148879809746667,-0.018301198768200144,-0.007534229924522533,-0.007530127747508471,-0.0002485893436449231,2024-07-18,2024-09-03,739084.0,739131.0,1.281243679030148,0.4086145068958953,0.49710913786470207,0.19188974762675184
2024-10-22,739180.6383508738,0.7755844383109902,10.818951481217733,0.33151999309569197,-0.00206481779257654,0.002711905840873404,0.0011608896624668017,0.002450870963829186,2024-03-18,2024-09-04,738962.0,739132.0,2.5880115589059143,0.054582200555103426,0.48161060537463063,2.369935960691682
2024-10-17,739175.5643394205,0.959996372666303,3.1390639490902306,0.7174478118851547,-0.004935673077342519,-0.002974810045095906,-0.0006650967362941012,-0.0028995070504784833,2024-03-25,2024-09-04,738969.0,739132.0,0.7775601398308584,0.507407141328667,0.48161060537463063,1.264486636484715
2024-11-02,739191.4409886455,0.6316619428668216,14.858067494531817,0.4375954189643436,-0.009188150888047378,-0.0030875445921309647,-0.002321760337348973,-0.0020352789843926427,2024-04-02,2024-09-04,738977.0,739132.0,3.034074411860672,0.12651361483025167,0.48161060537463063,2.5183728061354085
2024-10-15,739173.9211163609,0.10166323764705522,5.3044598305374375,2.3863560520295524,-1.3631115947898946,-0.09541698759500768,-0.034398763485596735,0.08900071119023614,2024-04-09,2024-09-04,738984.0,739132.0,1.2754803558330412,0.2737968719559809,0.48161060537463063,1.2941737353302203
2024-10-30,739188.7518454718,0.9313356033823728,4.741102562854046,0.7637251176865462,-0.006384591546961165,0.0023768736771082265,0.0023228597978257686,-0.000503836120752384,2024-04-16,2024-09-04,738991.0,739132.0,0.9419483028979443,0.5276596350715508,0.48161060537463063,1.2222751499480606
2024-09-11,739139.9358892567,0.3610451237200601,2.7452436039827264,0.8807301428004384,-0.15390724223562247,0.0380673596324407,0.019876635688606228,0.032466031834642195,2024-04-23,2024-09-04,738998.0,739132.0,1.260065940485049,0.5317247757914393,0.48161060537463063,0.8870747830924633
2024-09-06,739134.1341440144,0.6301281957424291,10.79692936902261,0.4564063130879748,-0.018291261598064344,-0.0013089843129978794,-0.0010589300054988972,-0.0007694850064352364,2024-04-30,2024-09-04,739005.0,739132.0,7.050164783295477,0.8155261131463041,0.48161060537463063,1.5638957153328066
2024-10-21,739179.4074675879,0.7699891276305177,4.437345884182122,1.1745973321838246,-0.028002073022048823,-0.0071416064886808605,-0.0064714962609623205,-0.00302031114018395,2024-05-07,2024-09-04,739012.0,739132.0,0.8910101524787347,0.6803863274117756,0.48161060537463063,0.5235416769260133
2024-10-24,739182.2967428955,0.4718504446376478,6.246102769490842,1.2147078581634267,-0.11532666916358111,0.020537106139971395,0.02010787098342121,-0.004176871211629352,2024-05-14,2024-09-04,739019.0,739132.0,1.17067852209192,0.42421473001350507,0.48161060537463063,0.34719479923694246
2024-09-07,739135.5735542072,0.8639922286569972,14.405951886310893,0.4204990355662398,-0.005976722838166588,-0.0008297643996502172,-0.0008277839328926987,0.0000572950204780615,2024-05-21,2024-09-04,739026.0,739132.0,7.84826175018819,0.4319924880108616,0.48161060537463063,1.5327174271588386
2024-09-08,739136.2878606636,0.9079656313898967,13.516124397945557,0.43664936839971136,-0.005596667664874768,0.0008653964277749554,0.000015449208062619543,-0.0008652585158066265,2024-05-29,2024-09-04,739034.0,739132.0,6.8234798164287795,0.4344418458641761,0.48161060537463063,1.4858707735646977
2024-10-15,739173.2664280705,0.6861602069238552,4.937338682214425,0.7733587557030385,-0.023840785517422452,0.009668755224380522,0.009439329822344106,-0.00209377173875063,2024-06-05,2024-09-04,739041.0,739132.0,0.915277637735436,0.3426751438997212,0.48161060537463063,0.34190824779373097
2024-09-09,739137.3015115262,0.28730943046967977,7.007152239395859,1.0385805783791642,-0.27850071226705486,0.019166962573731152,0.009720419634376094,-0.01651925835001216,2024-06-12,2024-09-04,739048.0,739132.0,3.149419001656301,0.5957737216022178,0.48161060537463063,0.8930819209280468
2024-09-24,739152.9748097347,0.28299037936743826,8.994589588601842,1.690957786485507,-0.4680977013290786,-0.02088075073893804,-0.011347236824950693,0.01752843312621366,2024-06-20,2024-09-04,739056.0,739132.0,2.191862394479466,0.7053111003042686,0.48161060537463063,0.7565689082830204
2024-09-24,739152.1323354795,0.6802018973419571,4.979784113357031,0.8261186194127785,-0.03768033679698698,-0.010300796195694363,-0.003274691882325418,-0.00976641158978381,2024-06-27,2024-09-04,739063.0,739132.0,1.1791626674485993,0.4996562279265421,0.48161060537463063,0.2600290565665924
2024-09-25,739153.2742284503,0.2116238954958765,11.739517317151252,2.799385339254943,-1.1185343735224018,0.026095286883188785,0.02432235198363636,-0.009454479969835736,2024-07-05,2024-09-04,739071.0,739132.0,2.527128913019035,0.7726836503031984,0.48161060537463063,0.4241278279664385
2024-09-19,739147.4051609654,0.6467411054873554,11.73567119152002,1.098204110257342,-0.07481378847534716,-0.00760454054356868,-0.004191670383315533,-0.006344993008381906,2024-07-12,2024-09-04,739078.0,739132.0,2.811507174028323,0.5421646524076391,0.48161060537463063,0.325438816407462
2024-09-10,739138.5621995182,0.28113399556419366,6.268564518657081,1.4470725263194515,-0.4384015671636018,0.042171193504965225,0.02423212675870892,0.03451396231068064,2024-07-19,2024-09-04,739085.0,739132.0,2.094632230827969,0.4662313475731521,0.48161060537463063,0.3324036763294546
2024-09-26,739154.8510037732,0.23144012364330507,3.17721310886146,0.8174221672022085,-0.20304601520012658,-0.06803618390396035,-0.02723486325510784,-0.06234728978623761,2024-03-19,2024-09-05,738963.0,739133.0,1.098552211982424,0.2173936385040494,0.4673603410962379,1.2522432045413356
2024-11-03,739192.1561377333,0.0035275686297577833,4.743485771584757,49.11655882154526,-48.044653816627,0.17278938603539878,0.1459059771031206,0.0925614270205128,2024-03-26,2024-09-05,738970.0,739133.0,0.9989488729794916,0.2067787361556944,0.4673603410962379,1.2973200723044704
2024-10-08,739166.5717400298,0.05648617107899169,14.460874626584616,2.577945903703521,-1.8074360602883286,0.0703173747905696,0.06600306959920145,-0.024251350496836282,2024-04-03,2024-09-05,738978.0,739133.0,3.9719485654553663,0.10040327297565481,0.4673603410962379,2.143831376443878
2024-10-26,739184.6629476708,0.04730432549093268,9.290991531203662,2.561516678464337,-1.8517987090849088,0.05501988707367418,0.042709164695918705,0.034685951400772484,2024-04-10,2024-09-05,738985.0,739133.0,1.9990492757035174,0.17136134900957598,0.4673603410962379,2.2269494349951016
2024-10-05,739163.2719090087,0.9407335962451939,4.746157328056089,0.565519432245076,-0.0053291467883391005,0.0024282374723967213,0.0004364572156221013,-0.0023886905034522614,2024-04-17,2024-09-05,738992.0,739133.0,1.3090881706770963,0.43500179577796755,0.4673603410962379,1.3730078903431997
2024-09-05,739133.3574989841,0.13973024443177964,12.574726003477606,1.014290460794527,-0.4562495883628939,0.009451119944872568,0.008687618391098098,-0.003721418399350193,2024-04-24,2024-09-05,738999.0,739133.0,11.866138379442047,0.5364275801158094,0.4673603410962379,1.7007429833389607
2024-10-10,739168.1625223774,0.09796268433473879,11.479869299702242,2.9757841408166055,-1.7788804253039325,0.021463924622775608,0.01951234772249729,-0.008942502254321654,2024-05-01,2024-09-05,739006.0,739133.0,2.7929046849709307,0.7072311079285184,0.4673603410962379,1.368440859138953
2024-09-09,739137.4199017388,0.5939970767190766,3.9338048273738835,0.6789208110238183,-0.04716576856737341,0.017781510158444973,0.011258622169094817,-0.013763194773323833,2024-05-08,2024-09-05,739013.0,739133.0,2.0895849397624118,0.400525131960457,0.4673603410962379,0.37912890010163514
2024-09-08,739136.549020972,0.16177409518771405,9.097856170946326,1.1931846390119658,-0.5169547333917728,-0.03887677886549255,-0.0368965591226066,-0.012249402429033178,2024-05-15,2024-09-05,739020.0,739133.0,5.0557859792006585,0.23644609978312986,0.4673603410962379,1.0685079976957166
2024-09-07,739135.8518672085,0.6220879086667105,9.680989291272454,0.521620897575804,-0.025508368696049,0.006277640466969331,0.005599980021023746,-0.0028370748309950885,2024-05-22,2024-09-05,739027.0,739133.0,5.611532497812654,0.2611068508721083,0.4673603410962379,1.2576080800000529
2024-09-19,739147.8997058405,0.028975383555762464,13.450016722905943,7.633426329921067,-6.5826636468180775,0.04810762724076814,0.001110045419033921,-0.04809481882598579,2024-05-30,2024-09-05,739035.0,739133.0,4.335128274867644,0.29477734072325984,0.4673603410962379,1.1338684665775252
2024-10-02,739160.7988839152,0.7356261805831233,6.764455192595524,0.8390947228617489,-0.027673219238593987,0.00781813194154896,0.007626486993116415,0.0017204311085580457,2024-06-06,2024-09-05,739042.0,739133.0,1.5636876367492334,0.38492936307404196,0.4673603410962379,0.38142492184546434
2024-09-13,739141.2940181104,0.6009574119935669,8.723306981886292,0.686953495253282,-0.04489509485664369,0.0051956646166107096,0.0026154181005077913,0.004489378461194459,2024-06-13,2024-09-05,739049.0,739133.0,3.345170560219167,0.595278674024928,0.4673603410962379,0.991164995048569
2024-10-10,739168.2249091845,0.6528196723774987,7.763445845238189,1.0946578904212985,-0.053587465216775106,0.009246276787028445,0.0024515131842894017,-0.008915364127706523,2024-06-21,2024-09-05,739057.0,739133.0,1.4206833688088176,0.487343333968402,0.4673603410962379,0.2829452770148403
2024-09-11,739139.0971699263,0.9713198802024539,5.013930035419168,0.673025250144791,-0.012464662563953321,-0.0035059607085154397,-0.0031530708920533756,0.0015329398029080641,2024-06-28,2024-09-05,739064.0,739133.0,2.00372389249304,0.6887434624018282,0.4673603410962379,0.3113662124443589
2024-09-15,739143.1955662308,0.577625482140597,14.97715537562239,0.9624351171456885,-0.08499025655135274,0.00383214122631047,0.002036123493215275,0.0032464607650124376,2024-07-08,2024-09-05,739074.0,739133.0,4.564724610938207,0.855351543023503,0.4673603410962379,0.4797129513517185
2024-09-20,739148.5781832149,0.7820784744112994,10.029855086001794,0.9852385384293055,-0.038339593012947905,-0.0047198809360795005,-0.0026960903236919968,-0.003874064147282681,2024-07-15,2024-09-05,739081.0,739133.0,2.3424340973255102,0.6333913522381068,0.4673603410962379,0.31927713040372485
2024-09-14,739142.4511895255,0.3552574113036096,4.692935226318639,1.043720345564286,-0.202925846988887,-0.04630295199776124,-0.020795754818035028,0.041370278525230585,2024-07-22,2024-09-05,739088.0,739133.0,1.3079511783673692,0.3317624842096126,0.4673603410962379,0.19610646630682976
2024-09-11,739139.1521221101,0.12612902285247565,13.397879870892806,0.7764593695535882,-0.3061219087921459,0.03943376198128477,0.007670907647308845,-0.03868047000571581,2024-03-20,2024-09-06,738964.0,739134.0,7.519151568020438,0.07308111312458955,0.45968886554644145,2.7818217829411185
2024-10-25,739183.022081781,0.9797708548425856,2.667917531539908,0.8546298190575778,-0.005062663754710871,-0.0032690024597850933,-0.0023758267895852003,0.0022454006653535737,2024-03-27,2024-09-06,738971.0,739134.0,0.621810513152384,0.5687428528086886,0.45968886554644145,1.2755286558022125
2024-11-12,739201.2087810868,0.08328999312187403,7.995985023889322,2.523451916163331,-1.5349732471513344,-0.07801205583785764,-0.058724080362520366,-0.05135526498447135,2024-04-04,2024-09-06,738979.0,739134.0,1.5217928889056183,0.20495567212383278,0.45968886554644145,2.0090196975155403
2024-11-03,739192.493208375,0.22487116083032138,5.182171493182296,1.560129858942905,-0.4537817207783896,-0.05453333443534794,-0.03814992831363179,0.03896751896518767,2024-04-11,2024-09-06,738986.0,739134.0,1.0403270477582425,0.3610829027719978,0.45968886554644145,1.2088868573727447
2024-10-20,739178.144298272,0.38641497727550733,11.736759299322516,0.7474779028885936,-0.08441896634157305,0.008158823706241004,0.001275646576019432,-0.008058481872078017,2024-04-18,2024-09-06,738993.0,739134.0,2.6780461301260754,0.3406577190405157,0.45968886554644145,2.1661321805303424
2024-10-19,739177.5663898297,0.41970880822283296,9.322533002071168,0.7436503197999063,-0.07316417841623706,0.0069412226050117355,0.005026567952113185,0.004786876421541981,2024-04-25,2024-09-06,739000.0,739134.0,2.0847236587034734,0.47454421327817903,0.45968886554644145,1.8028748029407575
2024-10-22,739180.4354408827,0.5361511113473459,4.717303439307928,1.253396357911241,-0.0883283897302099,0.015262973696429243,0.005094232249067823,-0.014387743528797292,2024-05-02,2024-09-06,739007.0,739134.0,0.9893375247622543,0.657740455670143,0.45968886554644145,0.6392351704126193
2024-10-29,739187.531708048,0.025920801099819986,3.694355890855627,15.84175830553295,-13.781782946804023,0.1579758780983082,0.06885864627652472,0.14217898893259856,2024-05-09,2024-09-06,739014.0,739134.0,0.6915092769867132,0.6121027307941704,0.45968886554644145,0.7883943337660133
2024-09-30,739158.7876257967,0.08521086333725948,12.269021655645604,3.0185294982759836,-1.934028200498836,-0.03346872053555099,-0.006267662404826326,0.032876612694527074,2024-05-16,2024-09-06,739021.0,739134.0,3.3495588981106983,0.4013365607247523,0.45968886554644145,1.276133160334488
2024-10-10,739168.3333780833,0.15690496198862183,6.107056164874141,2.422044369165223,-1.1122334568151804,-0.08584035622207786,-0.017416754091991466,-0.08405488345856135,2024-05-23,2024-09-06,739028.0,739134.0,1.368436776267125,0.33289648347137857,0.45968886554644145,0.28082961770812653
2024-10-05,739163.9363334021,0.6782335106114822,13.353698429548118,0.6993682801544275,-0.024633535525508562,0.0040787380551656205,0.003066339988583385,0.002689547024513733,2024-05-31,2024-09-06,739036.0,739134.0,3.0869232264819284,0.3067457915847798,0.45968886554644145,1.2700568864594568
2024-09-11,739139.1529572086,0.88721012593665,2.570668475115956,0.5594455101709044,-0.007989092123030256,0.007727638074292631,0.007449229042292595,0.0020555721545890042,2024-06-07,2024-09-06,739043.0,739134.0,1.1972789845180452,0.3568051166863877,0.45968886554644145,0.3156240757773649
2024-10-07,739165.1178555544,0.40087925246702893,9.508735719087852,1.4341422295098372,-0.2201686964157024,0.020814081585546127,0.020134742325671865,-0.005274290827075077,2024-06-14,2024-09-06,739050.0,739134.0,1.9797421816473086,0.44595303238008743,0.45968886554644145,0.7296514404296025
2024-10-07,739165.7046448662,0.4932589775647117,9.193633886414009,1.4321110991620472,-0.15148240266613822,-0.017082461144804353,-0.005446586549680639,-0.01619089786641211,2024-06-24,2024-09-06,739060.0,739134.0,1.761979213258037,0.4757727198938055,0.45968886554644145,0.39794428188409475
2024-09-11,739139.8956183878,0.7188360699698598,3.196229336764819,0.6131589419675183,-0.020931961418577318,-0.0136511570557379,-0.012531923710307528,0.005413407159955236,2024-07-01,2024-09-06,739067.0,739134.0,1.2792776599104483,0.3448517149865462,0.45968886554644145,0.2610719155489907
2024-09-28,739156.7497545199,0.7799698165369315,14.376529014311462,1.0089063973181187,-0.03415004803313537,0.002836123253480003,0.00001148018903188652,-0.0028361000183684806,2024-07-09,2024-09-06,739075.0,739134.0,2.926722493915258,0.6532658709320034,0.45968886554644145,0.4343147128674477
2024-09-06,739134.6213362555,0.6267171610541807,4.307032096571766,0.6654778100224732,-0.04341548160740788,0.01797385550776714,0.0170254561093551,-0.005761364949603023,2024-07-16,2024-09-06,739082.0,739134.0,3.0428730161980613,0.35147695532361367,0.45968886554644145,0.32618556980081137
2024-09-11,739139.6919993131,0.3677564710602044,4.465331730496443,0.8341522201210965,-0.14009499548150176,0.05012344382694155,0.03522350308519237,0.0356604045333197,2024-07-23,2024-09-06,739089.0,739134.0,1.5540477631546805,0.23019098656751996,0.45968886554644145,0.2618229748522882
2024-11-18,739207.6167067293,0.5071735225626227,6.1637930469907465,0.6604472412356024,-0.03474025524711475,-0.013456284323916151,-0.004714485716324407,0.012603380984348794,2024-03-21,2024-09-09,738965.0,739137.0,1.21076369178946,0.21243025684631814,0.47940309895942,1.6300417053034213
2024-10-30,739188.8753413766,0.6805311847597378,5.465973031925328,0.6131462953906406,-0.014933730442758896,-0.006318555316390186,-0.0051935793812776234,-0.0035987323457921426,2024-03-28,2024-09-09,738972.0,739137.0,1.2444262199857974,0.29425988612372905,0.47940309895942,1.553761285698265
2024-11-07,739196.4602168895,0.24714012271732116,8.046216892580466,1.0170372185989471,-0.23888680765449527,-0.029440785826315378,-0.02402330186941707,-0.017018837720650454,2024-04-05,2024-09-09,738980.0,739137.0,1.6546561630427001,0.2492265420120832,0.47940309895942,2.223898562506334
2024-09-21,739149.8392452651,0.3531037101492392,3.086924802651967,0.8354743605884691,-0.13323265598137166,-0.036792844241975965,-0.0363896155933883,-0.005432243033934977,2024-04-12,2024-09-09,738987.0,739137.0,1.2480265771817638,0.41421283715969764,0.47940309895942,1.0791958030726119
2024-11-14,739203.3741949141,0.5094302085406665,8.455803433017865,0.85213223423677,-0.054061016500253786,0.011183927877802355,0.010471228642818091,-0.00392856379427784,2024-04-19,2024-09-09,738994.0,739137.0,1.546055204575266,0.29121897267867414,0.47940309895942,1.5646698149605185
2024-11-10,739199.8602501085,0.30809639431362706,4.882627754659945,1.9283174801992538,-0.3845864165882499,0.036879556622629775,0.02665696052057353,0.02548544981918781,2024-04-26,2024-09-09,739001.0,739137.0,0.8949704676789108,0.6580232671424786,0.47940309895942,1.0163742558668258
2024-10-17,739175.593409002,0.2170721591922416,14.361555450561081,1.5449620128211015,-0.49081990351355514,0.017664618484103802,0.0023036026519477003,0.017513770610890204,2024-05-03,2024-09-09,739008.0,739137.0,3.3564759534049218,0.4199722068770227,0.47940309895942,1.36306893198072
2024-09-13,739141.2935294135,0.12105057406192189,12.63227751264678,1.5502723078541782,-0.8132424761828555,0.008165398921497029,0.003515173293303951,-0.007370026883616336,2024-05-10,2024-09-09,739015.0,739137.0,6.798469320824826,0.9543943120313072,0.47940309895942,1.2891905657177618
2024-10-01,739159.558729781,0.5640884046553264,8.194698544256207,0.7096487892289051,-0.041835390040417524,0.006854298007489219,0.004669373266170079,0.005017803750312166,2024-05-17,2024-09-09,739022.0,739137.0,2.3579491980262355,0.42014096671956813,0.47940309895942,1.30807087167317
2024-09-29,739157.3386400528,0.21721189478105402,11.333872432787969,1.418078536981199,-0.47311422337950576,-0.02420704673276101,-0.02372061830314279,-0.004828392987183505,2024-05-24,2024-09-09,739029.0,739137.0,3.322946974685637,0.3745669717150252,0.47940309895942,1.2273429834862686
2024-10-21,739179.2337299152,0.8793204353913742,12.505653030192999,0.666577344774677,-0.00801295668503241,-0.0008685838637465794,-0.0003832129913751018,-0.0007794778583143222,2024-06-03,2024-09-09,739039.0,739137.0,2.3885855950740487,0.6486670374623187,0.47940309895942,1.439851026692107
2024-10-03,739161.9142460303,0.9895202126242624,2.7383854150199407,0.25455177155296665,0.004029895230612136,-0.006598798271953897,-0.005543453239841363,0.003579701776912992,2024-06-10,2024-09-09,739046.0,739137.0,0.6700460596970872,0.22067798017412465,0.47940309895942,0.42820690195398775
2024-09-18,739146.2071442965,0.3486125741879134,13.375612496209628,1.054530350632786,-0.21242307004236557,-0.020601270761034875,-0.020600039661470546,-0.00022521748446982124,2024-06-17,2024-09-09,739053.0,739137.0,4.927829333087304,0.2687429254779358,0.47940309895942,0.77671660837126
2024-10-10,739168.8030333124,0.8387716006917749,14.934816319082962,0.8649616604585028,-0.01740575575628854,0.000798650713161329,0.0005910812771625909,0.0005370902023132985,2024-06-25,2024-09-09,739061.0,739137.0,2.9016475518554854,1.2239955340138413,0.47940309895942,0.8370640116767699
2024-09-17,739145.2611107749,0.7172455404979449,7.729666867423765,0.8404429357050844,-0.040840404143656764,0.005570324598496588,0.0013082619796391723,0.005414514449629511,2024-07-02,2024-09-09,739068.0,739137.0,2.7503069342822517,0.6803252769885345,0.47940309895942,0.46969344670836416
2024-10-05,739163.3441079239,0.7803932477946378,11.50353622035588,1.116919518652138,-0.03630099041264535,0.003762070499282198,0.003705836950063461,0.000648033132728372,2024-07-10,2024-09-09,739076.0,739137.0,2.1944704278749176,0.6545965066273034,0.47940309895942,0.3714683438412621
2024-09-21,739149.8550412898,0.5527233673245152,9.917479174595897,1.122920204574693,-0.10677254128210548,-0.009548644016530747,-0.005559880714471577,-0.007763010304983207,2024-07-17,2024-09-09,739083.0,739137.0,2.6024772840999435,0.6231956383008793,0.47940309895942,0.43997901861080024
2024-09-15,739143.6048579192,0.012614406151305383,5.756341929619592,16.275862290688973,-15.26329059960784,0.14573161954462419,0.13812726169482153,-0.046460354193542025,2024-07-24,2024-09-09,739090.0,739137.0,1.9182668365955082,0.22951686767424861,0.47940309895942,0.41610208435615553
2024-11-10,739199.2920770509,0.9313197305320664,3.5265275282845057,0.7263303947193697,-0.004354892097441424,0.0027369637031714367,0.00162969874203853,0.0021988752403617477,2024-03-22,2024-09-10,738966.0,739138.0,0.7502086528881073,0.42020371374598076,0.49999983545124377,1.3261833272506418
2024-11-11,739200.4762182127,0.6065579126663482,2.6165211559608235,0.965931546672438,-0.026780316334863084,-0.01917805670296755,-0.01869962712118255,0.0042569712743889465,2024-04-01,2024-09-10,738976.0,739138.0,0.5326101317209042,0.3237122439657425,0.49999983545124377,1.3151241760595058
2024-10-04,739162.5089732597,0.8378775258214548,8.403837163809829,0.3862552560310105,-0.002973630913621938,0.001384759848191228,0.0013794680787012092,0.00012094485109746061,2024-04-08,2024-09-10,738983.0,739138.0,2.663235472560748,0.2140994311475471,0.49999983545124377,2.4994226314555816
2024-09-14,739142.9783284544,0.301059388560786,2.362972642404922,0.7785183051843672,-0.146950732266784,0.05108630754176829,0.050963305576086325,0.003542922947310544,2024-04-15,2024-09-10,738990.0,739138.0,1.2881458088879756,0.3664888132415613,0.49999983545124377,1.0639712690030996
2024-10-16,739174.7397292834,0.8164647719425087,10.081313402781914,0.46545616022505315,-0.005045024658739105,-0.0009264292845450267,-0.0009204079746253722,0.00010545321004422004,2024-04-22,2024-09-10,738997.0,739138.0,2.5294181878818107,0.44103327112034285,0.49999983545124377,2.2258714298626585
2024-09-30,739158.0900809974,0.6557014412379357,4.458096892464017,0.7790669073768386,-0.03397717129874727,-0.010357440870860182,-0.009890615753519906,0.003074459531297946,2024-04-29,2024-09-10,739004.0,739138.0,1.4455296347349325,0.48249341674053337,0.49999983545124377,0.6333775489499177
2024-09-11,739139.5085282059,0.1055546092572133,9.542340526296552,1.6102544492211508,-0.914500801071843,0.04314222132094468,0.04092108924172628,-0.01366439591698249,2024-05-06,2024-09-10,739011.0,739138.0,6.7504574823523695,0.2344789602027519,0.49999983545124377,1.1518990075044826
2024-10-05,739163.4105679912,0.26404495197091765,3.1987903054486915,0.9759867333696021,-0.2181903057776579,-0.05280728952673379,-0.00883830263538973,-0.05206240710614091,2024-05-13,2024-09-10,739018.0,739138.0,0.8880777890818818,0.3410622651429494,0.49999983545124377,0.7288481784129985
2024-09-17,739145.8565292826,0.06141415910399341,9.029273720124536,3.2521205989131428,-2.3584385229039486,-0.033905768404914965,-0.017698115891559334,-0.028920197527276065,2024-05-20,2024-09-10,739025.0,739138.0,3.9278398112956268,0.47311493721084164,0.49999983545124377,1.228743162527978
2024-10-23,739181.2883432015,0.6588750864575225,4.731842605777341,0.7047315285964756,-0.0209065192032748,0.009761543225057736,0.008514237959833141,-0.004774461026964927,2024-05-28,2024-09-10,739033.0,739138.0,0.9272686423035117,0.2982195055596179,0.49999983545124377,0.5064243112196336
2024-10-19,739177.9324931003,0.16354720466970243,6.224626734955642,2.223864661507343,-0.9561102931484837,0.08427443878985683,0.07795477130681104,-0.032019285811025124,2024-06-04,2024-09-10,739040.0,739138.0,1.2280213402140228,0.29808624515936594,0.49999983545124377,0.2996400491801499
2024-09-28,739156.0160237472,0.5392552402033771,13.232607675675403,0.8639025722060742,-0.0674790692963596,0.007739913992257628,0.00045444099136293827,-0.007726561459854849,2024-06-11,2024-09-10,739047.0,739138.0,3.791354214076798,0.3552891023015307,0.49999983545124377,0.9935173950908318
2024-09-30,739158.8861749694,0.15940931848105125,7.8525981765924415,2.8745329318638086,-1.3796247021973642,-0.06505926879763377,-0.03283881972717666,-0.05616333657653148,2024-06-18,2024-09-10,739054.0,739138.0,2.016879993099887,0.43047914265682047,0.49999983545124377,0.5099126124211606
2024-09-26,739154.466712166,0.33350828333437327,3.1290666383628283,0.2583834330315395,0.030443527954885367,-0.07893373939668016,-0.06061011253496188,-0.05056628791638036,2024-06-26,2024-09-10,739062.0,739138.0,0.8593139732144663,0.04110778860708466,0.49999983545124377,0.32335183450664606
2024-10-01,739159.7301674873,0.6740711168632191,5.080835360169675,0.7702501910516162,-0.030437401807267096,0.011026738479817338,0.008735149811813607,-0.0067294962120100135,2024-07-03,2024-09-10,739069.0,739138.0,1.1556990031447245,0.3662107588711169,0.49999983545124377,0.27569491569561866
2024-10-01,739159.5914736685,0.8961511016810728,6.511274450151291,0.7921251240059809,-0.013518684205299485,0.0040491327346988855,0.0008087095802424258,-0.003967551476418953,2024-07-11,2024-09-10,739077.0,739138.0,1.3903103522602283,0.459502259493867,0.49999983545124377,0.23937648235609166
2024-09-12,739140.1019264443,0.02501981610680249,2.8373391951935822,3.887557279673072,-3.255911832519904,0.17105404086764867,0.009072280384056155,0.17081328585851918,2024-07-18,2024-09-10,739084.0,739138.0,1.483120057672239,0.16784644750625863,0.49999983545124377,0.36068066225517187
2024-09-16,739144.1403594217,0.7969406188286927,3.714176489822129,0.5781587646357739,-0.011955101779002449,0.011370506349630589,0.0029617715388718584,-0.010977992712628209,2024-07-25,2024-09-10,739091.0,739138.0,1.2756891458733648,0.225598859000636,0.49999983545124377,0.20056734375474114
2024-10-29,739187.2561104166,0.8091067792019753,14.19668542337384,0.4015458505163311,-0.0029601066413322643,0.0016942805146593575,0.0016531256976209806,0.000371162889065601,2024-03-25,2024-09-11,738969.0,739139.0,3.4098757798968564,0.09957284636626253,0.5840451245208447,2.7926461962116496
2024-11-10,739199.7103560007,0.6850233980422046,12.902418131206693,0.5069247338954384,-0.008925084481071172,0.0034265630542676608,0.003137703831983973,0.001377007272175863,2024-04-02,2024-09-11,738977.0,739139.0,2.669031320008462,0.1382890844627606,0.5840451245208447,2.3530243220848206
2024-10-15,739173.7151938755,0.5368083731259404,13.420236150608275,0.5508060972247052,-0.024992890726021975,0.005068678799563371,0.001760526852641848,0.0047531095058151295,2024-04-09,2024-09-11,738984.0,739139.0,3.6274930876160045,0.1972335731823349,0.5840451245208447,2.4459192418606333
2024-09-19,739147.972799702,0.5288929388585207,10.553488385649393,0.4965354148809172,-0.025766113323411305,-0.005705505007000004,-0.005294609763840263,-0.0021260044293343974,2024-04-16,2024-09-11,738991.0,739139.0,4.806918931389875,0.22632188627303473,0.5840451245208447,2.2248653083604135
2024-09-25,739153.7198458804,0.9330730851243423,5.037771520713433,0.5445656351888261,-0.0059042659210870475,0.002603699626120064,0.0018902483383279741,-0.0017905901157177465,2024-04-23,2024-09-11,738998.0,739139.0,1.891303004612388,0.4200028369553346,0.5840451245208447,1.467777503471176
2024-09-12,739140.2396986814,0.04869899971432991,14.571138993499273,3.044511066068397,-2.3245215502551724,0.008644234363528703,0.0011190394570507207,-0.008571495693586626,2024-04-30,2024-09-11,739005.0,739139.0,10.881489153653561,0.8987389912196201,0.5840451245208447,1.4297145505407287
2024-09-27,739155.7229149601,0.4580368405021521,10.935162628818432,0.740416419385617,-0.0711201161539979,-0.006870763056740659,-0.0010579728354318174,0.006788820108189688,2024-05-07,2024-09-11,739012.0,739139.0,3.743755299194931,0.4335734192670775,0.5840451245208447,1.3898412965487235
2024-10-17,739175.7120327817,0.044791099812597775,2.357672846000365,-5.317485485961125,4.712262504052623,-0.3264841430924914,-0.09677847941482672,0.3118105540436251,2024-05-14,2024-09-11,739019.0,739139.0,0.5445809860930209,0.2742051247326462,0.5840451245208447,0.8386990135137812
2024-10-19,739177.4942134598,0.06673421174711637,5.11726687701023,4.149787944179734,-2.8897569252972106,0.12119394260140406,0.0599827043443118,0.1053092916262155,2024-05-21,2024-09-11,739026.0,739139.0,1.1158126659629677,0.31095021922203087,0.5840451245208447,0.4579521082224033
2024-10-29,739187.4022904475,0.53334403324839,5.592498951355309,0.8662484543135295,-0.05152035464235542,-0.015856166738816086,-0.013206029856429912,-0.008776035499029122,2024-05-29,2024-09-11,739034.0,739139.0,1.0267150387895159,0.30987188158201523,0.5840451245208447,0.44315767961238217
2024-09-20,739148.4259289243,0.7672198678406317,14.91042671083633,0.5780236121679011,-0.01474839049111412,0.0019115966614496748,0.0004060280987634204,-0.001867978313332386,2024-06-05,2024-09-11,739041.0,739139.0,5.774475132031447,0.3969886888251401,0.5840451245208447,1.3245488211135348
2024-10-06,739164.5389096242,0.5083642974103476,6.703613376234156,1.1415556321823421,-0.10557229406105335,0.018868579439831546,0.01834178873954794,0.004427423168280407,2024-06-12,2024-09-11,739048.0,739139.0,1.6195977697544974,0.4243037182438612,0.5840451245208447,0.2865077674512544
2024-09-13,739141.368194546,0.5509251606813149,4.423616688937576,0.758515931787044,-0.06527665653098942,0.018506193246484434,0.00694831564509878,0.01715226218818677,2024-06-20,2024-09-11,739056.0,739139.0,2.5238764469854216,0.43929466400510647,0.5840451245208447,0.35425796340890586
2024-09-22,739150.561195506,0.3193209476482189,10.427985863742204,1.3644110036470138,-0.32500516066847623,0.005746543914186733,0.003633678559044443,0.004451870066299923,2024-06-27,2024-09-11,739063.0,739139.0,3.3602975969006104,1.7318509130476927,0.5840451245208447,0.7402512613331871
2024-10-09,739167.9887001788,0.9358497101003223,10.873917052991562,0.9928320884053881,-0.015245520230331348,0.0020702873819974242,0.00026943136830760906,-0.002052680340878638,2024-07-05,2024-09-11,739071.0,739139.0,2.0900709686424097,0.6337700438348995,0.5840451245208447,0.34637450553823435
2024-09-27,739155.6440469628,0.9703325565060859,3.738305535368837,0.4839300929169336,-0.0018322615625137298,0.00546354775521118,0.0052800983787828935,-0.0014038928676531487,2024-07-12,2024-09-11,739078.0,739139.0,0.9163024468328665,0.08704794777942737,0.5840451245208447,0.3027624793816987
2024-10-06,739164.8315013368,0.43543267415755926,8.313508055111814,1.361239344445529,-0.17936153105347302,0.026958535038078595,0.026347623975631868,0.0057066033888837865,2024-07-19,2024-09-11,739085.0,739139.0,1.492925266381503,0.34847345947381475,0.5840451245208447,0.19421113160196396
2024-09-30,739158.3726407303,0.7191862718228214,6.595845555993227,0.845510725707204,-0.03041808538718725,0.009662410880864131,0.0029699722979754147,-0.009194642384557444,2024-07-26,2024-09-11,739092.0,739139.0,1.2927005042007869,0.3432553257293678,0.5840451245208447,0.18556296182550167
2024-10-28,739186.342721468,0.776931026303179,3.4920035747860103,0.6760704998171206,-0.009412541416061423,0.005541429988408916,0.005003251309933343,0.002382209614221201,2024-03-26,2024-09-12,738970.0,739140.0,0.8563296118011532,0.3779138730683642,0.6017999884205361,1.310388660254838
2024-11-22,739211.5199439073,0.08883790316645503,6.562282666207398,3.2741797762658513,-1.9646896163969179,-0.10217525872949287,-0.08010177070634028,-0.06343098474836802,2024-04-03,2024-09-12,738978.0,739140.0,1.235852605957035,0.26031043008585214,0.6017999884205361,1.3969956109659292
2024-10-18,739176.4667908946,0.8131856857409212,3.1901486216568484,0.7095093345330568,-0.009841880134096072,0.004917132340644674,0.0002966668144889739,-0.004908174737781322,2024-04-10,2024-09-12,738985.0,739140.0,0.8419714941802362,0.5102053205469482,0.6017999884205361,1.2585569332696336
2024-10-05,739163.77246459,0.3554914147920419,9.963004312050725,0.7566379590954945,-0.10396925928244569,0.010002131046121675,0.00423533319366866,0.00906115766347764,2024-04-17,2024-09-12,738992.0,739140.0,3.13587175625022,0.37089519600036785,0.6017999884205361,2.2384336080700473
2024-10-24,739182.2327126102,0.5228530141593014,11.944063420324197,0.7252960434032395,-0.041997925514273365,0.0031510947704259298,0.0031407391245450774,0.00025525674086586566,2024-04-24,2024-09-12,738999.0,739140.0,2.789771671541126,0.5834368950043503,0.6017999884205361,2.062249987320106
2024-10-28,739186.5092396658,0.2508748699753947,7.012115818113916,1.920678442868903,-0.5369171941585408,-0.05295058966990172,-0.045142991653207704,-0.027674451231934526,2024-05-01,2024-09-12,739006.0,739140.0,1.513459648901834,0.36278104782180975,0.6017999884205361,0.37390819305765755
2024-10-15,739173.3740862359,0.15028480289354332,8.134427950092633,2.5352727295166457,-1.1766014608048574,-0.06759551356146466,-0.004558309534588905,0.06744164342470477,2024-05-08,2024-09-12,739013.0,739140.0,2.0322256913230454,0.32158779695356554,0.6017999884205361,0.7993807002528597
2024-11-10,739199.0247982668,0.07530002005694982,11.779273697665666,5.765938969208393,-3.867575285389348,-0.06350985208294767,-0.036466224512188374,0.05199726705726526,2024-05-15,2024-09-12,739020.0,739140.0,2.080137516102435,0.38929090193902754,0.6017999884205361,1.1861753143278455
2024-10-27,739185.7375818992,0.6578958253924184,10.291282102628681,0.8999036243893592,-0.03219796075537883,0.006086490338147873,0.005972372467685167,0.0011730864177900955,2024-05-22,2024-09-12,739027.0,739140.0,2.0381020033791333,0.3381809012836276,0.6017999884205361,1.09686334539878
2024-09-18,739146.6674173295,0.8121716672204762,4.821140838753644,0.661417986045945,-0.017028080460285897,-0.006973289181457379,-0.006781628969006072,-0.001623659611793113,2024-05-30,2024-09-12,739035.0,739140.0,2.1624994108440667,0.4113637650681391,0.6017999884205361,0.34231913241927336
2024-10-23,739181.2455215807,0.5297538254080955,3.3171544807695086,-0.3875709572261749,0.08238824474721328,0.04431622799818229,0.043638456126852986,-0.00772095919245809,2024-06-06,2024-09-12,739042.0,739140.0,0.6423444450147884,0.2969004574117593,0.6017999884205361,0.4647535274076465
2024-10-22,739180.3117854291,0.4172919562105547,7.095141073562268,1.3790608574921686,-0.17731332359724233,-0.025231921039048484,-0.023974834743160024,-0.007864930918892076,2024-06-13,2024-09-12,739049.0,739140.0,1.3335385285484371,0.41330440282434716,0.6017999884205361,0.32242221294237045
2024-10-06,739164.4782706576,0.05808391302613171,10.343504590859002,7.5112342048734,-5.712401294803337,-0.04521985390922672,-0.0421534913411261,0.016368211732666883,2024-06-21,2024-09-12,739057.0,739140.0,2.4355870629763228,0.7093779891300191,0.6017999884205361,0.7778338667971427
2024-09-19,739147.0463999757,0.7125544011028074,4.144965925458299,0.6922019438853347,-0.025857773903686012,0.010993931747368275,0.00844373783208393,0.0070405842576327865,2024-06-28,2024-09-12,739064.0,739140.0,1.6273822904442614,0.40432924928017494,0.6017999884205361,0.2653643395340688
2024-10-13,739171.7847935432,0.18242353578898454,2.791129299822745,-3.4794995085610863,1.813862667522956,-0.28733941756080106,-0.2616521637168557,-0.11875220463834822,2024-07-08,2024-09-12,739074.0,739140.0,0.4992083134300625,0.4125818402045609,0.6017999884205361,0.39348964682896453
2024-10-11,739169.3945501398,0.12338484987185042,8.743115974623064,4.5757750209803705,-2.573399858375753,-0.08445076218417429,-0.07817609350910792,0.03194416436758324,2024-07-15,2024-09-12,739081.0,739140.0,1.5320540812706356,0.43003053753442894,0.6017999884205361,0.22509193566239358
2024-09-15,739143.6572503061,0.7001812944011733,6.788009394809435,0.7339453602149478,-0.03501479204928035,-0.010062383658745289,-0.0091649882316155,-0.004153860326266834,2024-07-22,2024-09-12,739088.0,739140.0,2.9412407728438676,0.3589374299557977,0.6017999884205361,0.3853063043290546
2024-09-20,739148.9197242582,0.5920581138859976,14.188500708696335,0.9079144394408792,-0.0689550495376335,0.009574157423076456,0.0054098808665439405,0.007899220174906619,2024-07-29,2024-09-12,739095.0,739140.0,4.062970229475325,0.3005338132239282,0.6017999884205361,0.4571420908935566
2024-10-03,739161.924802401,0.07984932175635474,8.604054353776664,1.755559664981535,-1.0447408368604512,0.06660104419479052,0.025074658723584043,0.061700571940073855,2024-03-27,2024-09-13,738971.0,739141.0,3.0276182360026564,0.1455779564965349,0.5901633742799653,2.4520343267896623
2024-11-28,739217.4299489242,0.47235052013766177,4.438953145651668,1.0139847906068389,-0.06751020279055832,0.01981121251407544,0.019496780549865554,-0.003515635002135958,2024-04-04,2024-09-13,738979.0,739141.0,0.8037644728845932,0.36261201724379544,0.5901633742799653,1.292498218877001
2024-11-17,739206.322890387,0.850666526094026,5.602465290439195,0.7509388676746778,-0.007987845750998403,0.0027156208884509497,0.0004960253787193444,-0.0026699355111046144,2024-04-11,2024-09-13,738986.0,739141.0,1.0840371588625326,0.4466226028538545,0.5901633742799653,1.309146895334291
2024-11-10,739199.2186181817,0.04014593871048567,3.4057741221433027,3.2078172074326394,-2.363070783887088,0.18530114440170176,0.12491713595851932,0.1368657125086525,2024-04-18,2024-09-13,738993.0,739141.0,0.6855424651755212,0.15032264377143267,0.5901633742799653,1.2725667414735748
2024-09-28,739156.5798239654,0.7404727891738251,4.219915516911314,0.7212972746100555,-0.020982521013453652,-0.007266467550533237,-0.0016423175963664798,0.007078442171524577,2024-04-25,2024-09-13,739000.0,739141.0,1.5498240107715713,0.5066868993574576,0.5901633742799653,0.8766666095659653
2024-10-13,739171.6929743267,0.3238945009586432,14.128351665670259,1.1013957328896489,-0.20150585143457145,0.010203179544682433,0.009582498666871567,-0.0035043675778135314,2024-05-02,2024-09-13,739007.0,739141.0,3.7777535994077933,0.4527559968448125,0.5901633742799653,1.424568670802607
2024-10-08,739166.5771890224,0.5830052334221819,14.966632343846339,0.7040659419794859,-0.03448969697644459,-0.0017909327944222926,-0.001756794612860887,0.0003480128767160895,2024-05-09,2024-09-13,739014.0,739141.0,4.254204029566596,0.7501678586167027,0.5901633742799653,1.563263967804026
2024-09-30,739158.4701216001,0.762242503995241,4.239387810905589,0.7563642489378058,-0.0204113562194405,-0.006978789232634276,-0.0017869838228505375,0.006746123921957156,2024-05-16,2024-09-13,739021.0,739141.0,1.3918887008820888,0.52587411615829,0.5901633742799653,0.4185988549018754
2024-10-14,739172.7671724608,0.5849345347601503,6.918148519034667,1.0187250921369553,-0.059651668557706684,-0.01345105915554619,-0.0071853540548785545,0.011371089636092192,2024-05-23,2024-09-13,739028.0,739141.0,1.6699665852655616,0.3749587522228775,0.5901633742799653,0.39089826842137615
2024-10-03,739161.3902664882,0.05400764037565643,7.00905098453933,6.5414799012122575,-5.029293771842419,0.12108490234625122,0.02231379302876983,0.11901112644148207,2024-05-31,2024-09-13,739036.0,739141.0,2.026210083684597,0.32004643401064076,0.5901633742799653,0.5176051057010463
2024-09-18,739146.5778278904,0.22375257455721514,4.798813054837854,1.3364378605436014,-0.4612090507978737,-0.05995167811681332,-0.05921787477135251,-0.009351310955497343,2024-06-07,2024-09-13,739043.0,739141.0,2.231327923407107,0.35869943020274203,0.5901633742799653,0.4124635653128242
2024-10-16,739174.2060412836,0.6578943607713684,5.71687935615639,0.862298962287196,-0.03315031201266088,-0.010083350020472162,-0.010064385488205823,-0.0006181362148814501,2024-06-14,2024-09-13,739050.0,739141.0,1.2003090719297944,0.37833795653534874,0.5901633742799653,0.34967397371085523
2024-10-14,739172.6842676725,0.6719964117458778,13.108015334044373,1.048864304254147,-0.04443976147447787,-0.001878808792622485,-0.0011120459525735288,-0.00151435672105366,2024-06-24,2024-09-13,739060.0,739141.0,2.646913923712895,1.2126044246283438,0.5901633742799653,0.8605188117669201
2024-10-12,739170.2807477784,0.9426294037741139,5.902595833946393,0.7695023210402722,-0.008681555360770298,-0.002849011924925803,-0.0025762004128640635,-0.0012165773222974601,2024-07-01,2024-09-13,739067.0,739141.0,1.1841676184797945,0.4866326093570985,0.5901633742799653,0.3248223353161224
2024-10-01,739159.8448964902,0.2949835664210417,5.062013131166716,1.5316518379332378,-0.3794393072124299,0.04044947495240208,0.03292800121826814,-0.023492695879671524,2024-07-09,2024-09-13,739075.0,739141.0,1.212158651165662,0.5466432435398583,0.5901633742799653,0.3043145926162122
2024-09-16,739144.4504556259,0.6814878419440765,7.0771673600138785,0.7768705475238182,-0.042120526519255845,0.007952743032189,0.0010535102893136999,-0.007882654236127632,2024-07-16,2024-09-13,739082.0,739141.0,3.2618068925925705,0.5100062377756702,0.5901633742799653,0.4388162858104652
2024-10-01,739159.2467730764,0.2988809707497238,8.46472452414337,1.501379707910678,-0.3693139984805219,0.041689190136306356,0.04163844530764479,-0.0020563186969380135,2024-07-23,2024-09-13,739089.0,739141.0,1.8160645034405432,0.312793519765005,0.5901633742799653,0.3495932418849801
2024-09-26,739154.6397961284,0.6750579983222794,8.83508790273283,0.826281393889,-0.036673030781104815,0.011366023125842398,0.010689595817690196,0.0038625151069742697,2024-07-30,2024-09-13,739096.0,739141.0,2.0507568751743785,0.246529264574893,0.5901633742799653,0.2992843546424762
2024-11-02,739191.9765372017,0.4602160830528469,2.2012964330967186,0.4236660707921204,0.013973199107963664,0.0475643136784796,0.017922069959808617,0.044058635295030735,2024-03-28,2024-09-16,738972.0,739144.0,0.5335118151871928,0.06141831179732716,0.5521947618537117,1.3339632403893404
2024-11-16,739205.3501482984,0.20284231803567626,11.72388185892433,1.2519655185734628,-0.3660457289301058,0.027407346718493604,0.0072731357112985305,0.026424688287144588,2024-04-05,2024-09-16,738980.0,739144.0,2.427661673758935,0.23107634066287164,0.5521947618537117,2.525241528823714
2024-10-08,739166.5235449101,0.1805676491963715,2.479115353801271,0.5404480060623585,-0.08357156476205387,-0.1072240702982148,-0.03395864638298578,0.10170453080935894,2024-04-12,2024-09-16,738987.0,739144.0,0.8190132011976877,0.0567687659365866,0.5521947618537117,1.2337199075629708
2024-10-27,739185.7040713201,0.9357148791612326,4.072030540036985,0.7312995459888746,-0.005912262136204897,-0.002284544701979663,-0.0021248863472316365,0.0008390485723079088,2024-04-19,2024-09-16,738994.0,739144.0,0.9885572840575251,0.5946843779445592,0.5521947618537117,1.226241227666984
2024-11-17,739206.4937603913,0.511385050514619,7.165115020110737,1.1922124518510036,-0.08243258114089543,0.01341036416606538,0.012078437993283364,-0.005826594434907866,2024-04-26,2024-09-16,739001.0,739144.0,1.3574304657618776,0.43871571245952695,0.5521947618537117,0.8455203793174231
2024-10-27,739185.6766743516,0.04505032213641936,14.46822463558422,7.9585248159341315,-6.271542424767833,-0.033631672321532045,-0.029194227746276055,-0.016696899396039678,2024-05-03,2024-09-16,739008.0,739144.0,3.3389546671734593,0.5806421503494219,0.5521947618537117,1.3993173309406142
2024-11-09,739198.0712657763,0.5354629593458747,10.475811606992243,1.0908260865404007,-0.06746483649782667,-0.010046126469879084,-0.006997946105683988,0.007207871207974482,2024-05-10,2024-09-16,739015.0,739144.0,2.0333655806223883,0.34325793482313677,0.5521947618537117,1.0253288508077172
2024-11-03,739192.3448962498,0.6376301890056039,4.791478216443455,0.8466095264378921,-0.02861480777114493,0.008967389405584678,0.008731395296614217,0.0020437242782859522,2024-05-17,2024-09-16,739022.0,739144.0,0.9604518317918679,0.4246431827379058,0.5521947618537117,0.6390415049100084
2024-09-30,739158.6691326873,0.9810739489203881,4.465838122908309,0.687197639421454,-0.007015197546073492,-0.002949871341705158,-0.0027438944782009634,0.0010829515340548036,2024-05-24,2024-09-16,739029.0,739144.0,1.5489175143989105,0.5224390095741048,0.5521947618537117,0.36776273210959604
2024-10-17,739175.0744740807,0.14162994263618048,12.76378650346409,2.7410925110729725,-1.3319727828092822,0.016415901736453846,0.01557877673094662,-0.005175282155421525,2024-06-03,2024-09-16,739039.0,739144.0,3.000032378150234,0.90033919064582,0.5521947618537117,1.3130118692551498
2024-10-25,739183.4224110328,0.10542627722279745,4.737059774745891,1.0876029592344159,-0.477828518234873,0.14886782146565852,0.14647958457000965,-0.026558606366460003,2024-06-10,2024-09-16,739046.0,739144.0,0.941446851307407,0.07143503131442679,0.5521947618537117,0.42799381968399614
2024-10-07,739165.8382075503,0.9500048849078853,4.430603662410851,0.6251413562059343,-0.00535618499828269,-0.0037558074554138675,-0.0036876247442547312,-0.0007123997387019577,2024-06-17,2024-09-16,739053.0,739144.0,1.1580676241910024,0.3057843013021692,0.5521947618537117,0.36629599469875246
2024-09-17,739145.5656566224,0.9766328941507376,6.6945199114310805,0.6588274759365058,-0.010100044107807158,-0.0027086532334459376,-0.0017389740056536133,-0.002076721393619799,2024-06-25,2024-09-16,739061.0,739144.0,4.250381142297029,0.5439785449998297,0.5521947618537117,0.5025838547957465
2024-09-22,739150.8540591686,0.09304845773614569,3.6248524293909217,2.7720017770446903,-1.7330060152204187,0.10104827238752706,0.0744298099127437,-0.06834439807955517,2024-07-02,2024-09-16,739068.0,739144.0,1.4378059248094424,0.44024053308125255,0.5521947618537117,0.3717165867372641
2024-09-27,739155.9236519788,0.021005567804815554,7.58227753007076,16.778070020551603,-15.223068612248538,-0.08482022147362904,-0.0654274695624759,0.05397884953837726,2024-07-10,2024-09-16,739076.0,739144.0,2.295912826293426,0.4972073632504354,0.5521947618537117,0.554857665391259
2024-09-16,739144.957772561,0.5834315757537442,6.936338637488168,0.7887387429024827,-0.06046834105090999,-0.012967901624566729,-0.0035983470324825705,-0.012458666508830889,2024-07-17,2024-09-16,739083.0,739144.0,4.603038479504049,0.3922093916158463,0.5521947618537117,0.4809677155357666
2024-09-24,739152.0259654474,0.7262138710441414,5.839083867942379,0.7113955596502647,-0.023534129424972162,0.01130895397878576,0.0037938160012035917,0.010653609728317715,2024-07-24,2024-09-16,739090.0,739144.0,1.9003377160954793,0.2588186261157268,0.5521947618537117,0.20255170196234693
2024-10-03,739161.943757898,0.7796032465097902,7.304197540408663,0.8253470214362854,-0.02189086620370144,-0.007257953580731021,-0.0031231003685675577,0.006551651262689385,2024-07-31,2024-09-16,739097.0,739144.0,1.4952986166422482,0.3219214307363317,0.5521947618537117,0.20129355890484554
2024-11-10,739199.8987108743,0.913024722284945,2.0064933755130405,0.8731114496496423,-0.003483325474338622,0.006052823673355513,0.005982564832754138,-0.0009195610053859283,2024-04-01,2024-09-17,738976.0,739145.0,0.4489021767741179,0.2618670406825425,0.5544183153226598,1.3667662737374002
2024-10-25,739183.3888916223,0.3921357726700446,10.249137453509936,0.7288741171815809,-0.07308614397518322,-0.011275062679327224,-0.000276606527310398,-0.011271669230943821,2024-04-08,2024-09-17,738983.0,739145.0,2.6955460911314133,0.24800773690559888,0.5544183153226598,2.5334046718389267
2024-09-21,739149.1259684861,0.7388085758603647,13.586319429380174,0.471358647338092,-0.009057812573044955,0.003341254827018603,0.002723907534807036,-0.0019350223670274644,2024-04-15,2024-09-17,738990.0,739145.0,7.897683691468196,0.14741573344332584,0.5544183153226598,2.187294548750083
2024-10-02,739160.5010919158,0.3936432121329251,5.073319199311161,0.990263535494776,-0.13819927537163276,0.027526992576655227,0.026578092575204857,-0.007165215654749855,2024-04-22,2024-09-17,738997.0,739145.0,1.902264344805794,0.389544950669324,0.5544183153226598,1.2067679605148678
2024-11-13,739202.1325376184,0.4306606541212715,3.9331399400701503,1.3237301199734182,-0.13146711524658886,-0.01974108102130737,-0.01831923671024849,0.007356347343872914,2024-04-29,2024-09-17,739004.0,739145.0,0.7784435280506622,0.7291921747206891,0.5544183153226598,1.1344341172457284
2024-11-01,739190.5976798863,0.2822540241664296,9.83165797124608,1.662029928111622,-0.3812998262900789,0.03143658229405454,0.004461425021892105,-0.031118393163929586,2024-05-06,2024-09-17,739011.0,739145.0,2.1450664914944313,0.34821274574255895,0.5544183153226598,0.9891882913859762
2024-11-01,739190.6561900318,0.507295226180187,2.1458611144043958,0.15096103557170948,0.043076601787881606,0.04624715354955239,0.02639461506467917,0.03797530127626754,2024-05-13,2024-09-17,739018.0,739145.0,0.45428315278281434,0.22019912730236524,0.5544183153226598,0.9563631440269404
2024-10-18,739176.4483140789,0.40774741644233126,14.181633410555872,1.0558445498966913,-0.12964834361738256,0.009871357006378489,0.008301292763841629,0.005341556664154025,2024-05-20,2024-09-17,739025.0,739145.0,3.5478972392674297,0.37762007736722286,0.5544183153226598,1.391411117143761
2024-11-04,739193.9191148042,0.7748146296684832,6.937083620965534,0.9167144490954583,-0.01835574080083938,-0.004756250043417297,-0.0038006987601379326,-0.002859476072673633,2024-05-28,2024-09-17,739033.0,739145.0,1.3146546472938232,0.4310504680731351,0.5544183153226598,0.3946225904921422
2024-10-24,739182.3032480521,0.03305026419970659,4.145212957773013,-0.22867666551726779,0.49363921667543925,-0.23179908400734295,-0.21877636317396565,-0.0766010330414435,2024-06-04,2024-09-17,739040.0,739145.0,0.8833007711863855,0.016979544187046433,0.5544183153226598,0.4668097242624989
2024-10-18,739176.2333069919,0.403950102547736,2.6455996421362005,-1.2629853049694002,0.31860145345998203,-0.1134461856492322,-0.11185583541739788,0.018929054953590683,2024-06-11,2024-09-17,739047.0,739145.0,0.5979621161727434,0.4288065927931062,0.5544183153226598,0.4790537467655838
2024-09-26,739154.01011481,0.5847882432241146,6.173350418381182,0.8908282430108285,-0.06272919316630989,-0.013572147821051032,-0.013569529907648934,0.000266560615773276,2024-06-18,2024-09-17,739054.0,739145.0,2.364848649445568,0.4378232533373971,0.5544183153226598,0.3589572951916765
2024-09-30,739158.9749694521,0.3686197304879613,2.837922497048361,0.5261558190827614,-0.032637126756629956,-0.057319459721801316,-0.05422944557357616,0.018565766765252234,2024-06-26,2024-09-17,739062.0,739145.0,0.8749672035170295,0.07395846288827845,0.5544183153226598,0.48375978301488415
2024-10-13,739171.1066774369,0.448202221393191,3.446851246795009,0.39128400751877923,-0.0022954141393769917,0.042176147803111186,0.04127427321734528,-0.008675356701013218,2024-07-03,2024-09-17,739069.0,739145.0,0.7481728728381408,0.00707694149552028,0.5544183153226598,0.4267351198575982
2024-10-03,739161.1130911795,0.8346081479449352,2.4371813162603244,0.29790844721935605,0.006914030981385055,0.013369270421312451,0.004262998058268321,0.01267139452283688,2024-07-11,2024-09-17,739077.0,739145.0,0.6409990204313786,0.17709993161946821,0.5544183153226598,0.4239052074617981
2024-10-17,739175.3700775042,0.220254583164941,7.016703599969477,2.497932876973016,-0.864414799846985,-0.05076728418514459,-0.044246984430064466,0.024890189078849212,2024-07-18,2024-09-17,739084.0,739145.0,1.2300480524406523,0.5344783098699558,0.5544183153226598,0.2941275591613581
2024-09-30,739158.1709350987,0.86606762134955,12.778118721594206,0.8622387528479519,-0.019185758931006096,-0.002920693202320665,-0.0004257674553027971,-0.0028894931832567318,2024-07-25,2024-09-17,739091.0,739145.0,3.3133624729906166,0.4452233437384753,0.5544183153226598,0.45310321431265044
2024-09-29,739157.8415374431,0.4116517119094202,12.486604379274185,1.153111904053042,-0.165101940435569,-0.019210132363831713,-0.019080945770397623,0.002224116440989459,2024-08-01,2024-09-17,739098.0,739145.0,3.0584919037738665,0.28333967677899635,0.5544183153226598,0.4730887525754094
2024-10-06,739164.3223097232,0.6636049192828471,2.353731283581665,0.5844921983975273,-0.01173649770855144,0.012486014136387618,0.007744663481822229,0.00979391324075319,2024-04-02,2024-09-18,738977.0,739146.0,0.8708553724432326,0.26501314325032777,0.5489360333031746,1.2728403870757259
2024-12-02,739221.9746975299,0.585032488618299,8.492484390486691,0.8742305476227127,-0.03433085181338318,0.0074773082770062315,0.002179548465502455,0.007152601453730786,2024-04-09,2024-09-18,738984.0,739146.0,1.5432320475009507,0.3162893145935186,0.5489360333031746,1.963916703510571
2024-10-31,739189.8492908337,0.2553215524512403,7.408693632256142,1.5016401808303337,-0.37886694822958245,0.0351314594446741,0.03509867948111929,0.0015172809213975299,2024-04-16,2024-09-18,738991.0,739146.0,1.7825956843456936,0.3716519094036352,0.5489360333031746,1.8859605718303765
2024-11-01,739190.6701460653,0.506765138112281,4.791536701821732,0.9961399073265509,-0.06902912465259685,0.01390544313745614,0.013676665108141717,0.0025120072389953393,2024-04-23,2024-09-18,738998.0,739146.0,1.114668021841569,0.5250243482438073,0.5489360333031746,1.1333880061225998
2024-10-29,739187.2567121878,0.1698730200647465,5.727262967063615,2.6165418794594824,-1.090916204141383,-0.06372159019437108,-0.035285681829071956,-0.05305998223479602,2024-04-30,2024-09-18,739005.0,739146.0,1.3541595674484557,0.5077875764035905,0.5489360333031746,0.7000255421290426
2024-11-06,739195.49733445,0.1911722977402444,4.593880304312908,2.074109730124672,-0.7357996149508209,0.053147851720089914,0.047916868926033127,-0.022992777448277643,2024-05-07,2024-09-18,739012.0,739146.0,0.9579974593663595,0.5761281907182869,0.5489360333031746,0.8806103380917955
2024-10-23,739181.0131269364,0.3156233352587517,3.0448316828308366,0.5196149161509381,-0.03591510261140375,0.05812616932748375,0.004683863512442926,-0.05793714683416949,2024-05-14,2024-09-18,739019.0,739146.0,0.7423850817257418,0.06404883337854046,0.5489360333031746,0.8378002675756882
2024-11-05,739194.8327061337,0.6471573223303716,6.228095728880012,0.9626837687708347,-0.034608625200225215,0.008171392610775537,0.0066105297718111,0.004803389775506059,2024-05-21,2024-09-18,739026.0,739146.0,1.2296315242516178,0.4400913780246924,0.5489360333031746,0.47223588793853377
2024-09-26,739154.4216338192,0.7187036564760881,11.272870032564978,0.6462694340027684,-0.01986507593711148,-0.0036897226299632806,-0.0030853445536130333,0.002023537020060059,2024-05-29,2024-09-18,739034.0,739146.0,4.772744233146228,0.3432510418528518,0.5489360333031746,1.3213640025321025
2024-09-27,739155.024081605,0.8845652145546485,6.4658512063658895,0.6878067115659943,-0.012003344258530928,0.004341237231863308,0.00006181368082356311,-0.00434079713557078,2024-06-05,2024-09-18,739041.0,739146.0,2.6102548928995573,0.3782621558304941,0.5489360333031746,0.49305894963832636
2024-09-21,739149.9438329757,0.2677831186440461,5.102260409718369,1.2297721264293102,-0.34486784176168617,0.0515350105709875,0.00551469375006684,-0.05123910096200721,2024-06-12,2024-09-18,739048.0,739146.0,2.641004861218917,0.3512132601139054,0.5489360333031746,0.38562227958946843
2024-10-26,739184.5929061448,0.8949418186514164,10.500861780452917,0.9924694840638558,-0.01395813813959935,0.0026072125358347163,0.0025999580647577017,0.00019435860802927994,2024-06-20,2024-09-18,739056.0,739146.0,2.011505289395676,0.45626895151674945,0.5489360333031746,0.41972946876627415
2024-09-20,739148.8872515217,0.13087010321375805,6.556957852976507,2.1464910440169027,-1.1610227002722078,-0.05060589812211572,-0.03568388202593634,-0.035883387358288964,2024-06-27,2024-09-18,739063.0,739146.0,3.540559298281757,0.45790736321973347,0.5489360333031746,0.8083706036480977
2024-10-24,739182.94275676,0.7124864940862775,11.060417189267625,1.264195915089305,-0.04511510709056709,-0.004492638245464813,-0.0014623044499826468,0.004247995303690213,2024-07-05,2024-09-18,739071.0,739146.0,1.9515225843630055,0.646882899280434,0.5489360333031746,0.3604696433286467
2024-09-27,739155.8374345537,0.2939401787538048,13.171548924097936,1.5209668194028543,-0.4024467038609911,0.010002678929802672,0.007167072790737766,-0.006977582201951093,2024-07-12,2024-09-18,739078.0,739146.0,4.336080017179573,0.8978714255397148,0.5489360333031746,0.7234169652693705
2024-10-05,739163.7428610092,0.6850787226806284,6.2851085063646055,0.8537342943888779,-0.03262679525344922,-0.009716609979029494,-0.002916249473883052,-0.009268656779202283,2024-07-19,2024-09-18,739085.0,739146.0,1.4906605130681316,0.36600527653307785,0.5489360333031746,0.27237823005522144
2024-09-27,739155.2701494073,0.7789303940832963,12.708518461275213,0.8107494703365444,-0.025197140513922127,-0.0049296056990860366,-0.0045792954618321365,-0.0018251206594921702,2024-07-26,2024-09-18,739092.0,739146.0,3.884679372242586,0.31328730811919675,0.5489360333031746,0.4787209694295886
2024-09-27,739155.6746707018,0.09927358791641443,6.403216679876514,2.417830756065801,-1.416576299594246,-0.10232436314559223,-0.07416764088133264,-0.07049422912018197,2024-08-02,2024-09-18,739099.0,739146.0,1.801587812747836,0.21463297294778774,0.5489360333031746,0.30298038683337797
2024-12-11,739230.5113347615,0.4592088577362875,6.458457706041983,1.0400077844723266,-0.077185757625021,-0.016694237763268113,-0.00884115622863362,-0.01416091561437395,2024-04-03,2024-09-19,738978.0,739147.0,1.1373393739305668,0.3287395933368932,0.5622468100345143,1.354560806630464
2024-11-19,739208.2196279418,0.1999253623306339,4.810534956770453,1.5500666425730563,-0.4806151650774307,0.06393616054155925,0.00896759058340044,0.06330414634069832,2024-04-10,2024-09-19,738985.0,739147.0,0.9904741832392923,0.3124103650739056,0.5622468100345143,1.261055100050418
2024-11-15,739204.9891687115,0.6707252494714852,6.016721119353078,0.8770428833089244,-0.02478916615903961,0.00628857896552943,0.005549914675255048,0.0029571392431009826,2024-04-17,2024-09-19,738992.0,739147.0,1.245811470320665,0.43943452336862465,0.5622468100345143,1.2638735207508753
2024-11-02,739191.7240700634,0.36319259208953675,4.554550333913278,1.1955686666657113,-0.16990840829719764,0.026065033268009526,0.01840836219908675,-0.018453134162241314,2024-04-24,2024-09-19,738999.0,739147.0,1.058865579721622,0.5198141096644041,0.5622468100345143,1.1345058915494028
2024-09-26,739154.4771368406,0.3438759465245496,5.230287276546838,1.0570171214887787,-0.19992921738812802,0.03783595735963861,0.035621605495896,-0.01275385789536417,2024-05-01,2024-09-19,739006.0,739147.0,2.4877727834623657,0.3474143827520744,0.5622468100345143,0.42765235242697325
2024-11-17,739206.9068388268,0.9907813499353086,11.945986089590447,0.7031296261153113,-0.003795816564775117,-0.0007917807565139364,-0.00039110231577595513,-0.0006884444385572932,2024-05-08,2024-09-19,739013.0,739147.0,2.233198801901854,0.39760889596529936,0.5622468100345143,1.4058157540523721
2024-10-15,739173.0410874088,0.8254003406266066,5.570028717919453,0.8139234348368709,-0.014872869913226196,-0.004650621896502582,-0.003228025379806308,0.0033478554585817484,2024-05-15,2024-09-19,739020.0,739147.0,1.5700146087697069,0.4739046354783871,0.5622468100345143,0.3880434508482624
2024-11-15,739204.9479801505,0.23119690199201776,7.612424750735429,2.3202346590734506,-0.6933634662112755,0.05435423480708479,0.0024180821572412936,0.054300420994174106,2024-05-22,2024-09-19,739027.0,739147.0,1.3592987687194156,0.3874240405118965,0.5622468100345143,0.42445065540637816
2024-10-27,739185.8738982218,0.5461405631255366,8.265765275679957,1.2171363274173825,-0.08182244505062654,-0.014414001137068418,-0.014332750089090126,0.0015283009072485298,2024-05-30,2024-09-19,739035.0,739147.0,1.7840283553782053,0.37506735563309623,0.5622468100345143,0.4314734372981718
2024-10-07,739165.5267022966,0.9947088831860726,13.21721136397933,0.6357393404776089,-0.005315975043651672,0.0010450953187733083,0.001040176853745624,-0.00010127358122303035,2024-06-06,2024-09-19,739042.0,739147.0,3.9910137170780717,0.38280992783838474,0.5622468100345143,1.2566857743924154
2024-10-02,739160.0654599062,0.38847692823351865,7.704073917792771,1.2110819973547982,-0.19726309540843404,-0.02636280250135575,-0.017884730997087518,-0.019368369907849913,2024-06-13,2024-09-19,739049.0,739147.0,2.6241237422683614,0.3773106445797813,0.5622468100345143,0.5607390146993502
2024-11-01,739190.9480857912,0.30552297032326453,11.584804032377855,2.3534752061940933,-0.5335063611357801,0.0298067845638756,0.024067627709922906,-0.017583904641854827,2024-06-21,2024-09-19,739057.0,739147.0,2.054786842747876,0.4720409213010458,0.5622468100345143,0.49183297401595416
2024-09-24,739152.1073253104,0.6243106480915838,13.969093045085648,0.8198736557590361,-0.049365182035084956,0.003211488861571345,0.002761005760931653,0.001640276774236298,2024-06-28,2024-09-19,739064.0,739147.0,6.331549432024805,0.6869843677501472,0.5622468100345143,0.7362960881125343
2024-10-13,739171.1057062671,0.6988791343017223,6.643307382010927,0.971393499963417,-0.03575399086341637,0.00722060370238557,0.006129090924112786,0.0038172453773450926,2024-07-08,2024-09-19,739074.0,739147.0,1.4732117880018212,0.5209172534350643,0.5622468100345143,0.3120112340392958
2024-10-10,739168.6483437162,0.36048211250498224,7.730510610554271,1.4196386213091452,-0.253254470207972,0.029746101479984775,0.002122018826134926,-0.029670314952138347,2024-07-15,2024-09-19,739081.0,739147.0,1.720524641722636,0.3970110580889309,0.5622468100345143,0.3644765947110598
2024-10-02,739160.4480549438,0.5951015453315239,2.783084845723521,0.896755672793091,-0.061287168316745334,-0.017115617832847766,-0.016050810224745013,-0.005942715282538562,2024-07-22,2024-09-19,739088.0,739147.0,0.7459294935096136,0.7656699567133317,0.5622468100345143,0.36666384558174975
2024-10-11,739169.6847139526,0.728289417653068,6.474030126692521,0.947009436472662,-0.031415721349283235,0.007406104319156019,0.007235874785287239,-0.0015787644782759072,2024-07-29,2024-09-19,739095.0,739147.0,1.2277771882680122,0.4771846826427457,0.5622468100345143,0.25608135437903307
2024-09-20,739148.3189070403,0.1158619159911685,11.009792825755323,1.3489483318195854,-0.6249219944749194,0.06038399164607239,0.03638253831416476,0.048192710578792645,2024-08-05,2024-09-19,739102.0,739147.0,6.235860244214153,0.10890944654191226,0.5622468100345143,0.5749906762840449
2024-12-06,739225.9470719552,0.41888609683691047,10.398968270746806,0.920830872057201,-0.079371931793657,0.0047403224092735,0.0009408887862075644,-0.004646007408070866,2024-04-04,2024-09-20,738979.0,739148.0,1.9085077496068308,0.6744733006072724,0.5477327671502603,2.973013805501168
2024-10-18,739176.9579284952,0.9956026996770537,2.8559004273291992,0.6366103331754587,-0.0032234263429676865,-0.00226407587379188,-0.0022457557430299213,-0.00028743817584759137,2024-04-11,2024-09-20,738986.0,739148.0,0.8573398855173548,0.49632914486563395,0.5477327671502603,1.305841969059904
2024-10-30,739188.1722152419,0.22449292375897595,2.310692699850069,-0.6809873317311469,0.41076690773772373,-0.14901343112900414,-0.05868603406960407,0.13697062481429995,2024-04-18,2024-09-20,738993.0,739148.0,0.581317806798215,0.2678122867438016,0.5477327671502603,1.3215352482693057
2024-10-28,739186.781254619,0.3395356476063525,5.822369804400452,1.4266002519836103,-0.24848101515963764,-0.031548232306749614,-0.003085312231742845,-0.031397003202746895,2024-04-25,2024-09-20,739000.0,739148.0,1.4567089291215762,0.4593077505138172,0.5477327671502603,0.9137032692007225
2024-10-10,739168.0970888182,0.5111460533640403,8.203189326263836,0.8209169898014723,-0.06028796637841644,-0.010054289612222666,-0.0007726121336482571,0.010024560344343708,2024-05-02,2024-09-20,739007.0,739148.0,2.717472425115772,0.37362981132795764,0.5477327671502603,1.1642656272438456
2024-10-01,739159.560560864,0.9951046655776992,14.190203644350545,0.5134811428305063,-0.003325414813164807,0.0002704468403097327,0.000037348994091308025,-0.00026785545742785525,2024-05-09,2024-09-20,739014.0,739148.0,5.720615031947475,0.862271534963545,0.5477327671502603,1.7655623849751265
2024-11-19,739208.271506896,0.8051128065378788,10.073497181315988,0.985559622389893,-0.015670880742363575,0.0035428593922931365,0.001581841110323957,0.0031701153567731183,2024-05-16,2024-09-20,739021.0,739148.0,1.8176009816957375,0.3535216003717837,0.5477327671502603,0.6515456014368657
2024-11-05,739194.8534802664,0.26154850029890647,7.65612486292913,2.1638103785916214,-0.5709348624348923,0.048309478247886437,0.028492065040099084,0.03901291988987464,2024-05-23,2024-09-20,739028.0,739148.0,1.547618455512446,0.4037359685655029,0.5477327671502603,0.4110201615788209
2024-11-08,739197.2186176804,0.6418997115899979,11.690031923420735,1.0609169204431839,-0.04092616497702672,0.006513457186869697,0.0009873894508288866,0.006438181932624792,2024-05-31,2024-09-20,739036.0,739148.0,2.2074947322937155,0.3450173786106367,0.5477327671502603,0.9696697945608928
2024-11-03,739192.2988600705,0.41232221105684574,7.549561081166621,1.523208883171053,-0.19170082041916991,0.024113863409342212,0.02361028726175624,0.004902320261036026,2024-06-07,2024-09-20,739043.0,739148.0,1.459872542410632,0.43418238691944994,0.5477327671502603,0.38095020173647587
2024-10-31,739189.9622166445,0.5774007725517748,10.00379084830568,1.3373985522498937,-0.08029044348970306,0.01078659132033599,0.0010569622606004735,-0.01073468132231293,2024-06-14,2024-09-20,739050.0,739148.0,1.9179118283939707,0.42962781382484494,0.5477327671502603,0.41124248466053
2024-10-16,739174.761959306,0.7147025391822411,14.693778758784788,0.9596257150070279,-0.032125132786244286,0.0008152540376512115,0.00065053168063541,0.0004913732577137994,2024-06-24,2024-09-20,739060.0,739148.0,3.40469955989417,1.9166543610855027,0.5477327671502603,0.906290661062671
2024-10-04,739162.4249291252,0.11354802691658919,3.9365225274654234,2.772734277580706,-1.5598384848624691,0.08647436482974852,0.01727113747458428,0.08473206938959092,2024-07-01,2024-09-20,739067.0,739148.0,1.1837299510534116,0.5203063202775401,0.5477327671502603,0.42206316281418155
2024-10-09,739167.7575555121,0.6582364576114698,13.548369679286138,1.0776793524167898,-0.05447509003287948,-0.0032597684033945466,-0.003244178085953616,-0.0003184314532011003,2024-07-09,2024-09-20,739075.0,739148.0,3.3346015431298714,0.8119066627838967,0.5477327671502603,0.6012071410558553
2024-10-07,739165.3438565049,0.03377626822977243,3.470601831232713,10.483943808967352,-8.911285068317579,0.12115731535268985,0.11938040580457365,0.02067398784478826,2024-07-16,2024-09-20,739082.0,739148.0,0.8670650744911724,0.7158096823503445,0.5477327671502603,0.41752305970901543
2024-10-09,739167.4076421591,0.27440856244637174,3.835094454618406,1.988172652799623,-0.5725576645141027,-0.05411878087016678,-0.02183121188077214,0.04952010329845812,2024-07-23,2024-09-20,739089.0,739148.0,0.8522377696134584,0.7569946705907175,0.5477327671502603,0.33035501366904046
2024-10-15,739173.2736226424,0.531250299332264,13.54784869457311,1.1625006543325198,-0.09100986769411773,-0.014372603634556965,-0.007636233674030419,-0.01217619277572772,2024-07-30,2024-09-20,739096.0,739148.0,2.4097584878100045,0.2483029528294885,0.5477327671502603,0.36704631483257844
2024-10-07,739165.4803358194,0.8907803741055911,10.433973930408591,0.7418223606899423,-0.010219714206325906,-0.004105121626666309,-0.0025474815883825045,0.00321906215015734,2024-08-06,2024-09-20,739103.0,739148.0,2.1152548603507086,0.21253654417329754,0.5477327671502603,0.2258473851689998
2024-12-13,739232.6323594048,0.9242389345867192,2.2748423612634783,0.6781177127978988,0.000523132859548149,-0.005532826987803028,-0.0023712527865534048,0.004998933356149514,2024-04-05,2024-09-23,738980.0,739151.0,0.4090140657482273,0.03841473689484244,0.5378804707072488,1.4302345815660829
2024-10-02,739160.0933813154,0.5063751689824377,10.660390198657918,0.6225554308213282,-0.03827042828469559,-0.004824128982903978,-0.0005288797259328631,-0.004795050226972744,2024-04-12,2024-09-23,738987.0,739151.0,4.998824616985618,0.3768284736486677,0.5378804707072488,2.494143514194866
2024-11-16,739205.5588551115,0.2696790361235029,2.448202538218169,-0.941263631253107,0.40449531642108216,-0.1358690425287997,-0.13513742713265323,0.014080927017054665,2024-04-19,2024-09-23,738994.0,739151.0,0.528053961283644,0.3279388171289098,0.5378804707072488,1.3601721824845365
2024-11-24,739213.4594422947,0.9037759882590148,2.2133909787919617,0.869423245430191,-0.003945499452815923,0.004749704108363152,0.0020637595370360555,0.004277918382846327,2024-04-26,2024-09-23,739001.0,739151.0,0.4312633906954075,0.3391861382699762,0.5378804707072488,1.3470468666715745
2024-10-29,739187.1021561689,0.047557314840597234,8.898761012178433,8.23375522944066,-6.424275551843616,0.10053086472712167,0.10048591789736071,0.003005838835952133,2024-05-03,2024-09-23,739008.0,739151.0,2.2683222553711837,0.3415171555796923,0.5378804707072488,0.7912437028004834
2024-10-06,739164.2843533582,0.2639635278484241,2.5119381405379904,0.6981990657905603,-0.11063828544429484,-0.0676000028808633,-0.013277695420845408,0.06628320446239745,2024-05-10,2024-09-23,739015.0,739151.0,0.9671919940822424,0.17198624172724541,0.5378804707072488,0.8469225134599092
2024-09-23,739151.4231241386,0.2277877923848402,7.698539584673052,1.0613478137593004,-0.3201659497397092,-0.015076152550900754,-0.008275551382743721,-0.012601810387781583,2024-05-17,2024-09-23,739022.0,739151.0,7.012383135081851,0.6283573755876746,0.5378804707072488,1.4283441547350568
2024-11-12,739201.3519166384,0.9273514294890401,13.575205704296025,0.7638954324568354,-0.006291585687086836,0.0009019582503742268,0.00030848592226409555,-0.0008475642283526404,2024-05-24,2024-09-23,739029.0,739151.0,2.6585741580008344,0.4765095476811174,0.5378804707072488,1.4887279573761412
2024-10-08,739166.77328964,0.2481682425999872,6.140425160969848,1.6249359373439969,-0.4782625834640481,-0.051823445502076404,-0.012643933201350857,-0.05025734231837634,2024-06-03,2024-09-23,739039.0,739151.0,2.044408615909649,0.372982009372081,0.5378804707072488,0.47705754367840514
2024-10-11,739169.152471144,0.7711488382949452,8.208632629349815,0.8339809961463324,-0.021777547953212007,0.005462619395351698,0.002713781047132327,0.004740844132293102,2024-06-10,2024-09-23,739046.0,739151.0,2.5013401016604844,0.3745203541724921,0.5378804707072488,0.5187488173209307
2024-10-21,739179.7023553657,0.6602269662356784,13.480267361059214,0.9966392437642264,-0.04035233787359102,0.0017980474354080192,0.0010868717306899848,0.001432370210875775,2024-06-17,2024-09-23,739053.0,739151.0,3.1856978414909505,1.0991635273488536,0.5378804707072488,1.0689858521786701
2024-10-11,739169.570465006,0.7124434332121944,4.975693312478853,0.7987796363084358,-0.023663273765235443,0.008421508394209916,0.007819325367949928,-0.003127291867396261,2024-06-25,2024-09-23,739061.0,739151.0,1.3983693195228908,0.4023293599225953,0.5378804707072488,0.3796884095386387
2024-10-10,739168.8693603679,0.034652871652666624,3.030529920082313,6.046166928037453,-4.979876521799543,-0.15156412639125866,-0.030341172994806806,-0.1484961199157899,2024-07-02,2024-09-23,739068.0,739151.0,0.8347764877555508,0.3757013950682474,0.5378804707072488,0.503800512237226
2024-09-26,739154.7402997095,0.6490569382616883,14.39974852926908,0.8512908041220628,-0.04757219538264465,-0.0034082372532205775,-0.002341079193597971,-0.0024769798916307777,2024-07-10,2024-09-23,739076.0,739151.0,6.983063243980223,0.6291457449361999,0.5378804707072488,0.6912258029426687
2024-10-25,739183.7956046904,0.3645258032991759,10.89725532322086,1.6601163905248189,-0.2803189212812014,0.025138191518452823,0.0036577194497477523,0.024870660651565953,2024-07-17,2024-09-23,739083.0,739151.0,1.9473309116659743,0.3730177788497459,0.5378804707072488,0.42464021129614604
2024-09-25,739153.4083491124,0.556897380947185,8.259664202930274,0.7879018091946399,-0.0559959865148863,-0.01832187482111099,-0.004641178035232312,-0.01772429302978649,2024-07-24,2024-09-23,739090.0,739151.0,4.299491868474495,0.20606288346481283,0.5378804707072488,0.4669730245870229
2024-10-01,739159.4176014708,0.25225244221215976,12.430223323293223,1.3674561880499574,-0.3810895615539059,-0.03173014455219862,-0.031699621176840595,-0.00139143470857215,2024-07-31,2024-09-23,739097.0,739151.0,3.9636314139045026,0.24373138189243607,0.5378804707072488,0.5996949251538485
2024-10-04,739162.9287199873,0.38479065049552086,8.122932409784042,0.9623208913340103,-0.12670125779422786,0.029230924465639428,0.016226626308766482,-0.024313443683517254,2024-08-07,2024-09-23,739104.0,739151.0,2.0651001398127056,0.20532888423942305,0.5378804707072488,0.2504423455390738
2024-11-21,739210.663695438,0.569103377229279,5.2244149738866845,0.8635054546991149,-0.03669000555943513,-0.010510168588552991,-0.010132122428046723,-0.00279351729238939,2024-04-08,2024-09-24,738983.0,739152.0,1.1275427252303916,0.3802695865277485,0.5198272242849746,1.2941725389863408
2024-11-26,739215.2866185377,0.4886899336144931,3.611475842611233,0.5563110718104819,-0.016209710571930058,-0.02260077241435752,-0.01497218251681191,0.01693011117532474,2024-04-15,2024-09-24,738990.0,739152.0,0.7298032766175212,0.09705114364850466,0.5198272242849746,1.3580580189231508
2024-10-16,739174.490527981,0.16918580263890817,8.620368058618505,1.6049772525235735,-0.6264581130422127,-0.020582605138735485,-0.016576760825481235,-0.012200599773449297,2024-04-22,2024-09-24,738997.0,739152.0,2.834255835382887,0.5973512853465942,0.5198272242849746,2.0640761725222
2024-10-02,739160.985337019,0.5108004958331845,5.189324048371242,0.8642919061618676,-0.07134644399175723,0.017349778209500493,0.01734500220706585,0.00040706554231347296,2024-04-29,2024-09-24,739004.0,739152.0,2.3625539682409773,0.40477988602635157,0.5198272242849746,0.7413449806642457
2024-09-26,739154.4006454777,0.9752333078888225,9.528914082567535,0.5172238381479499,-0.00409587483773184,0.0008318487811659865,0.0001217383883185637,0.000822892556496251,2024-05-06,2024-09-24,739011.0,739152.0,6.202642344794425,0.5039267432277151,0.5198272242849746,1.6418320232409318
2024-11-10,739199.9142446773,0.19672818372894457,9.676908298392451,2.690431966426684,-0.968677793560318,0.05718867759361342,0.0034402716037717253,-0.05708510643064926,2024-05-13,2024-09-24,739018.0,739152.0,2.0547192124798865,0.34434933331365414,0.5198272242849746,0.708499788924856
2024-10-22,739180.9404969214,0.7365818377949714,2.41456701026946,0.16164228956616525,0.01465326807212692,-0.016666982977352172,-0.0059312046045006854,0.015575915173976032,2024-05-20,2024-09-24,739025.0,739152.0,0.6472342140825835,0.26820029201495604,0.5198272242849746,0.7861297257147404
2024-09-27,739155.8001540743,0.5739925833836,2.2983930658500507,0.5514030228937877,-0.012627557408542113,0.025521807660908193,0.02463609137925302,0.006665258272076716,2024-05-28,2024-09-24,739033.0,739152.0,1.2713461401897186,0.12356341377573439,0.5198272242849746,0.6351293942042441
2024-11-07,739196.6145477395,0.8548714937934312,9.192498233882567,0.9764623084397477,-0.013862800987802877,-0.0032604947559116736,-0.001060398337977024,0.003083242030419133,2024-06-04,2024-09-24,739040.0,739152.0,1.8371692052680972,0.39539826835565595,0.5198272242849746,0.4368542274329402
2024-10-15,739173.1914558297,0.45972688795920924,5.32069436257379,1.0704724905274792,-0.10703865121052289,0.02279815906770112,0.003794006358915058,0.022480248500065886,2024-06-11,2024-09-24,739047.0,739152.0,1.510888819621199,0.40566957869119297,0.5198272242849746,0.4011419878051711
2024-10-06,739164.9042152603,0.5912940413372701,5.634788350447467,0.8724920976244649,-0.050251707742470494,-0.012962662829142265,-0.0065920884886485846,0.011161316991280795,2024-06-18,2024-09-24,739054.0,739152.0,1.9291275378429655,0.40680145254745664,0.5198272242849746,0.40771790307009553
2024-10-01,739159.701295033,0.3456947443870209,2.694080006492488,0.7849473659886533,-0.10640612085555559,-0.047329139097170604,-0.030401971425212698,0.03627351018498035,2024-06-26,2024-09-24,739062.0,739152.0,1.089317091908626,0.28848304540494124,0.5198272242849746,0.5495165793769687
2024-10-16,739174.3779462543,0.24988621281088813,6.564841472152481,1.931787469119919,-0.5696985036936066,0.04535879891918831,0.03748164565009943,0.025544997137438494,2024-07-03,2024-09-24,739069.0,739152.0,1.6189358242798326,0.47808111045610147,0.5198272242849746,0.4341289828181749
2024-10-12,739170.4673497198,0.20187473908861248,3.9447204150869526,1.885798506996087,-0.6865682493784849,-0.061540439150914665,-0.03166170456976295,0.052770845308981774,2024-07-11,2024-09-24,739077.0,739152.0,1.0180807031989627,0.5709379023286991,0.5198272242849746,0.41974745558955695
2024-10-23,739181.1661261106,0.909780163498727,5.631550620448431,0.7852098401578709,-0.008852491690353273,-0.002953036548870857,-0.002874796618716842,-0.0006752549592422973,2024-07-18,2024-09-24,739084.0,739152.0,1.0786070370674612,0.4842896379574941,0.5198272242849746,0.36659996153567637
2024-10-18,739176.6038851641,0.04342007779369684,5.643455615173348,10.653227143731506,-8.632314475935905,-0.12287378384113458,-0.11792007849276395,-0.03453725298425247,2024-07-25,2024-09-24,739091.0,739152.0,1.1198792604969001,0.5405221610664471,0.5198272242849746,0.3421397587596254
2024-10-16,739174.380880693,0.8542581248873169,10.023249387431505,0.7997755157268958,-0.01277623450400073,-0.004488174368204713,-0.0032537516329917485,0.003091408978154348,2024-08-01,2024-09-24,739098.0,739152.0,1.9582094421221297,0.2426128141187534,0.5198272242849746,0.25987941605826276
2024-10-13,739171.860699578,0.9996539207148951,9.106153848274406,0.7030453500486576,-0.005238585391730387,-0.0021463550460572574,-0.000600756457550779,-0.002060565859769226,2024-08-08,2024-09-24,739105.0,739152.0,1.7592466901927357,0.2679335843501054,0.5198272242849746,0.21954629411307092
2024-11-03,739192.5524303886,0.4181362174179809,6.45434224555021,1.0780389641765074,-0.11481863522939893,-0.020482634880570953,-0.010102242143482161,0.017818053634593056,2024-04-09,2024-09-25,738984.0,739153.0,1.7078523421270646,0.363155271535517,0.5403093407424054,1.7372850440260368
2024-12-01,739220.411531593,0.07612801973090334,7.650590214730044,5.607018089167666,-3.686144298950483,-0.10315044350556872,-0.10246899719459347,0.011837170664053116,2024-04-16,2024-09-25,738991.0,739153.0,1.4912322191585579,0.35559105276417863,0.5403093407424054,1.347983886118133
2024-11-12,739201.4308301166,0.1600937690477118,7.317560167549655,2.893497181092387,-1.2383952638690374,0.06805140763436933,0.06775975960011843,0.006293572908392987,2024-04-23,2024-09-25,738998.0,739153.0,1.6714587637472909,0.39813494372459945,0.5403093407424054,1.1637271876235076
2024-11-19,739208.7401993608,0.9247775410444647,9.552733257883535,0.8120488683983679,-0.006517335633851924,0.0016633148147275332,0.0006673036022897647,-0.0015235885518286064,2024-04-30,2024-09-25,739005.0,739153.0,1.9706116846261863,0.3793195742324251,0.5403093407424054,1.0129433634604905
2024-10-09,739167.1991165993,0.4359361459881247,12.803864444164558,0.8769541452439037,-0.09230967419718919,0.007058080528207127,0.005517044128874476,-0.004402127306508555,2024-05-07,2024-09-25,739012.0,739153.0,4.873454106119796,0.4452894665315867,0.5403093407424054,1.4453138758149742
2024-11-01,739190.9618283829,0.293989030448447,12.880396168753808,1.4572146904620444,-0.30598965839535364,0.004745775848725133,0.004673456852590357,0.0008253420220241974,2024-05-14,2024-09-25,739019.0,739153.0,3.096885191724856,1.4716394854252985,0.5403093407424054,1.5368317642273026
2024-10-25,739183.8481238246,0.15028463247331583,7.3187660208479315,3.0946997033037493,-1.44730101746399,0.07946008102465504,0.008945048546588242,-0.0789549908678605,2024-05-21,2024-09-25,739026.0,739153.0,1.9016318981141498,0.374012893733621,0.5403093407424054,0.4803524014452571
2024-10-17,739175.5235293173,0.06991141924591117,11.331599305062223,4.611110630413062,-3.198762718843423,-0.014816241213888267,-0.014738171668927578,-0.0015189797777922427,2024-05-29,2024-09-25,739034.0,739153.0,3.314625849557711,1.3319897886134808,0.5403093407424054,1.3874607610596108
2024-10-14,739172.0141022548,0.050238338091988646,3.4493904103115445,2.8699957852993965,-2.038540229639299,0.16206958851752087,0.15594082616680072,-0.04414759627266438,2024-06-05,2024-09-25,739041.0,739153.0,1.0596140381409391,0.18319375710177974,0.5403093407424054,0.6130047098266074
2024-10-12,739170.1486549545,0.6963512269241735,4.656455199398783,0.7674153555618652,-0.022976358450209743,-0.009376914095471289,-0.001173210063593284,-0.009303230412095123,2024-06-12,2024-09-25,739048.0,739153.0,1.4550115464562445,0.36643266140064207,0.5403093407424054,0.409659832108353
2024-10-23,739181.7051214922,0.4449835624635178,12.146094342941865,1.4119284400622807,-0.1650016238808881,0.013712752299745645,0.009558191401904434,0.009832626951061432,2024-06-20,2024-09-25,739056.0,739153.0,2.854940627513002,0.4408297600198617,0.5403093407424054,0.7535830108251768
2024-10-20,739178.6885589452,0.7053370947083338,8.691833781989814,1.000285190388695,-0.034755908482982815,-0.005476251344011681,-0.0037646159217423598,-0.003977058680049071,2024-06-27,2024-09-25,739063.0,739153.0,2.081740044866345,0.5150276961877832,0.5403093407424054,0.4586016229914792
2024-09-29,739157.7699390344,0.3389390036846532,9.016619868075349,1.1971346767768098,-0.25030867566525183,-0.014845897886156178,-0.0038227637814084105,0.014345283584430412,2024-07-05,2024-09-25,739071.0,739153.0,4.162944774247244,0.6337926833665732,0.5403093407424054,0.8891141998140828
2024-10-25,739183.4472481246,0.7083409044816985,2.354808337160038,-0.22929760653485598,0.03457326379320726,-0.027838032526793125,-0.010442657763154157,0.025805173004737406,2024-07-12,2024-09-25,739078.0,739153.0,0.4655566486439257,0.37358428472731936,0.5403093407424054,0.46785099498516103
2024-10-24,739182.5165187613,0.7132372530618892,5.472837576214397,0.9193055361085827,-0.0273217669955483,-0.006608151932140205,-0.006467333702709737,0.001356932841390127,2024-07-19,2024-09-25,739085.0,739153.0,1.0409423099618351,0.5388280838329423,0.5403093407424054,0.37605669719774354
2024-10-04,739162.3282392741,0.9724765038835019,10.543415711739314,0.7052388468763493,-0.007700901194521225,-0.003271056590304968,-0.0023771981390853076,0.0022469401915731785,2024-07-26,2024-09-25,739092.0,739153.0,3.3898475258616014,0.21714572327156112,0.5403093407424054,0.352930215264235
2024-10-10,739168.0906146665,0.3742380072882108,3.274402562653474,1.7795659165531819,-0.3612213042576137,0.06244550130888282,0.06209685833103885,-0.006589447558982279,2024-08-02,2024-09-25,739099.0,739153.0,0.7928301728571441,0.6611317595869809,0.5403093407424054,0.29430439031174527
2024-09-27,739155.8340660412,0.7295857964743134,11.69343531871358,0.6109295281002662,-0.01007794835984915,-0.002860549990243869,-0.0006012883693318081,-0.002796640581767793,2024-08-09,2024-09-25,739106.0,739153.0,5.335656670477553,0.2198147543846407,0.5403093407424054,0.27581447733408077
2024-12-08,739227.8938259614,0.41061453439593054,7.251925637063326,1.271147726304874,-0.13116657807348614,0.020571755158998492,0.0001184758622809122,0.020571413995927396,2024-04-10,2024-09-26,738985.0,739154.0,1.3734683659555118,0.36102129328991445,0.5718630798353386,1.3773610649880328
2024-11-21,739210.5633396321,0.13547775488007943,4.319772805993951,1.478662150131162,-0.6059207349163362,0.09734730380756312,0.07572539639956152,-0.061173212264285,2024-04-17,2024-09-26,738992.0,739154.0,0.9293217546648597,0.19520861125148825,0.5718630798353386,1.2899977648722665
2024-11-16,739205.2145093058,0.6781237293318575,4.262824550810642,0.794259304667158,-0.018947711687036135,0.006131723094065319,0.00019342204137700724,-0.006128671635534377,2024-04-24,2024-09-26,738999.0,739154.0,0.945008414499777,0.49157039233696126,0.5718630798353386,1.259932863801629
2024-10-09,739167.8630870794,0.7371434688590527,10.639863148797813,0.6466372557250798,-0.014912647389630334,-0.0010814983610520014,-0.00008674889242827133,0.0010780136059533915,2024-05-01,2024-09-26,739006.0,739154.0,4.161533884093567,0.9553111867725039,0.5718630798353386,1.6399793023477864
2024-11-04,739193.5834622309,0.8501839825526947,7.554262221223342,0.8844597945414896,-0.012268399125573402,0.003418168035723621,0.0031062425720865617,0.0014265797572514975,2024-05-08,2024-09-26,739013.0,739154.0,1.82482611213453,0.40393859492527934,0.5718630798353386,0.42853306888668447
2024-11-28,739217.8598171228,0.591446054433738,5.333851982462031,0.8493250253662106,-0.030383385016593892,-0.009721298915398226,-0.005103436323965904,-0.008273970648349444,2024-05-15,2024-09-26,739020.0,739154.0,0.9600043120411645,0.3465660680676201,0.5718630798353386,0.7906217929075244
2024-10-19,739177.1049888801,0.9283967136837412,3.956316197318918,0.6531305277013368,-0.005302477309883105,-0.0030660511763454263,-0.0010177690396000118,0.002892199162920984,2024-05-22,2024-09-26,739027.0,739154.0,1.1782878237717611,0.40582801113444633,0.5718630798353386,0.6053357664199509
2024-10-15,739173.7527874759,0.31491532801817873,6.119921647647961,1.420504371813292,-0.29497176889787596,0.038769080923346924,0.007933081334213233,-0.03794875302543919,2024-05-30,2024-09-26,739035.0,739154.0,1.89874560769228,0.3915100229699542,0.5718630798353386,0.48265543021950125
2024-10-09,739167.9851750958,0.5649414359622039,8.970780540374701,0.9065401777589143,-0.05913453052096789,-0.010660831160821027,-0.0035644830353706853,-0.010047277329211486,2024-06-06,2024-09-26,739042.0,739154.0,3.1384190277251665,0.3493198661490893,0.5718630798353386,0.8756270983088071
2024-09-28,739156.9213566248,0.4051214870096477,14.344282397289525,0.9168272547836024,-0.12865049881480947,-0.012606604663927072,-0.011830419261316347,-0.004355187855193274,2024-06-13,2024-09-26,739049.0,739154.0,8.240024799717766,0.2882171318699364,0.5718630798353386,1.0699493310010444
2024-11-04,739193.5846681593,0.7890338000958392,3.0048629876062893,-0.5311909272044378,0.034058543067504735,0.019944200918265025,0.0054424152858954175,-0.019187268334079636,2024-06-21,2024-09-26,739057.0,739154.0,0.5923001027062593,0.4484152343376461,0.5718630798353386,0.5008265189498264
2024-10-17,739175.5635056263,0.7539344458726498,6.131105017591741,0.8554903057481517,-0.02175669336004421,0.0059722802626191755,0.0020106139983182736,-0.005623660985962542,2024-06-28,2024-09-26,739064.0,739154.0,1.6038096199863772,0.447968567309827,0.5718630798353386,0.3770250815294972
2024-10-01,739159.9124329987,0.171213627104879,8.335342293203603,1.957721059769641,-0.8610351678833378,0.048237220525731817,0.048226928941667725,-0.0009963778918738017,2024-07-08,2024-09-26,739074.0,739154.0,3.550370534810879,0.3666515315362288,0.5718630798353386,0.8534753674385764
2024-10-08,739166.176085866,0.3650091516331491,9.519701002119513,1.236032794561306,-0.2156825965640886,0.025494020944115306,0.019064010272998054,-0.016926565399100153,2024-07-15,2024-09-26,739081.0,739154.0,2.9472580494012446,0.32438234590257276,0.5718630798353386,0.6196492539447614
2024-09-28,739156.8067621976,0.8265991481542652,6.6542939977754925,0.65334350291419,-0.012225748386328417,0.007507068369828582,0.0025034728136882557,-0.007077337026057509,2024-07-22,2024-09-26,739088.0,739154.0,3.3882314659182877,0.20230100994135006,0.5718630798353386,0.2474156890358853
2024-10-19,739177.9348185315,0.5738503282845983,9.739137354992296,0.9791250402366488,-0.05626095889820943,-0.012517948797130609,-0.002287666920196131,0.012307137041157212,2024-07-29,2024-09-26,739095.0,739154.0,1.926256728401227,0.2648208057470361,0.5718630798353386,0.35273848924599427
2024-10-19,739177.0467830353,0.19829929715651123,10.435038674087725,1.8879831596935615,-0.6643814645059664,-0.05159851920943575,-0.011792118424893713,-0.050232988440464026,2024-08-05,2024-09-26,739102.0,739154.0,1.9607022115915944,0.24468501960299824,0.5718630798353386,0.3742105035538923
2024-10-15,739173.7732795612,0.3537467161317121,14.89653896446468,0.7185123117845043,-0.053928073817188824,-0.008834395866879475,-0.0032329427982985665,0.008221595416685655,2024-08-12,2024-09-26,739109.0,739154.0,2.813168972195491,0.1449589693885377,0.5718630798353386,0.1433927709866592
2024-10-08,739166.1049560115,0.49413430007995973,4.977273269839847,0.7989349062232304,-0.06243493639620744,0.01635280076434006,0.01629052964082163,-0.0014257408108463278,2024-04-11,2024-09-27,738986.0,739155.0,2.2070686523810306,0.3790434913666365,0.5700144951563212,1.5516342712950428
2024-12-15,739234.8819238443,0.5151513658961903,11.321585711661925,1.1065536348659912,-0.06253529622047865,-0.005705455659124259,-0.005155636037382513,-0.0024436941969640516,2024-04-18,2024-09-27,738993.0,739155.0,1.9963100387697408,0.4987265327391868,0.5700144951563212,2.3388846474926672
2024-11-19,739208.7377286959,0.4436243984082907,9.525557631978714,1.2559168423201963,-0.11791140754371801,0.013862717151872149,0.004529703666253167,-0.01310178276146964,2024-04-25,2024-09-27,739000.0,739155.0,2.0572099838432414,0.39612520410004537,0.5700144951563212,1.4744939471557796
2024-10-17,739175.7875724045,0.35540489854577234,9.854581877464831,1.0779488731116167,-0.16666965074562648,-0.01145805375181189,-0.01084603748493167,-0.0036946537936412413,2024-05-02,2024-09-27,739007.0,739155.0,3.284688926632058,0.5246031297825657,0.5700144951563212,1.386837834715678
2024-10-20,739178.2510104827,0.4177562819753816,6.415464235809199,1.2229717176434103,-0.1521041323717789,0.02504279744848273,0.023954952489661903,0.0073008188077621815,2024-05-09,2024-09-27,739014.0,739155.0,1.9962065234604875,0.3955059972540623,0.5700144951563212,0.4566287958527296
2024-11-13,739202.6984083371,0.27695358313346424,10.65358524514013,1.8696901244430704,-0.43790313327171976,-0.03304572489181277,-0.03188859868196125,-0.008668172109862236,2024-05-16,2024-09-27,739021.0,739155.0,2.26774142017811,0.3444879004607945,0.5700144951563212,0.9375528677613791
2024-11-22,739211.194246401,0.3386745465845085,2.5516099323582013,-3.728216961265818,0.8921532738892445,-0.20096821078703128,-0.17084829999410417,-0.10582570640475412,2024-05-23,2024-09-27,739028.0,739155.0,0.47990321370072647,0.5892239369584795,0.5700144951563212,0.7562084367645796
2024-10-25,739183.5048512416,0.2918515517017655,8.778746331211396,1.618632381444148,-0.37127493387606203,0.03554756538062299,0.0178669608204206,-0.030731109897483705,2024-05-31,2024-09-27,739036.0,739155.0,2.296667438442633,0.3472284282810355,0.5700144951563212,0.7293273128461466
2024-10-05,739163.8867909872,0.3553078206873948,8.55850242205638,1.1208837135740628,-0.19788894225115664,-0.02291001471183686,-0.009349010712152574,0.02091565855526997,2024-06-07,2024-09-27,739043.0,739155.0,3.5555469383343814,0.35859410679887727,0.5700144951563212,0.9439037718006515
2024-10-28,739186.9866169461,0.2982623798075657,6.99444276408076,1.8120208055577944,-0.40431767797223095,-0.04032111913715517,-0.037028974893971285,-0.01595768362809293,2024-06-14,2024-09-27,739050.0,739155.0,1.6192226738046736,0.42759784790890776,0.5700144951563212,0.39684064208069625
2024-10-23,739181.1861994553,0.7089430604809431,4.301474161503718,0.6672324289694629,-0.013489645250771424,-0.009513689179019416,-0.00779723275026841,-0.005451003873887163,2024-06-24,2024-09-27,739060.0,739155.0,1.0488740352320194,0.23369294820674288,0.5700144951563212,0.4896892461157193
2024-10-24,739182.0674323582,0.4438290842570104,5.870572968457601,1.2259652871555826,-0.13248448102430224,-0.021264919323584888,-0.003958844615523238,-0.020893164986394878,2024-07-01,2024-09-27,739067.0,739155.0,1.3521513250087605,0.47101695141902283,0.5700144951563212,0.38862759144124487
2024-11-01,739190.9637860431,0.9421494187971642,11.6190258188677,0.9691320677106602,-0.01053644811514987,0.0015321493023311124,0.0013179485137161538,-0.0007813406426310457,2024-07-09,2024-09-27,739075.0,739155.0,2.165009225578604,0.5576262540185333,0.5700144951563212,0.46634868435591925
2024-10-29,739187.1485049413,0.7571431849670769,14.61702583290643,1.1101977735029318,-0.030364606956530666,0.0038694880699449963,0.002782773222765296,-0.002688700636758787,2024-07-16,2024-09-27,739082.0,739155.0,2.7567687172700523,0.40647435916486757,0.5700144951563212,0.48200274108462454
2024-09-28,739156.1484260277,0.6122464500454236,2.4358048418620144,0.6536238675098011,-0.03128169952225732,0.020515643691385702,0.0023321526902435586,0.020382656841081436,2024-07-23,2024-09-27,739089.0,739155.0,1.5772420428024858,0.38325601405350673,0.5700144951563212,0.3922950415596277
2024-10-26,739184.3817267832,0.03136815913408287,8.461083106480142,10.971841991365164,-9.279663756934804,-0.09088538733559606,-0.09066561348498717,0.006316657544321881,2024-07-30,2024-09-27,739096.0,739155.0,1.4830257541671448,0.3785308233419391,0.5700144951563212,0.5316726479583507
2024-10-17,739175.9700439725,0.7711669154289844,6.613510276869795,0.8093404087217978,-0.017813183332271654,0.005304751637816946,0.0037666780176302604,0.0037353081064916906,2024-08-06,2024-09-27,739103.0,739155.0,1.3125099894156933,0.39155505812041536,0.5700144951563212,0.33516376821805893
2024-10-17,739175.5098013855,0.09470217614054935,2.3292251781021602,-0.19912791825060794,0.5238777907538459,0.04292387142226975,0.03803605788372079,0.019892637797481447,2024-08-13,2024-09-27,739110.0,739155.0,0.43050169716948405,0.4962260790094621,0.5700144951563212,0.04186419739536699
2024-10-12,739170.6428767061,0.5986198545364861,3.2866027152412407,0.7283226049722995,-0.02987365062790293,0.012038185171332276,0.004718124376228755,-0.011075071313076057,2024-04-12,2024-09-30,738987.0,739158.0,1.3997067729812986,0.45199245533631727,0.5721988193046665,1.2309402152762243
2024-10-16,739174.951379556,0.7722717311110445,2.0821384402996763,0.4628059932486918,0.0005443790659654065,0.010121169812684827,0.009996443208977874,0.0015840459421629029,2024-04-19,2024-09-30,738994.0,739158.0,0.7846740095759694,0.019949464399787786,0.5721988193046665,1.3497231380244001
2024-11-14,739203.20340718,0.03303318103328801,6.82125498724207,13.626447585553812,-11.441745613703842,-0.11926711237094988,-0.07652539813092069,-0.09147954708134964,2024-04-26,2024-09-30,739001.0,739158.0,1.6263938025873292,0.4645769906221584,0.5721988193046665,0.8634696871259511
2024-10-24,739182.011241903,0.19843902172825972,11.561119104902522,1.8023402196347562,-0.6271632129538399,0.01002042395875904,0.006239599137076101,-0.007840682299511398,2024-05-03,2024-09-30,739008.0,739158.0,3.6443182282419175,1.0742903673117037,0.5721988193046665,1.4922236817883292
2024-11-07,739196.7508873169,0.29687719703393994,3.1708373671285193,0.34086910390828157,0.011916272466595212,0.06639434522784426,0.06372640746077661,-0.01863207101685806,2024-05-10,2024-09-30,739015.0,739158.0,0.77993503282784,0.016803981933837326,0.5721988193046665,0.9458347713287123
2024-10-17,739175.1281236609,0.7043419013191078,6.752495987361112,0.8306244862966543,-0.026075739948972516,-0.00723057937360271,-0.0004486565150317866,0.007216646410174776,2024-05-17,2024-09-30,739022.0,739158.0,2.3541724513396307,0.3761687672245105,0.5721988193046665,0.4970102418187041
2024-11-16,739205.1827553791,0.6183963779275411,8.406245909836326,1.210542043587342,-0.05154206258194295,0.009137978695319765,0.004300666151916871,-0.008062687224857134,2024-05-24,2024-09-30,739029.0,739158.0,1.7626685626687373,0.41493158931734164,0.5721988193046665,0.4013118045454738
2024-10-02,739160.3561221994,0.6174241096149352,5.836984888432244,0.7759214509526124,-0.040398441528856854,-0.011887698162681665,-0.010402035489409699,0.005754565603421874,2024-06-03,2024-09-30,739039.0,739158.0,3.6617915455695473,0.3594693423289511,0.5721988193046665,0.45348097202181664
2024-10-08,739166.3178301428,0.22908592595441274,2.7422473486304404,0.9101552193546806,-0.20786737318618603,-0.07531494935528019,-0.06710274745114328,0.03419887250914136,2024-06-10,2024-09-30,739046.0,739158.0,1.1660581334577405,0.23056688017086474,0.5721988193046665,0.7196420051167813
2024-11-07,739196.2039208483,0.6992338177050074,7.4684314911968634,1.0423801469684488,-0.030707740618432636,0.006568991839411527,0.006531277763751996,0.000702897260610657,2024-06-17,2024-09-30,739053.0,739158.0,1.5705845336625763,0.4376653491720327,0.5721988193046665,0.38038308706174
2024-10-01,739159.4218819257,0.03113685489003793,6.936173270078362,6.5270089067605825,-5.535826469774893,0.09648087865696746,0.07117475540850397,0.06513612007910904,2024-06-25,2024-09-30,739061.0,739158.0,4.677646728034117,0.2575704442994095,0.5721988193046665,1.0755438662532468
2024-10-07,739165.1782547835,0.3927359254724888,2.9119326970029697,0.8779689055576172,-0.10973790393403242,-0.03321621131531198,-0.02942843298081039,-0.01540402630604774,2024-07-02,2024-09-30,739068.0,739158.0,1.207510703702379,0.44558017838987246,0.5721988193046665,0.5043717121952532
2024-10-29,739187.570292401,0.00009691681701684554,14.009370418551953,5312.735485714149,-5310.223184579006,-0.07923909591983912,-0.07726778759392885,0.017564831981347218,2024-07-10,2024-09-30,739076.0,739158.0,2.960731899010477,0.4636110584925579,0.5721988193046665,0.7599878365328474
2024-10-12,739170.3292233151,0.6365195529545559,14.08221682103895,0.9830618186831741,-0.051051869480508605,0.003967132026364614,0.003859111968492952,-0.0009194516459511357,2024-07-17,2024-09-30,739083.0,739158.0,4.387732524723948,0.5816687318267246,0.5721988193046665,0.7367990064684121
2024-10-09,739167.7854512002,0.4328433217350759,12.259181734123223,1.079302062677985,-0.13152551317176647,-0.01961621756372046,-0.006847671142669535,-0.018382203116848267,2024-07-24,2024-09-30,739090.0,739158.0,4.044762305466325,0.23673581905789684,0.5721988193046665,0.6556274456397794
2024-10-21,739179.5287380004,0.6636026965474425,9.842395449752676,0.9019210096413438,-0.033009540949821885,-0.008434712205906763,-0.00612827343122574,0.005795570269490761,2024-07-31,2024-09-30,739097.0,739158.0,2.1049508776608135,0.2638618163939057,0.5721988193046665,0.34718848960212195
2024-09-30,739158.5272017973,0.48262070429327186,11.36809920813841,0.6703367885044237,-0.037989353148035754,-0.014580685153987319,-0.008956142718761467,-0.011505819708342474,2024-08-07,2024-09-30,739104.0,739158.0,8.39306016753355,0.11061195307394658,0.5721988193046665,0.40792434139036543
2024-10-20,739178.6406004934,0.9353952836272363,4.969396918044254,0.5886326620321638,-0.00161419352438564,-0.00018001175160258567,-0.0001791036371176339,-0.00001805873434839545,2024-08-14,2024-09-30,739111.0,739158.0,0.9387623113146419,1.6878981314805759,0.5721988193046665,0.0413944967434728
2024-11-04,739193.4956928535,0.5159373846209027,4.0578025730077965,0.8187087397240247,-0.045836560000599394,-0.015148608307411039,-0.014573010765280997,-0.0041361444469900826,2024-04-15,2024-09-30,738990.0,739158.0,1.1277513482056092,0.38472053235041276,0.5721988193046665,1.2739130769224962
2024-10-10,739168.9103978893,0.8175561685608401,11.762414870336118,0.5635049175985263,-0.007397852968825148,-0.0006768139380426116,-0.0004077038215523471,-0.0005402357824324116,2024-04-22,2024-09-30,738997.0,739158.0,5.161713473783431,0.7597269073381101,0.5721988193046665,2.4718065361603845
2024-12-10,739229.708332153,0.09019714250124779,4.340632270917155,2.252887038489789,-1.2342195298110954,0.11467341563198175,0.1135972045116268,0.015673780011499192,2024-04-29,2024-09-30,739004.0,739158.0,0.7921345313907298,0.2236502819002071,0.5721988193046665,1.2462435191266694
2024-11-03,739192.3172703447,0.4966055507110182,11.544762183101955,0.9891753000632392,-0.07170868463745249,0.005623845497121045,0.00454805519028531,0.0033079951876638985,2024-05-06,2024-09-30,739011.0,739158.0,3.0585453051437006,0.5484852510926502,0.5721988193046665,1.4592903293629145
2024-10-30,739188.2690369979,0.4535821031003934,4.611521918481843,1.0335042194094064,-0.09353111180367613,0.018343140240945317,0.013064971679241743,-0.012875453736455216,2024-05-13,2024-09-30,739018.0,739158.0,1.2677123713317722,0.5015266825319802,0.5721988193046665,0.7358584630854484
2024-11-29,739218.3394119357,0.48694958117067644,12.226604739680935,1.349434584819136,-0.10311388664116171,0.011854073901170548,0.01180821421843173,-0.0010417029452005175,2024-05-20,2024-09-30,739025.0,739158.0,2.2659547778241764,0.34643969733528196,0.5721988193046665,0.9757831555212838
2024-11-07,739196.2764779784,0.535732185916339,2.253478173566967,-1.3500839139454128,0.18318843980690994,-0.07834521462768607,-0.016288712100737603,0.07663322068892496,2024-05-28,2024-09-30,739033.0,739158.0,0.520264236072157,0.5558786217515602,0.5721988193046665,0.7281777638557916
2024-11-17,739206.0211923931,0.6095373365827582,12.790061145917807,1.142257711321536,-0.05021762727814239,0.0066615741925892995,0.00212643578484677,0.00631306910910176,2024-06-04,2024-09-30,739040.0,739158.0,2.525108690193084,0.3592584667800966,0.5721988193046665,0.97363153583916
2024-10-23,739181.1612889587,0.4961101116742176,7.628858176971071,1.1199381971998403,-0.09653766998822381,0.01502538321027502,0.014080240373152817,-0.005244899584344004,2024-06-11,2024-09-30,739047.0,739158.0,2.1327638234182973,0.4178205467257712,0.5721988193046665,0.5391898618379705
2024-11-03,739192.2335000442,0.2417113726900431,3.5989117925876406,0.21575652699082984,0.061967222317516765,0.09797981443438554,0.02091947759523743,0.09572052806863832,2024-06-18,2024-09-30,739054.0,739158.0,0.7994581429092854,0.04247675181925597,0.5721988193046665,0.6337925831966739
2024-10-12,739170.0937519518,0.2858829248152491,2.0897222329011242,0.6257791131489389,-0.07890089363983296,0.07330443494386417,0.06658948911454812,0.030649308669245583,2024-06-26,2024-09-30,739062.0,739158.0,0.72847436815233,0.1472486511094336,0.5721988193046665,0.6978372968098464
2024-10-14,739172.7928215221,0.18785596210213545,12.483610473661269,2.3274977665785177,-0.9454557170145295,0.0241767740646062,0.023379917074927113,-0.006155963104222334,2024-07-03,2024-09-30,739069.0,739158.0,3.8708477622016177,0.5884744538524742,0.5721988193046665,0.9427470792182366
2024-10-28,739186.0311270412,0.6952594612539252,5.280537000239826,0.9121273373619415,-0.02788613062536792,-0.006800056193784752,-0.0045114857745444424,0.0050879524707600704,2024-07-11,2024-09-30,739077.0,739158.0,1.1415623207637156,0.5399388451318791,0.5721988193046665,0.40677979435984096
2024-10-06,739164.1872005988,0.9631936717784675,7.178154396341124,0.6645535708763367,-0.0065748091910646225,-0.0035420561709345213,-0.001010584523192095,0.003394831489122829,2024-07-18,2024-09-30,739084.0,739158.0,2.9267923328676595,0.24907407990662686,0.5721988193046665,0.27887644576028653
2024-10-21,739179.2223794123,0.849850665390691,8.587882565686538,0.8020652818350874,-0.012509283052726736,-0.003942419929599462,-0.0038626393620984716,-0.000789108395387185,2024-07-25,2024-09-30,739091.0,739158.0,1.9474283086950577,0.31399740557921424,0.5721988193046665,0.36237315602621856
2024-10-27,739185.3466704171,0.9404780787252829,13.80552445897396,0.7904474474710267,-0.007343763024047878,0.0026819919438853573,0.0005749691230578747,0.0026196357179188133,2024-08-01,2024-09-30,739098.0,739158.0,2.551606963499732,0.18653354874521164,0.5721988193046665,0.2865153012212465
2024-10-02,739160.5206834134,0.9010170937497826,6.071756149463227,0.6326836811692246,-0.007252908399744906,-0.004174499892021604,-0.004158253661291943,-0.0003679345551053039,2024-08-08,2024-09-30,739105.0,739158.0,2.9881721883598815,0.2578258435987253,0.5721988193046665,0.2364466485320408
2024-10-20,739178.2878496677,0.6723022102270223,11.56828348286702,0.6409488449933187,-0.00918627267281699,-0.0021096281812869244,-0.002095451240947174,0.00024416215942058743,2024-08-15,2024-09-30,739112.0,739158.0,2.1798923758356916,0.25306322041033147,0.5721988193046665,0.03131575768585046
2024-11-13,739202.8143296447,0.9445679539318705,5.775990541645338,0.7509071138430747,-0.005288621290115979,0.0017966228721375014,0.0012148109400626943,-0.0013236646571513487,2024-04-16,2024-10-01,738991.0,739159.0,1.448550665711076,0.48138469539365436,0.5711912625443669,1.3282088858275682
2024-10-10,739168.9010997185,0.68404871005388,4.266852958723445,0.7592950481752776,-0.024837458363830302,-0.007464814365468052,-0.0070965783353761575,0.0023156056315288133,2024-04-23,2024-10-01,738998.0,739159.0,1.9343486777831864,0.5334177846701862,0.5711912625443669,1.0888186532405713
2024-12-11,739230.4764803034,0.022915115165630832,11.129573832163784,24.918472624489052,-22.015595408490793,-0.11898195286182404,-0.02798589629638624,0.11564382696582312,2024-04-30,2024-10-01,739005.0,739159.0,2.034984070236711,0.38097181941466884,0.5711912625443669,0.8491829732821916
2024-12-08,739227.4228856645,0.6353995509582849,7.613627454422914,1.1995666944749923,-0.04122461525426679,-0.0063134941145447385,-0.0059787303356791345,0.0020285441842910674,2024-05-07,2024-10-01,739012.0,739159.0,1.3897467281607632,0.5449317498941386,0.5711912625443669,0.6406173317645931
2024-11-24,739213.3345401221,0.6917320017638388,2.6029008662287407,-0.24090994277080216,0.03143921440483205,-0.020855756660421616,-0.016729807499992748,-0.01245295655223718,2024-05-14,2024-10-01,739019.0,739159.0,0.5279474220747996,0.4006138638023074,0.5711912625443669,1.00414040770298
2024-11-18,739207.4096471393,0.14713289837164714,10.183807645098577,3.551184380286657,-1.6429183906836775,0.0665478442304246,0.012448367746994246,0.06537318802194406,2024-05-21,2024-10-01,739026.0,739159.0,2.1411761777543568,0.35668233601878513,0.5711912625443669,0.7534563184178849
2024-10-03,739161.2042384513,0.479906786535523,8.08529151005148,0.8202107381579307,-0.0761857374784301,0.013778912161405404,0.013778070178616415,0.0001523236844576644,2024-05-29,2024-10-01,739034.0,739159.0,5.218561250062718,0.32818592624081233,0.5711912625443669,1.1178271549449184
2024-11-03,739192.7783443801,0.4340738260041054,6.4970766843825505,1.296711338903452,-0.1392147233281174,-0.02263891433342571,-0.004078543589243071,0.022268496230927505,2024-06-05,2024-10-01,739041.0,739159.0,1.5537526555351822,0.41084232580910607,0.5711912625443669,0.4275299355889255
2024-11-14,739203.8430023052,0.25995232077630065,8.027868124859765,2.329027362394305,-0.6117786331686417,-0.0451026926401144,-0.04426641593684913,-0.008645073943842159,2024-06-12,2024-10-01,739048.0,739159.0,1.5915760470035554,0.4392232327772527,0.5711912625443669,0.40990080312091187
2024-11-17,739206.2672275306,0.8196934401773517,6.09031523361,0.7801577450501366,-0.009586451431457841,0.004197729821210843,0.003181407207042384,0.002738536805460462,2024-06-20,2024-10-01,739056.0,739159.0,1.1210948404576524,0.3073654732187548,0.5711912625443669,0.4857100473064849
2024-11-14,739203.4229964642,0.8461020728551709,3.751475573699425,0.15948960435839798,0.006649326795573538,-0.008055105775687587,-0.006052398828904861,0.005315373690850585,2024-06-27,2024-10-01,739063.0,739159.0,0.6871643152465913,0.18617744503174463,0.5711912625443669,0.5442303859100623
2024-10-11,739169.3119117505,0.38992183090743515,3.1637060374839825,0.9809887274106818,-0.13221774013690252,0.03142280270578682,0.008846469108931136,-0.03015182439242326,2024-07-05,2024-10-01,739071.0,739159.0,1.1353585706187073,0.5185925089642743,0.5711912625443669,0.47589199988826747
2024-10-09,739167.6483653513,0.703052609188166,2.994432722315867,0.7056953247855674,-0.02057740533009062,-0.009395993464536213,-0.005038179997820604,-0.007931042522592323,2024-07-12,2024-10-01,739078.0,739159.0,1.1144911953397936,0.5141870927227886,0.5711912625443669,0.4526996693692338
2024-11-06,739195.0991518216,0.46162092732294224,4.827098944146561,1.4715232813717651,-0.1537080113127534,0.01956618050867801,0.0026147418377160695,0.019390681907046715,2024-07-19,2024-10-01,739085.0,739159.0,0.8566921952278685,0.7512590833342768,0.5711912625443669,0.420549158231448
2024-10-02,739160.5306975823,0.6398495237920866,8.24539140250325,0.699592036163016,-0.027428990272064614,0.014417302123321655,0.009917022771600403,-0.010464762771448482,2024-07-26,2024-10-01,739092.0,739159.0,4.988765078101222,0.14763604280260959,0.5711912625443669,0.33611121885913714
2024-10-28,739186.3650395568,0.6770901669624397,12.174260381347969,0.9345734401225241,-0.03060073614040054,0.007436622193661836,0.005215586400265343,0.0053010384032405366,2024-08-02,2024-10-01,739099.0,739159.0,2.24921483770455,0.22885482669555318,0.5711912625443669,0.3274317890876133
2024-10-10,739168.567227786,0.2326884974627224,12.394219336260914,0.8507471520233618,-0.1516773904788388,-0.02025161003797597,-0.016160430694926595,-0.012205252512124577,2024-08-09,2024-10-01,739106.0,739159.0,3.7043442563614124,0.14061026605809648,0.5711912625443669,0.2593592545817708
2024-10-13,739171.6414983019,0.09063785127416392,4.364881905418615,0.9711107968812474,-0.31802160660089857,0.0026895524005435324,0.0014282818958668614,0.002278969710463138,2024-08-16,2024-10-01,739113.0,739159.0,1.0659762966852728,2.455351767426107,0.5711912625443669,0.041309694088187396
2024-10-27,739185.4002460155,0.07321510136974264,5.109593767172547,4.614929130240034,-3.1121778175383397,0.10333673966424797,0.007700364335087401,0.10304943548386603,2024-04-17,2024-10-02,738992.0,739160.0,1.6508331595790842,0.43154286682617127,0.5554429055762277,1.211291450275336
2024-12-18,739237.7356917518,0.038514520544745474,3.4494873030857134,-8.044522567451143,6.973373986346844,-0.3121386160280188,-0.24744866655599682,0.19026211665895562,2024-04-24,2024-10-02,738999.0,739160.0,0.6160046719498036,0.24943960031646167,0.5554429055762277,1.359689795214158
2024-10-18,739176.9960057895,0.539615565975058,3.106146304987063,0.7942579697754164,-0.0435241008163498,-0.011899769845029478,-0.00149901649307499,-0.011804976574231815,2024-05-01,2024-10-02,739006.0,739160.0,1.1413066906118772,0.6354096511471532,0.5554429055762277,1.0753326229004656
2024-11-19,739208.9739521769,0.4978850437393073,4.689610609751485,0.9592710098081987,-0.06046843104274471,0.013560725865688291,0.010537039609128565,0.008536046056576967,2024-05-08,2024-10-02,739013.0,739160.0,1.0349927232746157,0.4734106899512039,0.5554429055762277,0.935835376078533
2024-12-10,739229.0655268078,0.6529898189310451,2.992056779214698,-0.5368986269114673,0.046384751067349385,0.024134419608105168,0.02364453511463211,-0.004837992252269566,2024-05-15,2024-10-02,739020.0,739160.0,0.5274360091691664,0.41944493098937313,0.5554429055762277,0.9780668836593813
2024-11-10,739199.2576543516,0.55624061412297,8.231910720862906,1.1984621926767307,-0.07059355912046922,-0.012288601579507426,-0.008521610118572217,-0.008853919457896597,2024-05-22,2024-10-02,739027.0,739160.0,1.937507592014318,0.3881724053553268,0.5554429055762277,0.4659962871823069
2024-11-28,739217.4223118152,0.667579042904448,8.751000712406725,1.2026593178155411,-0.03751039330176498,0.006707480666503591,0.0006572623790122414,0.006675200600480448,2024-05-30,2024-10-02,739035.0,739160.0,1.6098851905146585,0.42661602380080743,0.5554429055762277,0.41575146573095406
2024-11-26,739215.8301543171,0.38183185513433016,10.853210927156102,1.902527617592861,-0.26578832931529156,0.02318547452421163,0.008914663479629882,-0.021403154065646957,2024-06-06,2024-10-02,739042.0,739160.0,1.9618540418741173,0.4033052102167739,0.5554429055762277,0.5486361110185524
2024-10-11,739169.9885204439,0.3905940337930184,5.0108097677572125,0.9624022457491571,-0.12603167937971457,0.03086270096200512,0.030826429303214036,-0.001495849953738268,2024-06-13,2024-10-02,739049.0,739160.0,1.9891595910852935,0.3183196747516526,0.5554429055762277,0.555402661474428
2024-10-04,739162.4479917586,0.17378811745816677,8.982253044057881,1.6395740989434744,-0.6864944889195936,-0.035276027736370015,-0.03527524544366033,0.00023492923757528205,2024-06-21,2024-10-02,739057.0,739160.0,5.379400132243695,0.3765235744074461,0.5554429055762277,1.2168182615857872
2024-11-17,739206.0349784532,0.7306164473593323,2.706213478588957,-0.8677600118786021,0.05347343222466266,-0.028094965555082785,-0.016949140566944514,-0.022406555370766915,2024-06-28,2024-10-02,739064.0,739160.0,0.4852657347761673,0.513850695123472,0.5554429055762277,0.5701498847298254
2024-10-03,739161.5829997434,0.06771361479124785,3.6615606963023963,2.416025947231728,-1.5923563430076366,0.1325628580081865,0.1322686344202315,0.008827212012055058,2024-07-08,2024-10-02,739074.0,739160.0,2.3387523594972164,0.22214071447836828,0.5554429055762277,0.7273381528561595
2024-10-12,739170.724485748,0.9041511245260128,4.7964318461920605,0.6665154101438218,-0.007156331370130385,0.003927629143091058,0.0018911106516495842,-0.0034423787108445346,2024-07-15,2024-10-02,739081.0,739160.0,1.6215737870107507,0.34346518138580073,0.5554429055762277,0.3957974547831081
2024-10-28,739186.2295234125,0.20303521432124622,2.336300584537973,5.154496045686317,-2.201876538752702,-0.207147939911365,-0.16685242080099807,-0.12276212234386115,2024-07-22,2024-10-02,739088.0,739160.0,0.4909772116122074,0.9237511584695486,0.5554429055762277,0.3996738567209413
2024-10-15,739173.103372934,0.6717807317162953,12.537991041799488,0.8067779732205748,-0.02810707221894749,0.00900253466419115,0.008990934108520204,-0.0004568744206138738,2024-07-29,2024-10-02,739095.0,739160.0,3.562264004456081,0.16728245564225008,0.5554429055762277,0.4411258704654317
2024-10-24,739182.2697985806,0.09686369010524645,2.3150727846901287,17.13469568884729,-11.677808179929729,-0.5677402324333252,-0.4851811155704117,-0.2948359825687783,2024-08-05,2024-10-02,739102.0,739160.0,0.472419357490212,0.8606132462311559,0.5554429055762277,0.29507967756492953
2024-10-16,739174.4220174841,0.8124502756302572,3.604582311929092,0.6773645648720417,-0.008797008355162944,0.0023426978327294335,0.0007535300769717293,0.0022182032275186517,2024-08-12,2024-10-02,739109.0,739160.0,0.8674738763121485,0.8463706053158399,0.5554429055762277,0.15339771567856028
2024-10-10,739168.6429426454,0.6534447431072811,2.001096927805792,0.5893235703001375,-0.005735658542666637,0.0004917342164466008,0.00010803411078464333,-0.00047971988757119935,2024-08-19,2024-10-02,739116.0,739160.0,0.5754342576885156,3.8088476629478976,0.5554429055762277,0.0412264027077528
2024-12-24,739243.207053093,0.8688745005792988,6.405872026297819,0.8313826701852476,-0.0066266090368027495,-0.0019111528465282125,-0.0008823294721506237,-0.001695287558311949,2024-04-18,2024-10-03,738993.0,739161.0,1.1347812742812233,0.47029972025293,0.5392691187345985,1.3136430054501673
2024-12-20,739239.0375356073,0.03921719921389056,3.7654202278741873,-3.726857740730317,3.373588889690243,-0.250714157685316,-0.1542301447820323,-0.1976629740350247,2024-04-25,2024-10-03,739000.0,739161.0,0.6708582714844157,0.1401446172241116,0.5392691187345985,1.3356342932067364
2024-10-08,739166.6879777939,0.5768433317821237,7.614357362029407,0.7481863743598547,-0.04051660866834428,0.00934563023816243,0.0038192909770296463,-0.008529585041561866,2024-05-02,2024-10-03,739007.0,739161.0,4.041400616007449,0.32843475939179373,0.5392691187345985,1.010893919240882
2024-10-26,739184.478418897,0.7746877982541651,5.412552100309663,0.8544027660932723,-0.017707921840480527,-0.0046299760040239635,-0.003278332375284901,0.0032694364399689082,2024-05-09,2024-10-03,739014.0,739161.0,1.7078170501243528,0.5474109520022097,0.5392691187345985,0.5535267321324673
2024-11-04,739193.7201058378,0.9757308080217943,9.394752570116342,0.7454558896731239,-0.0053234138071371105,-0.0016326578970682288,-0.001619673522934984,0.00020549814588611054,2024-05-16,2024-10-03,739021.0,739161.0,2.4875737563364484,0.33864112992057216,0.5392691187345985,0.80420160184791
2024-10-20,739178.2072926614,0.6588028361130741,7.09477154751537,0.8662606780512124,-0.03332607227308144,-0.008308893833098869,-0.008047709391994026,-0.0020669035467867254,2024-05-23,2024-10-03,739028.0,739161.0,2.4465490331143065,0.37244141369203543,0.5392691187345985,0.5283618544207006
2024-11-03,739192.1670864854,0.0865490063245238,11.599310717731708,4.842088273353266,-3.0887523429849417,0.06494137234863999,0.06158884106749923,0.020596031134347794,2024-05-31,2024-10-03,739036.0,739161.0,2.9750881620937335,0.35488817576065396,0.5392691187345985,1.1025247384916363
2024-11-16,739205.0807090316,0.6615467161278176,4.866172725017784,0.6236141808523437,-0.011283458137844172,0.010800214242195053,0.002980529275600251,0.010380803095840066,2024-06-07,2024-10-03,739043.0,739161.0,1.0084229171598804,0.1420309033218136,0.5392691187345985,0.5684735652229528
2024-11-20,739209.7055899432,0.12124270208958612,2.926646206007725,-7.637220982248396,4.6471663399239365,0.40737817948169563,0.2380381998785786,-0.33059763537627807,2024-06-14,2024-10-03,739050.0,739161.0,0.5531436915912967,0.47258054255811976,0.5392691187345985,0.6756781841119082
2024-11-03,739192.9199270098,0.9434559877738506,14.989709389354056,0.8859381142847146,-0.008856860685019879,-0.000948440517008414,-0.0008830993378445284,0.00034594070850615895,2024-06-24,2024-10-03,739060.0,739161.0,3.403220716281115,0.587757455727407,0.5392691187345985,0.8764434367648641
2024-11-13,739202.0915156609,0.13323348066991916,12.807980072974406,4.511641591444866,-2.3127804628853332,0.04813453505704372,0.04589773500986603,0.01450280614646317,2024-07-01,2024-10-03,739067.0,739161.0,2.426066819876546,0.49981623570544625,0.5392691187345985,0.729254018395906
2024-11-09,739198.0823813447,0.1600504857330163,8.61379466345507,3.241557518202262,-1.4307640313597192,0.057289453616239217,0.03890259197814449,-0.0420555565059985,2024-07-09,2024-10-03,739075.0,739161.0,1.6447186867741204,0.46404042417741087,0.5392691187345985,0.6219834749131615
2024-10-31,739189.8107043991,0.5321902013684597,9.258269500967941,1.0788546289962535,-0.0727727804337697,0.012409572017803317,0.0034397069099778407,0.011923334015219816,2024-07-16,2024-10-03,739082.0,739161.0,1.944473886241912,0.33709260098290217,0.5392691187345985,0.5265334567610662
2024-11-05,739194.5129530549,0.47049250906953677,10.032666886008148,1.2004072722645773,-0.10755241778761354,0.015278821181071751,0.007425546416770228,-0.013353038496745132,2024-07-23,2024-10-03,739089.0,739161.0,1.8313136015516098,0.33011605790494025,0.5392691187345985,0.5392538270751117
2024-10-26,739184.8058531194,0.888455661250733,4.968731562030658,0.8778342028190099,-0.012791719975476434,0.004072666364282955,0.0013395721907641437,0.0038460574177322272,2024-07-30,2024-10-03,739096.0,739161.0,1.0411024870270864,0.5616171152832246,0.5392691187345985,0.3246765850569725
2024-10-06,739164.5206168056,0.8498537161383923,13.961249889606801,0.6423927817626014,-0.008070609562958532,-0.003307697290897394,-0.003102722954208787,-0.0011462860191225647,2024-08-06,2024-10-03,739103.0,739161.0,6.356561247106021,0.14852530654059284,0.5392691187345985,0.4442557957165137
2024-10-26,739184.6863761216,0.9544264476117044,10.925594250369432,0.6061927348418376,-0.0018541086588919858,-0.00036733420251199164,-0.00019400310813193108,0.00031192500760642954,2024-08-13,2024-10-03,739110.0,739161.0,1.9969054297441948,0.44093158771426383,0.5392691187345985,0.0401871801964298
2024-10-22,739180.323539374,0.670282469131079,7.323052426707481,0.6110951370827828,-0.006124224630674717,0.0007721916859525305,0.0007704838525626988,-0.00005132867419243271,2024-08-20,2024-10-03,739117.0,739161.0,1.3833705428987726,0.7259249243114257,0.5392691187345985,0.04019760841228914
2024-10-07,739165.2142093282,0.45590200786083723,5.651981854304596,0.8011692203570193,-0.07641406598126751,-0.016987934887134928,-0.015685561882879933,0.0065232721963658855,2024-04-19,2024-10-04,738994.0,739162.0,3.5759753839029087,0.36283023272014303,0.5568073949572988,1.579540656272444
2024-11-29,739218.2279620315,0.13719532930046577,9.099470406992939,3.987207812857508,-1.9154032599544708,-0.07266467377068936,-0.06908237286811889,-0.022533987066449254,2024-04-26,2024-10-04,739001.0,739162.0,1.9573250209982365,0.39742950299226876,0.5568073949572988,0.9830506504042783
2024-12-17,739236.1647518532,0.5686293648560586,6.25448994127351,1.1623060525279718,-0.051613491123204375,-0.007002189621885958,-0.006962948720790999,0.0007402733363308545,2024-05-03,2024-10-04,739008.0,739162.0,1.1186466599261764,0.670141870180318,0.5568073949572988,0.9978682143615201
2024-10-07,739165.4075655115,0.4174913762386737,6.941073052040508,0.8939711279472335,-0.10920889644994904,-0.022508656358856502,-0.005305051738026215,0.021874552272857076,2024-05-10,2024-10-04,739015.0,739162.0,4.183909262938033,0.29182960119406387,0.5568073949572988,0.8061085242788079
2024-12-05,739224.0549930768,0.033707329705952034,4.750179444512442,1.9851387923658952,-1.3885511160262807,-0.19715117450929037,-0.0540966315491115,0.18958412398044397,2024-05-17,2024-10-04,739022.0,739162.0,0.89248947203632,0.04997776564607078,0.5568073949572988,0.7801266004245814
2024-11-25,739214.7045941298,0.8566557643000017,8.450547303624191,1.0029536930383016,-0.012079169084922214,0.002770233895741539,0.0027118642503150287,-0.0005656749287167067,2024-05-24,2024-10-04,739029.0,739162.0,1.6938988730343014,0.4420202095342746,0.5568073949572988,0.4176836134375591
2024-10-24,739182.9722350283,0.8677045440391908,4.487898028624116,0.6895212458862615,-0.007184719829813529,-0.004209203741266292,-0.0004960717017294986,-0.004179869495837561,2024-06-03,2024-10-04,739039.0,739162.0,1.3759869871192651,0.3300188760213606,0.5568073949572988,0.5060728079199268
2024-10-24,739182.394297626,0.44264571028305977,13.322231140359793,1.1126998285310468,-0.11889597213882466,0.002714705127944607,0.0019414237682650218,0.0018974977427402616,2024-06-10,2024-10-04,739046.0,739162.0,4.02919263400208,1.455203646426629,0.5568073949572988,1.3017183224291882
2024-10-31,739189.1764134378,0.310686043450869,2.3670133751042695,-0.9545900637907301,0.37819128191177204,-0.1372284264362944,-0.06309391238733383,0.12186385535441142,2024-06-17,2024-10-04,739053.0,739162.0,0.6071256427569283,0.3617332766266259,0.5568073949572988,0.7439164740101314
2024-11-14,739203.1492504741,0.9522444092095588,10.869449581814841,0.9299062091883654,-0.008177452504611653,-0.0014302466561333016,-0.001029759000275745,-0.0009925733719638,2024-06-25,2024-10-04,739061.0,739162.0,2.144541350211729,0.5008964669590253,0.5568073949572988,0.5343280636388124
2024-10-27,739185.1229048362,0.40049364413594957,8.974592698891389,1.3500808853875408,-0.18553066457820652,0.0201072089036394,0.01978131021378182,-0.0036054980405939214,2024-07-02,2024-10-04,739068.0,739162.0,2.317356571388868,0.4117606024083858,0.5568073949572988,0.6282886983332523
2024-11-14,739203.0330110556,0.3235793067158688,12.352386033368672,1.9654616249553185,-0.3839911355521534,-0.02345005860828994,-0.003942965266789383,-0.023116190725055157,2024-07-10,2024-10-04,739076.0,739162.0,2.221653721220297,0.42895047277276277,0.5568073949572988,0.663417417255841
2024-10-22,739180.83199836,0.5207025795545704,2.891325233441681,1.0743620014495112,-0.09108660182936619,0.021457359102537023,0.005951043469362222,-0.020615609165896352,2024-07-17,2024-10-04,739083.0,739162.0,0.7582173221210481,0.7644885996173648,0.5568073949572988,0.4661219067944557
2024-11-01,739190.7847410091,0.42439312618955805,9.05578241166172,1.1914385627898143,-0.1326770641570848,0.019441076333214645,0.0175940095007605,0.008270808828707616,2024-07-24,2024-10-04,739090.0,739162.0,1.806118489978481,0.31982905119489596,0.5568073949572988,0.5653737430249764
2024-10-24,739182.6300854008,0.3879386958630845,10.05554151487636,1.1528119277610396,-0.15083398896980277,-0.024107098745321416,-0.021111535843461166,-0.011638525003063397,2024-07-31,2024-10-04,739097.0,739162.0,2.277811805558144,0.24138590540758526,0.5568073949572988,0.44926856700483164
2024-10-07,739165.952621862,0.7437749149406391,5.918258595247638,0.6563225482672113,-0.013247399794645055,-0.006380072476083499,-0.006377732149817149,0.0001727930127839263,2024-08-07,2024-10-04,739104.0,739162.0,2.5921554845561587,0.2609471874842306,0.5568073949572988,0.3468162000760171
2024-10-28,739186.043004913,0.09797600065023795,9.745410273882968,1.171373024077532,-0.4376068356214805,-0.0063850488639270045,-0.003964382403177512,-0.005005249360033127,2024-08-14,2024-10-04,739111.0,739162.0,1.765409348586594,0.6890320961717138,0.5568073949572988,0.04153253896942761
2024-10-23,739181.3296335472,0.41267604360239385,5.993907436549362,0.6239182124037167,-0.018186424579699496,0.0024716155904073345,0.0004452583901283078,0.0024311784370475466,2024-08-21,2024-10-04,739118.0,739162.0,1.1320777113017584,0.5066005141915657,0.5568073949572988,0.03993147874321875
2024-10-30,739188.3052764655,0.34320255932841454,2.4442598706483003,0.24943364070443427,0.03868814122495983,-0.06454965766124991,-0.04779351974836577,0.043387069205549376,2024-04-22,2024-10-07,738997.0,739165.0,0.8189529374463866,0.08415638297410377,0.5484205250865859,1.3468066983539302
2024-11-26,739215.9189417756,0.221044902555472,2.6356553987111857,-1.0458282442595581,0.5178512877971724,-0.14737080016442772,-0.06827317685628698,-0.13060216714531903,2024-04-29,2024-10-07,739004.0,739165.0,0.5981619736943425,0.29470363717985676,0.5484205250865859,1.3097528614085785
2024-11-27,739216.4025377306,0.018629081507318016,10.700062618695199,24.28979188223373,-21.968518312405564,0.10250025869208923,0.0008312918277077727,-0.10249688768856653,2024-05-06,2024-10-07,739011.0,739165.0,2.3590943107454203,0.37314783709816424,0.5484205250865859,0.9273257017418999
2024-12-11,739230.0422196906,0.9314382028590851,8.83473106068272,0.9989028030072797,-0.007440456570278025,-0.0016872597331290373,-0.00151925847535128,0.000733961233384962,2024-05-13,2024-10-07,739018.0,739165.0,1.6616465090913164,0.4649201367392293,0.5484205250865859,0.4654262670767649
2024-11-02,739191.2489872334,0.8484461295067873,3.8375536711587444,0.6314710867161611,-0.005459938694704891,-0.004216657764757587,-0.0022740199561820783,0.003550920436165263,2024-05-20,2024-10-07,739025.0,739165.0,1.1273873569061383,0.28627882286256945,0.5484205250865859,0.7423648595256443
2024-10-21,739179.1788926658,0.12462605204578805,8.455358943455423,2.776505993657417,-1.458579042312887,-0.0679006563659968,-0.06618880564289518,-0.015150615251541065,2024-05-28,2024-10-07,739033.0,739165.0,3.1396497620800226,0.31661594708784063,0.5484205250865859,0.9101103679734306
2024-11-08,739197.2036581496,0.892770144028699,11.12322185712802,0.8554614127334225,-0.009670599897068978,0.0022578409804225722,0.0004844452784367636,-0.0022052570519274814,2024-06-04,2024-10-07,739040.0,739165.0,2.8067685084383904,0.3437709093105412,0.5484205250865859,0.796445643049719
2024-10-12,739170.8174371372,0.9879820594780722,14.704075392774024,0.659968511775903,-0.005604771616239175,0.0009436293416838548,0.000499396189252411,0.0008006495991673731,2024-06-11,2024-10-07,739047.0,739165.0,7.156291190609423,0.39908722096842403,0.5484205250865859,1.1610969126481412
2024-11-14,739203.0686550505,0.7011754402354281,8.116895995510482,1.0469162839535455,-0.02945530663263613,-0.005926450201370981,-0.005224656321472112,-0.0027974592600843434,2024-06-18,2024-10-07,739054.0,739165.0,1.7633875455356172,0.4293442226112064,0.5484205250865859,0.45021939132883304
2024-11-07,739196.7273312425,0.29304428334799143,8.963916238889134,1.8050846437275563,-0.40551497793564206,0.028510440847398164,0.018776968272857866,0.021453920382836295,2024-06-26,2024-10-07,739062.0,739165.0,2.0630444310245695,0.46498445164008934,0.5484205250865859,0.7227159103476821
2024-11-19,739208.5704359927,0.5384810732866904,5.788710762327472,1.1555723773729416,-0.06903152606472854,0.011886246716434477,0.011495813380968063,-0.0030214459640882253,2024-07-03,2024-10-07,739069.0,739165.0,1.072570997853391,0.5402457099362604,0.5484205250865859,0.4765126616790168
2024-11-09,739198.3340886276,0.4227273695211978,4.740814440892563,1.3532302191003125,-0.15720432441791282,0.021627306112090475,0.012328956608183403,0.01776899543079453,2024-07-11,2024-10-07,739077.0,739165.0,0.974820363730298,0.6481409650298445,0.5484205250865859,0.4639316868759214
2024-10-24,739182.9879255207,0.9739938209199792,4.240135889402234,0.7159312334862081,-0.005635243876677213,-0.002381835796218189,-0.0016778918519480535,-0.0016905090042092844,2024-07-18,2024-10-07,739084.0,739165.0,1.1508003176251624,0.5434721882336258,0.5484205250865859,0.4258381345146098
2024-11-10,739199.2501527132,0.18602337016428197,2.624482015794727,8.652813374815974,-3.9093838704042714,0.30542275793423973,0.23220159052318795,-0.19840736483976334,2024-07-25,2024-10-07,739091.0,739165.0,0.48066902132018763,0.9072580479965475,0.5484205250865859,0.3441431644474283
2024-10-10,739168.4380825022,0.5749697128057639,14.76186769761846,0.7327868762518711,-0.03459495370923447,-0.00963241346404265,-0.0020086684154677643,0.009420649677117412,2024-08-01,2024-10-07,739098.0,739165.0,7.094838598472103,0.13988826939487822,0.5484205250865859,0.6565630439827419
2024-10-29,739187.46618475,0.1509029665022095,11.26399889282911,1.6262975937312496,-0.621942871119736,-0.030600703469574202,-0.030264315980283393,0.004524845972889463,2024-08-08,2024-10-07,739105.0,739165.0,2.331213376904926,0.27228534168439544,0.5484205250865859,0.35432966963256374
2024-10-17,739175.6874205397,0.9966216345115968,7.079784067688938,0.5813564706629268,-0.001258348921933838,-0.00020974184827062193,-0.00004632809070963064,-0.0002045613622539135,2024-08-15,2024-10-07,739112.0,739165.0,2.0112164740152676,0.8445517947908371,0.5484205250865859,0.04195486894652265
2024-10-07,739165.3389229318,0.5330801470969974,3.5983557492930807,0.5687130138048475,-0.004715892916775239,-0.002368189235858388,-0.002366978034650573,0.00007573136943993113,2024-08-22,2024-10-07,739119.0,739165.0,2.8164992906233053,0.2950094607784582,0.5484205250865859,0.039967337343424676
2024-12-21,739240.4145507895,0.7439277193560038,4.320157106837968,0.5686388718595923,-0.004567880355835528,0.005251048640287489,0.005124047704042757,0.001147888038686371,2024-04-23,2024-10-08,738998.0,739166.0,0.8120237927170337,0.1497958837397561,0.5504809653759769,1.390410076532594
2024-12-05,739224.2423912234,0.6907540597284106,2.720509613316128,0.21476205066513307,0.00968513528960517,-0.012717082972040498,-0.0015685940313433064,-0.012619972744922889,2024-04-30,2024-10-08,739005.0,739166.0,0.5739462861782902,0.193371011063591,0.5504809653759769,1.3396709959050934
2024-10-26,739184.7063787257,0.055324827671598104,2.4766473712667683,1.3047481288375147,-0.7343915338156355,-0.1675465907523804,-0.1342646403520023,0.10022408105786312,2024-05-07,2024-10-08,739012.0,739166.0,0.8761343244543731,0.09791471423031492,0.5504809653759769,1.096756271951757
2024-11-26,739215.0871538218,0.28214387372401967,5.48587730588143,1.5193247230107212,-0.3137279750547325,0.03868053576285433,0.0014285899163685306,-0.03865414567355357,2024-05-14,2024-10-08,739019.0,739166.0,1.2092164147939126,0.41714332648243074,0.5504809653759769,0.7881754800550448
2024-11-18,739207.9942852302,0.851798283321882,3.2630931450035274,0.2642642180753709,0.004257506943027977,0.006713104516590926,0.006406455511084319,0.002005766695099622,2024-05-21,2024-10-08,739026.0,739166.0,0.7615780479776927,0.1655538350648648,0.5504809653759769,0.8133433794681275
2024-11-13,739202.636539261,0.652381587903527,9.59404882781684,1.0232838222129892,-0.0363194472376869,-0.00677174083126155,-0.0019194444775184859,-0.006494013149316733,2024-05-29,2024-10-08,739034.0,739166.0,2.3311792307952275,0.3647024432955704,0.5504809653759769,0.666643064028145
2024-11-29,739218.5250185119,0.2894160614657409,2.581870963345602,-5.05414587357928,1.4635735101822627,-0.27408643238421426,-0.19468040267825693,-0.19293240585795374,2024-06-05,2024-10-08,739041.0,739166.0,0.5004243827579687,0.598570209206806,0.5504809653759769,0.7125377551539768
2024-11-19,739208.07173985,0.4601275955241694,9.692974089465011,1.4245250136805594,-0.13425540307513634,0.014525062125980077,0.006553072626230029,-0.012962818710409225,2024-06-12,2024-10-08,739048.0,739166.0,2.06140605953044,0.4387680568951063,0.5504809653759769,0.6444782910328458
2024-11-12,739201.5105710783,0.30145204953088683,2.7081124935025938,-0.9903224670520772,0.3759813382036248,-0.12651796124950399,-0.08331763654595181,-0.09521011479421534,2024-06-20,2024-10-08,739056.0,739166.0,0.6079036755039975,0.3308001094216915,0.5504809653759769,0.739065658179101
2024-10-17,739175.3772704831,0.43554152078183284,14.881024391139098,1.0798088425703647,-0.12778871088673188,-0.0023462850438177012,-0.0018781275361333136,-0.0014063038309200615,2024-06-27,2024-10-08,739063.0,739166.0,5.8820658842040086,1.5940739015875691,0.5504809653759769,1.1349332435695367
2024-10-31,739189.1608870385,0.8353123131266889,6.560864243027063,0.8073236525273152,-0.011912607170577265,-0.0037746855828357222,-0.0007695212994115647,0.0036954144854156453,2024-07-05,2024-10-08,739071.0,739166.0,1.701599907939359,0.4018036431760148,0.5504809653759769,0.4607673144924453
2024-10-26,739184.9158526997,0.7366420221621509,5.5674830644216815,0.8041391793740204,-0.01859978826004829,-0.006319825191808555,-0.006209144062247537,-0.0011775909600851224,2024-07-12,2024-10-08,739078.0,739166.0,1.5347491306787986,0.38940409982746804,0.5504809653759769,0.45436261517051935
2024-11-04,739193.5742416173,0.7798902760379165,6.500590686255047,0.8624855097289174,-0.01611667370724646,-0.004661579151462606,-0.0010280116021723837,0.004546813426032543,2024-07-19,2024-10-08,739085.0,739166.0,1.4179747984850861,0.4147849927039202,0.5504809653759769,0.43247817804301386
2024-10-30,739188.7361448238,0.6113076306885997,4.073711625829478,1.1464840261808424,-0.06332560308675937,-0.014939804512099511,-0.008671790494119015,-0.012165434989586521,2024-07-26,2024-10-08,739092.0,739166.0,0.9388329552588978,0.636068596199407,0.5504809653759769,0.35984227388472734
2024-10-11,739169.0020710437,0.8013358114866471,2.2660947513034255,0.7076816501987464,-0.0192123532521703,-0.011820146218656692,-0.0022290548434166094,0.011608064917783031,2024-08-02,2024-10-08,739099.0,739166.0,1.1357991320354133,0.5747701442753463,0.5504809653759769,0.38209239877175
2024-10-27,739185.4728985983,0.19365236998191665,7.654071771849705,1.0684046512997796,-0.2645330986474231,0.01485964365331282,0.01331061102962975,-0.006605803775570297,2024-08-09,2024-10-08,739106.0,739166.0,1.7132437935417006,0.4504036594861512,0.5504809653759769,0.2979133727883145
2024-10-14,739172.2720260097,0.3585011796861242,10.242341336313988,0.6569782159602929,-0.03703954572040437,-0.007637837196321575,-0.007104650687850492,0.0028036575470515193,2024-08-16,2024-10-08,739113.0,739166.0,3.6613098312013315,0.16974093833037532,0.5504809653759769,0.032755041698820764
2024-10-24,739182.399163142,0.6119506277426255,12.546512233757706,0.6035589297099785,-0.006839481442616196,-0.0031164552996266726,-0.0009658713791793111,0.0029630028878577606,2024-08-23,2024-10-08,739120.0,739166.0,2.668419593290445,0.1070423521451066,0.5504809653759769,0.02497151415868876
2024-12-03,739222.1012013073,0.07750942464946366,14.853334334780545,5.047556220673228,-3.261506324455382,0.03675243699416604,0.036752398570320546,-0.000053144505308860033,2024-04-24,2024-10-09,738999.0,739167.0,3.3059194214591576,0.46308705358051777,0.5448045073711719,1.9611364891047274
2024-11-17,739206.1762724408,0.42615145813998623,8.069622290697515,1.4123091962026209,-0.1540104974899809,-0.020017343594998193,-0.016863856081013255,-0.010784451895163125,2024-05-01,2024-10-09,739006.0,739167.0,2.094889571939657,0.40630732429676353,0.5448045073711719,0.5874743275420624
2024-12-22,739241.1920003793,0.8838313705997363,12.825426511103363,0.9559886878605847,-0.008149358385091652,0.001566141057243399,0.0004506669538788602,-0.0014998990325568657,2024-05-08,2024-10-09,739013.0,739167.0,2.2933853124105945,0.358583364687193,0.5448045073711719,0.9551454836502087
2024-12-14,739233.5981216007,0.7550281629672531,12.237860789818455,1.057005460230675,-0.018825156831298352,0.003308352160785237,0.0009252203603112826,0.0031763440154740493,2024-05-15,2024-10-09,739020.0,739167.0,2.2699071078140483,0.3510625583903575,0.5448045073711719,0.8527096777908763
2024-11-18,739207.3540610167,0.5874731477642857,12.666358956645714,1.0537865730303644,-0.04849926633694534,0.006200119259626565,0.0029323702157632112,0.005462845755766595,2024-05-22,2024-10-09,739027.0,739167.0,3.018286156038376,0.3628034054014992,0.5448045073711719,1.23887402446689
2024-11-14,739203.4025601143,0.27863922958837334,10.21402986879726,1.8296072268403454,-0.42806304277961366,0.0333171229076299,0.011433232740426208,0.0312939589688707,2024-05-30,2024-10-09,739035.0,739167.0,2.4899815417307485,0.35049786786140635,0.5448045073711719,0.849260899528227
2024-11-25,739214.5984040841,0.9584287133914453,8.841253612453812,0.9234683192473184,-0.006688222284674916,-0.0016667186586159816,-0.00011351849143622888,0.001662848351197636,2024-06-06,2024-10-09,739042.0,739167.0,1.8126192484215158,0.4350051202874649,0.5448045073711719,0.4431294526662992
2024-11-23,739212.836025831,0.6279574720326314,7.4385624188583135,1.1053798061623263,-0.04088269251179931,0.008415695938207103,0.003204006771442412,0.007781919990137828,2024-06-13,2024-10-09,739049.0,739167.0,1.5080263364938618,0.4101008556217698,0.5448045073711719,0.463953645689273
2024-11-01,739190.1075536634,0.3410064277299328,3.0036891430796047,0.6352728968742554,-0.05512708396224699,0.05036557685756031,0.009653259425089577,-0.049431830986387024,2024-06-21,2024-10-09,739057.0,739167.0,0.8370680099300916,0.12426212847478803,0.5448045073711719,0.744217495810175
2024-10-17,739175.5485500302,0.4183037744923287,2.3821727876983028,0.8070213199259348,-0.08114069621387605,-0.031034251114774855,-0.012527721714960293,0.02839332546369686,2024-06-28,2024-10-09,739064.0,739167.0,0.9738823145023994,0.4591091877192751,0.5448045073711719,0.6440906560282813
2024-11-17,739206.8619304013,0.8997789634333104,2.269244897112149,0.026799193680869717,0.007348552127064717,-0.00944019309672413,-0.005974839071107653,0.007308799065359737,2024-07-08,2024-10-09,739074.0,739167.0,0.43479831016357995,0.30865645876010395,0.5448045073711719,0.5468041214272424
2024-10-15,739173.0992423776,0.08509908313412454,8.410957003796852,2.6335550235919527,-1.6248835562554493,-0.08671128841584275,-0.03743909565139464,0.07821228583503483,2024-07-15,2024-10-09,739081.0,739167.0,3.6340235055555303,0.18959464747302104,0.5448045073711719,0.955359082791838
2024-10-17,739175.0239715843,0.9774341937917836,8.466136212411993,0.6801746770817654,-0.005472922533581275,-0.002773555941341487,-0.0017736917040235287,0.0021322828843351846,2024-07-22,2024-10-09,739088.0,739167.0,3.2119302732976567,0.22781622309357813,0.5448045073711719,0.3582523939905579
2024-10-14,739172.1848222074,0.9464478301039811,7.3558864814952605,0.6609028372111877,-0.005893984797886117,-0.0032452559432911013,-0.0030810042554888185,-0.0010193620137743055,2024-07-29,2024-10-09,739095.0,739167.0,3.161506434813389,0.23368009409464854,0.5448045073711719,0.3619943545883504
2024-10-13,739171.5254167684,0.6778224600253314,8.354150617264953,0.6794769188202385,-0.01789063274012387,0.008785849228076336,0.0038464666903414036,0.007899103788315709,2024-08-05,2024-10-09,739102.0,739167.0,3.6324561501401527,0.1652173335699488,0.5448045073711719,0.4100034866136714
2024-10-27,739185.1651412637,0.3589956441568403,7.306734254062327,0.7287962706249079,-0.05196594076806793,-0.0031556380175163596,-0.001477341172806715,-0.0027884609297468485,2024-08-12,2024-10-09,739109.0,739167.0,1.6669043428275536,0.8090912066023235,0.5448045073711719,0.17019908941195544
2024-10-31,739189.5056095809,0.8116754339216621,11.608278800561475,0.6081754050960902,-0.003142924841538676,0.0003597693421738673,0.0003145333768021546,-0.0001746503204853945,2024-08-19,2024-10-09,739116.0,739167.0,2.1867133970855335,0.6108357055738399,0.5448045073711719,0.0420180511519985
2024-10-12,739170.7985256409,0.2797849717118384,3.7061533985795583,0.561281566099324,-0.005374679231691348,-0.00787578289526631,-0.005826235626502863,-0.0052993334144813145,2024-08-23,2024-10-09,739120.0,739167.0,1.5296378947112612,0.0515180962978094,0.5448045073711719,0.03680139035690526
2024-12-25,739244.8652689948,0.09451142218909239,9.138887099229922,6.440700337345478,-3.8365836101514486,0.08700095707992984,0.0530011940705749,-0.06899304283706473,2024-04-25,2024-10-10,739000.0,739168.0,1.6852611507415107,0.4560491212029962,0.5096947049227984,1.0032456990526457
2024-11-08,739197.8031982948,0.6812905913857711,6.267380195903805,0.9829665529807606,-0.030344805922670335,0.006154709464609083,0.004318211732560241,0.004385600988066255,2024-05-02,2024-10-10,739007.0,739168.0,1.8519565349276388,0.535948621118977,0.5096947049227984,0.6349012063483871
2024-10-27,739185.4197443366,0.40117247299408254,6.597288870826852,1.1515120412427284,-0.14723532796660718,-0.02189253587147392,-0.0027183279759052507,0.021723117177310954,2024-05-09,2024-10-10,739014.0,739168.0,2.400816173710587,0.40896070715127264,0.5096947049227984,0.727971700442574
2024-11-15,739204.7637458352,0.06252442646979507,12.19079133953087,6.290088983151274,-4.487468388888555,-0.06244577106238047,-0.004244102488609496,-0.06230137974107335,2024-05-16,2024-10-10,739021.0,739168.0,3.1220907524962147,0.36856678016466027,0.5096947049227984,1.270682318980109
2024-11-27,739216.1791741797,0.7876566856419256,10.857171589292818,0.9599334046657587,-0.01593010136711892,0.0032594021903735834,0.0021898196460255685,-0.002414206403042741,2024-05-23,2024-10-10,739028.0,739168.0,2.3543067647826077,0.3545690700741204,0.5096947049227984,0.7435226865990598
2024-12-11,739230.5695367247,0.23165601142438202,9.723723216678604,2.8970559293661373,-0.8438490739295326,0.04930375683414152,0.031768523788154354,0.03770439409779219,2024-05-31,2024-10-10,739036.0,739168.0,1.755745099397482,0.40775167297869275,0.5096947049227984,0.5212400617630957
2024-10-24,739182.2692495565,0.35252028874749014,2.7889145898330128,0.6385140410634396,-0.04961693332919932,-0.048064172266638276,-0.045333412188425015,-0.0159701720413851,2024-06-07,2024-10-10,739043.0,739168.0,1.011268984992695,0.1304840276882686,0.5096947049227984,0.8375471580316832
2024-11-25,739214.4947310606,0.08298558763086496,6.4658890600486565,5.203093717636469,-3.303034753184125,-0.10028282612255497,-0.1000133343385111,0.007346983708964423,2024-06-14,2024-10-10,739050.0,739168.0,1.30028100639761,0.42272798884466434,0.5096947049227984,0.5800517285576009
2024-11-07,739196.2118017433,0.8888566395122257,12.941900089382369,0.905746606833125,-0.011515779989416995,0.0017506115016870875,0.0017427777622843472,0.0001654276310846612,2024-06-24,2024-10-10,739060.0,739168.0,3.2430432695433016,0.4517906716518738,0.5096947049227984,0.7496147009686472
2024-10-27,739185.0572995145,0.8208281112028224,3.9350988891151895,0.6827140685691293,-0.008633380256764443,-0.004948957853523458,-0.0037371030722550434,0.003244417430494021,2024-07-01,2024-10-10,739067.0,739168.0,1.211616386489739,0.3638846076989232,0.5096947049227984,0.5196329527171663
2024-10-30,739188.4752119903,0.04453555034460455,5.763312424306227,6.952736962153464,-5.460020188825084,-0.10437472352032365,-0.023074200754456563,-0.10179225987022313,2024-07-09,2024-10-10,739075.0,739168.0,1.570687405657483,0.404234681197462,0.5096947049227984,0.8192318746399022
2024-11-08,739197.4028766007,0.15287216450158517,2.73086827386516,4.219777316068083,-2.084454433713215,0.14517936776931017,0.09013163320321878,-0.11381273005256069,2024-07-16,2024-10-10,739082.0,739168.0,0.5942871993235092,0.8037392324422884,0.5096947049227984,0.49832192178623425
2024-10-28,739186.7169979545,0.5256256929044935,7.829361697768652,0.9353925015428997,-0.060211142059744927,0.014548757135473336,0.009756110796124576,0.01079280484029651,2024-07-23,2024-10-10,739089.0,739168.0,2.0593285981568785,0.27784411302134676,0.5096947049227984,0.5491500323426972
2024-10-22,739180.6853809837,0.21652477537432052,8.58741583981312,1.2667493198465856,-0.3549016478744285,-0.04299949889001925,-0.04287509729917136,-0.0032684761555433046,2024-07-30,2024-10-10,739096.0,739168.0,2.5947264042557983,0.20810845468404102,0.5096947049227984,0.6857268112253696
2024-10-24,739182.2313184227,0.8033132545848185,11.973801856051733,0.69689358958388,-0.009608906889920974,0.004196981766753159,0.0024584407867650425,-0.0034015768179520133,2024-08-06,2024-10-10,739103.0,739168.0,3.271929421684868,0.1535994881069253,0.5096947049227984,0.3453776676095675
2024-10-29,739187.3948307614,0.8899582086092412,11.139862870008658,0.5880363839816954,-0.0017608094134784701,-0.0002998606698519646,-0.00023500566428114286,-0.0001862491854474743,2024-08-13,2024-10-10,739110.0,739168.0,2.4536290018187596,0.4691185571794955,0.5096947049227984,0.0456567645718154
2024-10-17,739175.5625728121,0.2246813110515587,12.390928516480322,0.6956957416139136,-0.0753232863793399,0.013590132771233217,0.00557930981799457,-0.012392054337137828,2024-08-20,2024-10-10,739117.0,739168.0,4.0366146224806085,0.10050060087991204,0.5096947049227984,0.0332648551597485
2024-10-10,739168.587523342,0.7800511437041462,10.889617283778332,0.5624391643706816,-0.002098212465766395,-0.002729151836426845,-0.0012900151197195481,-0.0024050219826785325,2024-08-26,2024-10-10,739123.0,739168.0,7.541696975748764,0.05507217463485043,0.5096947049227984,0.022456058907826565
2024-12-24,739243.3234712832,0.5714782280108349,14.244325917950599,1.092460344759141,-0.045334200974460365,0.0034906435045343248,0.0034570529699723407,-0.00048309092162148034,2024-04-26,2024-10-11,739001.0,739169.0,2.6793113095915526,0.5210486271315348,0.5390956431508516,1.856440560190759
2024-12-07,739226.1879614289,0.13175011095145608,13.546737399197037,3.618084766781637,-1.7560579678732582,0.0426829159134718,0.023417532231588038,0.03568543813741173,2024-05-03,2024-10-11,739008.0,739169.0,2.8869535448830126,0.40012993588334367,0.5390956431508516,1.2637963556655707
2024-12-18,739237.1613085405,0.3603970527691554,10.105005318277948,2.044727669855681,-0.2972810347037013,-0.02626367686339318,-0.026097869463048238,-0.002946511814744415,2024-05-10,2024-10-11,739015.0,739169.0,1.900203881481152,0.40369778066058615,0.5390956431508516,0.5240508274892784
2024-11-04,739193.7321324341,0.3056140485476973,3.633990239530005,0.9101277841651849,-0.1363267282061001,0.04699339994431774,0.005240133487803906,0.04670032804335099,2024-05-17,2024-10-11,739022.0,739169.0,1.1207794075956463,0.2439684698998436,0.5390956431508516,0.8299494629304286
2024-11-29,739218.7133713397,0.696296920547815,12.907280738339487,1.0355212037252246,-0.026839095146132905,-0.0043211523641515,-0.004284942504307054,-0.000558234259961605,2024-05-24,2024-10-11,739029.0,739169.0,2.7511447258244233,0.33506418479395605,0.5390956431508516,0.9965997055161229
2024-11-24,739213.3435666788,0.08912098281126714,9.732002720749726,5.207239428367878,-3.23723330021488,0.07250403163346203,0.06833584846652647,-0.024229040787162707,2024-06-03,2024-10-11,739039.0,739169.0,2.1205323834807803,0.4088740877909395,0.5390956431508516,0.9353864943519454
2024-10-23,739181.8522846458,0.8145373492237311,8.97796600616851,0.7895803488485569,-0.014625753310341057,0.0036142050114804313,0.003256680246050572,-0.0015673262710725713,2024-06-10,2024-10-11,739046.0,739169.0,3.3693836579700727,0.3671457510308084,0.5390956431508516,0.6762786684230546
2024-11-22,739211.7187198325,0.6723441648515293,13.998471055827377,1.1624516456529357,-0.03830476261889099,0.004707479349253127,0.003021684589220946,0.0036096792193918404,2024-06-17,2024-10-11,739053.0,739169.0,2.9241445653571065,0.39081874713674924,0.5390956431508516,0.798660133196784
2024-11-18,739207.2789570093,0.2570302356046095,8.442985805932494,2.0366744021785883,-0.5305847030042399,0.03613422328477754,0.026673503301703073,-0.02437634742959238,2024-06-25,2024-10-11,739061.0,739169.0,1.8014421145927444,0.44701712002070965,0.5390956431508516,0.7636796117604261
2024-10-22,739180.2309475042,0.8411605260787325,11.403761614815012,0.8145211755190512,-0.014806979252086896,-0.002153521291852279,-0.0021301292495867962,-0.00031654910285120103,2024-07-02,2024-10-11,739068.0,739169.0,4.177841944738821,0.5071635715869672,0.5390956431508516,0.7951461027381362
2024-11-05,739194.7708718679,0.035839386524599844,10.52299372501539,10.420721082153051,-8.629825171236472,0.09529960481879089,0.017609028516156033,0.09365861836123208,2024-07-10,2024-10-11,739076.0,739169.0,2.558992216799015,0.30841262906438366,0.5390956431508516,0.8962115690577648
2024-11-18,739207.5046147652,0.463181206772865,10.112393637672701,1.219213095897166,-0.10606161384982828,0.014638004019440943,0.011218228586070968,0.009403324362364058,2024-07-17,2024-10-11,739083.0,739169.0,1.888778932700673,0.33187407826131216,0.5390956431508516,0.6699501397218687
2024-10-31,739189.0360173341,0.6953259727232594,6.671797490441563,0.8108343522697651,-0.022088408139824305,-0.007221615711489733,-0.004509409599599775,0.00564065231577632,2024-07-24,2024-10-11,739090.0,739169.0,1.6967846913906979,0.3187686773602122,0.5390956431508516,0.5343866782524688
2024-10-27,739185.9160780386,0.8821961214462481,5.594328106502482,0.7191818241692883,-0.007944465841157017,-0.003480323202957076,-0.003173838041485127,-0.001428076217666009,2024-07-31,2024-10-11,739097.0,739169.0,1.47749696321778,0.3599667070011806,0.5390956431508516,0.45932228713931506
2024-11-06,739195.061947245,0.33844247039647885,6.072476893218378,1.069105219654163,-0.14622470160897572,0.019251692681811802,0.01857946783010257,-0.005042920410348532,2024-08-07,2024-10-11,739104.0,739169.0,1.2091089440570102,0.4233219704485619,0.5390956431508516,0.42940582301787317
2024-10-15,739173.8158583423,0.9080959816850926,2.2446003067745437,0.5327749304684466,0.00088720815529675,0.0014391094316695049,0.0012834861018903932,-0.0006509219481430389,2024-08-14,2024-10-11,739111.0,739169.0,0.917495120462794,0.24941607568105773,0.5390956431508516,0.04311343602833988
2024-10-12,739170.3162959056,0.9857481493124296,10.1396501761983,0.5703740315004677,-0.0014768702177092984,-0.0009126613041452459,-0.0000311378903427462,0.0009121299731228547,2024-08-21,2024-10-11,739118.0,739169.0,5.942705889761916,0.15731701376324753,0.5390956431508516,0.03285802346237115
2024-10-24,739182.7844006332,0.7012023455049173,14.377616397510424,0.5697154175613002,-0.0022818322092835836,-0.003249744576488038,-0.003103161680029092,0.0009650012435289608,2024-08-27,2024-10-11,739124.0,739169.0,3.3187652759579565,0.03424450921813072,0.5390956431508516,0.017234785317177904
2024-10-21,739179.2551194659,0.2973310797656042,5.5671843857727055,1.2396815714535567,-0.2640077678404279,-0.03137986521732438,-0.030761232131277044,0.006200204740420531,2024-04-29,2024-10-14,739004.0,739172.0,2.8216413816065278,0.4493350885165855,0.5252950922160755,1.1406266162739338
2024-12-25,739244.7795794263,0.4042269277547298,13.619378053246722,1.591681795022665,-0.1731331263665507,-0.01365714832420442,-0.013548197855188132,0.0017216373677389994,2024-05-06,2024-10-14,739011.0,739172.0,2.529456167860082,0.3762600516319445,0.5252950922160755,1.1255244095154635
2024-11-13,739202.5764057788,0.3399672474616043,7.338363687407188,1.522311067617884,-0.2570585473416769,0.02710167015018491,0.027085239360778248,-0.0009435749566263493,2024-05-13,2024-10-14,739018.0,739172.0,2.099757572042056,0.4394139509935728,0.5252950922160755,0.7629818749602851
2024-12-24,739243.6078540448,0.772070299777839,7.804466906250063,1.0073325019341064,-0.01481835315266446,0.0032947811880372586,0.0003197230519025405,-0.003279231654995778,2024-05-20,2024-10-14,739025.0,739172.0,1.3862981860119707,0.44492516060920706,0.5252950922160755,0.6224574439829499
2024-12-20,739239.0991690358,0.6199348009640632,11.457394559431403,1.344097051604441,-0.049678613478436356,-0.006808651919633934,-0.005389927364092701,-0.004160099033982191,2024-05-28,2024-10-14,739033.0,739172.0,2.046306897915852,0.3947921254897808,0.5252950922160755,0.6496779969957475
2024-11-24,739213.9667867882,0.6519134847936167,12.7925629200979,1.0942555983272546,-0.037388733841460936,-0.005633412457779817,-0.0025057306587192357,0.005045458332542575,2024-06-04,2024-10-14,739040.0,739172.0,2.8951627281397303,0.33822181134193297,0.5252950922160755,0.9088300289463374
2024-11-12,739201.7901971187,0.5034861650721473,7.526396052765968,1.1229575576410828,-0.0814243617549853,0.013591220885880845,0.008728468647279468,0.01041801901717707,2024-06-11,2024-10-14,739047.0,739172.0,1.9739481789116202,0.40077107153772906,0.5252950922160755,0.6831038321599684
2024-10-22,739180.4214722019,0.16349924834257815,8.388250787513936,1.9556186723217717,-0.8299206083529225,-0.04906315770334037,-0.049061937696720334,-0.00034599604908140306,2024-06-18,2024-10-14,739054.0,739172.0,3.616382508662525,0.3297049042423666,0.5252950922160755,1.1336529983925476
2024-10-26,739184.0542917624,0.31513858890631147,14.891473712581979,1.3721227550199637,-0.27961346470927734,0.008617734903314403,0.008563138982463853,-0.0009685069079832303,2024-06-26,2024-10-14,739062.0,739172.0,5.486776700964398,0.6866396173144048,0.5252950922160755,1.3013514182219688
2024-11-17,739206.1121866754,0.11263143244488319,5.357569526533837,3.916300943916608,-2.151968970472684,-0.08687960439977117,-0.055880462499476,-0.06652397741796107,2024-07-03,2024-10-14,739069.0,739172.0,1.1862064328310291,0.5207268384761712,0.5252950922160755,0.5130600569566992
2024-11-13,739202.3365223261,0.4484657496763619,6.520383535437889,1.2067412182311874,-0.11359324789272847,-0.019182568856542518,-0.015725933250241127,0.010984806386320855,2024-07-11,2024-10-14,739077.0,739172.0,1.472205792743517,0.4072882582090724,0.5252950922160755,0.5557977197191286
2024-10-20,739178.2561586502,0.15088880387885964,5.963487719117689,1.5621474833858369,-0.6402219646589206,-0.07200824611066854,-0.015508272391384154,-0.07031842571736975,2024-07-18,2024-10-14,739084.0,739172.0,2.5744364223204075,0.22495985496929577,0.5252950922160755,0.8279866248653919
2024-10-31,739189.7535609776,0.505493957574748,13.347542633555395,0.9652488273682265,-0.06755319236068726,0.015402264226705147,0.01437309324935421,0.005535696320663692,2024-07-25,2024-10-14,739091.0,739172.0,3.6454336379287318,0.16610241994368102,0.5252950922160755,0.6017826552641125
2024-10-27,739185.096660045,0.4769435164286727,8.169561697845173,0.8560841879466791,-0.06071334476598195,-0.016141337276611815,-0.005401010701566362,0.015210912282927144,2024-08-01,2024-10-14,739098.0,739172.0,2.4634881211706605,0.21959014192189136,0.5252950922160755,0.5651898879900865
2024-10-29,739187.0333265011,0.12225530445590387,13.143997737068608,1.392701993903702,-0.5561052022155907,0.036232285520499063,0.0006389294859599101,-0.03622665155863739,2024-08-08,2024-10-14,739105.0,739172.0,3.5497078969491294,0.1427583315536942,0.5252950922160755,0.37376372819484044
2024-10-21,739179.1725290843,0.2731255144357599,4.016278301709177,0.5679954650320026,-0.010204674638332805,0.007552483926306396,0.007322422272114086,0.001849904193725736,2024-08-15,2024-10-14,739112.0,739172.0,1.4299178532900858,0.09188567840416682,0.5252950922160755,0.04419086548527717
2024-10-15,739173.1129085538,0.46910918133010304,5.849790574670878,0.5571984066687065,-0.003174127617507644,0.0030965577420502743,0.003069811337979385,-0.000406113529773033,2024-08-22,2024-10-14,739119.0,739172.0,3.6161829100398966,0.08220132454937834,0.5252950922160755,0.04365924639549535
2024-11-04,739193.7958254347,0.07650246085820568,2.2419538689452922,-2.080495043936072,1.9505196166069252,0.09455453399774189,0.06392381501733328,0.06967284817746353,2024-08-27,2024-10-14,739124.0,739172.0,0.41528472549101386,0.7039092900733733,0.5252950922160755,0.03397719069659668
2024-12-05,739224.6681958842,0.685197811681797,13.251897176158442,0.9164943921634497,-0.021985446473560346,0.002430654673140986,0.0021658166851927087,-0.0011033223582448519,2024-04-30,2024-10-15,739005.0,739173.0,3.0524565022311325,0.46768122660636025,0.5302082447559017,1.579702284200605
2024-12-14,739233.68662304,0.0725719124958988,5.9234236052726015,5.408883649868392,-3.572462705470694,0.09166288556057713,0.0013096441801803244,0.09165352923599202,2024-05-07,2024-10-15,739012.0,739173.0,1.2213615572276573,0.47749623926616114,0.5302082447559017,0.961860370119931
2024-11-16,739205.1083196963,0.5609755605305823,7.302006501651436,1.0967069980893753,-0.059386584832601466,0.01007355898552288,0.010057639499395452,-0.0005661080594808113,2024-05-14,2024-10-15,739019.0,739173.0,2.0421466452855124,0.45290502888940143,0.5302082447559017,0.690150158584702
2024-10-30,739188.1312733548,0.31964331137589835,14.771760377590578,1.204590881418213,-0.21887311007895363,0.00801479632028816,0.004323771730499123,-0.006748478204620746,2024-05-21,2024-10-15,739026.0,739173.0,5.575728747914613,0.5909262547312085,0.5302082447559017,1.6142309891879434
2024-10-17,739175.5578227589,0.10677133265007326,2.4677381909453833,1.2467576237974003,-0.5515340817850474,-0.11408440454503195,-0.03838954437666291,0.10743134664960105,2024-05-29,2024-10-15,739034.0,739173.0,1.5763334566663214,0.20917108813375884,0.5302082447559017,1.0701774969004745
2024-12-03,739222.3000095629,0.07402038330592055,8.075947246954026,6.78548927054632,-4.5484778199979985,0.10363596035804438,0.015468014458261962,-0.10247513263252289,2024-06-05,2024-10-15,739041.0,739173.0,1.673789861231929,0.4022661244120074,0.5302082447559017,0.6086885447366863
2024-10-20,739178.8860224899,0.9704360883590422,3.8229463777817183,0.5882084503181164,-0.0027605394912332015,0.003374116120399485,0.0004635519383884179,0.003342121959826724,2024-06-12,2024-10-15,739048.0,739173.0,1.8872291119564433,0.20768382402045704,0.5302082447559017,0.5469971737601395
2024-11-22,739211.5117987049,0.9306576223805256,3.0594253331009713,0.05567529994057623,0.007046289540449642,0.006564311278689174,0.005331526200307465,-0.0038294922560257187,2024-06-20,2024-10-15,739056.0,739173.0,0.6796256937010872,0.3265287291631711,0.5302082447559017,0.6987935487623098
2024-10-26,739184.6642097211,0.48212384781738227,2.658925616529742,0.7374710625796258,-0.04733983758731155,-0.023356700511086126,-0.022684654256392954,-0.00556254618250347,2024-06-27,2024-10-15,739063.0,739173.0,0.992249661337993,0.3675087616717568,0.5302082447559017,0.6828421424649018
2024-11-23,739212.4784710811,0.4410989224005851,12.138958988826804,1.472509156310188,-0.15182218700830924,-0.014202883241476966,-0.00021883914388869357,-0.014201197196015836,2024-07-05,2024-10-15,739071.0,739173.0,2.4659579874206266,0.3884304598517238,0.5302082447559017,0.7807196038668008
2024-10-18,739176.9971890856,0.9552545036659912,6.8228500965990735,0.650272698237706,-0.005250087309245765,-0.0029643810285494955,-0.0007393784618325461,0.002870692315906096,2024-07-12,2024-10-15,739078.0,739173.0,3.485165055628793,0.24796236215928474,0.5302082447559017,0.4696603728063579
2024-10-27,739185.5992205805,0.10165090943245007,12.766642879603246,2.6690057169564367,-1.5054230197152236,-0.07560004486363082,-0.06731897524557469,-0.03440235973401672,2024-07-19,2024-10-15,739085.0,739173.0,4.22123831958184,0.15855175654477827,0.5302082447559017,0.9075088824777814
2024-11-23,739212.4426201627,0.08560320898687147,10.595415236993762,4.176400612077014,-2.573064305572152,-0.06624742752086149,-0.0650299468741667,-0.012642296574390737,2024-07-26,2024-10-15,739092.0,739173.0,1.882475558738552,0.31380053903052163,0.5302082447559017,0.789117441552381
2024-10-30,739188.1295676398,0.4643393296517716,10.848984647693731,0.8626856251128332,-0.06261139935661324,0.014599477638233002,0.002583852574420407,0.014369010167124486,2024-08-02,2024-10-15,739099.0,739173.0,3.062145122980971,0.18355341482610257,0.5302082447559017,0.56919390631055
2024-10-25,739183.9609283778,0.12028186331700223,9.371788872472319,1.0544971831961405,-0.34528178895443246,0.01981001466071266,0.019308498476130427,0.0044292852081255045,2024-08-09,2024-10-15,739106.0,739173.0,2.9262608095376805,0.22370027974503007,0.5302082447559017,0.32281828613565505
2024-10-26,739184.0917878426,0.6888825510740474,9.258745583480309,0.5737195155174144,-0.0029851397809979767,-0.0004992927601173559,-0.0003966278639756107,0.0003032813839056924,2024-08-16,2024-10-15,739113.0,739173.0,2.7375589886513017,0.4448385714051237,0.5302082447559017,0.04904729747553118
2024-10-25,739183.0751244095,0.3429008049768741,7.0948169038789715,0.5594505921792096,-0.0050216743820728155,0.004332612856368053,0.0035480881750220394,-0.002486484358574274,2024-08-23,2024-10-15,739120.0,739173.0,2.0711974914484657,0.05601779075771832,0.5302082447559017,0.0417107676867188
2024-10-26,739184.3364383014,0.38005086900758445,4.790173370229331,0.5536009040375471,-0.0029206034534815205,-0.006320048174696504,-0.0058187478531150985,-0.0024668162380593,2024-08-28,2024-10-15,739125.0,739173.0,1.2618920819126658,0.03666424138795672,0.5302082447559017,0.02725622987186351
2024-12-12,739231.8926944805,0.8918131724814393,3.7945539737877523,0.591052982538491,-0.0025772658822869952,-0.002316576961178413,-0.0020803277500729,-0.0010191983464170446,2024-05-01,2024-10-16,739006.0,739174.0,0.8222210394699365,0.2614722715850127,0.5375330071874219,1.2878915898477283
2024-12-31,739250.6980046666,0.1122494840412476,14.897784046354404,4.857961870420309,-2.5997346580248397,-0.049941504553256466,-0.04019423937830565,-0.02964079954796092,2024-05-08,2024-10-16,739013.0,739174.0,2.681961366306066,0.39222031207183505,0.5375330071874219,1.2589100139016796
2024-12-15,739234.7300694668,0.1222568835929754,7.737746434111063,4.407808476642414,-2.2550451126768025,-0.07708817604499102,-0.04779469477088026,-0.06048350219441595,2024-05-15,2024-10-16,739020.0,739174.0,1.5553148010976046,0.46219611608273475,0.5375330071874219,0.646937129078024
2024-10-31,739189.3256239766,0.22350083762231338,5.036765842803533,1.46916233595518,-0.42552641547913833,0.051528004511961996,0.014980174599905327,0.049302430142348246,2024-05-22,2024-10-16,739027.0,739174.0,1.8919004305293001,0.36644651415567125,0.5375330071874219,0.8958682682164959
2024-11-30,739219.2040903476,0.8475051770344131,2.5103517038728214,-0.663053801552849,0.026747480196508536,-0.01595866065491565,-0.01563134074179551,-0.0032155927156026043,2024-05-30,2024-10-16,739035.0,739174.0,0.5612892776095028,0.5658407535405183,0.5375330071874219,0.7760410326632223
2024-11-24,739213.6053708238,0.28581745619085225,2.1336445748730086,-3.7004525851144656,1.1630748534116206,-0.2641434244920263,-0.017804533051413673,0.2635426859262007,2024-06-06,2024-10-16,739042.0,739174.0,0.49790343556127054,0.5898404278377245,0.5375330071874219,0.8900063991187346
2024-11-25,739214.3433561681,0.12310940181093646,5.251795831811144,2.7648541514412983,-1.3600565121333394,-0.08816443686058498,-0.07777508821031116,-0.04152112210456736,2024-06-13,2024-10-16,739049.0,739174.0,1.179046912882552,0.3616153883007032,0.5375330071874219,0.6955032721347981
2024-11-19,739208.1211657877,0.6725515477100551,6.412888234976376,0.9139525258812982,-0.025216783507952714,-0.007496252295626197,-0.005157077240941397,0.0054404368216757456,2024-06-21,2024-10-16,739057.0,739174.0,1.5188840133756312,0.35279092132332185,0.5375330071874219,0.5363204970331611
2024-10-25,739183.0029445646,0.8850158303011952,13.313657443841944,0.7789491758898638,-0.011041611710099496,0.0013883066207364043,0.0011686962936467988,-0.0007493625600447154,2024-06-28,2024-10-16,739064.0,739174.0,5.470233695673376,0.5286895622706741,0.5375330071874219,0.9606103924048905
2024-11-15,739204.0697827941,0.9771496041712355,3.7123240147291714,0.6610654476596958,-0.003636099831799555,-0.002242003211411888,-0.0019195481790047404,0.0011584097670776095,2024-07-08,2024-10-16,739074.0,739174.0,0.865307176376692,0.4268887933623805,0.5375330071874219,0.5176370147383498
2024-11-09,739198.6751418435,0.41304389356311166,4.33860658812037,1.2010371223253877,-0.13928779417142256,0.02644788998472301,0.01587368290282561,-0.021154599399292665,2024-07-15,2024-10-16,739081.0,739174.0,1.0786684631655246,0.5013811078264808,0.5375330071874219,0.49402986857637937
2024-10-21,739179.0291870304,0.4458753975220585,14.9139070534624,0.8844614275912107,-0.08438871426505713,0.011988013985585163,0.008381890815640312,-0.008570670083095608,2024-07-22,2024-10-16,739088.0,739174.0,6.873823883300483,0.2104549798148422,0.5375330071874219,1.1150587269432852
2024-11-09,739198.3302963934,0.11859849959240303,14.527028513525376,2.534471273787404,-1.2752403555389054,0.06621970038397257,0.05156474851082664,0.04154666569002018,2024-07-29,2024-10-16,739095.0,739174.0,3.3437035338852836,0.1572198009380126,0.5375330071874219,0.7104641836302521
2024-11-08,739197.7051872616,0.6214896436563005,6.761529647990198,0.7992207007125235,-0.025144339608832222,-0.006798012428596042,-0.0067712571088797795,0.0006025364261115795,2024-08-05,2024-10-16,739102.0,739174.0,1.5018252125574802,0.33997518512337516,0.5375330071874219,0.5613394835134967
2024-11-06,739195.4006654085,0.6587151384023963,13.116982021128146,0.6334570987598973,-0.007939336805293283,0.0013862066678838965,0.0013052965770258837,-0.0004666580890655235,2024-08-12,2024-10-16,739109.0,739174.0,2.9134443442066433,0.2876205839548029,0.5375330071874219,0.1726745139277556
2024-10-21,739179.4086270649,0.3289489630051062,12.302108089804396,0.6010562563059919,-0.022261091194326108,0.005867647207828148,0.005784959876095841,-0.0009815920677627044,2024-08-19,2024-10-16,739116.0,739174.0,4.81967742548066,0.1014451848565728,0.5375330071874219,0.044221874436975034
2024-10-17,739175.1133090265,0.5006841886838828,6.458050773712109,0.5461173912354581,-0.00024645079011614346,-0.00342001086386808,-0.0021640020906948296,0.0026483144187282787,2024-08-23,2024-10-16,739120.0,739174.0,4.0106514671397395,0.00558682606825392,0.5375330071874219,0.03985180648014204
2024-11-03,739192.4920823546,0.9823163507387573,13.039594954908738,0.557350677832716,-0.00039863552827163975,0.0006163914534886907,0.0006004372316622126,0.0001393325330557051,2024-08-29,2024-10-16,739126.0,739174.0,2.6558653425206384,0.04871993113577938,0.5375330071874219,0.025550837651263234
2024-11-29,739218.8405737837,0.7013698525181816,7.108563807915671,1.0514940857817954,-0.026474003285191738,0.004719577581535195,0.004605938078844995,-0.0010294401206361046,2024-05-02,2024-10-17,739007.0,739175.0,1.7822071096281675,0.5534542377682548,0.5342260683108953,0.7077885933503267
2024-11-19,739208.3939911819,0.571836015743911,6.9870263520004805,1.0885641352237378,-0.05476560121490641,0.009157110648018748,0.001842364656325452,-0.008969858855811566,2024-05-09,2024-10-17,739014.0,739175.0,1.9588350804690329,0.48947275309300614,0.5342260683108953,0.7300423250456157
2024-11-09,739198.8807020049,0.13881346860731905,8.819274695819917,2.7934362714045062,-1.3341357403848118,0.0641033574861644,0.05429785197910764,0.03407321105287709,2024-05-16,2024-10-17,739021.0,739175.0,2.8185509256130743,0.32758045240775463,0.5342260683108953,0.9512052942193185
2024-11-21,739210.9650511652,0.09887507829489553,5.89770293136222,3.8442719922026463,-2.2155820325891735,0.09614009441517196,0.0948941229204613,0.01542800017223748,2024-05-23,2024-10-17,739028.0,739175.0,1.5269442137401454,0.38635562306821414,0.5342260683108953,0.6686630508668123
2024-12-02,739221.5727017962,0.409320954549823,11.385494031283354,1.4808102371268668,-0.16914117189838873,-0.017143351430089833,-0.01005437461696839,0.013885389779088844,2024-05-31,2024-10-17,739036.0,739175.0,2.5050467731302537,0.3547036892162067,0.5342260683108953,0.9003256168176165
2024-10-21,739179.2708431476,0.35246231283363066,11.869849705680764,1.0113663209482693,-0.15891443264428173,0.009145688493166517,0.00871092090219774,-0.002786301320692533,2024-06-07,2024-10-17,739043.0,739175.0,6.541794779780138,0.5159580626939468,0.5342260683108953,1.5990298888260057
2024-12-11,739230.9599377163,0.2761752496582404,9.390461836099455,2.241651661883513,-0.5092992518244395,0.03559563900143442,0.025081678215234195,-0.02525784895488698,2024-06-14,2024-10-17,739050.0,739175.0,1.754049519328188,0.4207983689629909,0.5342260683108953,0.7070530382186363
2024-11-15,739204.0522284592,0.403731309457927,11.654487808739278,1.396500833806853,-0.1763088087110003,0.014797233099564142,0.0015984544059054234,0.014710644136647388,2024-06-24,2024-10-17,739060.0,739175.0,2.969795581719834,0.41275537187562505,0.5342260683108953,0.9770058364581982
2024-11-09,739198.146171994,0.9396258068414085,5.900640198308054,0.717962526680296,-0.005203768957223015,0.002423070557934674,0.0019586553245922685,-0.0014265133186115745,2024-07-01,2024-10-17,739067.0,739175.0,1.6288809334717673,0.3419855436019379,0.5342260683108953,0.530211921542968
2024-11-18,739207.3017910653,0.4125550401870969,5.651022222400565,1.2668231388383961,-0.14087797139053063,0.023797929889203852,0.012691246545567308,-0.02013141147885781,2024-07-09,2024-10-17,739075.0,739175.0,1.268103908567602,0.43217415414274946,0.5342260683108953,0.516652426999372
2024-10-31,739189.0035294662,0.09749958562427356,8.85968091017893,2.615178729275404,-1.4898681017549302,0.07347896610221578,0.06491399944012348,-0.03442863831373854,2024-07-16,2024-10-17,739082.0,739175.0,2.8674350107507705,0.22313591310173073,0.5342260683108953,1.0208290076395354
2024-11-16,739205.3371436831,0.23530053966979608,9.532678329569205,1.7254634350912845,-0.4732357499749435,-0.04119760934567382,-0.024811251484929124,-0.03288836900106712,2024-07-23,2024-10-17,739089.0,739175.0,2.0392617412185388,0.28353946468786895,0.5342260683108953,0.7674421725418973
2024-10-21,739179.9025686382,0.09115902108462717,13.618311653184188,1.844341398441554,-0.9862248612419872,0.08480547070253948,0.07268887720040906,-0.04368403589897725,2024-07-30,2024-10-17,739096.0,739175.0,6.155254034596545,0.07784459461886085,0.5342260683108953,0.7606185610622508
2024-10-23,739181.5398275043,0.40106511572331904,2.0682270581156366,0.9976030258125235,-0.14233297816783494,0.049118220484984314,0.004149691125087669,0.048942615859574774,2024-08-06,2024-10-17,739103.0,739175.0,0.8182126639069067,0.5619265935137562,0.5342260683108953,0.4186754474111301
2024-11-07,739196.901333021,0.943986033660513,13.813912284288138,0.5754215536801938,-0.000978977353526549,-0.00018161736937906598,-0.0001176106139471325,-0.00013839296350302876,2024-08-13,2024-10-17,739110.0,739175.0,3.030101822982633,0.36835293916369083,0.5342260683108953,0.049281720455055945
2024-11-01,739190.0877092644,0.34357074539022864,9.163327934990612,0.5933156996768194,-0.015375043127048512,-0.0018135874155135335,-0.0017969292573357814,0.000245243874214495,2024-08-20,2024-10-17,739117.0,739175.0,2.301016545942617,0.3178635994119423,0.5342260683108953,0.04888653665938545
2024-11-09,739198.4445140023,0.9190371723693394,10.050144098178485,0.5396730375642228,0.0001316359320240726,0.0005824781190919983,0.0003393611353232758,0.00047340762462496245,2024-08-26,2024-10-17,739123.0,739175.0,1.8694683318892469,0.0206659619809347,0.5342260683108953,0.037357247983373205
2024-10-20,739178.5488984911,0.3116108791430992,4.149753311314852,0.5419007762425079,-0.0005551053666232622,0.00862634334022754,0.0073262903332317756,0.004554038798328651,2024-08-30,2024-10-17,739127.0,739175.0,1.7673039494203564,0.0048321345406048734,0.5342260683108953,0.028877628839480866
2024-12-04,739223.999107137,0.3953908155447231,5.290634846011944,1.24605879247614,-0.13739212165069617,-0.018314567724484376,-0.00807086418601737,-0.01644033278938073,2024-05-03,2024-10-18,739008.0,739176.0,1.2664915073433607,0.5606398274350045,0.5612291708693524,1.0554729418770246
2024-12-08,739227.0668920649,0.4417590641718051,13.762410099863207,1.308132729293825,-0.11852386813861082,-0.010274419608467025,-0.0058700123305501055,0.008432476120929214,2024-05-10,2024-10-18,739015.0,739176.0,3.1185524482925624,0.37028787593538254,0.5612291708693524,1.3075600636518718
2024-10-22,739180.7537581779,0.03942019417703558,6.681597974810067,5.505568128495782,-4.4071816006582525,-0.08814809931427721,-0.03433533689445243,0.08118603360839925,2024-05-17,2024-10-18,739022.0,739176.0,3.7308853508150017,0.29497581663945516,0.5612291708693524,1.361293304701416
2024-11-03,739192.6820852868,0.9376026716938659,4.534548283693612,0.6609763254988869,-0.004319056773270499,0.00261960711649259,0.001517136135463921,-0.0021355653563513858,2024-05-24,2024-10-18,739029.0,739176.0,1.6480577115142607,0.3409082857293318,0.5612291708693524,0.6475971032179374
2024-12-08,739227.151623934,0.6407341656709583,7.695244322558832,1.0755998914543226,-0.0339729748411225,-0.00755286814078182,-0.007426750974850866,-0.0013744770313063568,2024-06-03,2024-10-18,739039.0,739176.0,1.5951624134327567,0.37452183616315843,0.5612291708693524,0.5241516258057648
2024-10-27,739185.363712643,0.36458270148056565,3.735193562034632,0.8278335377170247,-0.09172099800562743,0.03846912151931161,0.003768422340012947,0.03828409987886431,2024-06-10,2024-10-18,739046.0,739176.0,1.6052270204162717,0.23272307624314445,0.5612291708693524,0.7609558591980229
2024-10-21,739179.9327168224,0.16659698376478835,8.389866678298095,1.606039167922821,-0.6482115247493073,-0.04665018403813677,-0.046632969210286666,-0.0012672227209477404,2024-06-17,2024-10-18,739053.0,739176.0,4.639229325010614,0.2759150953676734,0.5612291708693524,1.42287569025225
2024-12-10,739229.6109548631,0.8653437031416333,11.481509469575292,0.9860577754607965,-0.010605234688792079,-0.001827085811324008,-0.0018248978957870856,-0.00008938809704527845,2024-06-25,2024-10-18,739061.0,739176.0,2.0938391820344022,0.43747273182591695,0.5612291708693524,0.7283884027751821
2024-12-02,739221.4737267413,0.8566279166046131,10.554166357384686,0.9369848893593219,-0.01082249382130518,-0.0021303039668065463,-0.0009012388086893577,-0.0019302755245570234,2024-07-02,2024-10-18,739068.0,739176.0,2.0432361987240633,0.41233866320665613,0.5612291708693524,0.7036136066643525
2024-11-03,739192.4179986223,0.4608569678522513,6.131386560626453,0.9502152041083554,-0.07968156893444447,0.019372431562307932,0.018991466109374824,0.0038229987775007237,2024-07-10,2024-10-18,739076.0,739176.0,1.9114850551909564,0.30915850746680645,0.5612291708693524,0.747485949001966
2024-11-26,739215.0257843254,0.0823914828387531,6.258489387579656,5.236887038382995,-3.3451132218997306,-0.10180116845993092,-0.0628224139677398,0.08010506977135197,2024-07-17,2024-10-18,739083.0,739176.0,1.213984308429187,0.4325844043539724,0.5612291708693524,0.5457140688164344
2024-11-08,739197.9299799051,0.6932898808077906,4.685223598367006,0.8509350123869558,-0.023499359920385023,0.008406157382810642,0.007560364829610039,0.003674828647403498,2024-07-24,2024-10-18,739090.0,739176.0,1.1883309688947807,0.41365955037467134,0.5612291708693524,0.4626615403009783
2024-11-06,739195.4184083904,0.653148650039406,2.7726139208445817,1.2088638250785648,-0.06466233754587432,0.021887139099829905,0.011998457069765543,-0.0183052966629961,2024-07-31,2024-10-18,739097.0,739176.0,0.7161924742528489,0.695961213112161,0.5612291708693524,0.37610981604242594
2024-11-21,739210.0530244791,0.6944306562115613,4.429971339813051,1.0885958819007577,-0.034351717115399714,0.008802452704227593,0.007961423286883837,0.003754851908827755,2024-08-07,2024-10-18,739104.0,739176.0,0.8009532317127749,0.61174822625425,0.5612291708693524,0.33608657303111805
2024-10-21,739179.8847617984,0.7537433130713993,13.795482705926098,0.5669364533521296,-0.0023366373634469465,0.0014851145967346778,0.0010990912117670806,-0.000998781194081454,2024-08-14,2024-10-18,739111.0,739176.0,6.313225057038606,0.08596425849097693,0.5612291708693524,0.03786338309623536
2024-11-03,739192.0134837056,0.6635522479318295,13.817749690419408,0.5774480795645908,-0.0032611004831831453,-0.0011119653368684194,-0.001111177039296755,0.00004186284434430116,2024-08-21,2024-10-18,739118.0,739176.0,3.3665145781959875,0.14083504444195188,0.5612291708693524,0.04391214272650585
2024-11-11,739200.9223869343,0.11136786179124128,9.450608531770538,0.54256792510153,0.0009792493434567075,0.012578634918072821,0.002441146382114789,-0.012339483811863798,2024-08-27,2024-10-18,739124.0,739176.0,1.6951790109858313,0.0009174024259454882,0.5612291708693524,0.0378627893411891
2024-10-21,739179.7624110439,0.4738129045015834,13.432434742987674,0.5575651831530162,-0.0028840388633978513,-0.007643445843762199,-0.0016995162686565726,-0.0074521076762951634,2024-09-03,2024-10-18,739131.0,739176.0,5.476927658518395,0.01330957111005567,0.5612291708693524,0.017169551434347247
2024-12-28,739247.6960913845,0.9919101114710662,10.823879916695862,0.9589119620788354,-0.004643314462010129,0.001056184392627473,0.0002473730699490872,0.001026806717690252,2024-05-06,2024-10-21,739011.0,739179.0,2.1310936384448316,0.40288185039936397,0.5545891532832702,0.6141572117778027
2024-12-02,739221.3907691545,0.718945095970294,7.703247302904299,1.021439033184628,-0.023031349187722316,-0.004457757287543617,-0.004297420300448293,0.0011848117132874471,2024-05-13,2024-10-21,739018.0,739179.0,1.922626827547999,0.4821973800220875,0.5545891532832702,0.6577004757656716
2024-10-29,739187.0525088125,0.9251813634920443,9.392913440616923,0.6918326504876141,-0.0064537120282728835,-0.0020031549228177793,-0.0014821060171476962,0.0013475872508834804,2024-05-20,2024-10-21,739025.0,739179.0,4.4876810623511965,0.3173376489659114,0.5545891532832702,0.9861783159146245
2024-11-02,739191.7180453218,0.22001244388977398,10.81675213502415,1.6251410169839662,-0.5012905338731414,-0.03281882276449836,-0.03210517952547667,0.00680680360260744,2024-05-28,2024-10-21,739033.0,739179.0,4.34535085838642,0.3106825580603218,0.5545891532832702,1.3868136373884188
2024-10-23,739181.7046106816,0.30706668778488183,14.913463808040419,1.0700340975324307,-0.20545474719753856,-0.012382107826475903,-0.001590258958845585,-0.01227956313027002,2024-06-04,2024-10-21,739040.0,739179.0,9.39638406436158,0.34164555810941355,0.5545891532832702,1.6921941786652752
2024-11-11,739200.2020915968,0.8439377069296874,11.18134749021919,0.8398031440667676,-0.011881626558438172,0.0024628246177695965,0.001332346147747013,-0.002071318140816531,2024-06-11,2024-10-21,739047.0,739179.0,3.5193744969811487,0.3641318429651416,0.5545891532832702,0.8267511578211691
2024-10-30,739188.7269824434,0.6546521271358093,2.0355777507032626,0.45356494006494386,0.0012154197230545528,0.016424938026684287,0.01506809908370597,0.006536893695329522,2024-06-18,2024-10-21,739054.0,739179.0,0.8515114101615145,0.02379827222174984,0.5545891532832702,0.9300863361707559
2024-11-18,739207.8229001448,0.5878514682392008,9.5280780041507,1.0508029193105575,-0.04958600655704079,-0.008527893954048418,-0.001355416760753269,-0.008419490524738692,2024-06-26,2024-10-21,739062.0,739179.0,2.458488042062326,0.35873986931990587,0.5545891532832702,0.751908185358434
2024-12-04,739223.0029749065,0.5573767727495932,2.1867033728118135,0.3568424466752768,-0.010605189276003889,-0.033351724775852035,-0.030766353129180128,0.012875133422794902,2024-07-03,2024-10-21,739069.0,739179.0,0.43597558796953967,0.08105113811405609,0.5545891532832702,0.6518688374124981
2024-11-23,739212.1937780188,0.9747176030942823,6.339723538024427,0.7668719319317531,-0.004438036337526619,-0.001773527026748591,-0.0011952703653732495,0.0013102392408519124,2024-07-11,2024-10-21,739077.0,739179.0,1.4169834801832937,0.3847348545862673,0.5545891532832702,0.48324004010490623
2024-10-23,739181.900438798,0.7859578435739893,4.946148920724532,0.661119612998817,-0.009950373213294936,0.006064159748730529,0.00560727465095986,0.0023092216105922983,2024-07-18,2024-10-21,739084.0,739179.0,2.7702411103038598,0.26073588143946524,0.5545891532832702,0.5416014729321815
2024-10-30,739188.8302114786,0.20361284284380737,3.5602619814594942,1.3852486754183886,-0.43016433906400703,0.07078473792453613,0.026500830015266697,0.0656367666140495,2024-07-25,2024-10-21,739091.0,739179.0,1.3019946775041673,0.3475505552486125,0.5545891532832702,0.652346438870157
2024-10-26,739184.4310115385,0.5719199366537723,2.2410941109178997,0.8516981161352577,-0.0569858535282006,-0.027101977275023316,-0.016685494348749677,0.02135676591981386,2024-08-01,2024-10-21,739098.0,739179.0,0.987015771776269,0.5365883288776475,0.5545891532832702,0.456804705836186
2024-11-25,739214.4042900976,0.051477260898248126,9.277573170508251,2.962223051754316,-1.969797184116641,-0.021769211579613708,-0.021039130339364682,0.005590489009130779,2024-08-08,2024-10-21,739105.0,739179.0,1.6658933652890404,0.5020648923344757,0.5545891532832702,0.4473225715475385
2024-10-30,739188.4412068548,0.5257543652925739,5.23551947629153,0.553675018227977,-0.001711953807032041,0.0028518075994109497,0.002637028810998124,-0.0010857649994468713,2024-08-15,2024-10-21,739112.0,739179.0,1.7427092027685451,0.060283009845375844,0.5545891532832702,0.04411205174832969
2024-11-18,739207.3070910354,0.5392921617914949,8.20976412304848,0.5602963634839262,-0.001804708619693106,0.0022003303999416812,0.0010236881088249183,0.0019476951827116025,2024-08-22,2024-10-21,739119.0,739179.0,1.4865572865528378,0.05387814345586223,0.5545891532832702,0.03991385128226306
2024-10-28,739186.5698473697,0.44727547008910407,11.928155444035529,0.5643997498253442,-0.004260775005478317,0.004885801649989511,0.003932532030876068,0.0028993533053379298,2024-08-27,2024-10-21,739124.0,739179.0,4.009683329762816,0.032700512586780736,0.5545891532832702,0.030618435665266928
2024-10-24,739182.3761819063,0.6163111593051366,10.93316869042352,0.5608141592387458,-0.0024770428763725397,-0.0031490803384608976,-0.0019233156787393884,0.002493504316819252,2024-09-04,2024-10-21,739132.0,739179.0,4.703008421035553,0.04434082467569696,0.5545891532832702,0.02462529779772484
2024-12-12,739231.2473754646,0.836003588660226,3.0814976006937282,0.2925010012275552,0.0031942534034549094,0.005610261687696235,0.005542497522421142,0.0008693430958992603,2024-05-07,2024-10-22,739012.0,739180.0,0.7128658891137594,0.1544658771101054,0.5608897275531262,1.2231054018004641
2024-11-09,739198.8630059956,0.8624388473264373,11.775214262554597,0.7205211032614274,-0.007852385020971887,-0.0014198532108107196,-0.001121153601906614,0.0008712047642095029,2024-05-14,2024-10-22,739019.0,739180.0,4.226044988962219,0.40505838814902256,0.5608897275531262,1.4785448177304203
2024-11-24,739213.2720931745,0.10170465877937045,3.4867506403018997,1.2043555872371536,-0.5117947523303227,-0.1275382314147356,-0.00161454712905186,0.12752801147185874,2024-05-21,2024-10-22,739026.0,739180.0,0.9588384688307295,0.11705107214098559,0.5608897275531262,1.0206491736186671
2024-11-07,739196.5372224312,0.27515646272426514,6.020689578800501,1.320695474604992,-0.28977386660684756,0.03896990402319979,0.038947958909181554,-0.0013076377121008194,2024-05-29,2024-10-22,739034.0,739180.0,2.189819467728945,0.3398312879248203,0.5608897275531262,0.9518083029743576
2024-10-25,739183.5015436466,0.9757505899591434,14.811232339665903,0.6527761191808769,-0.004798928418130165,-0.0005888399540577454,-0.0004753240022006114,-0.0003475623461002658,2024-06-05,2024-10-22,739041.0,739180.0,8.736433837743002,0.5369015153198972,0.5608897275531262,1.4802600209297738
2024-11-28,739217.8897151393,0.7351279829715834,12.057429046790157,1.021891873535149,-0.022839931697568115,0.003686269571993228,0.0007502388100219593,-0.003609116939826135,2024-06-12,2024-10-22,739048.0,739180.0,2.8794006681042243,0.3777599820764493,0.5608897275531262,0.7796241455402345
2024-12-19,739238.9029636154,0.007708563198194131,14.937645086176287,73.88898564645626,-70.89060341345136,-0.08980304842499845,-0.06226086755670963,0.06471608669804192,2024-06-20,2024-10-22,739056.0,739180.0,2.693747254280715,0.4073698606427077,0.5608897275531262,1.035072237568152
2024-12-18,739237.6371399522,0.34289014274847146,2.4653967905238896,-1.1847708616502868,0.2939178700703102,-0.11829384744906608,-0.07539138352190454,-0.09115686279680765,2024-06-27,2024-10-22,739063.0,739180.0,0.43497026996706767,0.34556679783013344,0.5608897275531262,0.7857869389868132
2024-12-01,739220.7160244605,0.9621844261588814,2.473157786667378,0.4519448190476695,-0.0014073609106140179,-0.003935113488778126,-0.0030798791706779494,-0.0024493800161648387,2024-07-05,2024-10-22,739071.0,739180.0,0.5125337834917054,0.13914087190928887,0.5608897275531262,0.6168487021763663
2024-12-01,739220.9283047942,0.7445603931680459,4.620419533453186,0.9653757125866457,-0.020206211033582076,0.005313418774184743,1.9741868617354403e-6,0.005313418407434318,2024-07-12,2024-10-22,739078.0,739180.0,0.9195865801497634,0.6128149582980212,0.5608897275531262,0.4978248645999406
2024-11-13,739202.3381132137,0.9226584621533345,12.70732778515416,0.7638937416098474,-0.00641209963028649,0.0022742549533822528,0.0019053015327562329,-0.0012417977541695196,2024-07-19,2024-10-22,739085.0,739180.0,3.354743373936782,0.20471414364963475,0.5608897275531262,0.5760293640007099
2024-12-02,739221.2678454788,0.3785731750132596,6.408004108924234,1.523267663549076,-0.20137688254911706,-0.027316607251954183,-0.026632602590754978,-0.006074661389775316,2024-07-26,2024-10-22,739092.0,739180.0,1.1644854561044011,0.43552181226963754,0.5608897275531262,0.4880431764157609
2024-12-01,739220.408048172,0.034482172573361954,10.77345581842303,7.520910959489286,-6.058362546127244,0.05828117902208552,0.0009526964159863142,-0.05827339185034104,2024-08-02,2024-10-22,739099.0,739180.0,1.8863334297651628,0.33271050698667975,0.5608897275531262,0.7490266641172502
2024-11-01,739190.7874964059,0.005516772188307152,13.02158136713262,10.4468147683331,-9.72577558843148,0.028608312941187285,0.000037799704972834614,-0.028608287969102333,2024-08-09,2024-10-22,739106.0,739180.0,4.272893283127485,0.14403011851314093,0.5608897275531262,0.33162355876491484
2024-11-24,739213.413034916,0.9243270169013471,14.39209082879724,0.5853442713337892,-0.001006201579516401,-0.00005261637774682494,-0.000052285014135476804,5.895803935814529e-6,2024-08-16,2024-10-22,739113.0,739180.0,2.5204220322631556,1.2281906981283155,0.5608897275531262,0.04986645249630889
2024-11-03,739192.3887089568,0.09907287075479679,8.621797873639911,0.6521523575522999,-0.07636023444463227,0.0069822408462377125,0.006256856663091057,0.0030989404531877296,2024-08-23,2024-10-22,739120.0,739180.0,2.4222995077559704,0.12566934107980207,0.5608897275531262,0.0434311110152839
2024-11-07,739196.4004115833,0.3294594212018443,6.340773576996834,0.5771719365882351,-0.010257234299385949,0.006632394957866827,0.000716099719601206,-0.006593622985030646,2024-08-28,2024-10-22,739125.0,739180.0,1.4844795655391274,0.08035623522064102,0.5608897275531262,0.02692244194765659
2024-10-28,739186.3947284579,0.39069711927850304,8.851659552304557,0.5724413786203107,-0.0076566148057334305,0.0027733387041773065,0.0011803126474788826,0.0025096353564391096,2024-09-05,2024-10-22,739133.0,739180.0,2.989777922218992,0.12185669452502705,0.5608897275531262,0.03136126050275782
2024-12-26,739245.8207442589,0.011398584790958568,13.78066454583046,42.813892557740814,-40.180245043599136,-0.08803298957976863,-0.06436183955710655,-0.060061309202987974,2024-05-08,2024-10-23,739013.0,739181.0,2.8043979803228574,0.37752690131861394,0.5748806848074942,1.2282859041551981
2024-11-16,739205.6287285016,0.9924006290467109,8.433342569429513,0.7713992586704098,-0.0047283749788359294,0.001417706963079386,0.000952632111024439,-0.00104994528153085,2024-05-15,2024-10-23,739020.0,739181.0,2.711039023929209,0.39247565859039246,0.5748806848074942,0.6324131396025725
2024-11-24,739213.4794035336,0.7019339012074942,9.156218545938312,0.9515476915635422,-0.02412839326538982,-0.004878671591567047,-0.004850369202606997,-0.0005247428863404524,2024-05-22,2024-10-23,739027.0,739181.0,2.5468701724743923,0.37914635582600303,0.5748806848074942,0.7656034747763768
2024-12-30,739249.1231929578,0.7964235969812881,12.629633053797072,1.0751753837703555,-0.014696603054579477,-0.0023949119343488565,-0.0009082749951162741,-0.0022159963236731955,2024-05-30,2024-10-23,739035.0,739181.0,2.3019984010621344,0.38697312327171096,0.5748806848074942,0.8403243465402617
2024-12-03,739222.0416522209,0.4494047374626925,12.67773556111612,1.3904573236445763,-0.12998090961772116,-0.01329532268715464,-0.007091846172323932,0.01124594696873782,2024-06-06,2024-10-23,739042.0,739181.0,2.9834086696064697,0.3465585731950732,0.5748806848074942,0.957113909589787
2024-11-29,739218.5949204462,0.3252512686708711,8.853762258048903,1.555981699253646,-0.26897970539398103,-0.02541917849069245,-0.014804450902838056,0.02066307984321648,2024-06-13,2024-10-23,739049.0,739181.0,2.122901078711204,0.3887309735747832,0.5748806848074942,0.9542875206891895
2024-10-27,739185.8137768919,0.8022928187005784,6.384593899101404,0.6988883103971846,-0.010896595633680856,0.005016383792370772,0.0033483950259479136,0.00373528541112556,2024-06-21,2024-10-23,739057.0,739181.0,3.3399350591020704,0.27296043718094193,0.5748806848074942,0.5909508292911629
2024-12-01,739220.0374208785,0.8141302342571328,12.460414763951958,0.9810073414613448,-0.014701276358351114,0.002382622783324072,0.001770237655555512,0.0015947256724804654,2024-06-28,2024-10-23,739064.0,739181.0,2.747784815747227,0.40314486832615404,0.5748806848074942,0.7751606313674664
2024-11-08,739197.4617116345,0.6326309651147685,4.863520209788941,0.7911984806840083,-0.025595725212444884,0.010135646674595312,0.005277377798580591,0.008653358716896212,2024-07-08,2024-10-23,739074.0,739181.0,1.5596352392338424,0.32848511656113794,0.5748806848074942,0.5882176655617495
2024-11-10,739199.3281536406,0.45900818963059875,11.545778566615816,1.0385738778295885,-0.09039006903132794,0.016481306951681617,0.015989574031655778,0.003995873011213949,2024-07-15,2024-10-23,739081.0,739181.0,3.4271068165978265,0.21803503328076715,0.5748806848074942,0.8680329798690162
2024-11-25,739214.1265681658,0.8415723893835145,7.15029227318751,0.8062290391225418,-0.008917380185303721,0.003113262578761753,0.003084322804721909,-0.00042350527811428504,2024-07-22,2024-10-23,739088.0,739181.0,1.521455256597744,0.3371236463454198,0.5748806848074942,0.5613963649615935
2024-11-25,739214.6933620797,0.319787631652422,14.746922871438212,1.296819548588032,-0.20945394289840327,-0.023758501623558546,-0.015511994066985302,-0.017995678355162026,2024-07-29,2024-10-23,739095.0,739181.0,2.975190923321348,0.19117440468750016,0.5748806848074942,0.7406992401686796
2024-10-23,739181.664538825,0.7156834097514572,4.377496649425397,0.6366432368082434,-0.011078366732256437,-0.0072073954502063576,-0.003965460403116405,-0.0060184443975973695,2024-08-05,2024-10-23,739102.0,739181.0,3.334746266013349,0.2513000147245019,0.5748806848074942,0.5280870591530402
2024-11-14,739203.1985440698,0.17743757509006455,10.289281665921562,0.8544737304309794,-0.15996708867141027,0.005652610108117625,0.005372798294844676,0.0017564280563996029,2024-08-12,2024-10-23,739109.0,739181.0,2.3669366490536685,0.48802508719209753,0.5748806848074942,0.18399182117976617
2024-10-23,739181.9936804222,0.5382616588658863,2.0759701778594155,0.5687984756334057,-0.0065787128524295345,0.0042051222670372625,0.0032113848995342564,0.00271478549940432,2024-08-19,2024-10-23,739116.0,739181.0,1.386328744519104,0.40563426892770954,0.5748806848074942,0.04429883555041344
2024-10-28,739186.8269319526,0.27716454613045466,10.569041117158307,0.5684244103154072,-0.009532041973547218,0.006125162906377803,0.0006208093227954063,0.006093620960840675,2024-08-23,2024-10-23,739120.0,739181.0,4.103714266755736,0.04081035672205972,0.5748806848074942,0.04072654344891623
2024-11-07,739196.071925897,0.6282126819183097,14.71706161638051,0.5715435960243088,-0.0028327153717103985,-0.002083638378573939,-0.00024172988547747256,0.0020695689297854473,2024-08-29,2024-10-23,739126.0,739181.0,3.599374703528415,0.05803181882480059,0.5748806848074942,0.02752973057965768
2024-10-31,739189.8260251732,0.7162660256604457,9.321686072798146,0.5597281363686252,-0.001072630951849206,-0.0005386379381870628,-0.0004992015644007344,-0.00020230824638227065,2024-09-06,2024-10-23,739134.0,739181.0,2.7365387292174783,0.1530147385733152,0.5748806848074942,0.027609498928674047
2024-12-08,739227.8194912139,0.9623069882654172,9.425120423795464,0.8610502182942237,-0.005332214891417528,0.0013107033149864988,0.0009541101000275383,-0.0008986751899001316,2024-05-09,2024-10-24,739014.0,739182.0,2.3107178409410025,0.4153650752732208,0.5664758614191285,0.698537771735006
2024-10-28,739186.5954093748,0.5979439375726844,4.38040806102623,0.7399248271614587,-0.028410139962174494,-0.01070298654358876,-0.002628422182545468,-0.01037522615573005,2024-05-16,2024-10-24,739021.0,739182.0,2.498975712006096,0.3623383408787549,0.5664758614191285,0.8521359206505019
2024-10-29,739187.0843030704,0.6729078560843348,6.246736609318259,0.7702830436005949,-0.023786539087556288,0.006796971769492611,0.006436631249932936,0.002183713210947417,2024-05-23,2024-10-24,739028.0,739182.0,3.4233018926428915,0.37697990036903006,0.5664758614191285,0.7674774358342131
2024-11-17,739206.5885359816,0.5752142933167766,10.804865245488159,0.9987667299808556,-0.04962485270326156,-0.008227089258701225,-0.003144191866825095,-0.007602568985233081,2024-05-31,2024-10-24,739036.0,739182.0,3.3309131113872064,0.32111702809919884,0.5664758614191285,0.9832899063926152
2024-12-23,739242.1700134784,0.8438589138811834,3.2936685944788886,-0.3326999833428078,0.015296555017200288,0.009442011716322283,0.001910125496888784,0.009246783540091256,2024-06-07,2024-10-24,739043.0,739182.0,0.6274637266071361,0.415067798553659,0.5664758614191285,0.8640015005655416
2024-11-03,739192.7262439729,0.6702579428044856,8.387025798596861,0.8306787757054828,-0.026791775299969175,-0.006544731192707765,-0.002945647155446227,-0.005844370729207172,2024-06-14,2024-10-24,739050.0,739182.0,3.4548708047113332,0.3271475473521953,0.5664758614191285,0.7854198409581598
2024-11-09,739198.8993248583,0.5593020225004436,13.573038628918235,1.0240995165630782,-0.0598896646330918,-0.0062077802285627,-0.005934936670644238,-0.0018201818814547782,2024-06-24,2024-10-24,739060.0,739182.0,4.550442949331931,0.39754367896419013,0.5664758614191285,1.1724940117056715
2024-11-21,739210.9721169698,0.5283625531925106,6.582981832591179,0.9919709314784285,-0.05637421899465741,-0.013267827553575324,-0.012915053468945186,-0.00303918441126883,2024-07-01,2024-10-24,739067.0,739182.0,1.6797851006318227,0.34102804361646705,0.5664758614191285,0.7021684931943735
2024-12-09,739228.3221251055,0.7094413228770734,13.293249325050379,1.0834883156576982,-0.026033737677908005,0.00403537773858968,0.0029994453634729335,-0.0026995557050459025,2024-07-09,2024-10-24,739075.0,739182.0,2.532310234686472,0.34430050644529714,0.5664758614191285,0.7925178851117828
2024-11-20,739209.4835799246,0.4755735130227078,12.255610960548577,1.0726634558089743,-0.08290104370135841,-0.01408811487280529,-0.0009639841379958756,-0.014055095704087207,2024-07-16,2024-10-24,739082.0,739182.0,2.992907944966786,0.22834410614413275,0.5664758614191285,0.828110540554144
2024-11-11,739200.9385476745,0.7150600138219018,4.614080031924682,0.7895556752865793,-0.01782202843461713,0.00745756719191593,0.0072901662757975955,0.001571236485435683,2024-07-23,2024-10-24,739089.0,739182.0,1.3047633047140184,0.3703542451224405,0.5664758614191285,0.49963212133292834
2024-10-26,739184.7340230021,0.9110470447088366,12.355996261227391,0.6450792315445735,-0.005133820253670522,0.003267294436611414,0.000922368061100166,0.0031343978840240147,2024-07-30,2024-10-24,739096.0,739182.0,6.843225082897145,0.11585517063524697,0.5664758614191285,0.4392750501024863
2024-10-27,739185.6667539686,0.27692956348067505,9.15668013656416,0.7991938039120733,-0.10896875725094197,0.026360632263225447,0.02547303590831921,-0.006782873648423836,2024-08-06,2024-10-24,739103.0,739182.0,4.540330060532673,0.12501941225272173,0.5664758614191285,0.5742368036333361
2024-11-18,739207.0575821677,0.18575041398173234,2.6799694458442165,0.9985054277166392,-0.2254116761271161,0.01651561502332387,0.008898593930168687,-0.013913323314888006,2024-08-13,2024-10-24,739110.0,739182.0,0.5775767238518986,0.9459792385822239,0.5664758614191285,0.04880809329229341
2024-11-02,739191.4154630153,0.4898364155777045,3.75388592884255,0.5790487752968356,-0.0067157948970039015,0.0027376180909217266,0.001119757791735649,0.0024981383667821966,2024-08-20,2024-10-24,739117.0,739182.0,1.2351135778901146,0.32010654877957473,0.5664758614191285,0.04390943509641748
2024-11-16,739205.6365846453,0.4802206045275269,14.151210720910523,0.5737715395532527,-0.004307721948146822,0.0021507413754597083,0.0011401658078306824,0.0018236530357412083,2024-08-26,2024-10-24,739123.0,739182.0,2.8190253957836915,0.06796834029877606,0.5664758614191285,0.04052423512535013
2024-11-02,739191.6186026267,0.7040257869825378,4.524939186301371,0.5760620302372594,-0.003233196487295949,-0.0023131328427305814,-0.0016217525732114511,-0.0016493944765885746,2024-08-30,2024-10-24,739127.0,739182.0,1.3717754368096662,0.21747400037880843,0.5664758614191285,0.02427958652089571
2024-11-09,739198.0908988526,0.7625026437531086,7.2676716551856915,0.5470305742395799,0.00013139556735653152,-0.0007414061072569353,-0.0004854512297740147,0.0005603749810517767,2024-09-09,2024-10-24,739137.0,739182.0,1.5431451162415526,0.018593905138995233,0.5664758614191285,0.018841984299120314
2024-11-22,739211.5118025189,0.8847115997667527,9.648235602896243,0.8152960771460777,-0.008113360725416248,0.0021367060977588764,0.0016301816629141054,-0.001381311222751255,2024-05-10,2024-10-24,739015.0,739182.0,2.911326006598349,0.34818480750276537,0.5664758614191285,0.7613139935112362
2024-12-14,739233.0022970738,0.5658450535310354,10.280094348389087,1.1779559779922677,-0.05611160821154568,-0.0078053811319895704,-0.005635106988774516,-0.005400883616657869,2024-05-17,2024-10-24,739022.0,739182.0,2.3232988165588595,0.39569359922624847,0.5664758614191285,0.8975763610534079
2024-12-31,739250.1220790589,0.8960360382817829,13.361904092986032,0.9928120049892352,-0.007930404843117385,-0.0014639865975032552,-0.0005059368237323654,0.0013737848041308234,2024-05-24,2024-10-24,739029.0,739182.0,2.5039030988013344,0.36325816478276113,0.5664758614191285,0.8636919412285364
2024-12-02,739221.0553832937,0.9360002125389926,4.721546600695893,0.6164985814478781,-0.002386852700564357,0.0025119241611003215,0.0009748019520776899,0.002315064609324128,2024-06-03,2024-10-24,739039.0,739182.0,1.1567412098772893,0.18836957675487787,0.5664758614191285,0.7412014279564975
2024-12-14,739233.0365606954,0.7452540246172891,14.635164798650617,1.0685703609329766,-0.021026212763875892,0.0029691535113086885,0.0028777944641637334,0.0007308704370442724,2024-06-10,2024-10-24,739046.0,739182.0,3.0251525118637055,0.36060779931863857,0.5664758614191285,0.9353109096735683
2024-12-22,739241.4885361992,0.6944403091876225,13.379279464119566,1.1823664211435416,-0.029397752995403127,0.003731681067456443,0.001589945745372727,0.0033760207517111052,2024-06-17,2024-10-24,739053.0,739182.0,2.4557133001965012,0.40889501306137693,0.5664758614191285,0.8395636150361321
2024-12-21,739240.0372805671,0.49287497084869225,5.766374612192434,1.141204484560318,-0.07186139475600219,0.013611616448928238,0.00584149718102132,0.01229443016316144,2024-06-25,2024-10-24,739061.0,739182.0,1.0338498069595663,0.4512527387194014,0.5664758614191285,0.6857257326376808
2024-10-27,739185.2801882185,0.9193743318553866,10.018854633921556,0.7080951888135474,-0.007602117815883494,-0.0020114008073020364,-0.0004145315346756265,-0.001968221739127671,2024-07-02,2024-10-24,739068.0,739182.0,5.703172092468667,0.34682490413295575,0.5664758614191285,0.854194377982677
2024-11-09,739198.3616067168,0.7306523492154119,13.149877361848434,0.8583029701143708,-0.020951855715495814,0.003955849959151262,0.0008889096330506128,0.0038546839771357215,2024-07-10,2024-10-24,739076.0,739182.0,4.210940613744739,0.2942874664873877,0.5664758614191285,0.9715027442772387
2024-11-25,739214.1444139514,0.9216581142441911,10.2842173125147,0.7980799143935002,-0.006163738736376428,-0.002018915045488455,-0.0009560841244973179,0.0017781791551426556,2024-07-17,2024-10-24,739083.0,739182.0,2.3014172389249943,0.27360547482321745,0.5664758614191285,0.5967801594837462
2024-11-11,739200.6894965494,0.21690166998054022,12.470993345674582,1.4169753635483477,-0.3979407940897326,-0.04352876131838856,-0.017445347852092005,-0.03987998119649442,2024-07-24,2024-10-24,739090.0,739182.0,3.5305332708260813,0.15900251791928385,0.5664758614191285,0.9341161233480336
2024-12-05,739224.4184564909,0.06856648605332995,6.427050066395193,5.6200295342974025,-3.808518316328637,-0.09869077347906426,-0.09279471964971188,-0.03360072581102006,2024-07-31,2024-10-24,739097.0,739182.0,1.1250770582435712,0.4116988992105956,0.5664758614191285,0.5455425348866063
2024-11-17,739206.5761782561,0.8627243169593135,13.51529533317847,0.6883485248302678,-0.00512538046388707,-0.0017551831144176004,-0.0017551748926250262,-5.372284001743895e-6,2024-08-07,2024-10-24,739104.0,739182.0,3.073446509744644,0.1864018318891549,0.5664758614191285,0.422236369673917
2024-11-01,739190.8530084827,0.5311764482036324,7.272159055229526,0.583749283807694,-0.006240181410203416,-0.001078902827127389,-0.00014501963877724724,0.0010691120683784224,2024-08-14,2024-10-24,739111.0,739182.0,2.54562065580164,0.42246460217437937,0.5664758614191285,0.05010972134371368
2024-11-03,739192.7077832207,0.5281957769354283,4.977585379038286,0.5605883410560031,-0.002362223558663977,0.00240191413151837,0.0015171413115755965,-0.0018621153927451237,2024-08-21,2024-10-24,739118.0,739182.0,1.538952550155231,0.10436135894465244,0.5664758614191285,0.04238817778547777
2024-11-12,739201.0579101751,0.7235970533025883,4.034100488438047,0.5806401154406863,-0.0024556575648059503,-0.0006316817280303225,-0.0006226946791890257,-0.00010617505374168935,2024-08-27,2024-10-24,739124.0,739182.0,0.8969878413894529,0.6972998441832047,0.5664758614191285,0.04360170034855732
2024-10-25,739183.3865023344,0.8579148558404495,2.796875023139153,0.5731509994824651,-0.003104447269126147,-0.002701881426848014,-0.00268125999519741,-0.0003331787551754258,2024-09-03,2024-10-24,739131.0,739182.0,1.616675486797878,0.35244319469626395,0.5664758614191285,0.021631731923255144
2024-11-10,739199.2095876602,0.816391100846434,10.02010040855753,0.5385070726306338,0.0007884366269229107,0.000473034216425721,8.741707190657728e-6,-0.00047295343583157105,2024-09-10,2024-10-24,739138.0,739182.0,2.0234762149644006,0.13580020441862833,0.5664758614191285,0.014657968603788069
2024-12-28,739247.5926372655,0.20627602162848252,9.656093260316581,2.9595666632358557,-0.9551895759016931,-0.046360107140740896,-0.0010371897868957029,0.04634850344344402,2024-05-13,2024-10-25,739018.0,739183.0,1.9489982254898954,0.44014162087613506,0.5691730983881297,0.8183855223848688
2025-01-09,739259.8270648331,0.19795907930963424,4.485946077334665,-0.12148947457763515,0.1938068575203705,-0.10451188821622619,-0.011212710845142094,0.1039086613041675,2024-05-20,2024-10-25,739025.0,739183.0,0.7977026067510739,0.0818323120911349,0.5691730983881297,1.008039682569138
2024-11-28,739217.6768667494,0.5275288484496462,14.505987103320482,1.0908263664219304,-0.06495149036335739,-0.006320394149199752,-0.00017330994161665714,-0.006318017558172451,2024-05-28,2024-10-25,739033.0,739183.0,3.8613804156113596,0.3737178879756615,0.5691730983881297,1.4300536086607325
2025-01-02,739252.973487403,0.6086726820742038,11.018490760565786,1.2783407394120974,-0.04632242826716342,-0.006223342635943771,-0.005388705618669331,0.003113172870188412,2024-06-04,2024-10-25,739040.0,739183.0,1.9518993152688888,0.411177464141347,0.5691730983881297,0.7869287479247088
2024-11-06,739195.2878692026,0.9072208888520437,8.232015494092678,0.7383899491649923,-0.007362600065033455,-0.0022260552193865118,-0.0018651095382295065,-0.0012151906229737161,2024-06-11,2024-10-25,739047.0,739183.0,3.2630245425622637,0.3645038663247708,0.5691730983881297,0.679889920970437
2024-11-05,739194.8046802226,0.46765046702243296,8.965045693555389,0.9934483602173446,-0.08627994784567891,0.015157135822846909,0.010119657428072248,0.011284117151584842,2024-06-18,2024-10-25,739054.0,739183.0,3.536940242862288,0.296935140316493,0.5691730983881297,0.9697076912953548
2024-12-07,739226.6085833304,0.012845100477700159,5.807638304820285,30.998374224082053,-28.852138570071837,0.13681596940232696,0.09480802217930924,0.09864100777032886,2024-06-26,2024-10-25,739062.0,739183.0,1.2277819360779794,0.46642214529153436,0.5691730983881297,0.6229404497738078
2024-12-09,739228.2449114042,0.22420864561584924,5.178657412974902,2.39691613011216,-0.7203657044758188,-0.053431029657459744,-0.012435540940450324,-0.05196375902275285,2024-07-03,2024-10-25,739069.0,739183.0,1.0371458830810665,0.5837066733477467,0.5691730983881297,0.5494327186598598
2024-11-07,739196.6884371939,0.2888963471337694,14.784089658184856,1.3046440156152683,-0.27568698427550103,-0.019106229855009423,-0.009661559446496272,0.016483394320778475,2024-07-11,2024-10-25,739077.0,739183.0,5.102020598148509,0.2819607956645148,0.5691730983881297,1.4046106323668164
2024-11-24,739213.0228411485,0.9473387610518864,13.442470423687565,0.7841479011620266,-0.005463849429733854,-0.001763209230099258,-0.0008066402675825317,-0.0015678769938428207,2024-07-18,2024-10-25,739084.0,739183.0,3.1193634245126707,0.2183841373908731,0.5691730983881297,0.628897172214572
2024-11-09,739198.6428786418,0.08970804105644328,10.498220133654158,2.6258913119493714,-1.511489022500943,0.07326027639783564,0.021079667274655985,0.07016206756843099,2024-07-25,2024-10-25,739091.0,739183.0,3.2227286936126784,0.17629993109781072,0.5691730983881297,0.9253550886360042
2024-10-26,739184.8659681034,0.5196512445605833,2.7668558568410107,0.6861764852504156,-0.035446576135926326,-0.022026636294033355,-0.015169861604546721,-0.015970222457077,2024-08-01,2024-10-25,739098.0,739183.0,1.6912359335073717,0.3022397271542327,0.5691730983881297,0.5602607576387133
2024-11-01,739190.6732111169,0.7860013946931046,4.61027653894047,0.6180933697165373,-0.0054491023143878724,0.0030656670329423,0.0022132360394629953,-0.0021212969123843564,2024-08-08,2024-10-25,739105.0,739183.0,1.7703915678815105,0.3030374612346208,0.5691730983881297,0.3633411070551892
2024-10-28,739186.9748034807,0.5630487977825792,14.188345915820042,0.5838523431867493,-0.00638039314205516,-0.0020227212685870405,-0.0019357364182372532,0.0005867928505907148,2024-08-15,2024-10-25,739112.0,739183.0,6.632572230843484,0.12517732480296123,0.5691730983881297,0.044441403488503776
2024-11-07,739196.405196722,0.0898798755101662,7.181752835569437,0.6702238790511614,-0.09013492360582503,0.013337638940141979,0.0002456625219151108,0.013335376351004092,2024-08-22,2024-10-25,739119.0,739183.0,2.0041694140208848,0.08457580616189173,0.5691730983881297,0.041178719047125695
2024-11-20,739209.4487169768,0.47424530712879787,14.056471872598724,0.5971617162767164,-0.007913756483538727,0.0016354944448520093,0.0002556164052309447,0.001615395410578659,2024-08-27,2024-10-25,739124.0,739183.0,2.6235335553142454,0.16325268137045879,0.5691730983881297,0.03891785571179575
2024-10-29,739187.1528708313,0.3639413271669126,12.799700866565615,0.5944833689676184,-0.014800830166954677,-0.0068510189105118685,-0.0018909087116502274,-0.006584901241202977,2024-09-04,2024-10-25,739132.0,739183.0,5.268662172443778,0.06142744664138978,0.5691730983881297,0.025417676978769514
2024-11-01,739190.5544521229,0.16338340756500117,8.214756139692886,0.5314706658203262,0.014594202230971975,-0.004731912707218872,-0.001808028134470146,0.004372874584721569,2024-09-11,2024-10-25,739139.0,739183.0,2.510900235243782,0.06134185563493489,0.5691730983881297,0.012312183344904392
2024-11-18,739207.3964507459,0.888658089684927,4.7145888813838335,0.7090364468522973,-0.005608312962730967,0.002427574672789163,0.0019991927914462366,0.0013770791460903096,2024-05-14,2024-10-28,739019.0,739186.0,1.6322542362067178,0.43546225182165943,0.581055089070601,0.8480635511663741
2024-11-24,739213.6263634977,0.844126278457763,10.523916849392322,0.8355214985362348,-0.010167388723599045,-0.002462969124051636,-0.002141144917942446,-0.001217257304928141,2024-05-21,2024-10-28,739026.0,739186.0,3.2086398099757023,0.33111623325204087,0.581055089070601,0.849164249477935
2024-12-20,739239.6678160175,0.5574351943565617,4.976560348798755,0.7312984975489767,-0.022119578639397453,-0.012879150928981377,-0.012822940855544284,-0.0012019635879239711,2024-05-29,2024-10-28,739034.0,739186.0,1.0640708265802439,0.1923776995223611,0.581055089070601,0.9030322715118788
2025-01-03,739253.6732353382,0.7670766334496462,10.560724876316987,1.0960547267575615,-0.016837957519788647,0.0030177755243440407,0.002833145683789302,0.0010393529957410997,2024-06-05,2024-10-28,739041.0,739186.0,1.9246174807408956,0.40527284251172907,0.581055089070601,0.6840066944686392
2024-12-14,739233.2385623935,0.3857405386866609,8.045780538126635,1.4441765252062424,-0.17216217186489755,0.023194437397807237,0.014634291310205192,-0.01799498385797697,2024-06-12,2024-10-28,739048.0,739186.0,1.7497538652632225,0.3558614879386797,0.581055089070601,0.7171627065573359
2024-11-27,739216.4446000874,0.6867739151469711,11.311467364284242,0.9857770281271949,-0.0275365346176345,0.004481423659956956,0.0015864355768253381,0.0041912265723299735,2024-06-20,2024-10-28,739056.0,739186.0,2.9921307584894197,0.3730681098851287,0.581055089070601,0.878316107403607
2024-11-20,739209.9832552795,0.7655319379130108,3.912812872199333,0.7326287674449425,-0.010785341943134418,-0.004864106694214441,-0.004379757795743066,-0.0021159526420337447,2024-06-27,2024-10-28,739063.0,739186.0,1.1290108054173476,0.4338154966239176,0.581055089070601,0.6741620908017577
2024-12-15,739234.0728121969,0.5907434533763315,8.304419667145634,1.1033915969134869,-0.044087437566229994,0.008643971826537178,0.007774335613200182,0.0037786180954544504,2024-07-05,2024-10-28,739071.0,739186.0,1.6144172421729066,0.3628199374523313,0.581055089070601,0.6678943963367154
2024-11-28,739217.9503694946,0.3543120654319403,13.612630796885083,1.3831338905951343,-0.20208614845202527,0.020990028522286642,0.019576094304630892,-0.00757349517347207,2024-07-12,2024-10-28,739078.0,739186.0,3.2001718751448687,0.250592110634651,0.581055089070601,1.0052627893540065
2024-11-16,739205.8668536544,0.6617124903343271,13.446856641017682,0.8468337514082083,-0.024414817027622313,-0.006747223242922144,-0.006656074670861075,-0.0011053015270732502,2024-07-19,2024-10-28,739085.0,739186.0,3.864304298630613,0.17806433892494142,0.581055089070601,0.7405012539700204
2024-12-11,739230.3495894675,0.7013283040099528,13.844975848495523,0.942703214592166,-0.020128572413511576,-0.004365752614558459,-0.0004527378841415081,0.004342214216248098,2024-07-26,2024-10-28,739092.0,739186.0,2.5068743518247953,0.2335516906724763,0.581055089070601,0.6583607081988931
2024-12-02,739221.5910689577,0.1267127632254146,7.370079676945451,2.0867868001579413,-0.9217127403889401,0.0499513320468084,0.02810207757194465,0.04129659561502513,2024-08-02,2024-10-28,739099.0,739186.0,1.4506997906712302,0.31724639466391347,0.581055089070601,0.6749684616138761
2024-11-20,739209.4100556029,0.9062299856014118,4.71437782804154,0.6716299242416494,-0.003874968624380724,0.0015367823624584487,0.0006555455520110532,0.001389949660527997,2024-08-09,2024-10-28,739106.0,739186.0,1.1146226368761365,0.48469647961117496,0.581055089070601,0.26270964527492796
2024-11-15,739204.1982395713,0.22858886273272533,5.600398838256385,0.6671105620761605,-0.05134518908894578,-0.006459819367740872,-0.00635264974716968,-0.0011717966775960248,2024-08-16,2024-10-28,739113.0,739186.0,1.4365679932113493,0.3244258815864938,0.581055089070601,0.04481654105568323
2024-11-09,739198.253203505,0.21843174501417956,9.794105787436983,0.6396800375069811,-0.041853040797918066,0.003981538880515161,0.0038583788849504254,-0.0009826312824364166,2024-08-23,2024-10-28,739120.0,739186.0,2.8902318425361164,0.23443746703977608,0.581055089070601,0.04401464194306478
2024-11-16,739205.3557868197,0.31109823811519216,4.739388501861249,0.7411536472940214,-0.061594846561578244,0.00822433394291329,0.008019051280524022,0.00182605732792859,2024-08-28,2024-10-28,739125.0,739186.0,1.0737213207260392,0.4916079330089918,0.581055089070601,0.029120505542944278
2024-10-31,739189.3128588517,0.9708585620912356,13.222198271125578,0.5693006850596074,-0.0008293396567615234,0.0007480331772360476,0.0006798017781811401,0.00031212685983044813,2024-09-05,2024-10-28,739133.0,739186.0,5.961937884820725,0.0814073976837848,0.581055089070601,0.023703760687153155
2024-11-06,739195.207450949,0.3611948965952841,8.020402111626375,0.5426855434117946,0.0037879083451454482,-0.0017591335788916204,-0.001517185537647609,0.0008903364491791716,2024-09-12,2024-10-28,739140.0,739186.0,2.2862959273362415,0.09697194491548182,0.581055089070601,0.012692783056196671
2024-12-24,739243.7715055287,0.05607928229069305,6.9173937063941295,7.928161164354501,-5.761934394475599,0.10437542640655131,0.08811940135155204,0.055939259406909365,2024-05-15,2024-10-29,739020.0,739187.0,1.510035754656056,0.4475380845430708,0.5705189936114846,0.7903890960031029
2025-01-04,739254.6801916737,0.33557280371367076,10.787069257459416,1.9384622360332218,-0.30442786044236403,0.022342061076846737,0.0003434085606569042,0.022339421740994382,2024-05-22,2024-10-29,739027.0,739187.0,2.0827518976042025,0.4238814878495611,0.5705189936114846,0.924307641024131
2024-11-19,739208.359354524,0.6261554775905417,3.5779195749230164,0.6494019294514071,-0.012892131747398691,-0.011037181133152812,-0.00017983089638467,0.011035716026372235,2024-05-30,2024-10-29,739035.0,739187.0,1.1923447366419477,0.20441754821329308,0.5705189936114846,0.9495760637476318
2024-12-12,739231.3005212542,0.8608030355415537,10.269353698357824,0.9129297884926022,-0.00940544405329503,-0.0020141557798244647,-0.00170252309094037,-0.0010762149553946673,2024-06-06,2024-10-29,739042.0,739187.0,2.3737301917019336,0.3914235263453989,0.5705189936114846,0.7647586242194134
2024-11-12,739201.1508466535,0.47239667218233283,5.1578532384011995,0.83657817797689,-0.055576527273905364,-0.020622733023647696,-0.01578672233415844,0.01326938262726764,2024-06-13,2024-10-29,739049.0,739187.0,1.9497128019840941,0.24682152745921404,0.5705189936114846,0.7624486163156574
2024-10-29,739187.0484217844,0.8214898655618152,8.492760779905296,0.7073196694830677,-0.01109044085341451,-0.0035154467153666984,-0.0015929234893384224,-0.003133841151956558,2024-06-21,2024-10-29,739057.0,739187.0,10.672356892328668,0.3051557862071135,0.5705189936114846,0.821006234842183
2024-11-23,739212.3362653347,0.36221996029077014,13.849891822840082,1.437360703546732,-0.2150008258344676,0.014731861661064737,0.014453484592282555,0.0028503563183222983,2024-06-28,2024-10-29,739064.0,739187.0,3.8955005415513866,0.38168798874752075,0.5705189936114846,1.2701990552927782
2024-11-11,739200.982220485,0.7340016295019905,10.316359651820337,0.8162048893817908,-0.01812364695204352,0.004853292950899692,0.0016000387345210915,0.004581956843455073,2024-07-08,2024-10-29,739074.0,739187.0,3.622458344187375,0.2656927088914547,0.5705189936114846,0.8495147033583476
2024-11-28,739217.1462430707,0.6600999118996241,7.565120279385949,0.8651455795719998,-0.023272994226246596,-0.0067188993278541175,-0.00309579499766252,0.005963192224831111,2024-07-15,2024-10-29,739081.0,739187.0,1.8152734908652142,0.3022372334765422,0.5705189936114846,0.7238234613970188
2024-12-15,739234.8353669741,0.7495409950503694,5.304083287343747,1.1673869710542777,-0.02482187485932144,0.005737447479344905,0.0044192553040610875,-0.00365902803156373,2024-07-22,2024-10-29,739088.0,739187.0,0.9467773206986766,0.6113654821700025,0.5705189936114846,0.4240395239688507
2024-11-06,739195.0605517068,0.34482242650341305,5.8089326052007415,0.8903572269148178,-0.10748673090780264,0.027677010171805298,0.003157063416322669,-0.027496360534360408,2024-07-29,2024-10-29,739095.0,739187.0,2.3286758329595734,0.23053392628564903,0.5705189936114846,0.7804949169699051
2024-12-08,739227.8390962048,0.8438469361628449,4.101943270046258,1.3084984882201582,-0.022478591934094763,0.006616141061486921,0.00660705017701301,-0.00034671386462852005,2024-08-05,2024-10-29,739102.0,739187.0,0.7346878911161095,0.6989375533275315,0.5705189936114846,0.36393934824391233
2024-11-24,739213.2917486689,0.4433876821636219,12.648333173894446,0.6871913926305913,-0.024804009395281466,0.0021488739511410435,0.002117589324252809,-0.00036534191068511487,2024-08-12,2024-10-29,739109.0,739187.0,2.773849032570466,0.40463297545491067,0.5705189936114846,0.179541165030019
2024-10-31,739189.9497550529,0.37383550115200453,8.304869742735754,0.5982962948874146,-0.015161920218761662,0.001394915490952528,0.001237995908229538,-0.0006427716220449167,2024-08-19,2024-10-29,739116.0,739187.0,4.258269720050742,0.4892761273176408,0.5705189936114846,0.05098445109072225
2024-11-04,739193.6111129948,0.4064596547300984,14.95897665775185,0.5956093273017973,-0.011544146561251245,-0.004376999355222295,-0.0012948434000868221,0.004181088844412182,2024-08-23,2024-10-29,739120.0,739187.0,5.737820861182413,0.07166397747159788,0.5705189936114846,0.03639889474810984
2024-11-09,739198.1731664197,0.06662683171933993,9.51382954037228,0.9147756270826051,-0.2905438949894444,0.007274113442844262,0.0036792174639077493,-0.006275036671816654,2024-08-29,2024-10-29,739126.0,739187.0,2.8247703932925003,0.27972126304945893,0.5705189936114846,0.03559969264597417
2024-11-13,739202.8436222308,0.5961552438427634,3.535905859962422,0.7029172125330442,-0.0186816653265119,-0.0050523759900677695,-0.00042006544194258215,0.005034883133648578,2024-09-06,2024-10-29,739134.0,739187.0,0.8267295835290256,0.623416940688093,0.5705189936114846,0.02289159477939358
2024-11-18,739207.036787795,0.8592004909837423,2.920594650542396,0.6509762733410955,-0.003930457664942509,0.0016792767435391005,0.0016605057083184526,0.0002503820561324632,2024-09-13,2024-10-29,739141.0,739187.0,0.5543722946628747,0.6885636316312641,0.5705189936114846,0.007925757132178508
2024-12-03,739222.9501712864,0.8988512235617538,6.698477601985066,0.8139557734558158,-0.0065760206859586156,-0.0018765389705871342,-0.00041374363175686145,-0.0018303591765860769,2024-05-16,2024-10-30,739021.0,739188.0,1.870036143912595,0.4702375295665797,0.5693414343871803,0.7311620842804635
2024-12-29,739248.7958791498,0.40206028801999383,5.51073909308056,1.047929317766428,-0.09207495648684605,0.022876047003797445,0.022873985051951602,-0.00030713899629433413,2024-05-23,2024-10-30,739028.0,739188.0,1.1311606402522092,0.29365802372463434,0.5693414343871803,0.9352900739878819
2024-12-06,739225.29529531,0.9977395591579317,3.873501091065541,0.5034386902982277,-0.0003333176810549122,-0.00222208223792999,-0.002077907069710813,-0.0007873701046964992,2024-05-31,2024-10-30,739036.0,739188.0,1.0014465187567039,0.038637741537553026,0.5693414343871803,0.9005600982375419
2024-11-18,739207.8714092439,0.06626961451362169,12.591513285896452,4.922225265179787,-3.415446945773906,0.05104938848203753,0.050084982569345654,0.00987595997452036,2024-06-07,2024-10-30,739043.0,739188.0,4.2402345892813305,0.3521222885224617,0.5693414343871803,1.5870249172994269
2024-12-25,739244.5404349297,0.7658148019855382,10.707420526304519,1.0111125586078114,-0.015981013054455488,0.0029224955629973807,0.0024912144257173276,0.001528015379777724,2024-06-14,2024-10-30,739050.0,739188.0,2.1057771584354392,0.3911013747123259,0.5693414343871803,0.8209173251542634
2024-11-27,739216.3630870851,0.623741638539837,8.13600038539009,0.9330723266713208,-0.03242486262984192,0.007718108355277233,0.001142286607923782,-0.0076331106299567155,2024-06-24,2024-10-30,739060.0,739188.0,2.210487579526138,0.3220779918871246,0.5693414343871803,0.7997639545751876
2024-11-04,739193.1275833535,0.10644079200461957,11.631344249058046,2.3662879004133393,-1.2920746885409042,0.04893700314568507,0.047143317445952064,0.013127752933041597,2024-07-01,2024-10-30,739067.0,739188.0,5.928718200300974,0.24161752791506744,0.5693414343871803,1.7969229443539245
2024-12-13,739232.5974006791,0.7805305416748372,14.562089903074298,0.9886205603233271,-0.015878195804010155,0.0025480900015934886,0.0023932887319694216,-0.0008746037397867119,2024-07-09,2024-10-30,739075.0,739188.0,2.9257004169252303,0.3340047036984672,0.5693414343871803,0.9249656787246142
2024-11-29,739218.8211411675,0.9062270938369998,13.71032912691429,0.8119846724742261,-0.006774747100069806,0.001943684922603089,0.001943490672948975,0.000027478764799688806,2024-07-16,2024-10-30,739082.0,739188.0,3.2523129081542117,0.2303861587325812,0.5693414343871803,0.7002485444633366
2024-11-24,739213.481121447,0.954818826246018,6.72902008697222,0.7170495952382089,-0.004164623065339336,-0.001988499299228879,-0.0010436129371740105,-0.001692631531195368,2024-07-23,2024-10-30,739089.0,739188.0,1.6987690687253234,0.29717988241554727,0.5693414343871803,0.5608893162755089
2024-12-09,739228.6254872222,0.6447004493443652,12.897346987650142,0.9213928093439904,-0.02499710715322096,-0.005234979888541076,-0.00523394570433763,0.00010405189798940726,2024-07-30,2024-10-30,739096.0,739188.0,2.4285906433539024,0.23868895496826165,0.5693414343871803,0.6747255969553064
2024-11-19,739208.2422845566,0.34056267621778674,10.100767628554015,0.8918441860008919,-0.09656507518444112,0.01507588950895586,0.014784403578816423,0.0029502297037562134,2024-08-06,2024-10-30,739103.0,739188.0,2.650093588890703,0.21596322636065493,0.5693414343871803,0.5907937413422804
2024-12-01,739220.0607657641,0.7650078965092963,10.286276151512876,0.5901266904473547,-0.001872740481176304,0.0005904092880000091,0.0004786300387442271,-0.00034568253263417487,2024-08-13,2024-10-30,739110.0,739188.0,2.0192129056066634,0.23590228952052725,0.5693414343871803,0.04598800299700974
2024-10-30,739188.1075288471,0.710262711762104,5.788301073756366,0.5672141197935469,-0.0017596306977941123,0.0010541545874405813,0.00007642615337058479,0.0010513804912128622,2024-08-20,2024-10-30,739117.0,739188.0,5.982685742991946,0.20482602152563312,0.5693414343871803,0.04570625391737988
2024-11-27,739216.3052067967,0.06960269792034592,12.57564066301785,0.9352533692303632,-0.2923489310464316,-0.010834216385430999,-0.0008669677343680733,0.010799472747958854,2024-08-26,2024-10-30,739123.0,739188.0,2.3874201503720123,0.14934818861292048,0.5693414343871803,0.04053761140568538
2024-11-02,739191.2307442899,0.933075444313257,12.027499997394926,0.5682458435844866,-0.0008582004856677234,-0.0006849918366335674,-0.0004378041789586375,0.0005268219026777276,2024-08-30,2024-10-30,739127.0,739188.0,5.723124522146856,0.0971951859405313,0.5693414343871803,0.028208546934543815
2024-11-21,739210.3359182674,0.819898827631004,10.44319499986289,0.5642951047001219,-0.0004700909507939696,-0.00030039327034528645,-0.00017118342568927237,-0.00024684479260867896,2024-09-09,2024-10-30,739137.0,739188.0,1.975978444706474,0.12286227991595748,0.5693414343871803,0.0213598600388851
2024-11-19,739208.120891749,0.04789707267416367,2.184626165940041,1.9765874125296172,-1.176978646881803,-0.03562735412790686,-0.02286093102354,-0.027325559370161637,2024-09-16,2024-10-30,739144.0,739188.0,0.40298143016559423,0.724297278945612,0.5693414343871803,0.007472123878152663
2024-12-26,739245.1535151928,0.11156591717689127,13.806214796851478,4.570603374594582,-2.461313871800139,-0.05795023215806564,-0.04441628601433294,-0.03722127004639522,2024-05-17,2024-10-31,739022.0,739189.0,3.031807782345486,0.3432169545958891,0.5757172949123435,1.2365862597068893
2025-01-13,739263.667246425,0.8995353633048679,14.31000008145419,1.0282539932517702,-0.0075698599839646805,-0.001300377117046325,-0.00006450771808446777,0.0012987761165209508,2024-05-24,2024-10-31,739029.0,739189.0,2.6080350664703724,0.36592925648594876,0.5757172949123435,0.9040302493191171
2025-01-01,739251.6505507893,0.7392754661931197,11.660117634047596,1.0690565759011315,-0.01909487372037499,0.0030959402982860063,0.002868914276788792,-0.0011636911974354234,2024-06-03,2024-10-31,739039.0,739189.0,2.267889533391923,0.39104575463136254,0.5757172949123435,0.8751650678752874
2025-01-08,739258.9752697919,0.22875078715060387,4.597308524070279,0.7282996194810816,-0.10828838989531973,-0.07037469553589921,-0.03964113196187312,0.058147901325429394,2024-06-10,2024-10-31,739046.0,739189.0,0.814389708164138,0.07656394709481268,0.5757172949123435,1.0196847423066044
2024-11-28,739217.7793823263,0.2864647289093048,12.718295581831663,1.6794553708565343,-0.36240858154755146,-0.023444379902562828,-0.008036552016148894,0.02202391383717764,2024-06-17,2024-10-31,739053.0,739189.0,3.532088693859193,0.34817851243099096,0.5757172949123435,1.2465250667955086
2024-10-31,739189.4342594212,0.2915285299672765,8.169177863115696,0.9634907893730995,-0.18029893314020495,-0.03491764469356647,-0.03482733930212269,0.002509650987880868,2024-06-25,2024-10-31,739061.0,739189.0,7.397328446283981,0.18426842607367727,0.5757172949123435,1.4606709981986112
2024-11-25,739214.7538664462,0.8098793231452288,11.657235416941596,0.8622086688594304,-0.012727266310650045,-0.0027127740952079178,-0.002469192983579923,0.001123489786989991,2024-07-02,2024-10-31,739068.0,739189.0,3.228552732883973,0.32594644303296877,0.5757172949123435,0.8808589036782972
2024-11-10,739199.3468355644,0.1763269598059982,7.120358323762079,1.5645182904996964,-0.5567663026389504,0.05639613880450771,0.028071757282931174,-0.04891319775996558,2024-07-10,2024-10-31,739076.0,739189.0,2.8085312974190866,0.24447837018396684,0.5757172949123435,1.220313800637485
2024-12-10,739229.493157075,0.8466102421315604,3.62725691763346,1.0913991455062702,-0.016532090641428902,-0.004897092027353712,-0.0032008993584430306,-0.0037061777644212205,2024-07-17,2024-10-31,739083.0,739189.0,0.742313421004023,0.7879428388611657,0.5757172949123435,0.5014558579402921
2024-11-10,739199.6091494944,0.19534828429367984,13.192823391365225,1.2875316158155117,-0.3815511316727491,0.04331826712056413,0.014729749905649297,0.04073704375682618,2024-07-24,2024-10-31,739090.0,739189.0,4.903235107964517,0.1304228011538818,0.5757172949123435,1.0984923687739228
2024-12-13,739232.9329458777,0.5318710522338682,4.504597008003264,1.7062168329105432,-0.12108511148371263,-0.021977921889789656,-0.007554819275274048,0.020638647153135854,2024-07-31,2024-10-31,739097.0,739189.0,0.8097691666238805,0.650510828529595,0.5757172949123435,0.4113131169556814
2024-11-17,739206.0692096839,0.8290101502232827,8.583713783448522,0.6671377899306599,-0.005325360058414063,0.0018720915182118068,0.0014311872980812927,-0.0012068262386820054,2024-08-07,2024-10-31,739104.0,739189.0,2.4431713041889194,0.27473027505587333,0.5757172949123435,0.46852064767121043
2024-11-02,739191.7379127673,0.8203145668168363,10.354286748865901,0.5767377390620471,-0.0017566375473895613,-0.00013634188567500556,-0.000013989439314843573,0.0001356222893814753,2024-08-14,2024-10-31,739111.0,739189.0,5.576635577627003,1.0207352214225758,0.5757172949123435,0.05066814064635203
2024-12-02,739221.6279335017,0.6906044093051199,6.640840289969775,0.6134339798056858,-0.0038849227184638113,-0.0006530816826405586,-0.0006279469822025744,-0.0001794387687856306,2024-08-21,2024-10-31,739118.0,739189.0,1.2214200243226767,0.6186160620626764,0.5757172949123435,0.04561518778652185
2024-11-19,739208.988629448,0.9349351647727309,12.75880144753149,0.5731497705510404,-0.0006080168216135001,0.00033095347366106554,0.000031468449599949566,0.00032945400044331115,2024-08-27,2024-10-31,739124.0,739189.0,2.9390349051177913,0.134623310740051,0.5757172949123435,0.04137088975403958
2024-11-09,739198.163928114,0.8161632440346354,12.599259413703486,0.5853416381358304,-0.0019921524487758325,0.0008062619459502867,0.0008060369301765356,-0.00001904711734435575,2024-09-03,2024-10-31,739131.0,739189.0,3.9941490276066998,0.1600583817191062,0.5757172949123435,0.030574650564814516
2024-11-11,739200.10233971,0.35798752083846314,5.2309794219400825,0.6003603494527548,-0.014140383419173428,-0.0048136132667019995,-0.0009657180483531936,0.004715746105597119,2024-09-10,2024-10-31,739138.0,739189.0,1.433317516831932,0.20103647762290794,0.5757172949123435,0.013442154616843269
2024-11-17,739206.3294029069,0.7787081992320102,5.458605002957594,0.5989078782949716,-0.0028865544436511973,-0.001008158172497804,-0.0010081188868386862,-8.900043440356514e-6,2024-09-17,2024-10-31,739145.0,739189.0,1.0979914553359322,0.4084549436201036,0.5757172949123435,0.006052527995487521
2024-12-02,739221.5998203221,0.8284243803383762,4.4205838508636965,0.6830175957472864,-0.005564293972387931,0.003477691608836796,0.003397166383123191,-0.0007440426678299838,2024-05-20,2024-11-01,739025.0,739190.0,1.2861168743347444,0.29984184247671086,0.5950967833979214,0.9067397650887367
2024-12-24,739243.4240061026,0.6437810160867764,6.597134908126,0.9690906174538365,-0.025461418474318757,0.006808607171552021,0.0026856293897672264,-0.006256558670493558,2024-05-28,2024-11-01,739033.0,739190.0,1.4393618485399997,0.3649279417773665,0.5950967833979214,0.724133356630786
2025-01-08,739258.2169170185,0.9483421170732769,2.7167279934082758,-0.8462767868276299,0.015063102791844151,0.008556793669178516,0.003083274771531483,-0.007981988134552132,2024-06-04,2024-11-01,739040.0,739190.0,0.5027709751855253,0.6145005283125918,0.5950967833979214,0.9986596154600529
2025-01-08,739258.981853772,0.8829436854977981,7.213598430094582,0.8554950054461682,-0.005721204366408744,-0.00195672239999187,-0.001695951269587445,0.0009759671315237403,2024-06-11,2024-11-01,739047.0,739190.0,1.2889001006821028,0.3578815318025656,0.5950967833979214,0.6983525792037724
2024-12-26,739245.2309492931,0.6481863299657747,8.780830172668502,1.0557525897524846,-0.029391317695179327,-0.006352965707066113,-0.0060024750015087525,-0.002080977446158542,2024-06-18,2024-11-01,739054.0,739190.0,1.7356523995640922,0.34151268226831705,0.5950967833979214,0.6847457017279257
2024-11-27,739216.1360505592,0.8251225554404356,3.6535211249759847,0.7072952554843297,-0.007236324058208992,-0.0034920660287691007,-0.003025961648278072,0.0017430092519643869,2024-06-26,2024-11-01,739062.0,739190.0,1.0318407253866897,0.46799627538718264,0.5950967833979214,0.7660950574491964
2024-11-19,739208.788203143,0.4022409296380106,5.649608569423791,0.9860968093546879,-0.10019870167133871,0.025451753659790462,0.012768136731235969,-0.022017412399533243,2024-07-03,2024-11-01,739069.0,739190.0,1.804529822677417,0.28029302057788724,0.5950967833979214,0.8126414714051564
2024-11-06,739195.890952857,0.9140651936821,10.225727044485765,0.7003698894323739,-0.0062426818429752,0.0025005105517447957,0.0024754816845871997,0.00035290713886287743,2024-07-11,2024-11-01,739077.0,739190.0,4.89021891474296,0.22316469325458804,0.5950967833979214,0.7276920541444372
2024-12-22,739241.2714105495,0.8687402129068336,11.786338696673145,0.8964300219792772,-0.00787047882715429,0.001881288907497846,0.0012370371933341188,-0.0014173873626438485,2024-07-18,2024-11-01,739084.0,739190.0,2.1025317910302195,0.3083590280289123,0.5950967833979214,0.722990806498326
2024-11-26,739215.0829792562,0.7338604927256395,3.745112758472504,1.0008475151132692,-0.026269162012927387,-0.008883107643027934,-0.007364302496814528,-0.004967559776493141,2024-07-25,2024-11-01,739091.0,739190.0,0.9529466409830517,0.5794685956418594,0.5950967833979214,0.43337914155648866
2024-11-15,739204.5963176892,0.7852107028043751,12.839602747198919,0.7144926263114475,-0.009068313565960167,0.0035854245266194384,0.0035840083219154163,-0.00010076400411488718,2024-08-01,2024-11-01,739098.0,739190.0,4.0630221846783465,0.15467515767716922,0.5950967833979214,0.5845736531023408
2024-11-20,739209.5575193058,0.9519861138230998,14.494989891639365,0.6478430979856576,-0.0025634751914360076,-0.0009338194635206874,-0.00014239317557570067,0.0009228992220169718,2024-08-08,2024-11-01,739105.0,739190.0,3.8673179138661222,0.1802930118955659,0.5950967833979214,0.363726907687287
2024-11-20,739209.1350852816,0.7591702967436138,9.499300499533234,0.5934152743541813,-0.0023343419243840296,0.0005198772620936385,0.0004253629386124324,0.00029889586497135396,2024-08-15,2024-11-01,739112.0,739190.0,2.4561371305139423,0.35884857679427873,0.5950967833979214,0.04820885236623808
2024-11-17,739206.9513106701,0.6689580982787354,2.8013988643702143,0.6583119979495193,-0.009216827692583389,0.0022748770497848215,0.0018863655385564198,-0.0012714915047236615,2024-08-22,2024-11-01,739119.0,739190.0,0.7340751427654263,0.9674922759717532,0.5950967833979214,0.04601288422061159
2024-11-13,739202.5480590047,0.3660321416788606,2.1617230320180285,0.7868664844759929,-0.06615285646280696,-0.011714604742260005,-0.011174541651740146,0.003515904313388691,2024-08-27,2024-11-01,739124.0,739190.0,0.6310354644745126,0.9561810556970568,0.5950967833979214,0.03955024409320596
2024-11-14,739203.1199385658,0.7361788281655538,10.381146127121536,0.5906599511488222,-0.002706048323624684,-0.0007203926463907987,-0.0006956658093349323,-0.0001871220101867012,2024-09-04,2024-11-01,739132.0,739190.0,2.792623770858146,0.26638164461701197,0.5950967833979214,0.03328007813767717
2024-11-08,739197.2124757039,0.4641071418915169,10.769450300393506,0.5696685820924202,-0.0022785305949805526,0.002390952399239226,0.0022348402680308207,0.0008497895926732336,2024-09-11,2024-11-01,739139.0,739190.0,3.57934814369723,0.04106848192561261,0.5950967833979214,0.013573049602378717
2024-11-13,739202.5279322092,0.8826541156721637,2.984663263762659,0.6168039910764072,-0.0028911451689648073,0.001156017821303921,0.0011352116512360734,-0.000218338521727458,2024-09-18,2024-11-01,739146.0,739190.0,0.7157537573812843,0.7396062627659888,0.5950967833979214,0.007157657820740542
2024-12-28,739247.3151155094,0.8806109449171233,8.453397294548065,0.9219444365152335,-0.007515478778987384,-0.0018081552630541855,-0.0006523659916386867,0.0016863700863878682,2024-05-21,2024-11-04,739026.0,739193.0,1.8899976761041741,0.43298587750222045,0.5644481486594768,0.6800067942498769
2024-12-06,739225.146879911,0.875639466887759,5.027056598319204,0.6987549710481903,-0.004615637219732233,-0.0028064085325771346,-0.0026662153013442685,0.0008759137049957823,2024-05-29,2024-11-04,739034.0,739193.0,1.426325626104632,0.28647869369731976,0.5644481486594768,0.7856283604136135
2025-01-07,739257.3614799766,0.3531260487329622,6.509212490600111,1.430713803878946,-0.18226899880772943,0.02547101722462744,0.015111505320942851,-0.020504027053054322,2024-06-05,2024-11-04,739041.0,739193.0,1.2560505584822954,0.3882109886533197,0.5644481486594768,0.8529665459754298
2024-11-15,739204.4277030127,0.16100598808980762,13.877093356047974,2.023399830530741,-0.8313585940266208,0.025129688028651134,0.02038863849214903,-0.014690290700111795,2024-06-12,2024-11-04,739048.0,739193.0,5.778940880558294,0.38383521094825684,0.5644481486594768,1.775622497654841
2024-12-14,739233.365938772,0.17898921630196554,5.273934132862475,2.333422196975265,-0.8415199658392,0.05886495897783695,0.003308630697156803,-0.05877190109544073,2024-06-20,2024-11-04,739056.0,739193.0,1.2424635572378486,0.4851764849641875,0.5644481486594768,0.7826290643990054
2024-12-22,739241.4274647867,0.817315174165756,12.890200872645886,1.0083405438357445,-0.012862225604950116,0.002156352589571539,0.0004829631665221543,-0.00210157157154706,2024-06-27,2024-11-04,739063.0,739193.0,2.675443132337689,0.37820409345146266,0.5644481486594768,0.8622293742151382
2024-11-04,739193.185321572,0.6647937417016573,7.8618687430373395,0.724132184977338,-0.02031934144370688,-0.008504633224707752,-0.002222322663022523,0.008209145404256126,2024-07-05,2024-11-04,739071.0,739193.0,8.12215029784225,0.20202967864804375,0.5644481486594768,0.8489976002652617
2024-12-27,739246.835267403,0.09431504204143873,5.151614573580831,7.134350525747643,-4.341787592519665,0.11942402799628389,0.08117847826223304,-0.08759082788674483,2024-07-12,2024-11-04,739078.0,739193.0,0.9371469912570264,0.6656017537439031,0.5644481486594768,0.5354579052748559
2024-12-17,739236.8302873902,0.9163831918611047,11.080963102987551,0.8379216212340455,-0.005658031010454251,0.0016007241574958586,0.000052452174879122616,0.001599864556061313,2024-07-19,2024-11-04,739085.0,739193.0,2.1911518180593212,0.2923132020287521,0.5644481486594768,0.6923313348292677
2024-12-19,739238.2206213092,0.7295194849150145,6.5092677508035734,1.006220343801777,-0.019773763375887377,0.005081586184044237,0.0004803745242887942,-0.005058829752253341,2024-07-26,2024-11-04,739092.0,739193.0,1.215790699541815,0.4361087468005297,0.5644481486594768,0.4943180556317233
2024-11-10,739199.658164989,0.28854379037939487,10.898002188157953,0.8944205689904212,-0.12959690418189443,-0.024943618213719744,-0.024261981579122998,0.005791402200340409,2024-08-02,2024-11-04,739099.0,739193.0,4.710625894300958,0.13756248683424493,0.5644481486594768,0.7291188830537717
2024-12-15,739234.0573747999,0.9744438667768449,6.092606220941399,0.7192315200098537,-0.002725680691663641,-0.0008184764950479378,-0.000687147538414657,0.0004446707022017916,2024-08-09,2024-11-04,739106.0,739193.0,1.1030054906131206,0.5326261472966535,0.5644481486594768,0.26593499590110675
2024-12-11,739230.9824651001,0.3488096080986059,10.584923279396422,0.6556065639430043,-0.024511936610938704,-0.0036334553387653503,-0.002207282293657018,0.002886157059986625,2024-08-16,2024-11-04,739113.0,739193.0,1.9093934317835184,0.22230975659683402,0.5644481486594768,0.044797470369325694
2024-11-14,739203.4298760816,0.2952919331564597,11.788685485621558,0.6332285804663238,-0.028122907729604223,-0.002153138365369904,-0.002060772881765051,0.0006238749475732692,2024-08-23,2024-11-04,739120.0,739193.0,3.901300177481874,0.32717076113238197,0.5644481486594768,0.04555581836828478
2024-11-14,739203.8223522699,0.10800776582342378,7.679739660739533,0.7891032543473653,-0.16201165528911662,0.011141929517365878,0.0009481294666033359,-0.01110151538685182,2024-08-28,2024-11-04,739125.0,739193.0,2.4269155690788558,0.20450048256555467,0.5644481486594768,0.03077824125892582
2024-12-02,739221.4340764175,0.7235014719864828,5.9036429456744255,0.6719472774859593,-0.006876752299822938,0.0015439460512139986,0.0015390609289527618,0.00012272272010659284,2024-09-05,2024-11-04,739133.0,739193.0,1.0661282065509086,0.5458465830292546,0.5644481486594768,0.02683939967485968
2024-11-15,739204.8261520831,0.24731545574246533,9.689174059976501,0.5914229498064467,-0.014068143849391366,0.0011704730671125746,0.001042364919085146,-0.0005324308183196526,2024-09-12,2024-11-04,739140.0,739193.0,2.623688260465789,0.30678906491714325,0.5644481486594768,0.014827005530771048
2024-11-22,739211.5714525738,0.5246198408474115,2.2342281988100674,0.5144061045181064,0.010886999853111408,0.0069012077314071505,0.005163957177390839,-0.004578232674527089,2024-09-19,2024-11-04,739147.0,739193.0,0.44311542691380695,0.3704250083723815,0.5644481486594768,0.00834399100101093
2024-11-16,739205.5584583993,0.36613562669358163,4.447325855999857,0.9030688028387094,-0.09968593396827632,0.031701061915492254,0.026457132776475743,-0.01746360363206307,2024-05-22,2024-11-05,739027.0,739194.0,1.9376395055979034,0.2588827481624936,0.565462518991594,0.9131436393527635
2024-11-07,739196.9257476372,0.8928697319512462,8.441423563334862,0.7136076445479029,-0.0073442778158026994,0.00225970704790093,0.0003443113498568356,-0.002233321659925614,2024-05-30,2024-11-05,739035.0,739194.0,5.392232321695854,0.34377110100097885,0.565462518991594,0.7942063130825324
2024-12-07,739226.4916824544,0.6689746052066691,10.355891067467308,0.9940763773912032,-0.02802829802867432,-0.004967851300228034,-0.003970252010421425,-0.002986075269466931,2024-06-06,2024-11-05,739042.0,739194.0,2.8622823047644266,0.3644603579001478,0.565462518991594,0.9079899897948102
2024-12-05,739224.8934613205,0.4559573890412675,2.1452842426577865,0.1819668895939017,0.031090002512072088,-0.041622891171160525,-0.0145031522614945,0.039014403031780186,2024-06-13,2024-11-05,739049.0,739194.0,0.5938652894513863,0.1587551888346102,0.565462518991594,1.1701382642845461
2024-12-18,739237.9805973836,0.8596893956766387,10.284235401905123,0.8984297570644372,-0.00872123103145069,-0.002073825331375165,-0.0008807064200406854,-0.0018775270189140911,2024-06-21,2024-11-05,739057.0,739194.0,2.3154662837979942,0.3515403471179154,0.565462518991594,0.7822962850421599
2024-12-19,739238.1010240024,0.6945859581861141,2.957308117577893,0.8411573950715788,-0.019977843674360497,0.007749101241270665,0.006657792688217395,0.0039651439530213215,2024-06-28,2024-11-05,739064.0,739194.0,0.6463020753802362,0.6055175004266065,0.565462518991594,0.7954211767665142
2024-12-04,739223.3072182161,0.6833657986033087,11.246160052262203,0.934973793261655,-0.02412206829917628,0.004946072834189972,0.00031409756306320657,0.004936089464544762,2024-07-08,2024-11-05,739074.0,739194.0,2.9142360701993986,0.29634869198842456,0.565462518991594,0.9465743769064786
2024-12-25,739244.5937665779,0.7622440237495518,3.30925662149342,1.4470599405663602,-0.03425673562466823,-0.00897842594751137,-0.008970421115419989,-0.0003790481591732456,2024-07-15,2024-11-05,739081.0,739194.0,0.6180948364073887,0.8788390633309531,0.565462518991594,0.5386502233104811
2024-11-14,739203.9882679615,0.30009061503910767,5.9831637522859795,1.0119905233927828,-0.16246619102257753,0.03665600715832822,0.036649691610184734,-0.0006804158065215225,2024-07-22,2024-11-05,739088.0,739194.0,2.334991342229509,0.22229995075228717,0.565462518991594,0.8928656901240919
2024-11-17,739206.0067045613,0.09242960695751104,12.06015130720981,2.0440858127645347,-1.0802486383996488,-0.06301742041433522,-0.05926645225903099,0.021416883814063002,2024-07-29,2024-11-05,739095.0,739194.0,4.269058998465769,0.1313776398759498,0.565462518991594,0.9447265773906091
2024-11-05,739194.8672618386,0.4350747791064341,2.800795018042519,0.7203734436824384,-0.048676212901659646,-0.022562714011734448,-0.006641733094210248,-0.02156301103929112,2024-08-05,2024-11-05,739102.0,739194.0,2.083299220388335,0.3351259255631948,0.565462518991594,0.5965017299924771
2024-11-13,739202.4528028006,0.5715946756524714,9.198822768671482,0.622309651268047,-0.009434367224775968,0.0008575883881853289,0.00012553053537115949,0.0008483513000165322,2024-08-12,2024-11-05,739109.0,739194.0,3.5180227537145488,0.6835807244230897,0.565462518991594,0.18436219302489126
2024-11-28,739217.5718354649,0.43790565992216457,7.192594464299308,0.6293907152361224,-0.014179478593512809,0.0023787534978943464,0.0009890714709900744,-0.0021633783370039834,2024-08-19,2024-11-05,739116.0,739194.0,1.672132964099233,0.36291574088985595,0.565462518991594,0.04574757114458071
2024-11-23,739212.9647922909,0.7559417638293233,10.586809981981196,0.5811620108680156,-0.0015227053586751914,0.0007796793213749538,0.00041463477310088305,-0.0006602861872819147,2024-08-23,2024-11-05,739120.0,739194.0,2.678447320157955,0.13945146514400444,0.565462518991594,0.04033890432782391
2024-11-11,739200.3458364619,0.890375562697389,4.5761334451814335,0.5900869199919038,-0.001920479435940239,0.0009316943099858507,0.0004772424865638633,-0.000800183664091158,2024-08-29,2024-11-05,739126.0,739194.0,1.7923294963835896,0.40106131121423844,0.565462518991594,0.0277980351560367
2024-11-20,739209.4691663717,0.8526496446662986,3.850670945270883,0.6210047186639748,-0.0030453391965993937,-0.0009375881014435985,-0.0009235397694925688,-0.00016169645059253607,2024-09-06,2024-11-05,739134.0,739194.0,0.9712961454849609,0.7192134365777458,0.565462518991594,0.026778837686993243
2024-11-19,739208.7034361875,0.6103002267000602,11.839993998958159,0.5744309938429318,-0.001858585722400757,-0.0005881740700855602,-0.0002353766522081783,0.0005390237177678584,2024-09-13,2024-11-05,739141.0,739194.0,2.8775739702013494,0.16288037895190086,0.565462518991594,0.011902453291649816
2024-11-17,739206.6812892961,0.4891761726779357,7.840592264534502,0.6253748689530348,-0.01317062943078173,0.003335611509600421,0.002253686764079873,-0.0024591055512909544,2024-09-20,2024-11-05,739148.0,739194.0,1.9117269729452,0.24634712144115065,0.565462518991594,0.005314133714017586
2024-12-29,739248.9092266891,0.4424276157159154,7.319103456667353,1.3028527774939649,-0.10659793537317368,-0.016928657460645213,-0.015464329651447223,0.0068872310728789335,2024-05-23,2024-11-06,739028.0,739195.0,1.6429932706555257,0.38063666268764174,0.5482486299422005,0.7557555919958047
2024-12-07,739226.6768940734,0.048738316996269196,14.191353124038873,7.451492020564918,-5.668563123886027,-0.06056688828940462,-0.04780673283235695,-0.037186882807743675,2024-05-31,2024-11-06,739036.0,739195.0,4.054213861001932,0.32142854842654967,0.5482486299422005,1.6032923917717585
2025-01-17,739267.7038597887,0.31718383956433144,10.143672970456317,1.9731175377081953,-0.32901024502434906,0.0272137433848078,0.018255949371445084,-0.020181876561940523,2024-06-07,2024-11-06,739043.0,739195.0,1.82168871951577,0.37803929900305183,0.5482486299422005,0.8583564198414049
2024-12-18,739237.5012658569,0.6223279457516661,10.743786739029535,1.0841030695801002,-0.037286471531921356,0.006046225593985045,0.005815859312192235,0.0016530651512105254,2024-06-14,2024-11-06,739050.0,739195.0,2.5379617728751294,0.3572143232228976,0.5482486299422005,0.9152624854067384
2024-11-10,739199.1627146951,0.819664224833232,9.203198847622865,0.7301286869548376,-0.010387028800522485,-0.0032819266126807023,-0.0022884589484797437,0.0023524450965208116,2024-06-24,2024-11-06,739060.0,739195.0,5.140451509122555,0.2818770027006655,0.5482486299422005,0.8849051546198283
2024-11-28,739217.9209723037,0.4061222592469279,2.759351612519236,1.2851928047892183,-0.15979815490746882,0.03261682717651625,0.025875021194316235,-0.01985801332602067,2024-07-01,2024-11-06,739067.0,739195.0,0.8276950044101378,0.7210739349498164,0.5482486299422005,0.7255556661202486
2024-11-20,739209.8294102409,0.4526240855325744,9.726741866151036,0.9883402539579047,-0.0816975627916909,0.017053289527657556,0.01338422197430737,-0.010567747435313853,2024-07-09,2024-11-06,739075.0,739195.0,3.417182391348441,0.22293138042067565,0.5482486299422005,1.0574813899615678
2024-11-15,739204.6236004342,0.5201841971136342,11.312270972692568,0.8415261081688536,-0.04619501447184896,0.01312239008832619,0.012356653701217774,-0.00441703870691468,2024-07-16,2024-11-06,739082.0,739195.0,4.581849619912571,0.16187862934503391,0.5482486299422005,0.9402791603454671
2024-12-28,739247.3607829721,0.19567190684463537,4.254511982854606,4.9270141516090495,-1.8516787736669345,0.11784004102783212,0.01595611750190435,0.11675477542142149,2024-07-23,2024-11-06,739089.0,739195.0,0.7493881913355215,0.7226890745513727,0.5482486299422005,0.4725878363956183
2024-11-16,739205.3743839705,0.7606124005474548,2.443364235965774,0.8405745449497379,-0.022046976778823946,-0.010896309530809034,-0.008375852135798204,-0.006969552524405312,2024-07-30,2024-11-06,739096.0,739195.0,0.915967030106534,0.6298611210585585,0.5482486299422005,0.5024504627131398
2024-12-19,739238.0227207395,0.2670528830636412,12.824533746573364,1.2141621689857103,-0.21337177257008397,-0.014406393636878253,-0.014191310027949813,-0.0024801002623477345,2024-08-06,2024-11-06,739103.0,739195.0,2.3344222806448935,0.3084163365128358,0.5482486299422005,0.6307607274193169
2024-11-12,739201.0432557415,0.5528054895185243,4.209242512482998,0.5932757508477657,-0.00634628504175637,-0.0015126811986383444,-0.0010225981954367406,-0.0011146736470391053,2024-08-13,2024-11-06,739110.0,739195.0,1.817090291415005,0.5509860005470127,0.5482486299422005,0.049288770952503204
2024-11-09,739198.959845764,0.4782025282916734,14.547042735122549,0.5987213450698402,-0.009378406202865406,0.0013682090276837214,0.00010737860274975537,0.0013639889219149647,2024-08-20,2024-11-06,739117.0,739195.0,7.015214700592898,0.2253272626768351,0.5482486299422005,0.04981464142973983
2024-11-30,739219.4868156702,0.130068369544889,13.536578974524048,0.7488737241344614,-0.11797548672306488,0.006981380403846662,0.006748275430757961,0.0017889804509392036,2024-08-26,2024-11-06,739123.0,739195.0,2.9542858517068407,0.16237278884724535,0.5482486299422005,0.043468169855536205
2024-11-10,739199.3763282229,0.6403835164254007,12.603217652744284,0.5864631082825834,-0.0038831895283599023,0.0012249956136660646,0.0012166257922871502,0.00014295431103245003,2024-08-30,2024-11-06,739127.0,739195.0,5.627791974016196,0.1610692967044705,0.5482486299422005,0.03437785037186584
2024-11-16,739205.4357574813,0.8869718250242928,4.31746493936593,0.5874442910899209,-0.0014696053454572122,0.0006156509288579104,0.00027812749966215684,-0.0005492459923707089,2024-09-09,2024-11-06,739137.0,739195.0,1.2922859485745537,0.4903963046957824,0.5482486299422005,0.02061914179169772
2024-11-25,739214.5622166792,0.2799398661306421,2.642263655032476,0.31452177787492397,0.09142477675175022,0.01736318151412264,0.0014254767741435795,0.01730456842162636,2024-09-16,2024-11-06,739144.0,739195.0,0.5394948973956548,0.557857405603609,0.5482486299422005,0.0091749364523467
2024-11-11,739200.2760275962,0.22633784911623095,12.98189088268914,0.618861855624943,-0.030622281764926786,-0.003221880507008204,-0.0008326997135411937,-0.0031124146877477394,2024-09-23,2024-11-06,739151.0,739195.0,4.616285080223898,0.1657094779175204,0.5482486299422005,0.009709861278304852
2024-11-12,739201.9503655046,0.8392402089015849,10.0943398983684,0.738197997791933,-0.009570367934636014,0.0025876620096332,0.002200573284405352,0.001361422747004168,2024-05-24,2024-11-06,739029.0,739195.0,5.163835012936196,0.30748890060246076,0.5482486299422005,0.9963752028174246
2025-01-13,739263.1590392193,0.06794842596820595,14.487831770668937,8.108080973156893,-5.540893666029179,-0.07094455736108524,-0.05590160974712142,0.04368226467161305,2024-06-03,2024-11-06,739039.0,739195.0,2.7450945465287155,0.366299848219084,0.5482486299422005,1.2542300450730823
2024-11-18,739207.5913191399,0.8553744017942266,7.998741890106997,0.7492465397625125,-0.00826148927919685,-0.002715226118132154,-0.002393363875317787,-0.0012822878900273652,2024-06-10,2024-11-06,739046.0,739195.0,3.2488762758376906,0.32537704263813505,0.5482486299422005,0.7860126657776956
2024-11-12,739201.3446953105,0.38908068611041424,8.801065377223441,0.9872758679447338,-0.11618921763404333,0.022024359005263342,0.015883430586797028,0.015257425155874927,2024-06-17,2024-11-06,739053.0,739195.0,4.4149978557756295,0.23322063620076125,0.5482486299422005,1.2365318949610047
2025-01-09,739259.1326304012,0.2348078764482558,3.966273994221627,2.018206206420257,-0.5375012177554701,0.05470336642300412,0.052392175300690506,-0.015732713220267213,2024-06-25,2024-11-06,739061.0,739195.0,0.7120418831249632,0.5816950224164289,0.5482486299422005,0.8987774203220043
2024-11-12,739201.6479029057,0.7197152522222804,11.587388269169972,0.7900897240914083,-0.018736873662769576,0.004374994706428595,0.0021858861013637435,0.003789786357189945,2024-07-02,2024-11-06,739068.0,739195.0,5.534243593749087,0.26600802788843164,0.5482486299422005,1.141097765188138
2024-11-22,739211.6856809182,0.2575286249312501,13.134690524405073,1.4303646407967778,-0.33783584858083093,-0.03278293218778199,-0.0320998138043183,0.006657521802954082,2024-07-10,2024-11-06,739076.0,739195.0,4.381146389751833,0.20205220802761611,0.5482486299422005,1.3606299160983417
2024-12-14,739233.8689021401,0.03047963401679033,6.943089971751226,9.584845460842917,-7.96659272938215,0.10260937615213987,0.10259211065110567,-0.0018822610027897447,2024-07-17,2024-11-06,739083.0,739195.0,1.4986562609138712,0.3408336953590704,0.5482486299422005,1.0152798253657802
2024-11-12,739201.1268467343,0.9549481887483575,9.315642134810787,0.6601065398956399,-0.003840237005652836,-0.0022246938914835097,-0.0017793197669489036,0.0013353965994224116,2024-07-24,2024-11-06,739090.0,739195.0,4.29665144884637,0.1769517160654885,0.5482486299422005,0.6029582355651454
2024-11-18,739207.918162233,0.0905792957753773,5.902030167243343,1.8984831541849516,-0.9807411561213474,0.06659159188719667,0.06307210323034884,-0.0213623478150501,2024-07-31,2024-11-06,739097.0,739195.0,2.0197239387608756,0.22602814379004688,0.5482486299422005,0.8201601352929543
2024-12-14,739233.1594053615,0.5421843977950337,10.411894319136062,0.7980653266419994,-0.02583094197808497,-0.0045776379897951155,-0.00390104352281568,-0.0023951260924455096,2024-08-07,2024-11-06,739104.0,739195.0,2.0204661553924916,0.29384348340678823,0.5482486299422005,0.5055524929149126
2024-11-28,739217.3231505054,0.6820387684176784,13.38708506612947,0.606275298874627,-0.0038514794163484545,0.00023230412116545334,0.0001948216878268608,-0.0001265295011558444,2024-08-14,2024-11-06,739111.0,739195.0,3.3255980953755566,0.8446829056834457,0.5482486299422005,0.05272796448138767
2024-11-24,739213.1141674453,0.9742466340917082,10.385373011604843,0.5762920312743485,-0.0005779766609825166,0.0002444370053994493,3.2126501991747163e-6,-0.00024441589246067274,2024-08-21,2024-11-06,739118.0,739195.0,2.741114755634596,0.2218146169420209,0.5482486299422005,0.0465980176596169
2024-11-26,739215.943905426,0.44196210884565257,7.1826823172393555,0.605661931464562,-0.009951533193613676,0.002075862360117924,0.00005203853081249264,-0.0020752099964739023,2024-08-27,2024-11-06,739124.0,739195.0,1.6911111017571279,0.2949781315494688,0.5482486299422005,0.04350312292070467
2024-12-07,739226.7607192596,0.7955301613673382,2.5278164891370656,0.8805023005863989,-0.015025351302503525,0.004925545474290446,0.0017847563283192487,-0.004590821611414181,2024-09-03,2024-11-06,739131.0,739195.0,0.4440032379540833,0.9600224948921615,0.5482486299422005,0.03304085917552115
2024-11-22,739211.5348300498,0.3536914604673796,8.031814818885135,0.6004777229439047,-0.012345036525887297,0.003566754415867046,0.00038574358449361597,0.0035458340274368595,2024-09-10,2024-11-06,739138.0,739195.0,1.9075989622529481,0.1524158242762337,0.5482486299422005,0.016312466335592767
2024-11-09,739198.2954271686,0.7480183174895599,7.9372123557658,0.5703126371820536,-0.0015022300926033519,-0.0010207626081587566,-0.00023845872076268666,-0.0009925188868264876,2024-09-17,2024-11-06,739145.0,739195.0,3.5160128188052866,0.13869344567591857,0.5482486299422005,0.008829169053591992
2024-11-21,739210.4388951173,0.48821478409396957,8.495466750489012,0.6207073235734005,-0.01196758914328656,-0.0032793947771218323,-0.0021564816597872648,0.002470630882024896,2024-09-24,2024-11-06,739152.0,739195.0,1.799763131386207,0.20971845641202574,0.5482486299422005,0.005918249101488018
2025-01-10,739260.6801422638,0.778986914017562,10.248025143634939,1.0093191364057668,-0.013577827139519416,0.002545482092946681,0.001953574518321793,-0.001631877963230091,2024-05-28,2024-11-07,739033.0,739196.0,2.0526231789070932,0.40546204736423486,0.5489360333031746,0.8603517355000121
2025-01-22,739272.2157066924,0.7761673609664428,12.960576872575656,1.0905767009460807,-0.014747803062308428,0.0022998355825455227,0.00009197581339344239,0.0022979956824357006,2024-06-04,2024-11-07,739040.0,739196.0,2.29809672837093,0.38402684492603384,0.5489360333031746,0.9296282545010054
2024-12-11,739230.0909125064,0.49262957254575823,12.328082719315551,1.17383695909032,-0.08214284645554212,0.009297546076815669,0.0024297350841305204,0.008974449870128848,2024-06-11,2024-11-07,739047.0,739196.0,3.2981543386243954,0.3530419783166156,0.5489360333031746,1.202845737240913
2025-01-06,739256.4473216817,0.6207462902231443,9.479384492079134,1.0775191230675922,-0.03319864048193165,0.0064684698518405,0.0009220592718309467,0.006402414304260543,2024-06-18,2024-11-07,739054.0,739196.0,1.8235659194561522,0.3360877898228233,0.5489360333031746,0.8486890184168627
2024-12-07,739226.0905051018,0.21976356018113347,10.987591615201115,1.8781632608284697,-0.5513899057965311,0.03340796239668238,0.02555919478872078,0.02151324041724938,2024-06-26,2024-11-07,739062.0,739196.0,2.966209801528828,0.3301125200216166,0.5489360333031746,1.4245670743532672
2024-12-09,739228.6737394664,0.20625313866235678,11.97043741231565,2.008853321563858,-0.6330003079913243,0.03675102223271484,0.030919439877358543,-0.01986519249390528,2024-07-03,2024-11-07,739069.0,739196.0,3.0226433433846487,0.2967734488222212,0.5489360333031746,1.396960041726567
2024-12-20,739239.6220351314,0.5957958719103239,10.087515136280102,1.0245973923571674,-0.03749187628004438,-0.0074683853523193336,-0.007354673262321231,-0.0012982915601802104,2024-07-11,2024-11-07,739077.0,739196.0,2.112594244174444,0.29649935103050185,0.5489360333031746,0.8716240509869818
2024-12-25,739244.594787019,0.07660665150221059,7.527987637759244,4.661346947974459,-2.9557842797962333,-0.08477614315577184,-0.08165858450670872,-0.022778718680571804,2024-07-18,2024-11-07,739084.0,739196.0,1.4321901526721343,0.35480249300868427,0.5489360333031746,0.9247239311158266
2024-11-27,739216.3958266663,0.6985377576641204,12.858326346675895,0.7684179080520496,-0.015202499407622609,-0.005039935560731994,-0.0006841022112405616,0.004993290960970199,2024-07-25,2024-11-07,739091.0,739196.0,3.716679440549541,0.16386849050538302,0.5489360333031746,0.7989776800020256
2024-11-26,739215.2195498357,0.7438797785227994,5.4692393758172155,0.7174588012937797,-0.01043435701645937,-0.004855113277518334,-0.0001333150412595197,-0.0048532826043110894,2024-08-01,2024-11-07,739098.0,739196.0,1.5738903733656082,0.2923089724966637,0.5489360333031746,0.5954027144348926
2024-12-01,739220.3293958791,0.5138092423052046,4.21868585917014,0.8087778213264984,-0.03521014874384517,0.008437763682000754,0.006520018346485886,-0.005355858167910944,2024-08-08,2024-11-07,739105.0,739196.0,1.0448087011566862,0.5082357687404884,0.5489360333031746,0.37862800478748776
2024-11-22,739211.7780180399,0.8816308769415397,14.98177925519824,0.5853627829113679,-0.0012142276130332605,0.00006128757042398558,0.00006127674459710335,-1.1518941168165302e-6,2024-08-15,2024-11-07,739112.0,739196.0,4.39766558568306,1.1658726055419593,0.5489360333031746,0.053051846707962584
2024-11-16,739205.9474284869,0.24489452042743648,12.365514483847045,0.634933785814748,-0.0351051102635578,0.0018035395352176305,0.0017830226369092623,-0.00027126579467777993,2024-08-22,2024-11-07,739119.0,739196.0,4.2666745263654065,0.3854886112297437,0.5489360333031746,0.050514684278020174
2024-11-08,739197.0103185413,0.8413766001326801,12.994522819031523,0.5691391242025682,-0.0009566071662865126,0.0007622342935229681,0.000510264161864776,0.0005662434135059728,2024-08-27,2024-11-07,739124.0,739196.0,8.852343130564666,0.08125970461221317,0.5489360333031746,0.03718897927963608
2024-11-24,739213.3397673134,0.4926134572830051,8.075149124939387,0.6218144707804713,-0.011279822259963325,-0.0037916335875908223,-0.000614876041251961,0.00374144527107389,2024-09-04,2024-11-07,739132.0,739196.0,1.9864467176448706,0.18148118867092944,0.5489360333031746,0.02496327194252171
2024-11-21,739210.0544852348,0.4389754886534446,7.0534788603490925,0.5866794249671398,-0.006354805352090837,-0.0029496229745248665,-0.0020188481319356297,-0.002150471555734913,2024-09-11,2024-11-07,739139.0,739196.0,1.8191729251608688,0.13408266928235676,0.5489360333031746,0.012666626351391784
2024-11-13,739202.7706580537,0.649127781143296,12.132405339774749,0.5672253154638554,-0.0012890039102183282,0.0008455911808103716,0.0002146916391190043,0.0008178825986391163,2024-09-18,2024-11-07,739146.0,739196.0,4.105975580454105,0.08155997327289935,0.5489360333031746,0.010302570046965234
2024-11-15,739204.7172227183,0.7239384665449798,8.532061881042736,0.5768211636781252,-0.0019926356285386313,-0.0011490281193626787,-0.00012800809650067175,0.0011418754513152507,2024-09-25,2024-11-07,739153.0,739196.0,2.417762886514994,0.14714479056453997,0.5489360333031746,0.006990872833996998
2024-11-20,739209.6339727402,0.9990786092357435,10.35687271142323,0.7230261568008852,-0.004093498952080313,-0.0011926276933579393,-0.0009109581037266247,0.0007697507052410353,2024-05-29,2024-11-07,739034.0,739196.0,4.2129082470802075,0.3311012465606626,0.5489360333031746,0.8925870224621711
2025-01-06,739256.6023248512,0.6301452567396219,4.410723991517018,0.5796370168126888,-0.006787277930739675,0.009375113807976778,0.005288737145092849,0.007740931360155055,2024-06-05,2024-11-07,739041.0,739196.0,0.890895299026053,0.10343079779121885,0.5489360333031746,1.070680690462242
2024-11-10,739199.7869387793,0.7617468514733112,5.804445289406969,0.6800654806689685,-0.010149745629981303,0.005785353118533229,0.0035827304449442686,-0.004542505175009887,2024-06-12,2024-11-07,739048.0,739196.0,3.4096944796903936,0.23023706058392765,0.5489360333031746,0.7125317852263783
2024-11-10,739199.5533568546,0.2796418530303209,3.434274696489751,0.8930965543747252,-0.14844430580105208,0.05123315563458943,0.030415962900365506,0.0412274840018361,2024-06-20,2024-11-07,739056.0,739196.0,2.0217044139403684,0.23592804984696275,0.5489360333031746,0.9764922035457589
2024-12-09,739228.2982667142,0.5439291294179801,8.972265791203782,1.0250364255569777,-0.051470017540026246,-0.01055870598254025,-0.010088280516678354,-0.0031165474876117595,2024-06-27,2024-11-07,739063.0,739196.0,2.331517878271334,0.29551790996628874,0.5489360333031746,0.9156264362353367
2024-11-29,739218.3886331974,0.46794310087998225,10.836641185290205,1.0473278979798568,-0.08081098231843702,0.014365962475739139,0.009688550625559676,-0.010607208144950878,2024-07-05,2024-11-07,739071.0,739196.0,3.2502401871645366,0.24290363463788728,0.5489360333031746,1.12108085507513
2024-11-17,739206.5722287376,0.9997080556123561,9.249715712557332,0.6745851830276711,-0.003283064686585942,-0.0016763150416095867,-0.0016192238099493337,0.00043375842587748607,2024-07-12,2024-11-07,739078.0,739196.0,3.677783726447822,0.21167453014034418,0.5489360333031746,0.688098053401746
2024-11-23,739212.8952328386,0.9280768018621026,2.839583196799282,0.7630263665190362,-0.007594626009780863,0.0039503533431206,0.003394586446328397,-0.00202041441142842,2024-07-19,2024-11-07,739085.0,739196.0,0.9147951311553885,0.6283473223229562,0.5489360333031746,0.5369887729115197
2024-12-14,739233.9199988685,0.6856764907198668,11.483356981020851,0.8524415818412158,-0.0173198163650494,-0.004400303803402534,-0.004377051418380994,0.0004517681297831224,2024-07-26,2024-11-07,739092.0,739196.0,2.412082403988721,0.23502335128002644,0.5489360333031746,0.8104479453824853
2024-11-15,739204.8656834506,0.8093249767342696,10.840165136859214,0.6588535017783367,-0.006209520641734341,-0.003240280308716694,-0.0032008541114721925,-0.0005039339600867521,2024-08-02,2024-11-07,739099.0,739196.0,4.278630226304619,0.143074599458293,0.5489360333031746,0.5883773516716856
2024-11-17,739206.267932502,0.6799283731489764,9.141081709277273,0.6215169608002273,-0.006306436449705127,0.0015826102103871406,0.00004870791270594075,0.0015818604923511636,2024-08-09,2024-11-07,739106.0,739196.0,3.3153378396336253,0.29639824914462576,0.5489360333031746,0.3290237786124433
2024-12-16,739235.6364780188,0.1306602482188737,2.4434949217116144,1.2452933933166428,-0.41087112040395746,0.020040233334961303,0.0032113736283769677,-0.019781254549159903,2024-08-16,2024-11-07,739113.0,739196.0,0.43924625176626053,1.0963137992936112,0.5489360333031746,0.0520929844237649
2024-11-28,739217.083038921,0.13155550261402563,5.0379105904195995,0.7371294341966914,-0.11239136009469715,0.0009182650795213014,0.0001412855670507653,0.0009073307802623064,2024-08-23,2024-11-07,739120.0,739196.0,1.2244398101457306,3.196122528921474,0.5489360333031746,0.04901336718070719
2024-11-20,739209.9518372966,0.5772631464967936,12.505336684197873,0.5906610144407894,-0.004701753114402463,0.0010351971449000007,0.0007821488828230141,0.0006781417653469102,2024-08-28,2024-11-07,739125.0,739196.0,3.5953987274171357,0.20965981526073035,0.5489360333031746,0.0380675486252094
2024-11-25,739214.9788950183,0.5306094181803641,4.415116933618903,0.6093653815719038,-0.007898853960960676,0.0009879982792191373,0.0005990146262451569,-0.00078569846460608,2024-09-05,2024-11-07,739133.0,739196.0,1.0281264271337989,0.9608169152587199,0.5489360333031746,0.03600729436736927
2024-12-04,739223.7100297651,0.8420255575397653,14.063149632275865,0.557719536857912,-5.612937786284606e-6,0.00019700418046862618,0.0001017205740242915,0.00016871150506792256,2024-09-12,2024-11-07,739140.0,739196.0,2.4744960340995434,0.001705915292354284,0.5489360333031746,0.015283704758972656
2024-11-28,739217.8471402372,0.8170519164154282,7.051616773700032,0.5803833455571988,-0.001169924213718197,0.0006236919941233517,0.00021635423116660938,-0.0005849637169858215,2024-09-19,2024-11-07,739147.0,739196.0,1.3203345717083728,0.2173444281306052,0.5489360333031746,0.008185964457252597
2024-11-27,739216.8843711368,0.918976182452663,3.443576533731843,0.3746013660071243,0.007456527349315707,-0.003126789040270425,-0.0011604346635237274,-0.0029034808582196338,2024-09-26,2024-11-07,739154.0,739196.0,0.6041271157216922,0.6364034863529836,0.5489360333031746,0.0032941781057708353
2024-12-25,739244.8493824569,0.7511243170082746,8.854561129192302,0.9051135136275092,-0.014161471828654994,-0.0034755876108335595,-0.0024450381078092148,-0.002470121027792052,2024-05-30,2024-11-08,739035.0,739197.0,2.083334958652511,0.34564074606618195,0.5732053619160681,0.8457655333072909
2025-01-08,739258.7865769822,0.6050227610377702,9.538776666990387,1.0906696453819722,-0.03636495666401477,-0.006610921765931449,-0.0020946163292729397,0.006270316501454238,2024-06-06,2024-11-08,739042.0,739197.0,1.9056149818606036,0.34889929276903275,0.5732053619160681,0.9082818589400722
2024-11-21,739210.0534882342,0.6319956199301172,3.12630171192804,0.6721552491947108,-0.014643401672547594,0.009513338331350442,0.009096195490930723,-0.002786186246020388,2024-06-13,2024-11-08,739049.0,739197.0,1.2502256360265736,0.3111660544532427,0.5732053619160681,1.0057565708985081
2024-11-27,739216.9732459695,0.7539210478275453,6.956529814238729,0.7647696314961355,-0.011896027991892962,0.0050617385177950105,0.0035602258173860436,-0.0035980534948423857,2024-06-21,2024-11-08,739057.0,739197.0,2.303584097392865,0.25470383750722236,0.5732053619160681,0.7018555672074537
2024-11-17,739206.5277804332,0.04698201670565806,2.491404460804286,5.08422444295737,-3.879189485287598,-0.15656352856518047,-0.13537163788556447,-0.07865531217253977,2024-06-28,2024-11-08,739064.0,739197.0,1.072713727422854,0.46723762796229973,0.5732053619160681,0.9229316311466349
2024-12-14,739233.5251397443,0.8612829099386625,4.68324014801151,0.8322702845144813,-0.008122360114534728,-0.002823432338697509,-0.0016163173055868559,0.0023150137232559407,2024-07-08,2024-11-08,739074.0,739197.0,1.0988114728871805,0.5290591836527757,0.5732053619160681,0.5709851441841908
2024-12-26,739245.486618954,0.22291743645737921,7.861740549693689,1.840331974309015,-0.49769435445046073,0.04228911906944846,0.018219557383860364,-0.03816303604806892,2024-07-15,2024-11-08,739081.0,739197.0,1.528435145937985,0.3337024604120797,0.5732053619160681,1.0057908450969175
2024-12-27,739246.2372107746,0.4393564853378408,4.95107172626758,1.675011778144952,-0.16673577187693533,-0.025159885710327717,-0.00983912281586291,-0.023156241300589325,2024-07-22,2024-11-08,739088.0,739197.0,0.9199325748091837,0.588082077247879,0.5732053619160681,0.5234944469866893
2024-12-10,739229.0268613809,0.6302233403729979,10.538451781284504,0.8299360814025952,-0.021546565720184797,-0.0057414291968378665,-0.0026033814927496437,-0.005117266264863589,2024-07-29,2024-11-08,739095.0,739197.0,2.4009203894795936,0.2244273158822557,0.5732053619160681,0.7987432077413479
2024-12-16,739235.8221272854,0.48883919686500665,7.976693988146666,0.8388969699002286,-0.03899227114640125,0.00859492716266809,0.0019474384088640521,-0.00837139513911814,2024-08-05,2024-11-08,739102.0,739197.0,1.571070550117408,0.2780221655061824,0.5732053619160681,0.6582807990587953
2024-12-10,739229.3912212307,0.27764431706183773,10.543591628850704,0.7489945409880189,-0.063901721521611,-0.0050946921816884426,-0.004544580985873261,0.002302753154160594,2024-08-12,2024-11-08,739109.0,739197.0,2.203062680464046,0.33028954058034443,0.5732053619160681,0.1819067927137389
2024-11-21,739210.7163318222,0.6783177481067874,7.9518830058740155,0.5807067324364767,-0.0023083062436697753,0.001072029372213953,0.0008283635886414038,0.0006804856647296675,2024-08-19,2024-11-08,739116.0,739197.0,2.4454821171518852,0.1836749542621465,0.5732053619160681,0.04672302025002579
2024-12-10,739229.4139937498,0.6624631810497114,9.233527852506537,0.5878086440945405,-0.002400134718622189,-0.0006624232958532353,-0.00048352293764005876,0.0004527805115781716,2024-08-23,2024-11-08,739120.0,739197.0,1.7877930482146303,0.25995256326447996,0.5732053619160681,0.04477553810243217
2024-11-20,739209.485516449,0.40932098916300486,3.555400365306983,0.6193536511444246,-0.01586543176778816,0.002056420722699676,0.0009895002575573161,0.0018027078046768039,2024-08-29,2024-11-08,739126.0,739197.0,1.0751919086839017,0.8882095252517282,0.5732053619160681,0.03927427143690701
2024-12-05,739224.270728959,0.29343682561275647,13.46298230415517,0.6160134612605417,-0.019499469499743148,0.0022817188373011636,0.002196065466818566,0.0006193038978901457,2024-09-06,2024-11-08,739134.0,739197.0,2.5648106762145115,0.1862661805053214,0.5732053619160681,0.030403915008755097
2024-11-15,739204.297420668,0.6318726544106775,13.626198200597555,0.5649551446450466,-0.0009282545521140032,0.0010223897207170052,0.0007685364468734756,0.0006742643923972921,2024-09-13,2024-11-08,739141.0,739197.0,4.685043730792747,0.04210226615567986,0.5732053619160681,0.011935673123203353
2024-11-23,739212.8290444124,0.4689278848995363,10.930554452740019,0.5868189279179838,-0.006178038423845867,0.00175205701967972,0.0016051883428953063,-0.0007021924124070291,2024-09-20,2024-11-08,739148.0,739197.0,2.4527475808086443,0.15127467756417212,0.5732053619160681,0.009846146190272215
2024-11-18,739207.4025347811,0.9268740576901768,12.632810877275572,0.5733804093183512,-0.0008139886550490145,0.000577215549728499,0.00002526751519899377,-0.0005766622438863529,2024-09-27,2024-11-08,739155.0,739197.0,3.250908554221263,0.10346681064525116,0.5732053619160681,0.007117784382081846
