tc_d,tc,m,w,a,b,c,c1,c2,t1_d,t2_d,t1,t2,O,D,p2,best_cost
2024-05-09,739014.0317091424,0.554770391568615,8.289573784829464,0.14019500650067754,-0.004530782703446706,0.002885814994754018,0.0003048532726215315,0.0028696676926290737,2023-11-13,2024-05-06,738836.0,739011.0,5.373399919106955,0.1050717150479921,0.07558268116600708,0.09388158442371915
2024-05-16,739021.9085927797,0.01142776414424729,4.809723856134325,3.5320198688826863,-3.282165929379015,-0.027496678620430325,-0.017955329891989138,-0.02082482805751518,2023-11-20,2024-05-06,738843.0,739011.0,2.141327423132475,0.28360992243430594,0.07558268116600708,0.13353191301509898
2024-07-13,739079.8569880235,0.49784832044872995,14.56709892754098,0.19598924492706146,-0.008836274240921179,0.002165000262489639,0.002153148687159865,0.00022622304825537363,2023-11-28,2024-05-06,738851.0,739011.0,2.784581442255793,0.1394874739446727,0.07558268116600708,0.11351478572284007
2024-05-19,739024.0757171329,0.48288243678662235,2.7499938552213976,0.16394511388508418,-0.008851565525049036,0.0008820309652808146,0.0008690535636802886,-0.00015074656602654746,2023-12-05,2024-05-06,738858.0,739011.0,1.1124331319276026,1.7621624509290281,0.07558268116600708,0.14490689994887232
2024-05-13,739018.79376892,0.7347261646282858,14.467919396438715,0.12156627180533269,-0.0009407304251095791,0.0012213075715716039,0.0012177548817254107,-0.00009308723012346598,2023-12-12,2024-05-06,738865.0,739011.0,6.867138252448204,0.039116461925452296,0.07558268116600708,0.0794764881215112
2024-05-26,739031.8754126412,0.9455996500716835,2.0320183284704667,0.11228326572834302,0.000024382355110500302,0.00029333735769466,0.0002922051948976818,-0.000025747417231495192,2023-12-19,2024-05-06,738872.0,739011.0,0.6583968237830722,0.0386801329736184,0.07558268116600708,0.11568091894246538
2024-06-11,739047.1338288499,0.7524400938005442,6.374881328003532,0.14404337382002216,-0.001391968827848624,0.0009062101945488671,0.0004581173632890436,0.0007818857961092463,2023-12-27,2024-05-06,738880.0,739011.0,1.5539168212555192,0.18130107971336337,0.07558268116600708,0.06706278782350521
2024-06-14,739050.7528240281,0.6190080223870477,2.0525949319838035,-0.6806370419389699,0.05729716848929443,0.020947194143905546,0.012897941695161706,0.016505394346415358,2024-01-04,2024-05-06,738888.0,739011.0,0.46047325298930275,0.8248981468243011,0.07558268116600708,0.039150616264627076
2024-06-08,739044.440099696,0.8286979361143825,3.932884506852064,0.03585519490194492,0.002221743741705356,-0.0015071149443268627,-0.001391049435364878,0.0005799801063695344,2024-01-11,2024-05-06,738895.0,739011.0,0.937116752020601,0.3106223159269769,0.07558268116600708,0.03704202214138706
2024-05-08,739013.5034361663,0.3510135685901437,9.316864135289858,0.14018127624894827,-0.010156565421825244,0.004566213740115273,0.004431605293364852,0.0011005373434091782,2024-01-19,2024-05-06,738903.0,739011.0,5.616025180369719,0.08380014614637057,0.07558268116600708,0.05515945057011793
2024-05-28,739033.4528532727,0.9362406920082977,12.798916479017715,0.13560379416765456,-0.000657026629521796,0.0003034583484343446,0.0002662758945489347,-0.00014554764586438587,2024-01-26,2024-05-06,738910.0,739011.0,3.471966044134455,0.15837921649300304,0.07558268116600708,0.04572396905368577
2024-06-13,739049.7467246647,0.956594089202639,8.13507032106758,0.16047485028186387,-0.0008642863344632577,-0.00018065940525993128,-0.0001806548508148821,1.2828039307611683e-6,2024-02-02,2024-05-06,738917.0,739011.0,1.5943345200274133,0.5625530086407368,0.07558268116600708,0.0364375890533819
2024-06-02,739038.0818869988,0.44835430174910884,10.538360005791937,0.22071700547264458,-0.01872034632591186,-0.0023109653036554817,-0.0018579068311273688,-0.001374315408321442,2024-02-09,2024-05-06,738924.0,739011.0,2.4119458997635017,0.34464244617766826,0.07558268116600708,0.03252807775426028
2024-06-14,739050.9342692989,0.6752497070115658,14.212301423954406,0.17284491070609176,-0.003647497357155332,-0.00048122592810746236,-0.00046018076705082664,-0.00014075530369901294,2024-02-16,2024-05-06,738931.0,739011.0,2.4874956013365845,0.3601189389028536,0.07558268116600708,0.024142091833952047
2024-05-23,739028.24006202,0.9281867343184167,12.176548955180609,0.13972358386548844,-0.0008334831021035595,-0.000043717409988468226,-0.000023789213366961217,-0.00003667813058869025,2024-02-26,2024-05-06,738941.0,739011.0,3.142258884900648,1.453294108352611,0.07558268116600708,0.025804524257720243
2024-06-01,739037.5724674864,0.7804592663975067,6.423353959646316,0.10846609607615201,0.00035637168796270045,0.001187897925302712,0.0011878951454101256,2.569912361291607e-6,2024-03-04,2024-05-06,738948.0,739011.0,1.2422810813591747,0.036451252620455614,0.07558268116600708,0.010743266882430396
2024-05-30,739035.5648441281,0.4261984312471053,6.156601490534061,0.13296901153968196,-0.0034459860345762336,0.005036997228953526,0.0021860137102071068,-0.004537916387867021,2024-03-11,2024-05-06,738955.0,739011.0,1.1638172021407391,0.04736009935659285,0.07558268116600708,0.01076335917057735
2024-05-16,739021.3489829977,0.8373078683596309,3.499205310417378,0.12410660081413119,-0.0009572229499241463,0.0017579292357512107,0.0017452406272248065,-0.00021083251882193164,2024-03-18,2024-05-06,738962.0,739011.0,0.9726795086833917,0.1302949133048208,0.07558268116600708,0.009501154340734633
2024-07-30,739096.1941824611,0.8442371463822425,6.920348220487313,0.2056326756423975,-0.0016506401275046937,0.00030446286677322825,0.00006340030250942948,-0.00029778858085139075,2023-11-14,2024-05-07,738837.0,739012.0,1.238479671170566,0.6613853572106863,0.07174390485884131,0.1372825876856451
2024-07-07,739073.554316491,0.18832181094958372,11.82943111287958,0.3782931754550637,-0.11406013455676878,-0.012601240813806688,-0.008010764457835919,-0.009727225855742235,2023-11-21,2024-05-07,738844.0,739012.0,2.478063187092198,0.14409779348805973,0.07174390485884131,0.1037331752824169
2024-07-13,739079.7953156421,0.7004166837970146,6.680044270652673,0.20286782140907803,-0.0036244614658658093,-0.0006272447639081619,-0.0006267883038451093,0.00002392521709779598,2023-11-29,2024-05-07,738852.0,739012.0,1.2885039281843407,0.6058757688996633,0.07174390485884131,0.13726033387472955
2024-05-20,739025.7825072889,0.1221503870241836,13.400904992084493,0.25501084274056274,-0.09411010157338975,-0.019832759520152825,-0.006036523830938192,0.01889176355512443,2023-12-06,2024-05-07,738859.0,739012.0,5.317740332604883,0.04325275899782641,0.07174390485884131,0.09111495110155876
2024-07-05,739071.9952931082,0.05126234977426326,12.879956893225648,0.7711021891400703,-0.5272423778039168,-0.01427532131822038,-0.014077227125767021,0.002369910375521909,2023-12-13,2024-05-07,738866.0,739012.0,2.5287412823137356,0.14699701561288686,0.07174390485884131,0.11683934030645947
2024-05-21,739026.394498032,0.46819375540936436,5.154847090280681,0.16278392685373272,-0.008960935847200641,0.003292825558903351,0.0032881448561360395,0.0001755094482735067,2023-12-20,2024-05-07,738873.0,739012.0,1.9412492739060496,0.2471692693639784,0.07174390485884131,0.091975078999722
2024-05-08,739013.455115862,0.09865326803740107,2.1362352049962454,-0.006444093553607677,0.08481063867546275,0.023766703448743022,0.02296509526643434,-0.006120505879752786,2023-12-28,2024-05-07,738881.0,739012.0,1.5337595074173,0.16479491054870385,0.07174390485884131,0.08122351120820978
2024-06-18,739054.0999878858,0.07632348970875814,3.908006385645187,-1.4409799862464456,1.1039135325705653,-0.052396317824016395,-0.052376174452531586,-0.0014527461007746456,2024-01-05,2024-05-07,738889.0,739012.0,0.8499360454141941,0.4114691164378128,0.07174390485884131,0.041048315326067945
2024-05-25,739030.7324646836,0.8800128705005628,9.371751567900661,0.1217626254375635,-0.0004731453731343847,-0.0003352274931674988,-0.00013082051062314888,0.00030864780280388213,2024-01-12,2024-05-07,738896.0,739012.0,2.942898217527327,0.13253275456799973,0.07174390485884131,0.0648202195733672
2024-05-17,739022.5745470691,0.6595658442667819,7.460723311544706,0.13249277428997244,-0.0022041432183871044,-0.0005972370672062479,-0.0002444408200089776,-0.0005449227467801824,2024-01-22,2024-05-07,738906.0,739012.0,2.849882641698791,0.3262648438183464,0.07174390485884131,0.06317382562435474
2024-06-05,739041.7834292725,0.8959269087908839,5.2706448670631785,0.11130684268888101,-0.000047618953327261314,-0.0006509353793989717,-0.00044412873897438745,0.00047588499805131866,2024-01-29,2024-05-07,738913.0,739012.0,1.2282261783405364,0.012435143302907296,0.07174390485884131,0.03385006274548694
2024-05-08,739013.3780681647,0.8634149037105943,3.642202553801698,0.11559769653711428,-0.00025878341599676677,0.0009741122748531757,0.0009696259536837384,-0.00009338219296273547,2024-02-05,2024-05-07,738920.0,739012.0,2.4438927108351955,0.06297713097177637,0.07174390485884131,0.032441285172640416
2024-05-21,739026.6744203044,0.20177877218397838,8.612876377156333,0.2597278015355034,-0.07284579813116988,0.005495905222115545,0.0051248340008632496,0.0019852079674615684,2024-02-12,2024-05-07,738927.0,739012.0,2.626148274261295,0.3105221129639122,0.07174390485884131,0.038467758949864615
2024-06-03,739039.9891791106,0.3625464268511796,13.333618600210283,0.1845571884542835,-0.017799478504948542,-0.001672102547034361,-0.0015516255837261972,-0.0006232054041206117,2024-02-20,2024-05-07,738935.0,739012.0,2.8055145790541633,0.2894409473214137,0.07174390485884131,0.028639535128922197
2024-06-03,739039.1913663755,0.20121531619609573,7.466708015606467,0.14805361509692266,-0.015360334876882797,-0.011823308795148006,-0.0012461252269477246,-0.011757457326488098,2024-02-27,2024-05-07,738942.0,739012.0,1.5137164665525702,0.035010113476875236,0.07174390485884131,0.015104130358375083
2024-06-04,739040.7590873643,0.3786367729054875,10.420992151330516,0.11404090716396362,-0.0004630770428619603,-0.004957246631331032,-0.00036613142997327395,-0.0049437073072572425,2024-03-05,2024-05-07,738949.0,739012.0,1.924273618291494,0.0033941141646092253,0.07174390485884131,0.01908374789408464
2024-05-31,739036.5252232513,0.040870661086649836,10.77803396243908,-0.08010349305685288,0.1648043187564565,0.020608914942050888,0.008663789456467307,-0.018699361682760575,2024-03-12,2024-05-07,738956.0,739012.0,2.0393578935393757,0.03032393634481252,0.07174390485884131,0.01794514330193748
2024-05-07,739012.2765462033,0.8570393723634249,3.001257880821285,0.10213674621618005,0.00044083726609779215,-0.002194798640916175,-0.002175123095333847,-0.00029322447768355636,2024-03-19,2024-05-07,738963.0,739012.0,2.47565453279021,0.057356293471227136,0.07174390485884131,0.008250013040158799
2024-08-03,739100.0098987616,0.27023598956792877,13.83160190869313,0.3485315636671288,-0.06500149518790135,-0.00880258291199708,-0.006643914890255877,-0.005774414329922928,2023-11-15,2024-05-08,738838.0,739013.0,2.4267006904565958,0.14427262322757142,0.09643651744921268,0.09294601496029606
2024-07-25,739091.2129175515,0.3526188094492873,7.12931346823993,0.31373581025840036,-0.03861332278994825,0.0026985202461857864,0.0022943864095088997,-0.0014204937602592478,2023-11-22,2024-05-08,738845.0,739013.0,1.301191095657436,0.7077326947647453,0.09643651744921268,0.14962945602858996
2024-06-23,739059.2920688038,0.5505549258731205,11.615772304396817,0.16589394181667996,-0.0053346417453334445,-0.0019701717286055406,-0.0009724343885334905,0.001713460825403966,2023-11-30,2024-05-08,738853.0,739013.0,2.7625650150126964,0.12833754838150038,0.09643651744921268,0.11033222533429946
2024-05-28,739033.7801271891,0.498402951031531,6.970386680787129,0.17024111361136457,-0.008649127224750489,-0.0035060794419284587,-0.0025833696796303254,0.0023703995763330876,2023-12-07,2024-05-08,738860.0,739013.0,2.356076256255001,0.17639012464113477,0.09643651744921268,0.09688942815317923
2024-06-18,739054.5606852703,0.6713125880630512,8.89719801453687,0.16695504426911736,-0.0031745328751677953,0.001448128077505405,0.001167431146584065,0.0008568427200162906,2023-12-14,2024-05-08,738867.0,739013.0,2.1338878700271744,0.16540338359411913,0.09643651744921268,0.0825224206788074
2024-06-13,739049.6492638085,0.6625615765525025,7.798396610267242,0.1629215296758998,-0.003199677999567627,0.0014794340039980525,0.0003399550624658193,0.0014398456610656466,2023-12-21,2024-05-08,738874.0,739013.0,1.9450062888730268,0.18375180188282184,0.09643651744921268,0.07699042176530833
2024-06-07,739043.1543903475,0.367453734030268,10.32165384004635,0.13372855354316418,-0.006038783663838082,0.0028685775066777516,0.0008112352507663457,0.002751478562469933,2023-12-29,2024-05-08,738882.0,739013.0,2.753289073962018,0.07494389453924567,0.09643651744921268,0.08914608869629256
2024-06-03,739039.0526572978,0.5970548949919573,7.069644509471477,0.1339699971492964,-0.00230986784955398,-0.001977287490522988,-0.0015185615147212269,-0.0012663477982711813,2024-01-08,2024-05-08,738892.0,739013.0,1.94729709326241,0.0986583850874979,0.09643651744921268,0.05322109890276857
2024-05-16,739021.465465111,0.47638972112304556,14.61740629878515,0.13428101866529338,-0.005063535603818384,0.0028266682106695756,0.0027004109469219023,0.0008353645257935576,2024-01-16,2024-05-08,738900.0,739013.0,6.1967670049033785,0.058380941834722,0.09643651744921268,0.05540755992377916
2024-06-13,739049.792437103,0.6854272931836222,12.459513687195251,0.14078521545745162,-0.0018975178920649818,0.0004588769924773162,0.00045471223378461213,-0.00006168369858913386,2024-01-23,2024-05-08,738907.0,739013.0,2.6891366242347057,0.2274834984308073,0.09643651744921268,0.06181505516015149
2024-06-26,739062.1960730663,0.26461518631836506,8.739570679505086,0.2734287281892905,-0.05158606727667549,0.0064782013464587535,0.004944619226124568,0.004185431088179483,2024-01-30,2024-05-08,738914.0,739013.0,1.5338271870653168,0.24110301651332378,0.09643651744921268,0.039308063233855765
2024-05-29,739034.1449558593,0.1892001720780026,8.180085880875396,0.3038333816973695,-0.09522914720665812,0.0013375833161807132,0.0012751308192841073,-0.00040394371072815914,2024-02-06,2024-05-08,738921.0,739013.0,2.1836375907505237,1.6466932900530675,0.09643651744921268,0.04866171439896869
2024-05-08,739013.1530585,0.5785151664363638,6.418524331915319,0.13279928759173604,-0.003941509582502566,-0.0003170101448760514,-0.00010917132318148068,0.00029761897478006974,2024-02-13,2024-05-08,738928.0,739013.0,6.457547252982426,1.1206473879259953,0.09643651744921268,0.04026238863160227
2024-05-29,739034.1823614427,0.8404791770611055,4.9797153500610225,0.09465139742107591,0.0007056470119774893,0.0010351737213632048,0.0010346952292876327,0.00003147087368280929,2024-02-21,2024-05-08,738936.0,739013.0,1.2154947974367238,0.11505267171018918,0.09643651744921268,0.013356203829729652
2024-05-08,739013.0783410786,0.7864209609241513,6.934019247570042,0.1175069683294492,-0.0005057643009407298,0.00078809489741843,0.0006223412667105343,-0.0004835130971195022,2024-02-28,2024-05-08,738943.0,739013.0,7.500280766797354,0.07278463252399427,0.09643651744921268,0.026580071948274754
2024-05-09,739014.5954602043,0.374673333092628,5.700272119151585,0.09294458426316377,0.006398797106445184,0.008138760198968885,0.007243167575834492,0.0037115954850575946,2024-03-06,2024-05-08,738950.0,739013.0,3.3576288072562086,0.05167699867187959,0.09643651744921268,0.014654432016713173
2024-05-24,739029.5167897741,0.7399412375466236,13.430122876669104,0.11736755656637768,-0.000286748430874678,-0.0006490168581599673,-0.0006330800404007942,-0.00014294245213359094,2024-03-13,2024-05-08,738957.0,739013.0,3.1622607512112726,0.024342339643719697,0.09643651744921268,0.025919796898398587
2024-05-27,739032.5500705555,0.8707626409105378,12.644821455449641,0.09078043250879998,0.001033290011255762,0.0007043453156710856,0.00009869213051311221,-0.0006973967214452503,2024-03-20,2024-05-08,738964.0,739013.0,2.5248356329713317,0.10102379684151332,0.09643651744921268,0.01566174278568018
2024-06-20,739056.1804105064,0.13420834017741615,3.675227153890553,0.5558996407864746,-0.2504478844952613,0.010807338227168405,0.004211866821132367,-0.009952825600675412,2023-11-16,2024-05-09,738839.0,739014.0,0.9585681217457941,0.8462407661870284,0.09267711452530708,0.15731088494075107
2024-05-29,739034.1744795396,0.23508552401324417,9.88958732783709,0.22155026731145305,-0.04569766271758273,-0.008813920755255063,-0.0035123540875506925,-0.008083846104644863,2023-11-24,2024-05-09,738847.0,739014.0,3.506226419493621,0.12324592362105785,0.09267711452530708,0.12901441756059492
2024-05-31,739036.7209053795,0.7576989157897731,13.203364840432778,0.12692829586789992,-0.0009983049289154957,-0.0010955320024488794,-0.000506112741747739,0.000971617342903181,2023-12-01,2024-05-09,738854.0,739014.0,4.380694798165083,0.05229379842814673,0.09267711452530708,0.07151615618636398
2024-06-07,739043.4020034472,0.526030928017935,8.994909754682737,0.1572331323687414,-0.005815686507695729,0.0025529515099090524,0.002422247747797552,0.0008063977059966107,2023-12-08,2024-05-09,738861.0,739014.0,2.6128565272317994,0.1332210618195544,0.09267711452530708,0.10246622551564485
2024-06-21,739057.7595412801,0.46399057795634635,12.834955570434738,0.1657341044626786,-0.007836211724290902,-0.0025142099316620837,-0.0012607411751349169,0.0021752662526200524,2023-12-15,2024-05-09,738868.0,739014.0,2.9968073953668095,0.11267288533836259,0.09267711452530708,0.10547762302458567
2024-05-17,739022.7460786955,0.7229946857742183,8.629898062833158,0.12523002087868562,-0.0012723964986568,-0.0010213227532137562,-0.000740961630279813,-0.0007029054194450411,2023-12-22,2024-05-09,738875.0,739014.0,3.8827073292980026,0.10437317561827623,0.09267711452530708,0.08907073109504168
2024-05-22,739027.4724042205,0.33103994128440567,4.737564881799496,0.11853148584762017,-0.0027970788989465072,0.008274432689110458,0.0037648587332496553,-0.007368315617920662,2024-01-02,2024-05-09,738886.0,739014.0,1.773017907419878,0.023620642962020332,0.09267711452530708,0.052319767797592925
2024-06-24,739060.0461755565,0.4916144411070643,9.656387998724945,0.15438976352247744,-0.0055568566647189194,0.0023591577664622714,0.0005571825922898826,-0.0022924163945296627,2024-01-09,2024-05-09,738893.0,739014.0,1.9804395116834173,0.119917380695647,0.09267711452530708,0.058963411352262726
2024-07-03,739069.741583801,0.9783009914621799,4.008583263606928,-0.08995955487571501,0.002331521712920825,-0.0010453247496143808,-0.0005057024807243037,-0.0009148600074031291,2024-01-17,2024-05-09,738901.0,739014.0,0.7066599252409168,0.5443394572946256,0.09267711452530708,0.03722184007144179
2024-06-08,739044.3631716252,0.07649173106799713,2.557711423236914,-1.8143295014212377,1.3858019900905747,-0.07271678484316382,-0.07257786136963629,0.004492753825532569,2024-01-24,2024-05-09,738908.0,739014.0,0.6114599312626057,0.5699404206579289,0.09267711452530708,0.044477006855406204
2024-06-04,739040.806202565,0.2061414175620327,6.303867324524049,0.22328992011341822,-0.05015456187143995,0.009844488211743394,0.008732397932735558,0.004545236462001771,2024-01-31,2024-05-09,738915.0,739014.0,1.5511985918479851,0.16660018977474456,0.09267711452530708,0.03879966806146879
2024-05-25,739030.7699168866,0.8887925491272777,12.091822800856548,0.14118516385556917,-0.0011322848390375032,-0.0002885259541120223,-0.00028750127395792103,0.000024294930928595412,2024-02-07,2024-05-09,738922.0,739014.0,3.598088127894255,0.28845590737055243,0.09267711452530708,0.03898879601008134
2024-05-24,739029.537881743,0.7615260178563255,12.414919391870269,0.13642062903253585,-0.001604582056171279,-0.00012188877748475612,-0.00004271132254715215,-0.0001141604879238063,2024-02-14,2024-05-09,738929.0,739014.0,3.6894984538146756,0.8074935308700321,0.09267711452530708,0.03431510782550625
2024-06-01,739037.3855532408,0.02068416727897993,12.038072604845041,1.146475613547461,-0.9588225632105029,-0.009790255555034948,-0.00684661767609609,-0.006998066177899524,2024-02-22,2024-05-09,738937.0,739014.0,2.7913017661693833,0.16827720891242606,0.09267711452530708,0.02940983477706092
2024-05-17,739022.5592433785,0.9741099658130172,13.335758447470356,0.12343451745644583,-0.00042286839983571317,-0.000050869275839688334,-7.69191290810071e-6,0.00005028436834910519,2024-02-29,2024-05-09,738944.0,739014.0,4.705138844004327,0.6072114372558433,0.09267711452530708,0.0297570304661835
2024-05-10,739015.6543288188,0.5855710903717449,7.4862007300445175,0.11062229108192333,0.00025277803387940297,0.0021379045653948598,0.0004715049139455034,0.0020852623448529037,2024-03-07,2024-05-09,738951.0,739014.0,4.367508332762357,0.009248454760478527,0.09267711452530708,0.024852035994609528
2024-05-14,739019.9171414919,0.7173116959085529,8.458948492394203,0.10482737889355276,0.0008147419615200851,0.0013977674406268313,0.0008622750071806161,-0.0011001070993626712,2024-03-14,2024-05-09,738958.0,739014.0,3.160997630766769,0.049428416334315634,0.09267711452530708,0.02276710457045227
2024-05-26,739031.745306799,0.14351459137104675,2.3932683858397183,1.2198122649892809,-0.6799145445756654,-0.06591373963082563,-0.06265771923969465,-0.020460481221121655,2024-03-21,2024-05-09,738965.0,739014.0,0.504602846299705,0.618561711856776,0.09267711452530708,0.010543957669780125
2024-07-25,739091.090015915,0.8862752215549825,12.972056557680872,0.15634465395142708,-0.000727970275568988,0.00037595953998414473,0.00010774013403670084,-0.00036019111485827,2023-11-17,2024-05-10,738840.0,739015.0,2.46487498021181,0.1322916127852889,0.15119472142305865,0.08601084303256631
2024-06-18,739054.0287137855,0.9965417611993683,6.526462385479079,0.15819967856376194,-0.0006518232836813837,0.00028727908385351624,0.00004219859556173618,0.0002841628943974436,2023-11-27,2024-05-10,738850.0,739015.0,1.7180024951392252,0.3464523617978047,0.15119472142305865,0.10845682807552001
2024-06-07,739043.5098460217,0.9094572680585116,10.808781993703596,0.13392770505044146,-0.0005938122723303744,-0.000408035447688152,-0.00040254013341500377,-0.00006674104854062153,2023-12-04,2024-05-10,738857.0,739015.0,3.2310725480635014,0.12244944353193121,0.15119472142305865,0.09841205923592795
2024-06-13,739049.7577580882,0.9353378617986714,10.42550154428995,0.1363573735678147,-0.0005372589224173324,-0.0003569319766596921,-0.000057374196675520626,0.00035229055837196894,2023-12-11,2024-05-10,738864.0,739015.0,2.781004141279662,0.1350422723772031,0.15119472142305865,0.09771849835640956
2024-07-01,739067.0345520031,0.7942454161625578,11.511305603703217,0.14292386287286646,-0.001040860696092013,-0.0005709476083392412,-0.0002669018274605215,0.0005047222859816412,2023-12-18,2024-05-10,738871.0,739015.0,2.4300412875982076,0.12578431374437682,0.15119472142305865,0.09534982482129056
2024-06-18,739054.2642364482,0.7331537424875104,7.302823748527345,0.15248734899470368,-0.001808320988450064,0.000964354492197761,0.0008344692538631086,-0.0004833638908515491,2023-12-26,2024-05-10,738879.0,739015.0,1.738749155005046,0.18825349672249697,0.15119472142305865,0.07260243004092619
2024-06-16,739052.0435564511,0.44802437024877106,13.093158748959032,0.12229426314444862,-0.0024811915766260306,-0.0026656778747124097,-0.002470214886154745,-0.0010019365987679904,2024-01-03,2024-05-10,738887.0,739015.0,3.113497990902708,0.03185002923408403,0.15119472142305865,0.07870558526903026
2024-06-14,739050.1576845682,0.5573689644786025,13.956506950993754,0.13321590973537784,-0.002613748201708722,0.0017281957240074053,0.0008288804133280026,0.00151644904987892,2024-01-10,2024-05-10,738894.0,739015.0,3.3119306442984304,0.060399990060068194,0.15119472142305865,0.060373664617181313
2024-05-26,739031.7142096373,0.07499085464997558,11.314280518262445,0.32433266684992296,-0.163373009467102,0.014715713023880908,0.006877511409048888,-0.013009690489001673,2024-01-18,2024-05-10,738902.0,739015.0,3.6898167938769277,0.07358348629217766,0.15119472142305865,0.05668998817271919
2024-06-14,739050.7316558212,0.4317142868175118,7.511599899734455,0.17280952218120932,-0.01024919591207204,0.0037206185591302956,0.003453866884518711,0.0013834037756814922,2024-01-25,2024-05-10,738909.0,739015.0,1.6472890408407304,0.15832103496353508,0.15119472142305865,0.04368568086573232
2024-06-08,739044.5678352846,0.03908300893436479,5.318634416884773,0.7421598332770079,-0.5400629573655463,-0.021223751324869238,-0.020939423445738296,0.0034623931117009525,2024-02-01,2024-05-10,738916.0,739015.0,1.2441407479637303,0.18698643179825186,0.15119472142305865,0.03344523026163244
2024-06-01,739037.8248835775,0.42042146776387057,6.132982012060372,0.16492863034954655,-0.010629702003744957,0.0035526024837058885,0.0032215340045636948,-0.0014975657129732414,2024-02-08,2024-05-10,738923.0,739015.0,1.5769360387150984,0.2051103934159922,0.15119472142305865,0.03699531452342728
2024-05-26,739031.5702990843,0.7777129821451139,6.111802858140743,0.11698815080891876,-0.00025805521800948355,-0.0010476385196971265,-0.0000376560270328477,-0.001046961552102696,2024-02-15,2024-05-10,738930.0,739015.0,1.7636834327045632,0.03134376757839428,0.15119472142305865,0.020237317193546062
2024-05-27,739032.5995587124,0.6004067109911214,8.377278662959938,0.13062449317430952,-0.001955287405806405,0.0017588538830368371,0.000127118679737082,0.0017542542071021675,2024-02-23,2024-05-10,738938.0,739015.0,2.242291210397752,0.07967524669273064,0.15119472142305865,0.02372286872890088
2024-05-13,739018.6120087802,0.4697253425051523,2.3449630881856454,0.11740447479044636,-0.0030882816783933554,-0.006181155812812434,-0.00041621923588041596,0.006167126456458312,2024-03-01,2024-05-10,738945.0,739015.0,1.1250654432800766,0.1000818200056062,0.15119472142305865,0.01721598578467945
2024-05-12,739017.5929913939,0.2797983350003293,9.001887453805335,0.11338152418000841,-0.0005362793575944991,-0.004527452057268825,-0.00029628065389123006,0.004517747215703585,2024-03-08,2024-05-10,738952.0,739015.0,4.628545279333101,0.003681703134717149,0.15119472142305865,0.028253558579945968
2024-05-14,739019.7535194646,0.1972756739101041,14.635476926676759,0.10683802183887978,0.003466137423415798,-0.0004483126564822528,-0.00021741018307175258,-0.0003920676603073522,2024-03-15,2024-05-10,738959.0,739015.0,5.93493766510446,0.10421528820191682,0.15119472142305865,0.02740073200320383
2024-05-29,739034.4560985257,0.27938018726419905,13.015411422127869,0.01543506876598121,0.036974961785109,0.007824623645732469,0.007711372271693767,0.0013264512372146197,2024-03-22,2024-05-10,738966.0,739015.0,2.605972004052922,0.10143363268450106,0.15119472142305865,0.01221275670441618
2024-05-24,739029.1223249332,0.9827190174735587,7.299424076198563,0.13125917384946284,-0.00047058420539761875,-0.00032639154081647004,-0.0002572310958654739,-0.00020090694671015438,2023-11-20,2024-05-13,738843.0,739018.0,3.2731424769622546,0.19410611479065684,0.20310949228109362,0.10150345009058627
2024-05-20,739025.9589805296,0.6783684718728583,5.632401282398697,0.15597320913917787,-0.003485444461479901,-0.001668354115944667,-0.0005220023950298982,0.00158458794510515,2023-11-28,2024-05-13,738851.0,739018.0,2.7701763948762284,0.2516181682160646,0.20310949228109362,0.10794846607672974
2024-05-18,739023.0925092881,0.2653940511226885,13.591001226344316,0.1772700242038814,-0.025832833955734304,-0.010169030960141781,-0.008557424097085433,0.00549360387095244,2023-12-05,2024-05-13,738858.0,739018.0,7.5247654220983895,0.049605772255303146,0.20310949228109362,0.09982289245958349
2024-07-27,739093.4954520424,0.27860259675821913,8.342767795869229,0.3085381035326661,-0.05361699609153152,0.004027328959464049,0.003863296749871386,0.0011376804341162634,2023-12-12,2024-05-13,738865.0,739018.0,1.4704559502247239,0.44459070407231494,0.20310949228109362,0.1319398819890498
2024-06-07,739043.5598269397,0.649316245491463,10.7483238514814,0.14707648022337894,-0.002561422783152876,-0.0011790399546054984,-0.0011748787285846376,0.00009897064047222034,2023-12-19,2024-05-13,738872.0,739018.0,3.256921820549444,0.1312406192878928,0.20310949228109362,0.10593740226141486
2024-07-05,739071.0733911447,0.8989196498400258,14.927179497457034,0.13617058416536515,-0.0004666215504163844,-0.0002876338959282016,-0.000020788696778217916,0.00028688166231583863,2023-12-27,2024-05-13,738880.0,739018.0,3.0432727861881177,0.0976939900092121,0.20310949228109362,0.09513044902151485
2024-06-29,739065.0397879024,0.49234196143428666,5.101433278727084,0.03397599332924083,0.008258870720486264,-0.004400924243492426,-0.003900014526496664,0.0020391225784818306,2024-01-04,2024-05-13,738888.0,739018.0,1.0761008779476182,0.18111374705832628,0.20310949228109362,0.0641769560143468
2024-06-25,739061.2067373771,0.04350869640711986,7.2952270466282325,0.697308988772775,-0.483280052171313,0.024346701090951675,0.023364711895179715,0.006844858805511985,2024-01-11,2024-05-13,738895.0,739018.0,1.564237224888215,0.11838481620052366,0.20310949228109362,0.051935440382596385
2024-06-26,739062.9493993035,0.3037172615213449,2.31795071900836,-0.8055293723178393,0.2397771709359578,-0.04354411511594994,-0.03191106971880116,0.02962724406071061,2024-01-19,2024-05-13,738903.0,739018.0,0.468269090651124,0.7215121342204274,0.20310949228109362,0.06555071217922637
2024-06-19,739055.8910905112,0.5363731164304787,7.080310698208543,0.16219567790529393,-0.004979221410798235,0.002436522987763372,0.0011579596668305147,-0.0021437755665864636,2024-01-26,2024-05-13,738910.0,739018.0,1.5191786691645819,0.1548123531318752,0.20310949228109362,0.04595874843712468
2024-06-19,739055.4498783546,0.9742407383775049,5.727303821119978,0.13621220806762155,-0.00039808129612731185,0.00026577751670005614,0.00019353564785974003,-0.00018215828663763645,2024-02-02,2024-05-13,738917.0,739018.0,1.1918282681066026,0.25478250145526543,0.20310949228109362,0.04212870368475248
2024-05-23,739028.0493177208,0.8945997923650018,13.840151784977401,0.1456291454955182,-0.001219365398263592,-0.0002992742779982666,-0.00005112910397095114,-0.00029487439393496227,2024-02-09,2024-05-13,738924.0,739018.0,5.148570204524352,0.26336157767982876,0.20310949228109362,0.04275084593965596
2024-06-07,739043.2514970958,0.11984304120110559,7.640562740276495,0.2621030984481165,-0.09184069400510662,0.015732699473419258,0.014297101431982553,-0.006565875673855624,2024-02-16,2024-05-13,738931.0,739018.0,1.8141471260326751,0.09156286750123162,0.20310949228109362,0.02183770231405912
2024-06-17,739053.0585623902,0.13698648066340782,5.296724781310118,0.4906730319001162,-0.21486284211227547,-0.012841804909493208,-0.008600404262272744,-0.009536508787756902,2024-02-26,2024-05-13,738941.0,739018.0,0.9795673857514418,0.43271858569671506,0.20310949228109362,0.027574153298312407
2024-05-20,739025.8701078185,0.6615833808679051,5.203948438852105,0.11369844911788089,0.00029673515306189097,0.002103657505229699,0.002103212143437179,0.000043284858872687415,2024-03-04,2024-05-13,738948.0,739018.0,1.8982880751982094,0.017932695190276248,0.20310949228109362,0.024173290011155556
2024-06-03,739039.5915140943,0.5070308168809649,5.272187648460612,0.18581898804542862,-0.010461427659613163,-0.004456439921397439,-0.003383761237784016,0.002900002872187404,2024-03-11,2024-05-13,738955.0,739018.0,1.1458120272590322,0.2257596884385487,0.20310949228109362,0.019126684484432034
2024-05-26,739031.9961876955,0.8744861841652194,5.729748408219053,0.11744517448334472,-0.00007809545637567971,-0.0010072874150588215,-0.0009905655958372703,0.00018277783475967866,2024-03-18,2024-05-13,738962.0,739018.0,1.467873741194574,0.011832860897304438,0.20310949228109362,0.018895419305518652
2024-05-18,739023.825090733,0.7452966289120789,9.208043304642548,0.10103723116082482,0.0017198554124668714,-0.0015563248812722214,-0.0002826095660695304,0.0015304505771938503,2024-03-25,2024-05-13,738969.0,739018.0,3.285624552082811,0.08944446703275176,0.20310949228109362,0.021214479258932377
2024-08-01,739098.7387365006,0.6527993894892677,6.580441735715285,0.24225147377637704,-0.005653526708103757,-0.0007640264439377879,-0.0007633811220556616,0.000031395374265341056,2023-11-21,2024-05-14,738844.0,739019.0,1.2164325219803287,0.734067081951962,0.17921757085636342,0.15004004127998272
2024-07-05,739071.0910026979,0.7485940046212088,6.700588745785965,0.1899065370588363,-0.0026776228615161507,-0.0005861275402658947,-0.000575262700807841,0.00011233128912914872,2023-11-29,2024-05-14,738852.0,739019.0,1.5319239140606151,0.5103764895271345,0.17921757085636342,0.14120660408326632
2024-05-22,739027.6629466992,0.5430853442660234,12.062587951339083,0.1452284375136377,-0.00447102295284658,-0.0029177862286073764,-0.0009340384914503648,0.0027642446657884655,2023-12-06,2024-05-14,738859.0,739019.0,5.69965408721304,0.0689891857808332,0.17921757085636342,0.09331187770095924
2024-06-23,739059.4388673177,0.921108500281574,8.905859578130077,0.16331983099067676,-0.0008988676203327611,0.0004771458237732571,0.0002350623661660359,0.00041522743304926827,2023-12-13,2024-05-14,738866.0,739019.0,2.2184902815715497,0.19484064392010983,0.17921757085636342,0.08277477013445723
2024-05-22,739027.511167986,0.01106046877632161,4.630000191696416,2.0156292497168056,-1.8284343929027838,-0.021899922879090896,-0.008213146702325343,-0.02030149854952119,2023-12-20,2024-05-14,738873.0,739019.0,2.1361534985577237,0.1994478326946959,0.17921757085636342,0.1016593164806134
2024-06-19,739055.8992022993,0.12274413291040845,11.60178631363939,0.2897523321086732,-0.10555651079289506,-0.006114592980278116,-0.0047216571652275285,0.003885125600096083,2023-12-28,2024-05-14,738881.0,739019.0,2.873162155851539,0.18263892940688004,0.17921757085636342,0.11155662250574586
2024-05-27,739032.6828291503,0.3641606791403567,11.424482682468705,0.15412545525027288,-0.010637577842818787,0.0056302015627923705,0.00519700577890433,-0.002165710177217775,2024-01-05,2024-05-14,738889.0,739019.0,4.275584449446169,0.06022479283830829,0.17921757085636342,0.069713668182573
2024-06-16,739052.9127979438,0.1072113697366224,8.576207758404212,0.425747345188885,-0.20033778953442444,0.015491656488049125,0.00833747278244493,-0.013056721194300833,2024-01-12,2024-05-14,738896.0,739019.0,2.090957502422518,0.1616629764690781,0.17921757085636342,0.05835152227122622
2024-06-13,739049.0420642428,0.05757674554652416,8.914029404276485,0.7573572508485198,-0.510181944864796,0.012548078036739574,0.012364233814625,-0.0021400898563821574,2024-01-22,2024-05-14,738906.0,739019.0,2.21395686471583,0.2626158445407493,0.17921757085636342,0.06560691865660072
2024-07-02,739068.5076991171,0.07048757988591993,11.862928846119342,1.01872395059168,-0.6656228543850309,-0.009305133164001056,-0.006078226762723465,0.007045613005317885,2024-01-29,2024-05-14,738913.0,739019.0,2.160992677560549,0.4250365784657328,0.17921757085636342,0.056677715427754786
2024-06-26,739062.042889031,0.20573630759463063,5.608741431954211,0.42414681338857185,-0.12877994103745136,0.007649811023896921,0.007621498396335191,-0.0006575491586147474,2024-02-05,2024-05-14,738920.0,739019.0,1.0657740622370346,0.617508638196909,0.17921757085636342,0.04198548535045952
2024-06-25,739061.5024101357,0.5492917316944644,9.684963857887272,0.20602180438164006,-0.008621526254180924,-0.0014441712911739996,-0.0001747930474266862,-0.0014335543620046182,2024-02-12,2024-05-14,738927.0,739019.0,1.7757370576695348,0.3385871759458003,0.17921757085636342,0.040039295525163464
2024-05-16,739021.7045631148,0.6731353669025585,7.937610557315476,0.14622023123532396,-0.0031427721567939084,-0.000696357580475182,-0.0005577960749226266,-0.0004168661879862183,2024-02-20,2024-05-14,738935.0,739019.0,4.380610809989914,0.38273062195505514,0.17921757085636342,0.03679602751661737
2024-06-11,739047.1634808116,0.2751682762241337,4.3751242977706735,0.3818496196576298,-0.08926084667021,0.009907444792633578,0.009904459251302625,-0.00024320620544726818,2024-02-27,2024-05-14,738942.0,739019.0,0.917398116851047,0.566640103753693,0.17921757085636342,0.029574558115020775
2024-05-15,739020.506527817,0.7273349730753577,3.024041922576527,0.13066644387197474,-0.0016154227990786796,-0.0018390319969664069,-0.0006858299805705898,-0.0017063633621291787,2024-03-05,2024-05-14,738949.0,739019.0,1.857775061102758,0.2112727987725368,0.17921757085636342,0.02798264352486515
2024-06-06,739042.2294452577,0.8436768565394577,2.2256333296339803,0.6400397732741513,-0.023611664192489074,-0.009966058765701991,-0.009247363264593631,-0.0037159924615194954,2024-03-12,2024-05-14,738956.0,739019.0,0.4645924961930956,0.8981020211542713,0.17921757085636342,0.019483190031704508
2024-06-01,739037.7627002235,0.1416188639605194,10.350583130020462,0.20016768340228977,-0.04692996916420328,-0.009650198558809386,-0.0075944868541161625,-0.0059539987946844244,2024-03-19,2024-05-14,738963.0,739019.0,2.277371213795055,0.06653808661874018,0.17921757085636342,0.028998292169703517
2024-06-07,739043.4702482767,0.806038056966389,4.08588545876678,0.40441924523569733,-0.013836398449015776,-0.004591980609750824,-0.0008478377964685193,-0.004513031906734869,2024-03-26,2024-05-14,738970.0,739019.0,0.7149422225977301,0.5944185776275269,0.17921757085636342,0.01286249910270152
2024-05-17,739022.9079161398,0.2576928824258065,9.349799544784602,0.2003990400756714,-0.035736628778822506,0.010334860286886497,0.006006306596348945,0.008410328068519017,2023-11-22,2024-05-15,738845.0,739020.0,6.121652965705874,0.09530355355538452,0.17921757085636342,0.1125723001665308
2024-07-04,739070.767382622,0.8842462973604928,4.262296896665653,0.20869133419262878,-0.0017049018585446434,-0.0004207438082157327,-0.00040761068520935533,0.0001043018765652713,2023-11-30,2024-05-15,738853.0,739020.0,0.9878179489040421,0.8406422292554243,0.17921757085636342,0.14731108589834474
2024-05-24,739029.418148831,0.10837126878880479,10.488095454852672,0.37300285431884234,-0.17378341440437148,0.019131686525422475,0.013726504341574517,0.013326834127720203,2023-12-07,2024-05-15,738860.0,739020.0,4.823632733871556,0.09385828105381692,0.17921757085636342,0.10773853921445722
2024-07-06,739072.4004569902,0.4788088985506479,13.842635278856902,0.19860497550267342,-0.009917477357932733,-0.0017835860715835039,-0.0009450476636397413,0.0015126348495905226,2023-12-14,2024-05-15,738867.0,739020.0,3.0095689579664433,0.1923315723712043,0.17921757085636342,0.1274771105477677
2024-06-08,739044.5842684458,0.5598519835858949,5.924567165551391,0.1742942810384249,-0.005893455668271998,0.0020155456907255233,0.00048603841826507546,-0.0019560652052967482,2023-12-21,2024-05-15,738874.0,739020.0,1.8265597504173872,0.2763083231760435,0.17921757085636342,0.09979871008015995
2024-05-30,739035.8671333524,0.5983153362772814,10.641629620944599,0.13949160995681825,-0.0025549889019503935,-0.001397975059079154,-0.0011221311510127747,0.0008337601248165501,2023-12-29,2024-05-15,738882.0,739020.0,3.847741890100707,0.10275704113316665,0.17921757085636342,0.09858912284877691
2024-06-06,739042.4205127078,0.256912248558318,13.09226219113872,0.19461673948959335,-0.02918966404978213,-0.007967796826388084,-0.0062310590684417876,0.004965852308737081,2024-01-08,2024-05-15,738892.0,739020.0,3.966233142671447,0.07188875483925045,0.17921757085636342,0.07417914807201413
2024-07-05,739071.7174247103,0.7749692756895548,3.1212220992128836,-0.022714886052374872,0.004440672971272918,0.0021671869228461664,0.002117498673921353,-0.00046140928089576517,2024-01-16,2024-05-15,738900.0,739020.0,0.5961370740363778,0.5087591481014663,0.17921757085636342,0.0720281820938665
2024-06-04,739040.2384495419,0.7506439698668645,11.263600800736123,0.15041035648541948,-0.0018478170382203874,0.00031055905275091113,0.00020623434159759233,-0.0002321945770067656,2024-01-23,2024-05-15,738907.0,739020.0,3.3783641571700667,0.3965258676109181,0.17921757085636342,0.07552769863447882
2024-06-28,739064.6835760006,0.871530512444241,13.047477509024105,0.17598680709151188,-0.0013916898598426955,0.00009161151104670642,0.00008824109707015709,0.000024620677166071736,2024-01-30,2024-05-15,738914.0,739020.0,2.5242295358218354,1.0147252234369857,0.17921757085636342,0.06179621932365961
2024-06-23,739059.5047089504,0.36779214250500086,10.573096845394948,0.3071944021613708,-0.040411290567822576,0.0021163603514793563,0.0010838931431980637,0.0018177339715816632,2024-02-06,2024-05-15,738921.0,739020.0,2.1109970325037386,0.6642221285889158,0.17921757085636342,0.049882813822323666
2024-06-01,739037.6045194526,0.8006096016792774,8.681283695229347,0.1662154333830724,-0.002253318982871103,-0.0002087782772893577,-0.0001861105996348965,0.00009461085440609438,2024-02-13,2024-05-15,738928.0,739020.0,2.526690202849545,0.9953463110132186,0.17921757085636342,0.04572624538617726
2024-05-29,739034.612998632,0.2624439483068904,13.382219959638064,0.22713082936929943,-0.041463569112846335,0.001625503658599036,0.001519999641648369,0.0005760757185541506,2024-02-21,2024-05-15,738936.0,739020.0,4.066498022522196,0.5002500379127616,0.17921757085636342,0.04077900710611915
2024-05-31,739036.5473393089,0.46776907670818113,9.13272520914833,0.1717389513107849,-0.00901928054624038,0.002357210378406143,0.0009220963273662524,-0.0021693729810992168,2024-02-28,2024-05-15,738943.0,739020.0,2.5178459724640025,0.19597680311003565,0.17921757085636342,0.035813386893320275
2024-05-17,739022.6032211923,0.8064491265611373,4.666776069559935,0.12957064611840305,-0.0006388363987345699,-0.001046061110977849,-0.0005968584030385788,-0.0008590715305621813,2024-03-06,2024-05-15,738950.0,739020.0,2.4720332001403276,0.10553405112393482,0.17921757085636342,0.03130997318539241
2024-05-22,739027.9109703801,0.010023168460054467,6.11000106186322,2.137582869393217,-1.950233838275648,-0.011374564255747925,-0.007301370773924511,-0.00872185168584168,2024-03-13,2024-05-15,738957.0,739020.0,2.132723943472385,0.2812649806945868,0.17921757085636342,0.036384310684539116
2024-06-10,739046.3557419651,0.5115570310665501,9.043761238647441,0.1299260568156033,-0.0010933888786123624,0.003346865016202534,0.0020165260248531432,-0.0026711660801549517,2024-03-20,2024-05-15,738964.0,739020.0,1.6399513225503815,0.018479125934633894,0.17921757085636342,0.023147093005689675
2024-05-19,739024.4917318511,0.4879891304585847,4.0100688768966695,0.17061249838087517,-0.011575399283922438,-0.006990830684420719,-0.0025607862669230676,0.006504927928376801,2024-03-27,2024-05-15,738971.0,739020.0,1.58106088822953,0.20149557504899263,0.17921757085636342,0.022009143191528188
2024-05-24,739029.770198873,0.09801668036400393,2.585564926514796,0.4798240988784502,-0.25589405670999005,0.012057308401572604,0.003953799357874672,-0.011390617038962516,2023-11-24,2024-05-16,738847.0,739021.0,1.2496885782176317,0.8045524684938794,0.1809431968238333,0.16329574244906797
2024-07-27,739093.8116258103,0.15741221081281756,8.35528940327863,0.5755200467656708,-0.22053449405526174,0.007457328311236823,0.007455634386787234,0.00015893845390585825,2023-12-01,2024-05-16,738854.0,739021.0,1.5850753043277523,0.5571474991577003,0.1809431968238333,0.15167892992819115
2024-07-27,739093.3019526653,0.42428532359370663,4.6720572371422335,0.3718504689906014,-0.03387474617180016,0.0032836685662808534,0.002764735964843743,-0.0017716416956824236,2023-12-08,2024-05-16,738861.0,739021.0,0.8678980132345463,0.9368425096342755,0.1809431968238333,0.14728766395407583
2024-07-14,739080.9238792361,0.42288647829884607,3.037912719200429,0.39747856399831505,-0.03867809149127175,-0.0050383234788492805,-0.0042734037992288474,-0.0026688430913525754,2023-12-15,2024-05-16,738868.0,739021.0,0.613008652229444,1.0686303287468828,0.1809431968238333,0.13892709128465458
2024-06-17,739053.626220536,0.15857744463561077,13.315309807495545,0.3007701230398663,-0.09605792250834021,-0.0098654797037057,-0.00409759736243673,-0.00897426240086508,2023-12-22,2024-05-16,738875.0,739021.0,3.603015282625279,0.11595917633064962,0.1809431968238333,0.10972066255768183
2024-07-14,739080.2031805619,0.38386060338567807,3.164965617162858,-0.2013454794688488,0.0554380545233392,0.013453400306456169,0.013051682448033364,0.003263060692272328,2024-01-02,2024-05-16,738886.0,739021.0,0.5983838401871757,0.4997818285490576,0.1809431968238333,0.08784798870562359
2024-07-17,739083.5202182322,0.34928112210842827,14.816749059544769,0.21564038365124527,-0.020436456556291078,-0.0009661918280916511,-0.0002502097761101489,0.000933231866477991,2024-01-09,2024-05-16,738893.0,739021.0,2.6276217162098954,0.49861394948884813,0.1809431968238333,0.09888824195312022
2024-06-10,739046.3532905075,0.6599312165525705,10.039163197122772,0.16212338178159913,-0.0031490756427600616,0.0006253966679897354,0.0005727563199640866,-0.00025113978234015457,2024-01-17,2024-05-16,738901.0,739021.0,2.7901415642082736,0.3310005288682168,0.1809431968238333,0.08217266680950204
2024-05-23,739028.0609940094,0.1262792063152716,13.399808423200293,0.32844575866092546,-0.13564829131086503,-0.00920143589426477,-0.0028816718363702115,0.008738557658088368,2024-01-24,2024-05-16,738908.0,739021.0,6.042668446654006,0.1389287016622006,0.1809431968238333,0.06624445918711618
2024-05-16,739021.3834878979,0.5078871214865625,13.886228266689145,0.16424495679584583,-0.00861717438467814,-0.0015230625123604637,-0.0015225656581581589,0.00003890029762329051,2024-01-31,2024-05-16,738915.0,739021.0,12.432697724236254,0.20693314270572719,0.1809431968238333,0.05644502069680762
2024-05-26,739031.9345863479,0.01994970784369299,8.760731222054076,2.2009662224752335,-1.941082728740829,-0.007378191370169438,-0.00466296444204387,0.0057179078785056766,2024-02-07,2024-05-16,738922.0,739021.0,3.2180128008360374,0.5990875763509677,0.1809431968238333,0.05564216375918135
2024-05-26,739031.7420265594,0.4724634802224671,4.83643460839426,0.1510482778400003,-0.005608426249043298,0.0038066459214261446,0.0033802875494112605,-0.0017504882902794631,2024-02-14,2024-05-16,738929.0,739021.0,1.7381227576693588,0.1439267289916943,0.1809431968238333,0.03068793233761582
2024-05-19,739024.7732791997,0.7599359745045695,7.99411783524769,0.152379793052351,-0.002334067881117366,-0.0007294202584363626,-0.00002371998789992895,-0.0007290344817574782,2024-02-22,2024-05-16,738937.0,739021.0,4.003700374235593,0.3041880296958592,0.1809431968238333,0.036866067659442926
2024-06-04,739040.6824413488,0.7385249688590921,5.950310611232608,0.1444193117304233,-0.0013790606720246567,0.0011877314727125664,0.0002948232025478019,-0.0011505587036355076,2024-02-29,2024-05-16,738944.0,739021.0,1.5073784906500594,0.1441088508226626,0.1809431968238333,0.028160998616882735
2024-06-19,739055.2448121251,0.06424726507813473,13.738940071756188,0.824662546432287,-0.5410047006276495,-0.00475639261145836,-0.004248976329397874,0.002137632060611051,2024-03-07,2024-05-16,738951.0,739021.0,2.434160970005536,0.5318935925651086,0.1809431968238333,0.04122121262215216
2024-06-10,739046.7781377136,0.425494930880555,7.986958300373594,0.17370578885224977,-0.010044923560346568,0.005717282111650808,0.0010141205185821604,0.005626621927763851,2024-03-14,2024-05-16,738958.0,739021.0,1.5719386421414807,0.09359873673639839,0.1809431968238333,0.019607208973227524
2024-05-17,739022.8068783568,0.8224155925949839,14.967732873393281,0.1372719723332369,-0.0008080445448046535,0.0005424025352682376,0.000446351257861499,-0.00030817375759605053,2024-03-21,2024-05-16,738965.0,739021.0,8.255491713833965,0.0818556956649159,0.1809431968238333,0.035814371977924864
2024-05-18,739023.223796992,0.4028430462669891,6.5125981332254215,0.16716521098415654,-0.012486290760518876,0.007407859916003007,0.001656394806886258,-0.007220300878692268,2024-03-28,2024-05-16,738972.0,739021.0,3.251526408773717,0.10426109306072479,0.1809431968238333,0.02436029362721995
2024-08-03,739100.1788009735,0.6282298207575484,6.177281328961684,0.2700618879993404,-0.007543234402920443,0.001015857939631169,0.000494975662608822,0.0008871112934331532,2023-11-27,2024-05-17,738850.0,739022.0,1.14357182376863,0.7551718472747739,0.17748896195574568,0.15088928698484305
2024-08-04,739101.7758141105,0.8582863036010884,14.805476457425339,0.1722789808500744,-0.0009626621868728235,-0.0003959418107613449,-0.0003762378583299478,0.0001233490635078629,2023-12-04,2024-05-17,738857.0,739022.0,2.64177324769733,0.14094586600946968,0.17748896195574568,0.10322026610049122
2024-06-04,739040.317621984,0.057752996116844826,3.886959406549994,0.7040253872837697,-0.46849025274859996,0.0014854912295895683,0.00012507991900604894,-0.0014802159325750315,2023-12-11,2024-05-17,738864.0,739022.0,1.40083759498023,4.685921208904823,0.17748896195574568,0.15485165403183637
2024-07-19,739085.6320863751,0.25893092262242284,3.5175343992728214,0.47220282178144285,-0.10441051562126405,0.007016757479792772,0.006963020178326592,0.0008667384417715285,2023-12-18,2024-05-17,738871.0,739022.0,0.680649139061951,1.0953510774433646,0.17748896195574568,0.1362950556463183
2024-06-08,739044.0512100084,0.4006350845485419,9.455945112795588,0.1852481097359889,-0.013623577593326783,-0.002944352133900841,-0.002929351286528398,0.0002968341768072788,2023-12-26,2024-05-17,738879.0,739022.0,3.029317213957508,0.19604034445434285,0.17748896195574568,0.11466418692805
2024-07-11,739077.8377859911,0.9044831174251564,11.437517968276296,0.15474887277681995,-0.0006530366743250423,-0.0003947288496180695,-0.00036160280428014973,0.00015828542781171065,2024-01-03,2024-05-17,738887.0,739022.0,2.23714561125897,0.1308300111802332,0.17748896195574568,0.07949117160507359
2024-07-05,739071.9658844175,0.7297178473895866,8.990887814326625,0.17198426753372842,-0.002059861336545052,-0.001038372326680269,-0.0009913242406366532,0.00030901996495624447,2024-01-10,2024-05-17,738894.0,739022.0,1.8176589371456147,0.16100422407937937,0.17748896195574568,0.055834341582750156
2024-06-11,739047.4974670041,0.8687528774969722,9.488423544711832,0.15729891178946637,-0.001133617729415427,-0.0003020744309060535,-0.00029583209972786594,0.00006109280299526363,2024-01-18,2024-05-17,738902.0,739022.0,2.630010691611108,0.34360134653785585,0.17748896195574568,0.08027746990069018
2024-06-23,739059.1957200606,0.08442797630084421,8.984278844930163,0.6998536380174241,-0.40822300939261463,0.01661527733233288,0.003036918092544726,0.01633537784471205,2024-01-25,2024-05-17,738909.0,739022.0,1.995765925721485,0.23088357702421727,0.17748896195574568,0.05198540582777592
2024-06-15,739051.9692003932,0.1635060743154784,12.863467809228197,0.46193246947622507,-0.17639796856813994,-0.001967862136598087,-0.001959627920895548,-0.00017983270087217203,2024-02-01,2024-05-17,738916.0,739022.0,3.0960227363376993,1.1393961228176521,0.17748896195574568,0.06022006619958371
2024-06-21,739057.5320901696,0.2541302049618131,2.5000423944910355,1.2933687756260324,-0.4068641328514026,0.04404367341187478,0.03806696002757163,-0.022152916780215404,2024-02-08,2024-05-17,738923.0,739022.0,0.5297428909669222,0.9390198783808265,0.17748896195574568,0.039844466951439665
2024-06-19,739055.2418426571,0.3631876490473949,10.425120838627649,0.25773786062471127,-0.030868001091171708,0.0037662680641087176,0.003736584274077969,0.00047192488113940735,2024-02-15,2024-05-17,738930.0,739022.0,2.2008372316114264,0.2855270462550731,0.17748896195574568,0.033250840109808014
2024-06-02,739038.6183219495,0.10177550247224557,7.856759153838643,0.452417760581393,-0.22597739903829614,0.011114450236950502,0.009429566168070721,-0.005883390684938842,2024-02-23,2024-05-17,738938.0,739022.0,2.2518317536204737,0.26337638654375933,0.17748896195574568,0.0361048399733952
2024-05-24,739029.1215727761,0.4441346963282421,11.808559410164069,0.18571334368676728,-0.01363589280627593,0.00014039097158557822,0.00006361397911155463,-0.0001251514545034828,2024-03-01,2024-05-17,738945.0,739022.0,4.640468079477706,3.6531052263498887,0.17748896195574568,0.0426618858813799
2024-05-19,739024.9666162871,0.5635363836025052,5.935918250859263,0.15214022122699505,-0.004370882194498312,-0.0024613617220583853,-0.0024612927666402113,0.000018423997904733042,2024-03-08,2024-05-17,738952.0,739022.0,3.0255757640963483,0.1685884075544276,0.17748896195574568,0.03348096830860834
2024-05-28,739033.7549306733,0.7792535119348403,4.667046556745358,0.17929091352351206,-0.003932978167623726,0.002328928417247701,0.002065374854097488,-0.0010761664763063658,2024-03-15,2024-05-17,738959.0,739022.0,1.3741067356320953,0.2819694326296982,0.17748896195574568,0.017590203513481138
2024-05-29,739034.8595010749,0.9749138455595769,3.479031981136938,0.23647575862851997,-0.003997825991370937,0.0020488434727802753,0.00034863336419489716,0.0020189636830127695,2024-03-22,2024-05-17,738966.0,739022.0,0.9291090753874228,0.5467929719388663,0.17748896195574568,0.015070680621526054
2024-05-20,739025.5685933462,0.27803884035977583,13.654222548028448,0.1753335260702025,-0.019449641780057703,0.0022889412069989194,0.0004461469211727933,0.002245040038356935,2024-04-01,2024-05-17,738976.0,739022.0,5.717927546817933,0.1730276306139805,0.17748896195574568,0.03503509154040286
2024-08-08,739105.7979162541,0.004704818588402438,3.619020961210919,52.17108481826377,-50.86485188334496,0.07038839507160904,0.052793636532749794,0.046554893431355014,2023-11-28,2024-05-20,738851.0,739025.0,0.6615301304905866,0.9394388256188764,0.16530430293937862,0.1504929507247924
2024-06-20,739056.1179570352,0.1646704846111642,7.586840689613201,0.47842443517728117,-0.17944453098236135,0.015583390765999327,0.012459887025752426,0.00935912832860622,2023-12-05,2024-05-20,738858.0,739025.0,2.2351450362422995,0.2499326905522404,0.16530430293937862,0.10969216701068027
2024-07-28,739094.5110793364,0.6993258116584048,5.343628193743698,0.24380217463999626,-0.004559077456839076,-0.0006771691850603603,-0.0006732822850793942,0.00007245046441246511,2023-12-12,2024-05-20,738865.0,739025.0,1.015850613572768,0.8810957555308586,0.16530430293937862,0.14357129597160498
2024-07-27,739093.5972926526,0.12629867011201615,11.417457218448266,0.6892927686050186,-0.3156636506876628,-0.01831426868454232,-0.015880771467286985,-0.009122145309816709,2023-12-19,2024-05-20,738872.0,739025.0,2.1307996917075758,0.1906621026428954,0.16530430293937862,0.08683880501996388
2024-05-25,739030.8372561926,0.750824012571579,11.114354548073708,0.14541121810492538,-0.0016487937162144688,-0.0010938209963780837,-0.000680862583752119,-0.0008560785677517762,2023-12-27,2024-05-20,738880.0,739025.0,5.752372294571353,0.10182958526622597,0.16530430293937862,0.09081007690667305
2024-07-02,739068.3594123365,0.37279708459316035,12.088156273135827,0.19425698321462423,-0.014989858188260454,0.002111586532955486,0.001185537408514577,-0.0017473690907108066,2024-01-04,2024-05-20,738888.0,739025.0,2.742366022254908,0.2189278853588596,0.16530430293937862,0.11633517922805499
2024-07-02,739068.4333611829,0.5287149560215046,5.618623179945268,0.16254120858588114,-0.00441662636948949,0.001735420071225441,0.00029789093751177333,-0.0017096619001897627,2024-01-11,2024-05-20,738895.0,739025.0,1.238122387592013,0.2394846786998822,0.16530430293937862,0.08584733332316871
2024-07-19,739085.6243449372,0.4378388987993368,7.629832791917408,0.22079290788061887,-0.013800388419156612,-0.0019263540970356954,-0.0019125230886222386,-0.00023042470061402216,2024-01-19,2024-05-20,738903.0,739025.0,1.3390790278831313,0.4111066590335974,0.16530430293937862,0.07935669809491566
2024-06-17,739053.4649089524,0.8367833863348502,9.338403192444755,0.17795037361342095,-0.0018139354615727297,-0.00036124414852948096,-0.00020726967316577746,0.0002958658774386487,2024-01-26,2024-05-20,738910.0,739025.0,2.4038930023958534,0.44994708038903264,0.16530430293937862,0.06429967242011389
2024-06-07,739043.0281960377,0.2934941566729162,2.640243630825413,0.4411082371854735,-0.10363770464458597,0.011696805095556859,0.008821596043595925,-0.007680800263452867,2024-02-02,2024-05-20,738917.0,739025.0,0.8171229757068424,0.9849314107060003,0.16530430293937862,0.04987027183016969
2024-06-21,739057.4776223038,0.8263657712816872,6.181974027323289,0.18539084522692156,-0.0020607948613352166,-0.00043458510698018337,-0.00023197372903033768,0.0003674947676481079,2024-02-09,2024-05-20,738924.0,739025.0,1.3906153777097106,0.6338771075634049,0.16530430293937862,0.04359166822280054
2024-05-21,739026.0958322217,0.23051490046590822,13.590135374393437,0.2269739183241325,-0.0494709248714552,-0.0014672019689262398,-0.0011786713078077308,0.0008737365539862964,2024-02-16,2024-05-20,738931.0,739025.0,9.653991377977851,0.5719200856401606,0.16530430293937862,0.04206575841753103
2024-05-26,739031.084604423,0.8739432337479938,13.266174445296338,0.1575645335993789,-0.0014866367834187508,-0.00010196413782918006,-0.00010181836776678756,-5.45026499862404e-6,2024-02-26,2024-05-20,738941.0,739025.0,5.690135397747794,0.9604946349735499,0.16530430293937862,0.043565655116678786
2024-06-09,739045.9625584789,0.4725838692988852,10.796725587942142,0.2071248220832788,-0.013122300009711587,0.0014637752226035652,0.0012012149376561386,0.0008364930220030983,2024-03-04,2024-05-20,738948.0,739025.0,2.6494369994272957,0.39239403920920984,0.16530430293937862,0.04072262862268474
2024-06-23,739059.7891855029,0.02062571074592934,7.878312538720505,3.095605303236941,-2.731601736015723,-0.030122755314491916,-0.029346105079130803,0.0067960653632351264,2024-03-11,2024-05-20,738955.0,739025.0,1.382574857863353,0.2374096694324131,0.16530430293937862,0.019309273938606288
2024-06-15,739051.0643630327,0.7649127896443122,11.409994199983203,0.1643229045636456,-0.001755644892023804,-0.000614730137626978,-0.0006060306625678955,-0.00010305327813515123,2024-03-18,2024-05-20,738962.0,739025.0,2.23143033421478,0.19146027170977373,0.16530430293937862,0.03660216763405933
2024-05-25,739030.91180607,0.551283342991867,11.610495372387954,0.15601837261297946,-0.003949614745896618,0.0021535357692127133,0.002135304203632637,-0.00027962880257116277,2024-03-25,2024-05-20,738969.0,739025.0,4.340196903339253,0.08708167356126119,0.16530430293937862,0.03400386876788436
2024-05-27,739032.6009673792,0.937071736968129,10.346385383266005,0.1512195430598643,-0.0009453414208982007,-0.0009201473643514283,-0.0004987088532977836,0.0007732791551343472,2024-04-02,2024-05-20,738977.0,739025.0,3.2767665911100243,0.09304980966114174,0.16530430293937862,0.02878878363513904
2024-06-15,739051.678482077,0.015657659816306072,5.365623976729958,3.5049587214835,-3.1738300905733334,-0.004906461353592253,-0.0009101043898671508,0.0048213144487617545,2023-11-29,2024-05-21,738852.0,739026.0,1.7515304685486983,1.8876519023217715,0.2098322066759704,0.17201530513088562
2024-07-31,739097.7879579416,0.9232847409993983,4.196421461544066,0.3003654559303404,-0.0021225889368115757,-0.0005302896799197536,-0.0005026795312615947,-0.00016887993806257204,2023-12-06,2024-05-21,738859.0,739026.0,0.8026991924992876,0.8806620454703126,0.2098322066759704,0.14452829836326464
2024-06-11,739047.5476220318,0.4774826705978722,4.13057480195952,0.2037029958931012,-0.011946063043251737,-0.0011159243400217802,-0.0002070830080900052,0.0010965417276207227,2023-12-13,2024-05-21,738866.0,739026.0,1.4010883955001672,1.2374771114441598,0.2098322066759704,0.15094306050662207
2024-06-15,739051.2509562618,0.6893892594425063,4.849292780164198,0.17029939087500875,-0.0028105316745090057,0.0006020241249355811,0.0006019381396285497,-0.000010174628493112476,2023-12-20,2024-05-21,738873.0,739026.0,1.5083289961226385,0.6636830040111986,0.2098322066759704,0.1352661402144312
2024-05-28,739033.011749642,0.40085749540621507,9.306959164511975,0.17725965972958999,-0.012745552730550091,-0.0027293871394163598,-0.00011101427483250897,0.0027271285242164173,2023-12-28,2024-05-21,738881.0,739026.0,4.556869444279215,0.20112948122963886,0.2098322066759704,0.11941237955239972
2024-05-28,739033.7661817723,0.6635446591043398,9.369401695162882,0.15115810890178236,-0.0025260475127062633,-0.0010444989788251796,-0.0005186582299520998,0.0009066265809415683,2024-01-05,2024-05-21,738889.0,739026.0,4.36222967483067,0.17127413949696296,0.2098322066759704,0.10417208609723705
2024-06-02,739038.9569501837,0.6464146991198824,12.578142123747256,0.16325207468336195,-0.003526199912390695,0.0014144198811471284,0.0010995325242030836,-0.0008897257040256017,2024-01-12,2024-05-21,738896.0,739026.0,4.806320491240277,0.12812188039379663,0.2098322066759704,0.07414647325005212
2024-06-16,739052.6512248748,0.5320086317731775,14.67165748924564,0.19575263046628874,-0.008416594736234215,-0.0014123579029158256,-0.00004688531053879815,-0.00141157947476735,2024-01-22,2024-05-21,738906.0,739026.0,3.98180738622534,0.21608824916120958,0.2098322066759704,0.07857823360124312
2024-06-13,739049.7154010519,0.9718572963975483,4.916313437812198,0.1581414213772908,-0.0006848980204080041,0.00014365698264739326,0.00004770707134190545,0.00013550411066580892,2024-01-29,2024-05-21,738913.0,739026.0,1.3706874868106036,0.9424582203152194,0.2098322066759704,0.06939990049048293
2024-06-30,739066.4066103711,0.06967071698234541,8.485311466340976,1.0153703214146397,-0.6631509639863605,0.01741030585677348,0.017171601286883695,0.0028731270892000515,2024-02-05,2024-05-21,738920.0,739026.0,1.7385993854083164,0.31274364684673633,0.2098322066759704,0.04135044164622081
2024-07-02,739068.2857993102,0.15528600365899584,13.935308950739442,0.6433247512384703,-0.26773044445479716,-0.0076542885689798255,-0.003026160979224147,-0.007030681561913921,2024-02-12,2024-05-21,738927.0,739026.0,2.6754947940575278,0.38977020677887814,0.2098322066759704,0.04654677680647208
2024-06-02,739038.6843207392,0.8664358572670465,4.664570692220664,0.15850922076485663,-0.0013030572367259635,0.00038681275438528736,0.0003859133850112409,-0.000026362212052450658,2024-02-20,2024-05-21,738935.0,739026.0,1.5597486203944784,0.6257306735377725,0.2098322066759704,0.04279828266146281
2024-06-05,739041.0095853122,0.022719643589186992,14.694933859561948,2.05401431045076,-1.7728165171044856,-0.009919835236638126,-0.00539425556258238,0.008324970753558024,2024-02-27,2024-05-21,738942.0,739026.0,4.412156839290851,0.2763078407437438,0.2098322066759704,0.04159662475707569
2024-05-29,739034.1479307086,0.07232206529277631,9.257857260475692,0.5393382268580655,-0.32021835186023984,0.014056501566555295,0.007834415507931448,-0.011670782747513325,2024-03-05,2024-05-21,738949.0,739026.0,3.4575980996884725,0.17796283347994354,0.2098322066759704,0.03503964780151673
2024-06-02,739038.5403787208,0.7307577848180663,13.42637516500007,0.18119337362827795,-0.00361685854746974,-0.0006320660337015223,-0.0006234073641592558,-0.00010426278948494977,2024-03-12,2024-05-21,738956.0,739026.0,4.026584022293371,0.31144670743868086,0.2098322066759704,0.043112579234043776
2024-06-17,739053.9751819785,0.5307069100204848,10.79649315408473,0.19602462192474446,-0.007923500525874516,0.0021640453905776664,0.0008669668587652322,0.0019827911938182477,2024-03-19,2024-05-21,738963.0,739026.0,2.0263558842385843,0.17997938104391525,0.2098322066759704,0.03565274002602542
2024-06-06,739042.3495353019,0.529094202038704,9.44105382069503,0.19057179757076737,-0.008356971943133335,0.00154135743009345,0.0015072951410195284,0.0003222484835700623,2024-03-26,2024-05-21,738970.0,739026.0,2.2348170348726653,0.30384921092362466,0.2098322066759704,0.039561847692907846
2024-06-02,739038.3117843455,0.72500594590593,4.273168317399223,0.22981774315900974,-0.007958378152974026,0.0034002317948731205,0.0004471393962927177,-0.0033707035792470805,2024-04-03,2024-05-21,738978.0,739026.0,1.0806523495383458,0.39710706698827075,0.2098322066759704,0.015616604007214572
2024-08-11,739108.9423082087,0.9333549313162901,10.667254695105132,0.21652534702819687,-0.0010392740808253546,0.0002550641631516657,0.0002138006104722028,0.00013909358822739788,2023-11-30,2024-05-22,738853.0,739027.0,1.9336254472393224,0.35651254306533864,0.19803763018313347,0.12930253451118198
2024-08-03,739100.5120366852,0.983254737676478,9.838844927621338,0.2051310611076764,-0.0007707690404774363,-0.0002024731601946913,-0.00008643215700780785,0.0001830979596669575,2023-12-07,2024-05-22,738860.0,739027.0,1.8560950756703887,0.38043348238780195,0.19803763018313347,0.13132554262961155
2024-07-24,739090.6705277227,0.25249161359685585,4.161918598219584,0.5575999140370227,-0.13238520368088086,-0.008235176984059121,-0.008184992470105438,-0.0009077655110734039,2023-12-14,2024-05-22,738867.0,739027.0,0.8322613542782049,0.9752588205381327,0.19803763018313347,0.14288232289097372
2024-05-29,739034.8322832118,0.8305871434507592,6.56781937088237,0.16277625955029315,-0.0016553313615356817,0.0008204449478295403,0.0005917267049544776,0.0005683215806765863,2023-12-21,2024-05-22,738874.0,739027.0,3.1590123064412343,0.25515230870378813,0.19803763018313347,0.10106704212638053
2024-07-16,739082.2630769763,0.5679792513701848,10.451181395943719,0.21160274953459002,-0.006813686773170004,-0.0023127434246394433,-0.0006617645245540595,-0.0022160437410517703,2023-12-29,2024-05-22,738882.0,739027.0,2.14161709287699,0.1601112306066227,0.19803763018313347,0.07204678268627025
2024-06-20,739056.1552360385,0.32006051148490583,6.798113160835055,0.21283887104405458,-0.023419757891108114,-0.008319454921095832,-0.005920781463188734,-0.005844456950761665,2024-01-08,2024-05-22,738892.0,739027.0,1.8698079353732862,0.13253519873784592,0.19803763018313347,0.0656405131168774
2024-07-04,739070.2129895451,0.10826557976936993,9.619155643572123,0.6163419383005423,-0.30885960843809696,0.018539373655635658,0.013249012027667054,-0.012968116896219404,2024-01-16,2024-05-22,738900.0,739027.0,2.0987747827402288,0.18750787536495828,0.19803763018313347,0.05349491045616945
2024-06-30,739066.6624077932,0.0024504844673653996,5.316697036077571,25.44486944311247,-25.057454575402037,0.0023524502981996202,0.002093644060093889,-0.001072696114998585,2024-01-23,2024-05-22,738907.0,739027.0,1.1784372495934934,4.909378720031308,0.19803763018313347,0.08446114243682527
2024-05-28,739033.0507793163,0.5378941920655368,8.416517932968606,0.19419275302319075,-0.009964282780785672,-0.0007250897288662896,-0.000434508720154804,0.0005804802210384291,2024-01-30,2024-05-22,738914.0,739027.0,3.9909474655827046,0.8782510803894776,0.19803763018313347,0.06652017418329992
2024-06-19,739055.4389958642,0.7134934761295119,7.500485837771207,0.19481715280283313,-0.003698337599633175,0.0008348833975519426,0.0005056606048312524,0.0006643324771750715,2024-02-06,2024-05-22,738921.0,739027.0,1.8542941805872941,0.4213871997635668,0.19803763018313347,0.04858850317969451
2024-06-25,739061.8003915799,0.6560081533907623,2.9542784973210434,0.4551116751928663,-0.02097384676320913,0.004726761824651833,0.000024004428539727002,0.004726700872108964,2024-02-13,2024-05-22,738928.0,739027.0,0.6332118231998087,0.9853083768073304,0.19803763018313347,0.04258781295754352
2024-06-06,739042.7169627238,0.1857395011848533,10.134889293398752,0.3718510771561222,-0.12147594019653586,-0.003962777838653208,-0.0034175326211270305,-0.0020060107133446714,2024-02-21,2024-05-22,738936.0,739027.0,3.0896379752932166,0.5617923347480276,0.19803763018313347,0.044398770964415774
2024-06-20,739056.4997052362,0.6724078476339354,12.299396712622608,0.21336095175957406,-0.00545366670192073,-0.0006399535631699321,-0.0003504130480223784,0.0005354916047797187,2024-02-28,2024-05-22,738943.0,739027.0,2.6375877714631035,0.4658961213552849,0.19803763018313347,0.044911278125735324
2024-06-23,739059.6608396651,0.7673738101155176,13.629789205958376,0.20410755917185824,-0.0031524926315877545,-0.0003845034070247226,-0.0002615249371928762,0.00028186446608233825,2024-03-06,2024-05-22,738950.0,739027.0,2.627427261141324,0.46160629372990325,0.19803763018313347,0.045696779308447094
2024-06-13,739049.0021524956,0.9195508312111154,11.471971436510577,0.1774151297234844,-0.0012782772393241685,-0.00029099353830689236,-0.00020504870125276044,-0.00020647583260740478,2024-03-13,2024-05-22,738957.0,739027.0,2.6121503494833305,0.3521108397419108,0.19803763018313347,0.04416892155063254
2024-06-15,739051.4618931618,0.235309333224685,9.242016865236348,0.3178867035036227,-0.07453691487956182,0.00926355797615804,0.0071031733111578035,0.005946295930181807,2024-03-20,2024-05-22,738964.0,739027.0,1.8740702178141495,0.20486415925647225,0.19803763018313347,0.03136681971159735
2024-06-07,739043.3234093487,0.4627396926162145,13.022407105483541,0.21671128485425534,-0.015128244839863303,-0.0030771323917424217,-0.0030741564108535246,-0.00013530010317296134,2024-03-27,2024-05-22,738971.0,739027.0,3.0851347211750677,0.17469796593852854,0.19803763018313347,0.037236964485265395
2024-06-05,739041.1644244714,0.13739885197841686,10.65574600016973,0.43250050859858025,-0.18281107081403689,0.00478507069298135,0.003491186252760555,-0.0032723875206589954,2024-04-04,2024-05-22,738979.0,739027.0,2.5083415092945787,0.4926215184727153,0.19803763018313347,0.039788946385633586
2024-05-30,739035.6737231418,0.9378732273965413,13.016183798457437,0.14482551681386696,-0.0006156261593947234,0.00042745280903649815,0.0002064379180562489,0.00037429839692656227,2023-12-01,2024-05-23,738854.0,739028.0,6.555360985758369,0.10377419100067074,0.20142172816737391,0.10560046705638612
2024-08-11,739108.5879017904,0.23510644343702208,3.8670630246369733,1.0684544346969487,-0.29798347105739276,-0.019370004813730725,-0.010057024477830549,0.016554556627595574,2023-12-08,2024-05-23,738861.0,739028.0,0.690805318193283,0.9352887869135219,0.20142172816737391,0.14700456439456494
2024-06-20,739056.9510878922,0.07543866788857657,5.398077541074251,0.7331498946060333,-0.44461094621925323,-0.003964401423378418,-0.003907178712110898,-0.0006711431719925698,2023-12-15,2024-05-23,738868.0,739028.0,1.611626490831362,1.567319076285914,0.20142172816737391,0.15068847695647486
2024-06-09,739045.9142022596,0.6659208533528619,11.540453350980798,0.17089048606812765,-0.0032869574860833793,0.0011298606737695715,0.0005487988487725172,0.0009876259239798182,2023-12-22,2024-05-23,738875.0,739028.0,4.1428470588875355,0.16786839549178062,0.20142172816737391,0.12227996582951924
2024-07-23,739089.8942529724,0.9486105904968944,9.089654483025829,0.17075996079569356,-0.0005635368966888347,-0.00030377036814896403,-0.000040142714390264816,-0.0003011062919414648,2024-01-02,2024-05-23,738886.0,739028.0,1.7246747737685175,0.19360543386448897,0.20142172816737391,0.09457788347586893
2024-06-09,739045.9310205681,0.36539990454001786,11.246358091622465,0.21672495250890553,-0.021741550715251298,0.003096754918713305,0.0029396151763664653,-0.0009739371855776949,2024-01-09,2024-05-23,738893.0,739028.0,3.8365985877770945,0.22810783508543064,0.20142172816737391,0.10052873207145038
2024-07-01,739067.0013184482,0.1334615833089812,11.701780523142231,0.5677260251350146,-0.24990538913510324,-0.006241963209651457,-0.002540503479214517,0.005701574061848292,2024-01-17,2024-05-23,738901.0,739028.0,2.6974951945990724,0.4566240077960165,0.20142172816737391,0.09107912596854384
2024-07-01,739067.9670433046,0.8312365151659031,6.044033899198697,0.1844858788846649,-0.001616743460393502,0.00018413437959221746,0.00014185640630424997,0.00011739774162331395,2024-01-24,2024-05-23,738908.0,739028.0,1.3341237709657812,1.2075467448128405,0.20142172816737391,0.08835973445669265
2024-07-17,739083.2607835329,0.32632971997446375,4.319194526143502,0.5943273013105912,-0.10707045986369818,-0.006286727499811632,-0.005687252131251052,0.002679198733291015,2024-01-31,2024-05-23,738915.0,739028.0,0.7654101621340236,1.2867639821525285,0.20142172816737391,0.06411671113469421
2024-06-24,739060.4415168891,0.36564140599029843,5.972978136824356,0.33090887200299623,-0.044936130249891425,-0.004500623812440687,-0.0005710355094018543,0.004464250569592875,2024-02-07,2024-05-23,738922.0,739028.0,1.379371216402616,0.6112057076794538,0.20142172816737391,0.042311916936502866
2024-06-26,739062.4349487412,0.6824950537523574,9.803544597192802,0.21213964948451602,-0.004770433310869027,0.0010044281350853764,0.0001478790311882672,-0.0009934825970724936,2024-02-14,2024-05-23,738929.0,739028.0,2.1134684197999323,0.3306399595273684,0.20142172816737391,0.040396358308502925
2024-06-07,739043.6781702272,0.11184427075063821,3.6887134460632165,0.7594924811669578,-0.4159540409715087,-0.018156422309441724,-0.01786772413591193,-0.003224919422519507,2024-02-22,2024-05-23,738937.0,739028.0,1.125747836306843,0.6946305751584086,0.20142172816737391,0.03328960983217234
2024-06-19,739055.3625390169,0.4190666595739919,7.128789587055357,0.24969631753929128,-0.02247449648279989,0.004310301717162003,0.0031502488297615924,-0.0029418757967588356,2024-02-29,2024-05-23,738944.0,739028.0,1.5925177124543284,0.3065135041817821,0.20142172816737391,0.03131501812858171
2024-05-26,739031.5126354954,0.7210466432487964,5.586891840876955,0.1682306135339198,-0.0030673212313787157,-0.0012332750666472574,-0.0009046706419783511,0.0008381756495844265,2024-03-07,2024-05-23,738951.0,739028.0,2.784958569721266,0.32099066683614186,0.20142172816737391,0.039125964672285504
2024-06-15,739051.7758005998,0.7919723312735438,4.474376206807332,0.31122510025406974,-0.008353475123927333,0.002421744156282535,0.002068035585775227,0.0012601879123590742,2024-03-14,2024-05-23,738958.0,739028.0,0.9771972693351263,0.6105432517886616,0.20142172816737391,0.02140096134612331
2024-06-15,739051.0003438337,0.872521867071554,8.518047379704917,0.19523322736578175,-0.0021172454680728993,-0.0008603886855125945,-0.00035519615039537417,-0.0007836481256931564,2024-03-21,2024-05-23,738965.0,739028.0,1.787940223578298,0.2520651411661074,0.20142172816737391,0.032262996007500454
2024-06-07,739043.4337529856,0.4711086423573171,9.208226412059991,0.22673029854710713,-0.01636353882318687,0.0029200193108339448,0.0025271481939253783,-0.0014628857718847511,2024-03-28,2024-05-23,738972.0,739028.0,2.2455123130422616,0.28670587330354413,0.20142172816737391,0.040037909716246836
2024-05-25,739030.4131429134,0.1974359597680178,14.236482030375504,0.282607518550169,-0.07953106738952687,-0.000838835414466505,-0.0004738518047223683,0.0006921772314404367,2024-04-05,2024-05-23,738980.0,739028.0,6.886515282440672,1.3148724463527934,0.20142172816737391,0.038243272097173694
2024-07-07,739073.4568188698,0.8690911095758,13.581334683433408,0.1792711196046351,-0.0011576303681329185,0.00034152939353586777,0.00021189235251210535,0.0002678506255282285,2023-12-04,2024-05-24,738857.0,739029.0,3.421437238335357,0.21690256101751063,0.20142172816737391,0.1404865455637157
2024-07-10,739076.6830498875,0.2901769529508292,5.660389001317201,0.3573325691300237,-0.06403916934109487,-0.0036966203628000286,-0.0028211578697789645,-0.002388738240254053,2023-12-11,2024-05-24,738864.0,739029.0,1.3470184772644074,0.8880910147392642,0.20142172816737391,0.15783222622231244
2024-07-29,739095.8326209972,0.28776228068961546,5.25135428904035,0.4233249856248834,-0.07724645836221589,-0.004919097222339311,-0.0046743365422538515,0.0015323496247843156,2023-12-18,2024-05-24,738871.0,739029.0,1.0139377544313621,0.8605095965434068,0.20142172816737391,0.1408363846368786
2024-07-10,739076.3650547685,0.657611210192229,12.491388443053664,0.19678998327826852,-0.003829625436751897,0.0008459187880419725,0.00008628723483647023,0.000841506452183627,2023-12-26,2024-05-24,738879.0,739029.0,2.837309194583795,0.2383340661590479,0.20142172816737391,0.13222597579066456
2024-06-01,739037.6654003896,0.164425706874628,11.879498106162936,0.29131776883061977,-0.09026430232210936,-0.012919873697598165,-0.010356114104555947,0.0077248972171354,2024-01-03,2024-05-24,738887.0,739029.0,5.399261449550183,0.09670064849795784,0.20142172816737391,0.0956643575107133
2024-06-23,739059.1058129405,0.9931843552775734,10.26004846512794,0.1692342637902639,-0.0006480678373523038,0.00023081219959284122,0.000024148780931643384,0.00022954543746369913,2024-01-10,2024-05-24,738894.0,739029.0,2.779044422565293,0.2717954402081783,0.20142172816737391,0.09778051488566522
2024-06-06,739042.3644472223,0.3483287874236894,3.7742012434461785,0.23344925421901777,-0.027999506819410564,0.0004414567977993655,0.00017861088308935143,0.0004037106101718308,2024-01-18,2024-05-24,738902.0,739029.0,1.4125922129259743,5.853646441639292,0.20142172816737391,0.0954350370849593
2024-07-05,739071.5523672957,0.3581922865223493,12.549491668984794,0.3314553769587696,-0.04323844764167622,0.0020091568189478473,0.001883318229359628,-0.0006998739672872165,2024-01-25,2024-05-24,738909.0,739029.0,2.6769289983758324,0.6142516792708418,0.20142172816737391,0.0808575301819798
2024-07-10,739076.5222682948,0.17863813746765492,10.652308707176786,0.5790475456743431,-0.20672218074918458,-0.009366838788584806,-0.002031317473434795,-0.009143927942271606,2024-02-01,2024-05-24,738916.0,739029.0,2.063659524039677,0.3701045891017022,0.20142172816737391,0.05017265524698111
2024-07-11,739077.733084376,0.11365011119515137,10.423211527640218,0.8399529767243776,-0.4328394074725029,-0.013022767856886339,-0.011192926046683468,-0.0066566424846033895,2024-02-08,2024-05-24,738923.0,739029.0,1.916605756095816,0.36240302033918503,0.20142172816737391,0.04471716605098125
2024-06-24,739060.5027570779,0.5388949377724409,14.98102371226657,0.253963603202256,-0.013332732260079512,-0.0008710673401531314,-0.0007019643082530399,0.0005157561643066249,2024-02-15,2024-05-24,738930.0,739029.0,3.38885722362571,0.5505921813398652,0.20142172816737391,0.04888290422010486
2024-06-23,739059.2604458369,0.19223103138886027,13.208198204266195,0.49189171620367494,-0.1646471866041282,0.003755139738329113,0.0036184195508481465,0.0010040490069804042,2024-02-23,2024-05-24,738938.0,739029.0,2.9179928545713096,0.6381284831658944,0.20142172816737391,0.047246311241982475
2024-06-19,739055.1793387003,0.9819135050292875,3.9389288075261906,0.2748792904448027,-0.002831270845036359,0.0008832490106368594,0.0003950534518558315,-0.0007899756863143213,2024-03-01,2024-05-24,738945.0,739029.0,0.900942355813232,0.7990857003807803,0.20142172816737391,0.033921840629230156
2024-06-01,739037.5260098039,0.5796828541063465,7.674675202427812,0.19181842974219626,-0.0072262086101532175,0.0018361051307281464,0.0003111641958940285,-0.0018095465990904595,2024-03-08,2024-05-24,738952.0,739029.0,2.8163249385948457,0.2972647415470393,0.20142172816737391,0.04176473100897704
2024-06-13,739049.9020062762,0.2622510981556803,13.437771881060044,0.34666151304395215,-0.07717946578572397,0.0031913944047710203,0.0031192950020590884,0.0006745346076614346,2024-03-15,2024-05-24,738959.0,739029.0,3.143736193530599,0.4719666808432413,0.20142172816737391,0.04510893721695752
2024-06-13,739049.1384081608,0.6138542315743071,3.3484386542122206,0.38703133257501393,-0.024376688117165344,-0.005886747033414873,-0.003058405212130567,0.005029905386170934,2024-03-22,2024-05-24,738966.0,739029.0,0.7556163115916856,0.7591406274226119,0.20142172816737391,0.02570366989553115
2024-06-05,739041.2040975123,0.7381221347776451,4.525088228453615,0.2393632583898507,-0.00777793607898394,0.00302236339856826,0.0029651636388240295,-0.000585222272304228,2024-04-01,2024-05-24,738976.0,739029.0,1.2068590596249404,0.4197772192136843,0.20142172816737391,0.016213760403228656
2024-05-29,739034.6508968872,0.8641765398653274,14.748779614299373,0.18364930783454464,-0.0026308186062173524,0.0009076956216845354,0.0009045507659972322,-0.00007549339944058409,2024-04-08,2024-05-24,738983.0,739029.0,5.1939460704563265,0.1698232117381251,0.20142172816737391,0.041539176208235905
2024-08-10,739107.6221218472,0.2950544441510872,11.266660537695396,0.4728720696511745,-0.08433769295069837,-0.007032647529310758,-0.005476729992489596,-0.004411752470491248,2023-12-05,2024-05-28,738858.0,739033.0,2.165242434457348,0.31405796800124874,0.17921757085636342,0.1262500260773195
2024-06-09,739045.5201373709,0.8101064197850674,7.116774969187046,0.1843294601997058,-0.0022168847317126017,-0.0009400323582017995,-0.0006478852293076745,-0.0006811061327806248,2023-12-12,2024-05-28,738865.0,739033.0,3.02253419740497,0.2684473672262232,0.17921757085636342,0.1033780737162619
2024-07-19,739085.1248653369,0.6824979527229859,11.837011923538121,0.2148998995706089,-0.004028257859656,0.0013006245738089606,0.0004234758991195193,-0.0012297530015660278,2023-12-19,2024-05-28,738872.0,739033.0,2.6530027244393537,0.17857661060697472,0.17921757085636342,0.09497927988016766
2024-05-28,739033.2774759541,0.43525346642230434,3.6861773745041186,0.17530105766622864,-0.009541559334968143,0.0035147987931039657,0.00294768048646075,0.001914416440000349,2023-12-27,2024-05-28,738880.0,739033.0,3.704414433147903,0.32054196593489415,0.17921757085636342,0.11966413883490294
2024-06-11,739047.1335746284,0.8210014228213773,7.224275945998059,0.1685084643189134,-0.0015013488103826666,0.0009029237973241051,0.0002873565660373386,-0.0008559775626319945,2024-01-04,2024-05-28,738888.0,739033.0,2.783834881261939,0.18896444148209818,0.17921757085636342,0.07924236724096338
2024-06-04,739040.392788748,0.5158844138857158,9.767145900330739,0.1920887451161331,-0.00905525012410191,-0.0016871796791051673,-0.0007757285462987962,-0.0014982725025984329,2024-01-11,2024-05-28,738895.0,739033.0,4.630721673996401,0.28348092858648816,0.17921757085636342,0.09739708125090552
2024-06-19,739055.483458817,0.7419790733557331,7.926853914748337,0.1896152093920174,-0.002867240036767955,-0.0010344727462399345,-0.0008295588858613262,0.0006180339129867447,2024-01-19,2024-05-28,738903.0,739033.0,2.415047055016451,0.25943932216292825,0.17921757085636342,0.06487344362950997
2024-06-04,739040.5313063848,0.4795855766018847,3.4037317098933157,0.22510044299223858,-0.016189020552415685,-0.0013749703425542405,-0.0011012865551824202,0.0008232322675151672,2024-01-26,2024-05-28,738910.0,739033.0,1.5452825204529779,1.6589681046744629,0.17921757085636342,0.07749824849064156
2024-05-29,739034.4389825406,0.6277223260977852,10.14272698239517,0.19510840348477718,-0.006963268882076004,-0.0008863135295488445,-0.0003435586981353288,0.0008170184169263804,2024-02-02,2024-05-28,738917.0,739033.0,7.105967049276644,0.48622650199325357,0.17921757085636342,0.05838847826758144
2024-06-10,739046.4460673239,0.8842064949599386,9.36418279306483,0.19710877359441925,-0.0021043838009828235,0.00022751342823218822,0.00022656108172348243,-0.00002079510216970744,2024-02-09,2024-05-28,738924.0,739033.0,3.2921725060521725,0.8733769651773645,0.17921757085636342,0.05656409786653118
2024-07-07,739073.4541685102,0.9323198118823319,12.486743288095662,0.21125197004511653,-0.0013921233037782607,0.0002857624185274742,0.0001936672778825177,-0.00021012649837716092,2024-02-16,2024-05-28,738931.0,739033.0,2.5017477457627897,0.36373770352057583,0.17921757085636342,0.040448372548530016
2024-06-18,739054.2431975765,0.7432905843615109,3.7818886757081267,0.2789503736754918,-0.007632556611233679,-0.0017012536399098293,-0.00024695585110072954,-0.0016832340166814464,2024-02-26,2024-05-28,738941.0,739033.0,1.0072907364998074,0.8817609415966214,0.17921757085636342,0.03872432433393848
2024-07-05,739071.88984105,0.9394206051375775,4.070092901330527,0.3734767487093175,-0.0043309032648656065,0.001086530481642508,0.0010024465580298716,0.00041910545908203554,2024-03-04,2024-05-28,738948.0,739033.0,0.7505512755439675,0.9200095347858878,0.17921757085636342,0.037442640566904106
2024-06-30,739066.6492846593,0.5168558059595479,8.633571696233293,0.2823332413670999,-0.017606739700424492,0.0036630023425355744,0.0026981008304537545,0.0024774660583196423,2024-03-11,2024-05-28,738955.0,739033.0,1.6480261298461714,0.28775352104648355,0.17921757085636342,0.023924210059725875
2024-06-13,739049.8394363974,0.7511137170286686,11.41829617075625,0.19913374084816682,-0.003447242329885509,-0.0005344995006944862,-0.000492982036077158,-0.00020653916904034162,2024-03-18,2024-05-28,738962.0,739033.0,3.0017566725326237,0.4242568857483106,0.17921757085636342,0.04565069553171511
2024-05-29,739034.1862039143,0.4995598208426554,2.4742698937122913,0.23896916032501592,-0.019512056426711825,-0.006100903554535635,-0.0020497066019258213,-0.005746279407387641,2024-03-25,2024-05-28,738969.0,739033.0,1.5777247026598122,0.6457275471650941,0.17921757085636342,0.027987700349639825
2024-06-23,739059.9566586434,0.45541728908387735,13.396018633404626,0.2832522934192175,-0.023544232935740705,0.0019554714665723605,0.0011605173729573324,0.0015738704151367956,2024-04-02,2024-05-28,738977.0,739033.0,2.396603367316704,0.4093236454957724,0.17921757085636342,0.044218347457349615
2024-06-08,739044.721809641,0.735563511872564,8.597716647607465,0.2403442128225149,-0.00748914003066657,-0.002102592065189828,-0.0021014804654821318,0.00006836114244385015,2024-04-09,2024-05-28,738984.0,739033.0,2.250764324879011,0.3047291353759127,0.17921757085636342,0.030592544947108138
2024-06-10,739046.9427087967,0.1104705973046896,13.159510268422897,0.5156510613094851,-0.252657745574877,-0.014357958871604905,-0.014159407327295998,0.0023795308567897203,2023-12-06,2024-05-29,738859.0,739034.0,5.603789183300666,0.14772258086958612,0.16705408466316624,0.13523975578188152
2024-07-22,739088.7075643972,0.12908920513362146,13.704856363680596,0.6410357969639782,-0.2852966985459562,-0.01128420040154887,-0.004600706377953843,0.010303721634738121,2023-12-13,2024-05-29,738866.0,739034.0,3.06208796360624,0.23814495965073557,0.16705408466316624,0.13626473512997875
2024-08-13,739110.9421757911,0.6946275787462529,7.708764385542462,0.23298023057906858,-0.0038498248683169,-0.0005602320176232026,-0.0004558273427114145,-0.00032570131594271325,2023-12-20,2024-05-29,738873.0,739034.0,1.3851240024382414,0.6192133319430982,0.16705408466316624,0.1412675690139376
2024-08-12,739109.8887754919,0.7691771245665255,9.26261640053158,0.2064214570499024,-0.0019907174448584196,0.00042098338724059977,0.0004209793623951867,1.8408611872831076e-6,2023-12-28,2024-05-29,738881.0,739034.0,1.6274590123655077,0.3926787005943911,0.16705408466316624,0.13102300099731293
2024-08-03,739100.8731900696,0.22622846905313337,8.242394146057311,0.3819698430553374,-0.08815223633236045,0.004938368150890991,0.004181853766155905,0.0026267049838575663,2024-01-05,2024-05-29,738889.0,739034.0,1.5127748669543328,0.48994096074332855,0.16705408466316624,0.12214242909757024
2024-06-08,739044.1916138933,0.06853829401214752,10.902817380484207,0.7088383935972015,-0.44736906491347184,-0.008179783790741557,-0.005580394489387821,-0.005980640451163097,2024-01-12,2024-05-29,738896.0,739034.0,4.645127662755854,0.34381013722792636,0.16705408466316624,0.09322728295538694
2024-07-19,739085.7117270208,0.6206803835949127,11.30616671298124,0.24165816797248676,-0.006905400515408446,-0.0014878417245738549,-0.0010647799829514952,0.001039190350844693,2024-01-22,2024-05-29,738906.0,739034.0,2.2414978977848334,0.2547914051966977,0.16705408466316624,0.06056166040767106
2024-07-21,739087.2521087604,0.6059655444628537,6.107152290241292,0.2874586413275729,-0.010259881010660018,0.00048293012759442663,0.00025517264369003884,-0.00041001028042063245,2024-01-29,2024-05-29,738913.0,739034.0,1.1522531160727152,2.107983490158341,0.16705408466316624,0.0745756993515599
2024-06-07,739043.5448587061,0.9730027549636102,13.571850710905037,0.1778898485930333,-0.0011202654556771011,0.00018032903584904974,0.00013855575513747225,-0.000115416046928201,2024-02-05,2024-05-29,738920.0,739034.0,5.530969057865257,0.44537955784969124,0.16705408466316624,0.05710585997192153
2024-06-11,739047.0490366172,0.32147881469841694,3.985867043761759,0.3388358964915812,-0.061851059991721975,0.006798074755248138,0.0012014013775272555,-0.006691072792013076,2024-02-12,2024-05-29,738927.0,739034.0,1.4077859979972018,0.7338220568192324,0.16705408466316624,0.042089862752112885
2024-07-01,739067.1031856067,0.9647794936457614,10.019728039647468,0.18607481786331276,-0.0008802910231486789,0.00032965818752915944,0.00032963924860090083,3.5336081904987565e-6,2024-02-20,2024-05-29,738935.0,739034.0,2.2069762524426295,0.25711921690221884,0.16705408466316624,0.03837366552008397
2024-07-09,739075.6423964584,0.9615159935704518,2.5913997216124103,0.47303091160041894,-0.005416919233388397,0.0017946528575216896,0.0017352260738709045,0.00045800584228733595,2024-02-27,2024-05-29,738942.0,739034.0,0.48091824017743373,1.1199380762613322,0.16705408466316624,0.044275256391607176
2024-06-28,739064.1133050305,0.8111848084779434,14.375026522110552,0.2163443884761699,-0.00282119581431069,0.00030802963565646234,0.00030764922447655866,0.00001530395771115922,2024-03-05,2024-05-29,738949.0,739034.0,3.0679007600734898,0.5168349600885936,0.16705408466316624,0.04857998943171764
2024-07-06,739072.4600959944,0.11671473255779,8.958480837927173,0.8997755315791313,-0.47005759625888727,-0.02153422451294208,-0.02045375177117929,0.006735492844386041,2024-03-12,2024-05-29,738956.0,739034.0,1.5796680165077766,0.28438923231738444,0.16705408466316624,0.01913497887403036
2024-06-30,739066.2083410143,0.4563967520463724,10.914079133922742,0.28794106982113626,-0.0230246130978647,-0.0039401987117523695,-0.0029150411181987483,-0.0026509811706810784,2024-03-19,2024-05-29,738963.0,739034.0,2.0228130851875425,0.24435974494702156,0.16705408466316624,0.03041299757638511
2024-06-15,739051.9250366143,0.8478103295660515,12.611735536529254,0.19676121980854774,-0.0022119506481948796,-0.00036466644581592994,-0.00035306300532361696,0.00009125859398368027,2024-03-26,2024-05-29,738970.0,739034.0,3.050184060049258,0.40775892647923384,0.16705408466316624,0.046272604410119496
2024-06-19,739055.517935612,0.45395251375018,6.811330817237553,0.3115594113809389,-0.030422376306683756,-0.006732369918245631,-0.0029131615879878624,-0.006069455846974317,2024-04-03,2024-05-29,738978.0,739034.0,1.389351840128325,0.30116438689110187,0.16705408466316624,0.015775796785559792
2024-06-13,739049.8670607843,0.6866397605974867,11.218833254190347,0.24777228674617816,-0.008707238389649798,-0.0016031894610688048,-0.00045414454928257604,0.0015375204637464214,2024-04-10,2024-05-29,738985.0,739034.0,2.5141991297583552,0.33241211270145493,0.16705408466316624,0.03707598561265268
2024-07-21,739087.4440312571,0.5335241954242805,7.442280924701212,0.26537068270143044,-0.012076614792092067,0.0011403243698415108,0.00045568602810290137,0.0010453180914182245,2023-12-07,2024-05-30,738860.0,739035.0,1.737812741118669,0.7592151544008928,0.17402275397925956,0.1619633388589922
2024-07-18,739084.9299227172,0.6611103314604013,9.737402961227772,0.23763531552098768,-0.005449312297136702,0.0013337082195049893,0.0009609554247076032,0.0009248471692664679,2023-12-14,2024-05-30,738867.0,739035.0,2.2836474516459004,0.2774033308956616,0.17402275397925956,0.10867788543183728
2024-07-18,739084.2404929665,0.9628339071798511,13.58364544439062,0.17977461787246948,-0.0006663146401405352,0.0002014613628162342,0.000012874503790941184,0.00020104956567948946,2023-12-21,2024-05-30,738874.0,739035.0,3.138081442601575,0.23443509535991286,0.17402275397925956,0.13697429840145345
2024-06-29,739065.1800212658,0.1351808022941954,14.734745095474537,0.45143716840247783,-0.18263323104724755,0.009837805574209884,0.009596704482652473,0.0021646435246000734,2023-12-29,2024-05-30,738882.0,739035.0,4.228907138464956,0.17031541601167666,0.17402275397925956,0.12044307261198474
2024-07-24,739090.3172168663,0.5685687882055853,2.3925116997087446,-0.025682977420952147,0.014397294923633704,-0.008026742719016518,-0.006966704791146353,0.003986680703329919,2024-01-08,2024-05-30,738892.0,739035.0,0.48617376236064885,0.42625599822521126,0.17402275397925956,0.08723475835471693
2024-06-14,739050.9246001609,0.49272327783445424,14.71899724995699,0.2134568339249229,-0.011854711897230065,-0.0021395184920938635,-0.00012502595776328908,-0.002135862328872575,2024-01-16,2024-05-30,738900.0,739035.0,5.268311569938129,0.18548116518399868,0.17402275397925956,0.08644225342610003
2024-06-13,739049.229601796,0.9096872028349532,8.37118953852513,0.17987039308814376,-0.0013144184536767799,-0.00036771441956059053,-0.0002880598587380167,-0.00022855067739259902,2024-01-23,2024-05-30,738907.0,739035.0,3.067149409825289,0.3884435344291831,0.17402275397925956,0.07671269052836599
2024-07-19,739085.2149486799,0.5071861630776563,14.639818542884605,0.3118569070423727,-0.0187718917147952,-0.0011825864692374007,-0.0003077841668621233,-0.0011418317143311314,2024-01-30,2024-05-30,738914.0,739035.0,2.8579937090596816,0.549929272542145,0.17402275397925956,0.06768697474090565
2024-07-09,739075.5403256911,0.14549328222135818,7.54640855141787,0.7102139011929295,-0.3098392095725965,-0.010542609246477411,-0.009484231269439166,-0.004603907791398882,2024-02-06,2024-05-30,738921.0,739035.0,1.6071921628316748,0.5666186875528658,0.17402275397925956,0.045222297249867954
2024-06-16,739052.4898386776,0.8714707428549224,7.56911276063109,0.18670116020441507,-0.0016427843049802249,0.0003893881286581133,0.0003531640270979415,0.00016400696541254528,2024-02-13,2024-05-30,738928.0,739035.0,2.364273928437306,0.48574201977130876,0.17402275397925956,0.04990905623558315
2024-07-11,739077.4761092438,0.06777363052111564,2.4916800459335118,3.184018170703121,-2.263892478519135,0.04694673406502525,0.046333908032476515,0.007560741088690347,2024-02-21,2024-05-30,738936.0,739035.0,0.4771405073009307,1.31165279148927,0.17402275397925956,0.04753796170175955
2024-05-31,739036.3238468779,0.07069149382438479,8.059627465320306,0.5674604056630868,-0.3432666460334399,0.00795451132152482,0.007883406953771764,-0.0010611998706603508,2024-02-28,2024-05-30,738943.0,739035.0,5.458699047340743,0.378503842986732,0.17402275397925956,0.04849012997978827
2024-06-22,739058.72068008,0.3836082262876289,7.239046873059261,0.31177426459730523,-0.0385560905402761,0.006141617408267312,0.006007462500916028,0.0012766591908649027,2024-03-06,2024-05-30,738950.0,739035.0,1.7540429251703649,0.33267238822387185,0.17402275397925956,0.026609472997352574
2024-06-06,739042.1096660836,0.37478165638842237,5.28995890031624,0.28201784493737925,-0.03967746493457983,-0.009352741260414611,-0.00881520157169432,0.003125058452998899,2024-03-13,2024-05-30,738957.0,739035.0,2.0900617687903345,0.3005598913032451,0.17402275397925956,0.020082904173583684
2024-06-28,739064.7565549891,0.42460509878253727,4.996832691793342,0.36006163981778266,-0.03914249015343968,-0.004275293673177788,-0.0023532936242725254,-0.0035693339868765853,2024-03-20,2024-05-30,738964.0,739035.0,0.969958031725583,0.7779879951808946,0.17402275397925956,0.036018628090195993
2024-06-17,739053.3908430331,0.6533216493488446,10.40550009218252,0.22249290479686853,-0.006790830641069398,0.0014214187457073525,0.0013830452905711117,-0.00032805026273016833,2024-03-27,2024-05-30,738971.0,739035.0,2.4835032061672218,0.2999611109063515,0.17402275397925956,0.04097893633707606
2024-06-14,739050.5483458168,0.45907420899635054,4.652862498750313,0.22819721160083284,-0.014444959025310617,-0.007726962377587368,-0.002609809047285092,0.00727288418176445,2024-04-04,2024-05-30,738979.0,739035.0,1.1303531550843977,0.18444640405730525,0.17402275397925956,0.018599715924799292
2024-06-15,739051.481520395,0.4063057658055961,5.23428382442683,0.24051591310288023,-0.020215513201709535,-0.010330612548725944,-0.005329593886932404,-0.008849688391817349,2024-04-11,2024-05-30,738986.0,739035.0,1.1492327154954773,0.15189882507827512,0.17402275397925956,0.015086789539782137
2024-07-19,739085.099941674,0.6123629472478135,8.541528742555442,0.25307503847112195,-0.007666004525402014,0.0011610047441678172,0.0007582818504357767,0.0008791704335792195,2023-12-08,2024-05-31,738861.0,739036.0,2.0639279365864094,0.4733783318196668,0.184385541014806,0.14646782651513945
2024-06-03,739039.375228739,0.47663553634609446,8.295777197866474,0.20117304750224435,-0.012110791990280884,-0.003128245821080408,-0.003099690380701871,0.00042171253347668674,2023-12-15,2024-05-31,738868.0,739036.0,5.1853909327174526,0.2224339176833768,0.184385541014806,0.1246687739375384
2024-07-07,739073.4296436097,0.04881235871569324,14.684174248914811,1.2755540881371732,-0.9272417697341521,0.013345450172099673,0.009963565294981049,0.008878536304405382,2023-12-22,2024-05-31,738875.0,739036.0,3.898147893241369,0.2309617299712317,0.184385541014806,0.13084499729086815
2024-08-01,739098.8771114157,0.2378324667312764,6.330518192011467,0.35021372248053695,-0.07379838085077918,-0.006918967635600582,-0.006433825049176101,0.002545193190915465,2024-01-02,2024-05-31,738886.0,739036.0,1.2287199096705337,0.40071667345856027,0.184385541014806,0.11919926682118169
2024-06-03,739039.7182521136,0.6734441380240562,8.98804745055665,0.17578477805019083,-0.003611737918608649,0.001047963052259552,0.0009779293050509571,0.0003766707225465078,2024-01-09,2024-05-31,738893.0,739036.0,5.257431262708119,0.2582298708622348,0.184385541014806,0.10121221002974294
2024-07-05,739071.6054309958,0.9794848461992656,2.3996428408418953,0.16891554046565058,-0.0001955234264694896,-0.0006159914291093489,-0.0000613523295221332,0.0006129284888128355,2024-01-17,2024-05-31,738901.0,739036.0,0.5984055678973998,0.1295612843507757,0.184385541014806,0.08468256855992337
2024-07-22,739088.0688959466,0.34136721292199895,3.821683358368877,0.35590669574852835,-0.04740353528903934,-0.003377699716901167,-0.002029520517582755,0.002699981823321196,2024-01-24,2024-05-31,738908.0,739036.0,0.7546867695505384,1.2535936965200682,0.184385541014806,0.08279459249336873
2024-06-27,739063.5033590563,0.6277794303683125,11.01535619859238,0.24606265348183787,-0.008335895443439588,-0.0007244401830861788,-0.0005547337889142437,-0.0004659227428520566,2024-01-31,2024-05-31,738915.0,739036.0,2.9563331345218127,0.6557801448585199,0.184385541014806,0.06483120559958079
2024-07-22,739088.1103648215,0.36260138579444595,2.96511620273189,0.9513727846163944,-0.16003060294383264,-0.017040691716752068,-0.013267295716610289,0.010694112331250163,2024-02-07,2024-05-31,738922.0,739036.0,0.547083220210415,1.148427446851203,0.184385541014806,0.052355183666362375
2024-06-11,739047.8955668388,0.9527536191232764,4.46438977406349,0.19499697383157646,-0.0015820339603315092,0.0003768020124901332,0.00022597049583160966,0.00030152461198089777,2024-02-14,2024-05-31,738929.0,739036.0,1.6356960152840434,0.8960269881477628,0.184385541014806,0.048108609216801435
2024-06-26,739062.2947440018,0.6622710491513958,12.36984086555227,0.2338951501727733,-0.006525616902436848,-0.000717838689766901,-0.0007155840888580274,-0.00005684889004622583,2024-02-22,2024-05-31,738937.0,739036.0,3.0737642849829814,0.486705630053371,0.184385541014806,0.0462477675805464
2024-07-13,739079.9745119585,0.6664911403315011,6.280141971882777,0.3135639122492122,-0.0098566431112442,-0.0012225997913960754,-0.00016483174949203147,-0.0012114374702315925,2024-02-29,2024-05-31,738944.0,739036.0,1.1283104882983461,0.8555977495115112,0.184385541014806,0.04120665733705327
2024-06-15,739051.636060091,0.673128609459866,11.256670156765548,0.21314837340197412,-0.0055674563550755915,-0.0008173486159752527,-0.0008173217918390313,-6.621829180535116e-6,2024-03-07,2024-05-31,738951.0,739036.0,3.33575096671845,0.4073217476263315,0.184385541014806,0.04620648778823004
2024-06-23,739059.9920988487,0.44864905916911624,12.214692776898136,0.2712322940096079,-0.022137601999322867,-0.0020118545568531838,-0.001209304788275216,0.0016078372700573757,2024-03-14,2024-05-31,738958.0,739036.0,2.8133415916788365,0.404164540081494,0.184385541014806,0.04498005869546847
2024-06-24,739060.4076755565,0.07209476955880724,9.383662632182835,1.1667379176309554,-0.7729458962003366,-0.02410003424354408,-0.022887171113879147,0.007549109149032962,2024-03-21,2024-05-31,738965.0,739036.0,2.035971281368069,0.24641254187988101,0.184385541014806,0.023605038092149335
2024-06-19,739055.0976477067,0.7701617645154897,5.886650333292604,0.2456077675581336,-0.00551487235135222,0.0018643248982276477,0.0015918012565583127,0.0009705030065748925,2024-03-28,2024-05-31,738972.0,739036.0,1.3776503101928115,0.38701480523642784,0.184385541014806,0.018976078096459674
2024-05-31,739036.0673488439,0.36409935633980856,11.62942031329048,0.21669473411594226,-0.024848396152962006,0.007226172755298121,0.0014142763718503037,0.007086423289180431,2024-04-05,2024-05-31,738980.0,739036.0,12.446098524777533,0.10765937799239061,0.184385541014806,0.03275885810219714
2024-06-12,739048.4869116971,0.9820558266666266,10.37399564226467,0.22683007899091473,-0.0025617190533053537,-0.0006450780831535575,-0.00035620671706013243,-0.0005378127072562629,2024-04-12,2024-05-31,738987.0,739036.0,2.6320464648019826,0.37593202765313205,0.184385541014806,0.029797065971301686
2024-08-08,739105.3504979649,0.7101518406519743,5.460504619044798,0.287551287832894,-0.00535101177180061,-0.0008367589075289235,-0.0005776725086947725,-0.0006053593495001837,2023-12-11,2024-06-03,738864.0,739039.0,1.1222244113585345,0.8316756769758258,0.22644388434286647,0.1492877655337565
2024-06-19,739055.2904362897,0.669647974145445,7.7050733249936,0.21105020246388442,-0.005062179611519488,0.001651210839567205,0.000540469935055661,0.0015602530198673427,2023-12-18,2024-06-03,738871.0,739039.0,2.9749250328175965,0.2664432992506707,0.22644388434286647,0.10103784426974138
2024-06-08,739044.9687905275,0.38569766440986186,4.721190801333062,0.21293280095787495,-0.018177828982316895,0.0035897439523610293,0.003355169001580897,-0.0012763630417491848,2023-12-26,2024-06-03,738879.0,739039.0,2.4985997800791417,0.4136890231473085,0.22644388434286647,0.12905721118559757
2024-06-25,739061.1768693703,0.1561355259651245,8.12750408781277,0.4437556067456856,-0.16281485511062538,-0.017544000850813552,-0.010334957305656431,-0.014176763500305896,2024-01-03,2024-06-03,738887.0,739039.0,2.6659981244838047,0.17828299503172845,0.22644388434286647,0.0740524679591826
2024-06-11,739047.6561878189,0.6739604549549657,8.639196652061088,0.19242537901399584,-0.004260804398051616,0.0012135437044776757,0.000617357948885837,-0.0010447762849648114,2024-01-10,2024-06-03,738894.0,739039.0,3.9550254734885772,0.2739032785663898,0.22644388434286647,0.09333486041530811
2024-06-29,739065.5260071678,0.5608363586585611,7.180169640374079,0.21186676313045394,-0.007405039998232074,0.002007878461200661,0.0020067282363871747,-0.00006795366244694846,2024-01-18,2024-06-03,738902.0,739039.0,2.0785039723932917,0.28806562942299524,0.22644388434286647,0.08181184179912593
2024-07-05,739071.6131991378,0.45704540683793715,4.817355495569229,0.3019781607621127,-0.023885229160606678,0.0011589950312999055,0.00043509966368753434,-0.0010742242620779255,2024-01-25,2024-06-03,738909.0,739039.0,1.231833680769636,1.9552328753989385,0.22644388434286647,0.0856662242838241
2024-07-02,739068.9053003449,0.08193423410272073,8.436674406202961,0.9980862721285085,-0.6125154819891885,0.015468089987933939,0.015379472694696568,0.0016533685336018876,2024-02-01,2024-06-03,738916.0,739039.0,2.1910578107953707,0.3845691922073051,0.22644388434286647,0.049453170922625675
2024-06-10,739046.4227893366,0.7340081292096908,9.283503718813652,0.21313875922363887,-0.00475239519431085,0.0004239993390141201,0.00038071135013722346,-0.00018663951178971502,2024-02-08,2024-06-03,738923.0,739039.0,4.153386016636926,0.8862093393792545,0.22644388434286647,0.05812126424902807
2024-06-08,739044.5683602146,0.5965148380543651,10.201399328301072,0.21610400707199134,-0.008680977111912036,-0.0008915776431998073,-0.0006614638251954904,-0.0005978095865837822,2024-02-15,2024-06-03,738930.0,739039.0,4.909891241280991,0.5693390132326978,0.22644388434286647,0.048571123384307316
2024-06-22,739058.8873874266,0.6854221602767819,2.6307469841704405,0.30570167245975255,-0.010667737918799493,0.0020411142929227387,0.0020399495013514253,-0.00006894627408035244,2024-02-23,2024-06-03,738938.0,739039.0,0.7556522253499022,1.361708266413966,0.22644388434286647,0.04687899273096588
2024-06-13,739049.7797931619,0.6689709094164048,5.069630022115007,0.24340660357215235,-0.008536255568414388,-0.002124786998882794,-0.0021241505731354696,0.000052001281422715744,2024-03-01,2024-06-03,738945.0,739039.0,1.8349434205585067,0.530130724741023,0.22644388434286647,0.03301464894120002
2024-06-15,739051.1366882678,0.2000308696107787,6.1758863069123855,0.48112425517199925,-0.16230933183755697,0.0153579469190306,0.005193088050521523,0.014453316922675293,2024-03-08,2024-06-03,738952.0,739039.0,2.0644000315446425,0.3423009136421959,0.22644388434286647,0.022427334296105533
2024-07-01,739067.119535991,0.06380090562414621,6.290463777328663,1.5640718785797525,-1.1002504752994064,-0.01821916684941869,-0.017431431135653375,-0.005299363098517694,2024-03-15,2024-06-03,738959.0,739039.0,1.348332971762429,0.6125016024489548,0.22644388434286647,0.034693457324147275
2024-07-05,739071.0190156638,0.23138037908113113,3.9449706411248124,0.4267555151625601,-0.10497871961186155,0.010511022174854237,0.007408560817073612,0.007456192981676311,2024-03-22,2024-06-03,738966.0,739039.0,0.7457811834844583,0.5857861132281464,0.22644388434286647,0.03919184552716421
2024-06-26,739062.2638403476,0.04394854325051512,2.6798678228844772,-3.198099834331774,2.8487156006598195,-0.1010845846627553,-0.05427477621312439,0.08527802720195282,2024-04-01,2024-06-03,738976.0,739039.0,0.558951254528051,0.4621631057230374,0.22644388434286647,0.03062514438813806
2024-06-09,739045.9181955579,0.770151375145574,5.652933800962636,0.23517361246256624,-0.0060615084033271245,-0.00251958969180129,-0.00006481986521902608,-0.0025187557642821056,2024-04-08,2024-06-03,738983.0,739039.0,1.9862332026369762,0.32775783652311047,0.22644388434286647,0.015650107997933208
2024-06-06,739042.1076555247,0.11091768456294562,5.097696440410445,0.5766778837761427,-0.30119765165955525,-0.02229017175332387,-0.011166399229747973,0.019291534024917803,2024-04-15,2024-06-03,738990.0,739039.0,2.2874808395251316,0.2940119559074242,0.22644388434286647,0.0188837086058185
2024-08-01,739098.9136931737,0.31748594999216545,14.5022830219247,0.3774587806458907,-0.0560335054285518,0.005199210206314258,0.003306735488997217,0.004012142466968077,2023-12-12,2024-06-04,738865.0,739040.0,3.1826036856188473,0.2359383568058068,0.22644388434286647,0.13686047784567773
2024-08-18,739115.0792171457,0.3928308780253814,5.950134269373233,0.38551532149923345,-0.03830591099924224,0.0032156877158637126,0.0021309960703229697,0.002408215778169565,2023-12-19,2024-06-04,738872.0,739040.0,1.1125689973291273,0.7864493907379365,0.22644388434286647,0.13977345570221222
2024-08-18,739115.9887306225,0.3594238795903611,3.390666083697106,0.32447394426528925,-0.030047104438166168,0.008260296691440315,0.0033516108928593764,0.007549781841449871,2023-12-27,2024-06-04,738880.0,739040.0,0.6115209471051166,0.38559277301392025,0.22644388434286647,0.11698616508560011
2024-06-20,739056.0142679419,0.38051794913256043,10.516517010548974,0.24156257481813168,-0.02308930505560973,-0.003163757779723746,-0.003106447354215069,0.0005994565240721989,2024-01-04,2024-06-04,738888.0,739040.0,3.9342779029877812,0.26406500731267485,0.22644388434286647,0.13240379306285727
2024-07-18,739084.6472858596,0.8216815418947916,12.42654374072681,0.2201343982013644,-0.002158544038492942,0.0005230858553629899,0.00002388124893867014,0.000522540427172827,2024-01-11,2024-06-04,738895.0,739040.0,2.86055710452174,0.27286077939986825,0.22644388434286647,0.09299595343563839
2024-06-22,739058.6964604743,0.6055668640826434,2.65784022761759,0.23533577387869808,-0.00785900901095019,-0.0017377611354221527,-0.00036323237657096675,0.001699375180586765,2024-01-19,2024-06-04,738903.0,739040.0,0.8965976783669557,1.0304120747859784,0.22644388434286647,0.08909829767670119
2024-06-17,739053.9583640662,0.34294818734944715,11.288515244946527,0.30388284266377225,-0.04364052547099296,0.0009398206506712325,0.00002405898016574799,-0.000939512650740522,2024-01-26,2024-06-04,738910.0,739040.0,4.1923213477658905,1.4107065266443968,0.22644388434286647,0.0818027995102913
2024-06-13,739049.043087855,0.025151160095437504,5.340064954147972,2.3398690355209064,-2.0065468199224608,-0.01987265329487065,-0.012645342581045384,-0.015330285711171001,2024-02-02,2024-06-04,738917.0,739040.0,2.2786842710762674,0.4755595682656244,0.22644388434286647,0.04444603705595412
2024-07-29,739095.8981042826,0.8177276993721458,4.113213150307514,0.4282340631658234,-0.006895739017923136,-0.0011961312313757417,-0.0003535621005694084,0.001142682704740645,2024-02-09,2024-06-04,738924.0,739040.0,0.7354018480622144,1.146118386844403,0.22644388434286647,0.051160178321772644
2024-06-24,739060.1410957746,0.9646262373467231,4.2210027707993625,0.23107676655462303,-0.0018660162699179234,0.00041536781384840564,0.00028462411365033126,0.00030252195740138776,2024-02-16,2024-06-04,738931.0,739040.0,1.2482884944904475,1.0266585266172705,0.22644388434286647,0.0477926006017842
2024-07-04,739070.7319729717,0.11347605334472924,5.948238849688841,0.970637647632786,-0.5196097072967655,-0.011991441296753355,-0.008831348662818341,0.008111839814075377,2024-02-26,2024-06-04,738941.0,739040.0,1.3633940223235024,0.8266500451702904,0.22644388434286647,0.041498091732166974
2024-06-23,739059.2637597056,0.1015713109216099,13.842695245098605,0.8102216933869899,-0.4487988597313361,-0.0059340805439001025,-0.00586697750636326,-0.0008898802398757287,2024-03-04,2024-06-04,738948.0,739040.0,3.8635865308762516,0.5549434221689141,0.22644388434286647,0.04775827475570942
2024-07-14,739080.5730583657,0.4154058502727934,4.918624631850509,0.5072643284497672,-0.060977136863433694,-0.004634730388922924,-0.0008100677339517483,-0.004563388658049619,2024-03-11,2024-06-04,738955.0,739040.0,0.8844209623102824,1.1111469058090193,0.22644388434286647,0.04320623235444753
2024-06-09,739045.7803595257,0.9877794055974234,10.767319160532697,0.1892763580381218,-0.0011963563097041239,0.00019312309774923475,0.00018024345671182842,0.00006934570784721802,2024-03-18,2024-06-04,738962.0,739040.0,4.581901087742599,0.5683013742376574,0.22644388434286647,0.051555694702431445
2024-07-03,739069.953591621,0.33048292580035527,4.38382448354106,0.36448357469489584,-0.05470248555942805,-0.006929090035746234,-0.005196852835416538,0.004583122225132212,2024-03-25,2024-06-04,738969.0,739040.0,0.8477225657803906,0.5951503928562322,0.22644388434286647,0.037782382592694216
2024-06-05,739041.3059187067,0.9066085321121833,3.2993727143636913,0.2111453202174814,-0.0026157984449561903,-0.0017415526291601324,-0.0005607226656359277,0.0016488164398673092,2024-04-02,2024-06-04,738977.0,739040.0,2.0462254643703,0.4127205536318322,0.22644388434286647,0.022278034565011384
2024-06-10,739046.1846107672,0.8389244387795369,5.592938053242381,0.23053007504784906,-0.004404149041613265,-0.0020254797198359232,-0.00039297529510813275,-0.00198699232834485,2024-04-09,2024-06-04,738984.0,739040.0,2.054490451291441,0.32614967141599627,0.22644388434286647,0.0154088552614223
2024-06-04,739040.7890308955,0.12200497694418069,11.472596416842443,0.4648769622881347,-0.2203683176362638,-0.006813662936894481,-0.0038241762856379897,-0.005639297682688292,2024-04-16,2024-06-04,738991.0,739040.0,7.567973654985348,0.343941310193117,0.22644388434286647,0.03277198831410471
2024-07-30,739096.8776291666,0.6958349324068592,13.129975975032666,0.2443290499202872,-0.004386167074297986,0.001081790503876154,0.0010803075378720817,0.00005662435777458282,2023-12-13,2024-06-05,738866.0,739041.0,2.9647077793316976,0.21487421430035458,0.2297333609932653,0.11763072929776218
2024-07-28,739094.5044609638,0.9520637924509632,8.922925820548173,0.21166009836443334,-0.0009434626881973254,-0.00022446079219366348,-0.00020750390608773687,-0.00008558490632429683,2023-12-20,2024-06-05,738873.0,739041.0,2.017543821785109,0.4484799216785654,0.2297333609932653,0.14531879102631046
2024-06-30,739066.4283341599,0.7059830868371656,10.810550013407294,0.2054953586234453,-0.003542879620877662,0.0010197024779507499,0.00008835304582087169,-0.0010158675518162179,2023-12-28,2024-06-05,738881.0,739041.0,3.4184012191153745,0.22689735230142452,0.2297333609932653,0.12879688658010047
2024-07-29,739095.3786638534,0.4314920552260658,6.618047151543214,0.29223828588290657,-0.021755501068175948,-0.0021661289992872365,-0.0016411569199921013,-0.0014137605191527891,2024-01-05,2024-06-05,738889.0,739041.0,1.4048223927034014,0.6548287225264534,0.2297333609932653,0.13376959233114957
2024-07-06,739072.0710189294,0.7893915603689619,2.0769892318568672,0.20921300800589193,-0.001295682710776428,0.0017690676515533473,0.001766335188851195,-0.00009828711206708753,2024-01-12,2024-06-05,738896.0,739041.0,0.5733986963894535,0.27836360766422447,0.2297333609932653,0.08816166674798047
2024-08-07,739104.7383992872,0.11233822452490297,9.408274234865614,0.962057797556759,-0.4896206438096738,0.007365933235512882,0.0023701849278847252,0.006974180657085201,2024-01-22,2024-06-05,738906.0,739041.0,1.7028162503022308,0.7936874813883509,0.2297333609932653,0.09463770805551408
2024-07-29,739095.6106005269,0.7152776128562476,14.985567423217285,0.2872962984292071,-0.005720562625646394,-0.0005057890963202585,-0.00005026338474416474,0.0005032854082034604,2024-01-29,2024-06-05,738913.0,739041.0,2.8790330465966494,0.5398470371469224,0.2297333609932653,0.07412075502501322
2024-07-11,739077.5316566245,0.17771422569141684,4.642124688027165,0.8227560391639654,-0.31886203928397977,-0.009399184092945163,-0.00906102109894941,-0.002498511208193196,2024-02-05,2024-06-05,738920.0,739041.0,1.0797422000870476,1.2987275569722114,0.2297333609932653,0.05548139860344727
2024-07-01,739067.0241715185,0.4201404311567286,14.240186704030343,0.33812177108441727,-0.03488794485611384,0.001505176913100763,0.001209539269009696,-0.0008958639943959305,2024-02-12,2024-06-05,738927.0,739041.0,3.8138670722341113,0.6838591029529705,0.2297333609932653,0.05751140453271953
2024-06-20,739056.4266074914,0.42176913749596523,4.784569972674555,0.3181254770278255,-0.03434787514017461,-0.0035767780198769326,-0.0032887305397603416,0.0014062689786532307,2024-02-20,2024-06-05,738935.0,739041.0,1.5711143360030735,0.8465249731008703,0.2297333609932653,0.04446311240285174
2024-07-19,739085.9969525086,0.3194506843308103,4.907454639333961,0.60898264622764,-0.11459501966849903,0.006120874300603206,0.001936857532019007,-0.005806348689533382,2024-02-27,2024-06-05,738942.0,739041.0,0.9085102626421141,1.21870841940275,0.2297333609932653,0.045338764271965724
2024-07-01,739067.1949951303,0.5345055561477877,10.958711441151468,0.2674338534446254,-0.013735511644760643,-0.0023663426320862735,-0.0013493530068207876,-0.001943919729673191,2024-03-05,2024-06-05,738949.0,739041.0,2.6280028807934324,0.28311308744783,0.2297333609932653,0.03808695908689511
2024-07-12,739078.8831882896,0.9736652321148829,7.5003405257527,0.2768250020758282,-0.0021250096321272765,-0.0004965752905589461,-0.00048225513482653525,-0.00011839342940865457,2024-03-12,2024-06-05,738956.0,739041.0,1.40467790508332,0.555526113475981,0.2297333609932653,0.030885920298957432
2024-06-22,739058.4226573958,0.674554647970541,8.821785240745267,0.25348809832307684,-0.007957548931046715,0.0021978779859513726,0.002025871780985425,0.0008523562448510629,2024-03-19,2024-06-05,738963.0,739041.0,2.3876167895738,0.27684481670826055,0.2297333609932653,0.026856837779243338
2024-06-10,739046.1712781998,0.3651839406595548,6.401955824241917,0.31670067738463414,-0.048397553683254886,0.0100827273302113,0.003318013999133636,0.00952114349839047,2024-03-26,2024-06-05,738970.0,739041.0,2.7407108542420597,0.27380689814255815,0.2297333609932653,0.019959345937049046
2024-06-18,739054.8696498434,0.4920876022349031,7.50222401966759,0.315910086855122,-0.02726446780117145,0.005999185242733214,0.005106473153509684,0.0031486751990500443,2024-04-03,2024-06-05,738978.0,739041.0,2.0446427806269423,0.2980966858356829,0.2297333609932653,0.016080896647386357
2024-07-01,739067.7908515967,0.017281748276999135,12.63663719670471,6.106183937104004,-5.567015139175366,-0.026944577567664874,-0.005653248854226824,-0.026344848408979167,2024-04-10,2024-06-05,738985.0,739041.0,2.2691318009843915,0.2825577224248597,0.2297333609932653,0.0274806516311791
2024-06-10,739046.4325364358,0.1678631584190067,10.084143239696933,0.5715247458572899,-0.2431064457693074,-0.00988592551650655,-0.005907040354193276,0.007927067400485974,2024-04-17,2024-06-05,738992.0,739041.0,3.698676861796737,0.4093506876327473,0.2297333609932653,0.0261580295045903
2024-06-13,739049.3358871392,0.8382182433667174,12.75262176763713,0.17933717037788968,-0.0015845339591905477,0.0005910025037775492,0.0002365434201337603,0.0005416005630192376,2023-12-14,2024-06-06,738867.0,739042.0,6.521388768208271,0.17622594991499888,0.20815576034871816,0.13798750018785177
2024-06-25,739061.0618557354,0.4490296518443363,3.2724995827446293,0.27270049811309205,-0.0209826802701248,-0.0032311264442189663,-0.0006254590993994818,-0.00317001246267416,2023-12-21,2024-06-06,738874.0,739042.0,1.189455799166157,0.8910507297686148,0.20815576034871816,0.13672227581746052
2024-08-12,739109.0776727322,0.38491057936150763,5.806098603721659,0.32857480464672284,-0.031359959116887756,0.004112644900760173,0.003969048215006943,0.0010772670730598126,2023-12-29,2024-06-06,738882.0,739042.0,1.1268478782679663,0.5055099589702989,0.20815576034871816,0.12229907576536178
2024-07-06,739072.4775999911,0.6728049124935359,12.497839145875485,0.21684247335371104,-0.004427934568189325,0.0006889332121444718,0.0002638537647336949,0.0006364040867495713,2024-01-08,2024-06-06,738892.0,739042.0,3.5378297987804523,0.3460017504724541,0.20815576034871816,0.13452943671557924
2024-07-09,739075.4101675164,0.7912899386339767,8.781015257263322,0.21312403709762107,-0.002405788581758014,-0.0007137587849247807,-0.0002134584403175061,0.0006810925761704624,2024-01-16,2024-06-06,738900.0,739042.0,2.317497438754169,0.30373644436106334,0.20815576034871816,0.08464921482705787
2024-07-25,739091.9403689197,0.7409806607525532,5.723697509161872,0.26683830207247716,-0.004494193529048807,-0.0004428874409355436,-0.0000756344378837425,-0.00043638138954868916,2024-01-23,2024-06-06,738907.0,739042.0,1.19262539555509,1.313677024887855,0.20815576034871816,0.09722623082430781
2024-06-11,739047.0577765898,0.19850862500373762,9.598947452139356,0.40485727448226405,-0.12865059552212826,-0.0031105129053712313,-0.0006610307544615268,0.0030394619385899543,2024-01-30,2024-06-06,738914.0,739042.0,4.995424910435145,0.8553336543469983,0.20815576034871816,0.06959179006833341
2024-06-13,739049.7701839335,0.0023978596094109688,12.127075632599768,25.027948786135386,-24.670844068988828,0.007225711598754258,0.0063440327504309625,-0.003458924192553398,2024-02-06,2024-06-06,738921.0,739042.0,5.419165376577439,0.6751045749068366,0.20815576034871816,0.06104273175270975
2024-07-27,739093.0060784655,0.6090475561012195,14.388967453942744,0.3260072452767484,-0.011901136971561258,-0.0009462778839140678,-0.00027892741690716563,-0.0009042352181166041,2024-02-13,2024-06-06,738928.0,739042.0,2.6886342783778514,0.5323427430897282,0.20815576034871816,0.051694601023090744
2024-07-05,739071.5639315379,0.7563851914012742,10.002190839236281,0.23371629132413357,-0.0037103772495517954,0.000643191179445326,0.0005380383387266319,0.00035243387943918736,2024-02-21,2024-06-06,738936.0,739042.0,2.424282947560742,0.4362403865276,0.20815576034871816,0.04863631193603005
2024-06-20,739056.6083777855,0.04691748265141828,10.372302968514076,1.5182209661153243,-1.1478881270709747,0.012440381367644367,0.011800127609525111,-0.0039395528897777626,2024-02-28,2024-06-06,738943.0,739042.0,3.386065085188293,0.4173739870784697,0.20815576034871816,0.04336013730524512
2024-07-16,739082.6880142683,0.8943678292252211,4.332262502088977,0.3416668097045724,-0.004051778040570628,-0.0007364810509595646,-0.0003505707013073277,0.000647691687307621,2024-03-06,2024-06-06,738950.0,739042.0,0.8150364076193019,1.135757136732949,0.20815576034871816,0.04417513854043567
2024-06-06,739042.2983084843,0.6221414421220443,2.847277664033202,0.23968688404711191,-0.011346400861370759,0.002256164617017903,0.0022184158737411767,-0.00041098636256780197,2024-03-13,2024-06-06,738957.0,739042.0,2.5629645345346264,1.0988708406034455,0.20815576034871816,0.04228083872080039
2024-07-13,739079.6086993463,0.8484809725583309,4.007813870327162,0.33164296300054674,-0.004776571467266806,0.000931276459641029,0.0007595098672685283,0.0005389068619003396,2024-03-20,2024-06-06,738964.0,739042.0,0.7163051604474084,1.0858559576291922,0.20815576034871816,0.04123030447506853
2024-06-14,739050.4550137998,0.35483046591639017,9.63914172842812,0.3045386011169183,-0.043448783262860016,-0.004697425419063752,-0.003713562495639685,0.0028766750179060243,2024-03-27,2024-06-06,738971.0,739042.0,3.437083991044471,0.3404867852448663,0.20815576034871816,0.04181504007297907
2024-07-01,739067.4610466696,0.3441966954087399,14.899040828584445,0.4060298794676312,-0.06483092436137484,-0.0019064094587381932,-0.0013456529154436993,0.0013504129944296017,2024-04-04,2024-06-06,738979.0,739042.0,2.953192098641666,0.7856234095819672,0.20815576034871816,0.04780746226271481
2024-06-12,739048.7114635515,0.6302394475599126,6.3745445108777075,0.2610735857495602,-0.012267429348515832,0.003925120742135857,0.000184494859761067,0.003920782382008327,2024-04-11,2024-06-06,738986.0,739042.0,2.267220755138847,0.3089989256667992,0.20815576034871816,0.015454867047256729
2024-06-08,739044.6677418876,0.4846438966326244,11.56484807194393,0.28234818928878985,-0.02811330024186244,0.002857590656955574,0.0027747870872755188,0.0006829209200257593,2024-04-18,2024-06-06,738993.0,739042.0,5.454812588264826,0.4122822424175488,0.20815576034871816,0.027644215520237006
2024-06-20,739056.5051331195,0.9726489278371941,9.623109624915212,0.18420474316955326,-0.0008684912819968077,-0.0003545333635110826,-0.00007333851087905681,-0.0003468650582928813,2023-12-15,2024-06-07,738868.0,739043.0,4.037291404034434,0.24759908280558307,0.19973111068946647,0.13232067801472733
2024-06-25,739061.2012195936,0.48139896769482793,12.881650812190061,0.23840650959920862,-0.013936403389045,-0.0022521750951068143,-0.002097656848975449,0.0008198343753257595,2023-12-22,2024-06-07,738875.0,739043.0,4.76736043517894,0.23125023837005504,0.19973111068946647,0.1417781094472352
2024-08-12,739109.0494367306,0.2203856255889643,13.540731413884853,0.538301233666012,-0.1420505556051651,-0.010858781280451011,-0.01085176216051,-0.00039037021965901615,2024-01-02,2024-06-07,738886.0,739043.0,2.6227037742817503,0.21291339847361607,0.19973111068946647,0.10422143861173144
2024-07-31,739097.0099371008,0.0193415342040888,2.093278342648709,-5.399476225945234,5.096372277111924,0.12270683888279053,0.02200957335729606,0.12071680491645281,2024-01-09,2024-06-07,738893.0,739043.0,0.44276400427506446,0.3837570052619946,0.19973111068946647,0.08933670683105396
2024-07-23,739089.4742376584,0.02385418167861931,14.526064999823811,3.834790227329118,-3.3236660855642786,0.01231273376128004,0.008713723751811333,-0.008699105186930685,2024-01-17,2024-06-07,738901.0,739043.0,3.236799172791918,0.4432813259693193,0.19973111068946647,0.09803324417364359
2024-06-24,739060.5685324314,0.7856962938071084,7.337223748858403,0.20539802993527004,-0.002594176569950043,0.0006850535604670414,0.00066951702865179,0.00014507008324891952,2024-01-24,2024-06-07,738908.0,739043.0,2.5241086320381223,0.40550661774178615,0.19973111068946647,0.08304660813538604
2024-07-23,739089.1197574853,0.40450329344754776,12.337508578202472,0.3982907379283879,-0.04244067665249555,0.0025004592030559766,0.0011639186061782223,0.0022130498648560704,2024-01-31,2024-06-07,738915.0,739043.0,2.608613724355904,0.5564896875105833,0.19973111068946647,0.0634274261000487
2024-08-04,739101.8608603778,0.9265157395074086,12.331610322411647,0.26209250475116785,-0.0016912268933110149,-0.00013776858514343314,-0.00012264401436917852,0.00006275849577416682,2024-02-07,2024-06-07,738922.0,739043.0,2.192279356805198,0.9223264993902126,0.19973111068946647,0.06240295438581063
2024-07-29,739095.748487844,0.1583375477423208,6.882412622693999,0.9508397416865494,-0.39751327607288517,-0.008350582737352796,-0.0060657858800650345,0.005739204971995524,2024-02-14,2024-06-07,738929.0,739043.0,1.2607177441482225,1.0951612340127699,0.19973111068946647,0.047876213502117834
2024-06-24,739060.0424675012,0.521136418080958,12.075017128374673,0.2753828368746674,-0.01659711315730116,0.0011420381708572378,0.00006603340411534456,0.0011401275249882735,2024-02-22,2024-06-07,738937.0,739043.0,3.799052422973462,0.6272137973866717,0.19973111068946647,0.05143840825546544
2024-06-21,739057.2311663484,0.5998223703792177,10.770219429811204,0.24867097130369636,-0.00990949064159095,-0.0011402170492274789,-0.00007633429534330017,0.0011376589975486762,2024-02-29,2024-06-07,738944.0,739043.0,3.555108199933189,0.4840184409549513,0.19973111068946647,0.049183994351083844
2024-07-13,739079.0733026983,0.8669133736699686,4.246973123556814,0.3212689929484805,-0.0043094221867977485,0.0007324204171483583,0.00005421710017625622,0.0007304109620646808,2024-03-07,2024-06-07,738951.0,739043.0,0.8564328213857131,1.2010325871386607,0.19973111068946647,0.04506772243496857
2024-07-11,739077.9928325674,0.254952486085204,6.867635198983113,0.5898091788095245,-0.15268904975851907,0.008038796760526776,0.0069588922206764905,0.004024434422134868,2024-03-14,2024-06-07,738958.0,739043.0,1.346913901143646,0.7051294878389951,0.19973111068946647,0.037135302550718174
2024-06-08,739044.5906892295,0.472118574691874,8.220696340197962,0.243470685714973,-0.0187320192268287,-0.0034614948684356613,-0.0018608592519426877,0.0029187582237427123,2024-03-21,2024-06-07,738965.0,739043.0,5.119276495638915,0.31078738605901046,0.19973111068946647,0.03985993634825908
2024-06-13,739049.0728802468,0.4443595894552389,9.722089565057534,0.2717819589558767,-0.025183385497588893,-0.0038178460172431004,-0.003209148402012355,0.0020681670012937907,2024-03-28,2024-06-07,738972.0,739043.0,3.931610443714189,0.30148842597586983,0.19973111068946647,0.041424460722989144
2024-06-11,739047.5296990147,0.15434099427327966,4.901055367449414,0.4129982991480966,-0.15328907678744022,-0.021063208717652562,-0.01648403801653875,0.013112408327713874,2024-04-05,2024-06-07,738980.0,739043.0,2.107564813520955,0.22918086921586062,0.19973111068946647,0.020683219544246317
2024-06-19,739055.3583827682,0.10508797629918257,9.323243227009144,0.9453267125340563,-0.5459361870693022,0.020363884233049263,0.00874555104387077,0.01839029956243463,2024-04-12,2024-06-07,738987.0,739043.0,2.5380042784703196,0.30218108571172264,0.19973111068946647,0.02123929578595163
2024-06-27,739063.9935440526,0.9394457869597315,2.800363079291648,0.10451925506607694,0.002692470263245348,-0.002768464602805302,-0.001801515808746342,0.0021021267915668006,2024-04-19,2024-06-07,738994.0,739043.0,0.5366965286742222,0.32626412322836,0.19973111068946647,0.023832199840964602
2024-08-27,739124.0578166685,0.6352733249786789,10.49357874672017,0.29205289375529336,-0.007068477003298876,0.0006864599167650534,0.0004927768738342666,0.00047791021116859537,2023-12-18,2024-06-10,738871.0,739046.0,1.9643242998624884,0.6233725292585998,0.18610227963386053,0.16255817143126766
2024-07-28,739094.2198297132,0.7378538791990171,11.892865066588294,0.24377471752166271,-0.0035993455584350346,0.0009638432507964562,0.0009521429061868755,-0.00014972540968015782,2023-12-26,2024-06-10,738879.0,739046.0,2.831432248712939,0.23168664796376723,0.18610227963386053,0.10757226909189235
2024-06-10,739046.1412993053,0.43185917078029135,8.554053990980307,0.22276120068534053,-0.01668647796483949,0.00380145020456871,0.0008291122974756396,-0.0037099321363052106,2024-01-03,2024-06-10,738887.0,739046.0,9.56624534852711,0.22160805023486269,0.18610227963386053,0.11666018252637915
2024-07-25,739091.8940415693,0.9476808401232926,11.677723530024595,0.21935724097727619,-0.0010781781052979506,0.0003241228122909427,0.000030525935283878614,-0.00032268214193294665,2024-01-10,2024-06-10,738894.0,739046.0,2.716103832587094,0.26995092567620954,0.18610227963386053,0.08841932178432288
2024-06-12,739048.5131171042,0.09891194663377603,10.603378104661228,0.5707579560489674,-0.3012147703517799,-0.003693901759964147,-0.002428405427284737,0.002783479350201876,2024-01-18,2024-06-10,738902.0,739046.0,6.861010393426341,0.7606684856789062,0.18610227963386053,0.09766341336960724
2024-07-10,739076.971346426,0.31002574697803703,13.755470548836334,0.40157896492674205,-0.06937584972493395,0.002324072070911949,0.0020118731241491362,-0.001163476481549735,2024-01-25,2024-06-10,738909.0,739046.0,3.7014346242329017,0.6727923349976508,0.18610227963386053,0.08747500081901256
2024-06-14,739050.592255068,0.8128172678611856,7.506913084307955,0.20494730033500708,-0.002740069300084039,0.0004567971673303337,0.00045647208915030766,-0.00001723031943321153,2024-02-01,2024-06-10,738916.0,739046.0,4.035762174278038,0.6494858272084438,0.18610227963386053,0.06661572791858357
2024-07-26,739092.961748481,0.0015802427042674876,3.8404076135468244,107.73706320930953,-106.83689705483083,0.02581023299892585,0.024831672181762035,0.007039615338663498,2024-02-08,2024-06-10,738923.0,739046.0,0.7861754232053151,1.7032398627730003,0.18610227963386053,0.059338652077584444
2024-07-15,739081.253065749,0.5511609901173217,11.273985778932431,0.2944295482359992,-0.013775320928739034,0.0015281779620817944,0.000492764557666687,0.001446551407486101,2024-02-15,2024-06-10,738930.0,739046.0,2.613237260602362,0.4406855214060365,0.18610227963386053,0.0464893534785432
2024-07-02,739068.917457056,0.16573302920423386,6.279530525373778,0.6758404169676031,-0.2712718890343453,-0.01039121731198811,-0.008916331777126849,-0.005336330655530949,2024-02-23,2024-06-10,738938.0,739046.0,1.7416544195642234,0.6890016416745469,0.18610227963386053,0.041661128741724264
2024-07-13,739079.5304075028,0.9412078066560947,4.82730401430204,0.28176416434581164,-0.002427619136497357,-0.00040468458960243447,-0.00016806812726290448,-0.0003681341082540858,2024-03-01,2024-06-10,738945.0,739046.0,1.0674131583791102,1.1696199180902238,0.18610227963386053,0.04611554978580375
2024-07-16,739082.6573432195,0.7515382550550451,13.635340007177799,0.25726956228733283,-0.004304800294421588,0.0007626600441404443,0.0006783392299335978,-0.0003485774405514476,2024-03-08,2024-06-10,738952.0,739046.0,2.7581602718859455,0.3111051029347139,0.18610227963386053,0.04193348445344562
2024-07-19,739085.7995260796,0.16889269098280882,6.908366761187165,0.82163613512274,-0.3265848963889955,-0.009378250839734105,-0.000010666790555105636,0.009378244773546625,2024-03-15,2024-06-10,738959.0,739046.0,1.2740489864463531,0.851353098208598,0.18610227963386053,0.04101588805547789
2024-06-12,739048.2219403865,0.6928977412037646,7.1354566452072,0.23246802674591818,-0.007303095984404459,-0.0025245342135456765,-0.0004679769718796514,-0.002480780229918209,2024-03-22,2024-06-10,738966.0,739046.0,4.100854505538842,0.2809138304131019,0.18610227963386053,0.028421852402710925
2024-07-02,739068.8386044933,0.417732970738255,14.055595359884249,0.33935746237925213,-0.035197035904567166,0.0022357107052094543,0.00027781957485592106,-0.0022183819872183936,2024-04-01,2024-06-10,738976.0,739046.0,3.1372162793321055,0.46788593848344323,0.18610227963386053,0.0482971886841177
2024-06-10,739046.041920314,0.7508926453633005,14.914924948410146,0.21913627652691495,-0.005315989180474692,-0.00151145595808589,-0.00024484954793061364,-0.0014914918075911471,2024-04-08,2024-06-10,738983.0,739046.0,17.36609279438718,0.17707015593791806,0.18610227963386053,0.03786855693164108
2024-06-10,739046.173414879,0.09188961780119234,14.479285655292431,0.48497410946871494,-0.2500067968453301,-0.011869358604324212,-0.0113607046599295,-0.0034374501171509936,2024-04-15,2024-06-10,738990.0,739046.0,13.320900235939625,0.13367305498276963,0.18610227963386053,0.04613705367892027
2024-06-29,739065.5445380942,0.19038965374762024,8.12917504115337,0.6849983085992933,-0.25635841560689576,0.010611149470567897,0.0011977877624866034,-0.010543329529269703,2024-04-22,2024-06-10,738997.0,739046.0,1.6234425132438226,0.5658248482723846,0.18610227963386053,0.02399724343683858
2024-07-07,739073.8441062301,0.22858582731075178,5.623221510560816,0.42266769767313866,-0.10667936903941713,-0.0034613989991130693,-0.002381728917098175,-0.0025117026887192108,2023-12-19,2024-06-11,738872.0,739047.0,1.8055435379707963,1.252832130558412,0.19803763018313347,0.15822064569863387
2024-07-13,739079.1897016098,0.2510295872672364,9.637194440128809,0.4212233770988461,-0.09414074983958508,0.009802478125732407,0.009780122352884274,0.0006616526037700577,2023-12-27,2024-06-11,738880.0,739047.0,2.7955338584409235,0.25015895956761613,0.19803763018313347,0.10153635885102782
2024-08-05,739102.0182677564,0.2542689397822074,11.237746350550438,0.4365703886444218,-0.09194646297544636,-0.010204938901263482,-0.009109215244795256,-0.004600323423685603,2024-01-04,2024-06-11,738888.0,739047.0,2.429549680565862,0.20386313820479932,0.19803763018313347,0.09249587166785066
2024-07-22,739088.7562307883,0.09190652648155707,7.821183761314082,0.9068502382631346,-0.5098422998307587,-0.008690047136697717,-0.0009399792193984581,-0.008639060035971929,2024-01-11,2024-06-11,738895.0,739047.0,1.910428862953679,0.6894259006331835,0.19803763018313347,0.11154457791545372
2024-07-28,739094.5282606386,0.7654024157886028,10.288817627327248,0.23911072806711825,-0.0030455434287906635,-0.0006756670075986266,-0.00019210985588564384,-0.0006477806020782651,2024-01-19,2024-06-11,738903.0,739047.0,2.282224118379603,0.33531767256207573,0.19803763018313347,0.08504671380674761
2024-08-14,739111.7709601871,0.45474897429838423,6.218632676166039,0.41770443667487084,-0.03281081974579385,0.0014234822470524117,0.0004115356478902645,0.0013626959008483607,2024-01-26,2024-06-11,738910.0,739047.0,1.124601885403727,1.6855508127964618,0.19803763018313347,0.08432286403837054
2024-08-06,739103.7144244834,0.2876948873550001,8.998171204976746,0.5530328200459895,-0.11026470549039959,0.003885735862840969,0.003776890369554325,0.0009132591812493572,2024-02-02,2024-06-11,738917.0,739047.0,1.706425313923197,0.9072795838282325,0.19803763018313347,0.060060079041740225
2024-07-27,739093.5821830181,0.4047639719531265,11.288793243499082,0.4042293430695895,-0.04257307555252151,-0.0023045937771442727,-0.0023043585251138186,-0.0000329281853033439,2024-02-09,2024-06-11,738924.0,739047.0,2.321508847713176,0.6623613317889945,0.19803763018313347,0.05533010652665724
2024-06-16,739052.1006508416,0.17849323968862854,11.445940624452327,0.4442291202401507,-0.15566927779651837,-0.005318609116393755,-0.0033660622968444674,-0.004117915437056583,2024-02-16,2024-06-11,738931.0,739047.0,5.769716799777515,0.4564309864710309,0.19803763018313347,0.05046484440131363
2024-06-21,739057.6865195887,0.14442700475301876,14.162044969847953,0.5783284184353047,-0.2497582467437721,-0.0038366220218570397,-0.0009734595750881301,-0.0037110705994722894,2024-02-26,2024-06-11,738941.0,739047.0,5.3881079515197685,0.6638856131077442,0.19803763018313347,0.05226711587597901
2024-07-11,739077.4938497359,0.7578035692746954,9.630491876799846,0.26331124597196337,-0.004696613011818986,0.0006896033309606696,0.0006710624548579298,0.0001588330436404832,2024-03-04,2024-06-11,738948.0,739047.0,2.2165087056960555,0.5359121503739313,0.19803763018313347,0.044942844089614506
2024-06-16,739052.0293000768,0.08703612331040224,7.593450740781153,0.6819752436695837,-0.39262030911622103,0.01929233010139932,0.017258889736151677,0.008621178911072228,2024-03-11,2024-06-11,738955.0,739047.0,3.5769405717868867,0.23326438485825463,0.19803763018313347,0.03245438897709715
2024-06-12,739048.6606276985,0.3790565660643067,6.206385926906512,0.28795569737482785,-0.0379917377332319,0.0085234808846058,0.005173982651420466,0.006773450369866194,2024-03-18,2024-06-11,738962.0,739047.0,3.9064644237837967,0.2722308965746442,0.19803763018313347,0.023126851086190107
2024-06-29,739065.0938540526,0.07676074699371084,3.4713554416627193,0.5109818899415735,-0.25996164206469785,0.02643030381198306,0.009976378351599702,-0.024475147284121885,2024-03-25,2024-06-11,738969.0,739047.0,0.9225107966848313,0.217493971706739,0.19803763018313347,0.039493476737764564
2024-07-10,739076.2136597153,0.2099537516296957,11.664899297543814,0.614235644274875,-0.1964402318060786,-0.012620943478998198,-0.00952865945540752,0.008276041522548084,2024-04-02,2024-06-11,738977.0,739047.0,2.2698621280557387,0.28014395886071997,0.19803763018313347,0.028925927155361766
2024-07-04,739070.422936801,0.7395218956765767,3.7157528695677637,0.09134029568940792,0.0053019751894161525,0.004567751336315523,0.004566939397937103,-0.00008612088005902734,2024-04-09,2024-06-11,738984.0,739047.0,0.7720692569964458,0.2310146133249772,0.19803763018313347,0.026506778855989264
2024-07-02,739068.5496581581,0.07292039762985648,10.40243681988486,1.4239515947124795,-0.9582155375406732,-0.01951275568898921,-0.008658612189572156,0.01748645388661673,2024-04-16,2024-06-11,738991.0,739047.0,2.1200917256814065,0.3442377885982853,0.19803763018313347,0.02455971753330408
2024-06-12,739048.2878997027,0.3563267954673864,10.02715805041344,0.30383412242096197,-0.048132646820458445,-0.0021077406332652526,-0.0013134153067857544,0.0016484874306521994,2024-04-23,2024-06-11,738998.0,739047.0,5.848473828347111,0.8115087332607213,0.19803763018313347,0.03594161948208304
2024-06-27,739063.7109582823,0.8892729915684305,9.324509501014676,0.20068625080149413,-0.0014935937518975142,-0.000597900832699118,-0.0005613834737520072,-0.0002057522810090528,2023-12-20,2024-06-12,738873.0,739048.0,3.7047626773465874,0.23823876907113672,0.17921757085636342,0.10611033047744454
2024-06-21,739057.0597823614,0.3302694494401653,11.277028398499278,0.27071816598434667,-0.035590854424070444,0.0037252832114318033,0.0031006881749002175,0.0020648166619362624,2023-12-28,2024-06-12,738881.0,739048.0,5.3251176436944645,0.27980330971837075,0.17921757085636342,0.13953601452590234
2024-08-30,739127.0776369076,0.48938042125902814,4.393286562423091,0.18607950201919998,-0.0036235531758924884,0.004632485481437426,0.004071964525638203,0.0022088518822394095,2024-01-05,2024-06-12,738889.0,739048.0,0.7706495927942836,0.08713198950861997,0.17921757085636342,0.09578837668374988
2024-07-16,739082.7719521523,0.9105373545208877,12.046564101020927,0.2177371315839853,-0.0013959494840243602,0.00036209160701472786,0.00030977093166383404,-0.00018748947108205397,2024-01-12,2024-06-12,738896.0,739048.0,3.223079405952748,0.29139749603657716,0.17921757085636342,0.09288341388546148
2024-08-03,739100.3467550272,0.12160730619032359,6.0405835890422805,0.9714216460516903,-0.4776335039703999,0.0066023615488352266,0.006404947955591862,0.0016024417954164567,2024-01-22,2024-06-12,738906.0,739048.0,1.2611055326752472,1.456385176971518,0.17921757085636342,0.09475278594911331
2024-06-26,739062.0443185943,0.30822589789646343,4.9484162964118585,0.36238824787336815,-0.06483353057242028,-0.0028809096652029167,-0.001937618657349932,-0.0021319649241366583,2024-01-29,2024-06-12,738913.0,739048.0,1.8602486134491756,1.4017576325236436,0.17921757085636342,0.07514898632681491
2024-06-12,739048.6845120587,0.6309341842283657,12.41417848552423,0.2225735749763326,-0.007755448531134292,0.0006358208539139676,0.00016907954026386656,0.000612927619981386,2024-02-05,2024-06-12,738920.0,739048.0,10.345988497876228,0.619923678778595,0.17921757085636342,0.06447286019590172
2024-07-17,739083.3083743589,0.8235108580760526,6.791714797294469,0.2698611105430433,-0.003550948572333207,0.0004977612861382468,0.00018391133724658304,0.00046253963939339856,2024-02-12,2024-06-12,738927.0,739048.0,1.6081184793378192,0.8649941214605066,0.17921757085636342,0.05217313416113456
2024-06-27,739063.2791389809,0.7731291223116212,5.823360653211759,0.2411313954556112,-0.004334774968236375,0.0006727644964938162,0.000040325766023985215,0.0006715548379225313,2024-02-20,2024-06-12,738935.0,739048.0,1.97200650034951,0.8554248004338622,0.17921757085636342,0.05171599071067333
2024-07-01,739067.1389320628,0.48339614996797564,6.595959469911364,0.3171264813787685,-0.024406145165422506,0.002908595941186904,0.00038562416655716047,-0.0028829194146309453,2024-02-27,2024-06-12,738942.0,739048.0,1.971171056310111,0.6149516980983827,0.17921757085636342,0.042956430453218515
2024-07-28,739094.4823898261,0.5664142033178815,14.867126534241226,0.316415511091661,-0.013594523253728254,0.0015302132163552572,0.0012060334653652839,0.0009418257630407578,2024-03-05,2024-06-12,738949.0,739048.0,2.6997638614109496,0.3384691811236543,0.17921757085636342,0.04309494638242428
2024-07-13,739079.4933441685,0.08543056527580319,2.063987429502938,0.11880956327958507,0.026770624561092516,0.04079142509105435,0.03327354680472957,0.023596852417061248,2024-03-12,2024-06-12,738956.0,739048.0,0.4488575554880621,0.027164133576227222,0.17921757085636342,0.053476909187227105
2024-06-18,739054.1320867373,0.8084822872023303,2.0556920578606874,0.20690464066574085,-0.0017486922341741918,0.0016744686773778061,0.00033467975301413244,-0.0016406812043909622,2024-03-19,2024-06-12,738963.0,739048.0,0.8829677552806232,0.41072279321580357,0.17921757085636342,0.04714826417931294
2024-06-16,739052.5019047855,0.5641872347671936,5.754098447006109,0.26321298506089463,-0.014887302848155795,0.0038213253350253347,0.0036841372949834887,-0.001014721492734942,2024-03-26,2024-06-12,738970.0,739048.0,2.663420433161999,0.38198646715097384,0.17921757085636342,0.027449801899129187
2024-07-11,739077.8535365809,0.752445102461127,3.0432179005088287,-0.06821446054527582,0.012976533554172638,-0.006524014443412859,-0.003702365399696088,-0.0053717087509462785,2024-04-03,2024-06-12,738978.0,739048.0,0.5847965107911555,0.4917966319568733,0.17921757085636342,0.030589046322740055
2024-06-27,739063.2966594355,0.7485258478377118,13.289762272487744,0.26295296892079434,-0.006284014256412545,0.0007925276614010569,0.0007533248598138493,0.0002461742262550498,2024-04-10,2024-06-12,738985.0,739048.0,3.4537355379458834,0.44659342197828633,0.17921757085636342,0.044496986742200685
2024-06-24,739060.9650455901,0.9220358457178623,8.709186940787227,0.24888645235860737,-0.002960319870402231,0.0009615534112048442,0.0009613134216889756,0.00002148180346958847,2024-04-17,2024-06-12,738992.0,739048.0,2.3166652989724468,0.325938317956409,0.17921757085636342,0.019370675378389355
2024-06-17,739053.1584826123,0.15165638570096188,13.384674602368738,0.5450646455011983,-0.2350650286819468,-0.0047988929938631705,-0.00466110438207949,-0.00114170044491031,2024-04-24,2024-06-12,738999.0,739048.0,5.0087672082658745,0.5550087636396118,0.17921757085636342,0.03930624759254161
2024-07-14,739080.2848768976,0.8814039835047651,4.972263450744259,0.22314218429750143,-0.0016934557343130335,0.0004095423738046327,0.000261639132511013,0.0003150712939644265,2023-12-21,2024-06-13,738874.0,739049.0,1.4926031100579198,0.7329863438767489,0.19293991311146458,0.14655615134519717
2024-07-15,739081.1893461831,0.4389978846969874,4.323243267457779,0.28246500062436686,-0.02061463361805662,-0.0036192788936893687,-0.0013735715370806767,-0.0033485042844271784,2023-12-29,2024-06-13,738882.0,739049.0,1.2540822324433545,0.5783707538741986,0.19293991311146458,0.1210988860955877
2024-08-02,739099.7275465456,0.8202428327945126,14.982610563978312,0.22796881454359788,-0.002031568063840352,-0.00040002759944219966,-0.00037072195753571464,-0.0001502907532630558,2024-01-08,2024-06-13,738892.0,739049.0,3.3616482700021617,0.27803301812452097,0.19293991311146458,0.12964089766489298
2024-06-23,739059.3127459253,0.8036490865069066,14.210481081876264,0.20034706789066925,-0.0023093633486814817,-0.0004433787366409117,-0.00042073688321366443,0.00013987558474924143,2024-01-16,2024-06-13,738900.0,739049.0,6.191291271191251,0.2945608890624407,0.19293991311146458,0.10872998442332082
2024-08-01,739098.3647683093,0.6112454261534089,5.691892104841429,0.302418532241423,-0.009936753242344089,0.0008261168672693234,0.00004807640132365951,-0.0008247167623024568,2024-01-23,2024-06-13,738907.0,739049.0,1.227434337430365,1.291700950281545,0.19293991311146458,0.09445533036154527
2024-07-31,739097.668658718,0.8167528998652807,2.745081504167883,0.28326492101742967,-0.0031203397468993112,-0.000537173681016627,-0.0005366511205490259,0.000023688359808729873,2024-01-30,2024-06-13,738914.0,739049.0,0.5802371498523714,1.7283138035291068,0.19293991311146458,0.07655790775399561
2024-07-31,739097.1090355762,0.28215785060247317,13.586765306141398,0.5582272935014975,-0.11663088619927878,0.003134595199765972,0.0005267866969103593,0.0030900134048826,2024-02-06,2024-06-13,738921.0,739049.0,2.806003393525536,0.7726951318614765,0.19293991311146458,0.06032100477073473
2024-07-16,739082.8347939145,0.5060909838786368,13.084146433070973,0.3245462313927288,-0.02026533029667737,-0.0015825414882304771,-0.0015407602140799488,-0.0003612416430577229,2024-02-13,2024-06-13,738928.0,739049.0,3.1670676644021083,0.4953153492994188,0.19293991311146458,0.052108069343052905
2024-07-31,739097.214577722,0.8136859489059101,7.820345954205796,0.2919693657485478,-0.003809657822259781,0.00045812030395753016,0.00035962484466634626,0.0002838030725641394,2024-02-21,2024-06-13,738936.0,739049.0,1.5023817357322948,0.8652413780685035,0.19293991311146458,0.04933983630739364
2024-06-17,739053.6545560234,0.6964395040671701,8.931860833556584,0.2158624777908071,-0.004865826998270887,0.001075737041808775,0.0009987524311989456,-0.00039962953381061526,2024-02-28,2024-06-13,738943.0,739049.0,4.504275382532532,0.35268906138480854,0.19293991311146458,0.046873524972714985
2024-07-10,739076.1069109928,0.008982129381998495,7.649808885943441,11.31261644949205,-10.759259481448247,-0.0253762114197714,-0.019779968904897964,-0.01589669576176779,2024-03-06,2024-06-13,738950.0,739049.0,1.871720603368166,0.4978337305454709,0.19293991311146458,0.03633783017212418
2024-07-27,739093.4594424887,0.8143949004261379,14.685290317226864,0.2711995530414361,-0.0033549040176820417,0.000553668321590482,0.0005510959471272996,-0.00005330916799844148,2024-03-13,2024-06-13,738957.0,739049.0,2.621094103067472,0.33603377650155636,0.19293991311146458,0.04063932723348074
2024-07-07,739073.6541248175,0.6712550220300851,11.043014821705247,0.27747047622935145,-0.008215374789056722,0.0017942278444621795,0.0016066279332664103,-0.000798749173327586,2024-03-20,2024-06-13,738964.0,739049.0,2.6229451341641457,0.27832337468278207,0.19293991311146458,0.031187356379602155
2024-06-16,739052.0709176196,0.1467586773303007,6.910515015962566,0.4477265908433283,-0.18014385798507532,-0.017594613943178152,-0.008547728888246649,-0.015378776630880392,2024-03-27,2024-06-13,738971.0,739049.0,3.600167524083066,0.2174368217165414,0.19293991311146458,0.03014228506906946
2024-07-05,739071.5902415278,0.016671535058446322,5.597641196447311,3.6443672677045957,-3.2607097468199058,0.03165957375174618,0.006657026411796844,0.03095177877755809,2024-04-04,2024-06-13,738979.0,739049.0,1.256751189584681,0.3067450838470609,0.19293991311146458,0.030082249675696823
2024-06-26,739062.8812508911,0.04131284246782397,11.683138220303515,1.8257619308564061,-1.4362166699555572,0.019005449055793672,0.014454460565649682,-0.012340002575706655,2024-04-11,2024-06-13,738986.0,739049.0,3.182827656119771,0.267219034185147,0.19293991311146458,0.037486522340778414
2024-06-14,739050.2013270376,0.7987641921809401,10.199556414362462,0.23315613356304588,-0.00542335949364442,-0.0008794699312757022,-0.0008387097022364913,-0.0002646382349405776,2024-04-18,2024-06-13,738993.0,739049.0,6.271089800652144,0.4829305734227444,0.19293991311146458,0.03304661102688084
2024-06-16,739052.4010342425,0.36885711354395273,10.989416371789597,0.3005240430168855,-0.04238207415961008,0.0024111199709416545,0.0021734639038156443,0.0010438171166847882,2024-04-25,2024-06-13,739000.0,739049.0,4.783301498557615,0.589993085336701,0.19293991311146458,0.037457644065440464
2024-07-13,739079.1992186323,0.554973518556717,10.516736148824632,0.2585030168206081,-0.010602859277346197,-0.002422971405518396,-0.0009212318538771962,-0.002241009215367437,2023-12-22,2024-06-14,738875.0,739050.0,3.255445829055094,0.23092236194066168,0.17748896195574568,0.10656176384584486
2024-06-28,739064.9089671351,0.8791978750777527,5.155686530255053,0.19062309782995562,-0.0012384493614351207,-0.0004431734398358724,-0.00017387605624804282,0.0004076393195455845,2024-01-02,2024-06-14,738886.0,739050.0,2.0390038415722063,0.47654580937336805,0.17748896195574568,0.13980577787830523
2024-08-19,739116.3324296561,0.23389070314155275,9.082790985484035,0.5220979419891868,-0.12592872453953688,0.0028303282289229886,0.002364296822689553,-0.0015559108000327098,2024-01-09,2024-06-14,738893.0,739050.0,1.7548979455299318,1.1457283012798112,0.17748896195574568,0.13068521125481924
2024-06-20,739056.0402611506,0.3995004951758786,12.037851406434728,0.2591273483084393,-0.02504773192094668,-0.0015440078416784915,-0.001105777932855805,-0.0010775970389592837,2024-01-17,2024-06-14,738901.0,739050.0,6.2174973223220755,0.5383779303488375,0.17748896195574568,0.10570783612380431
2024-06-30,739066.0961649892,0.7850103426279376,5.35445529519039,0.21947932477924562,-0.003024947962329517,-0.00013014640409180178,-0.000033704399433652354,0.00012570640380204725,2024-01-24,2024-06-14,738908.0,739050.0,1.9469278938412837,3.4075780848304187,0.17748896195574568,0.10245024747935243
2024-07-22,739088.1926043518,0.12227981435995575,12.651609028473475,0.9373594908549383,-0.4657853634607446,-0.0076466379230920286,-0.00577428340265067,0.005012855744258175,2024-01-31,2024-06-14,738915.0,739050.0,3.0440335458275163,0.5887410516884042,0.17748896195574568,0.0674107270086139
2024-06-25,739061.9392516993,0.7095160369927128,13.84451557134008,0.24036854536117708,-0.005685235064703644,-0.00055634907268869,-0.0005493058624751663,-0.0000882460204880591,2024-02-07,2024-06-14,738922.0,739050.0,5.423454860801727,0.5237035399344557,0.17748896195574568,0.060733123366712966
2024-07-23,739089.4794650383,0.3962393639152174,12.31641513865038,0.37627470085289805,-0.04045902754318182,0.002698671055030579,0.0019127202913949426,0.001903766411655039,2024-02-14,2024-06-14,738929.0,739050.0,2.7489814513034014,0.4823239060712979,0.17748896195574568,0.05042532094946794
2024-08-05,739102.9204323418,0.4787805481078028,10.0069763168852,0.3885372130389179,-0.027653204856936234,0.0020118468380471905,0.00015929242819646532,-0.002005530758198374,2024-02-22,2024-06-14,738937.0,739050.0,1.819962299748641,0.6576338840377214,0.17748896195574568,0.04724102018419992
2024-06-25,739061.8006451022,0.9399000013971064,2.6259380249188466,0.2244011744306664,-0.001742714224507337,0.00034453406915080836,0.00022100986173947035,0.0002643073321334734,2024-02-29,2024-06-14,738944.0,739050.0,0.9615922119788464,1.8104693662183264,0.17748896195574568,0.054150282384067334
2024-07-05,739071.1136980243,0.2709326574320046,10.946636070102102,0.40371256141962847,-0.08504579719793504,0.007815753517703966,0.0012386143584162295,-0.007716983706126839,2024-03-07,2024-06-14,738951.0,739050.0,3.0288634283732763,0.26931632440720027,0.17748896195574568,0.03546494901206714
2024-06-20,739056.0992721894,0.28257020624753953,2.2103802674815336,0.25244038473256575,-0.0324472972631351,0.010522846306716004,0.010466462985527933,-0.0010878634874562023,2024-03-14,2024-06-14,738958.0,739050.0,0.9772141371547908,0.3941891570638314,0.17748896195574568,0.05104598035823769
2024-06-20,739056.389798789,0.05414154268625705,11.058855086745954,0.9653699127039824,-0.6694695737586506,-0.006066601000473896,-0.005126901702788203,0.0032432278102067233,2024-03-21,2024-06-14,738965.0,739050.0,4.682548797643079,0.5402638019695462,0.17748896195574568,0.05494574216585932
2024-07-19,739085.4586572598,0.4738072110338235,2.545978962192634,-0.5960031871838803,0.11220097123252674,-0.031991298211374725,-0.026048829634972175,0.01857152755960863,2024-03-28,2024-06-14,738972.0,739050.0,0.47128237764742453,0.6526969864319062,0.17748896195574568,0.03567233765196293
2024-06-23,739059.4662180644,0.445138200721782,10.14920420087684,0.29191760783376497,-0.027409671219052373,0.005468722103117059,0.003738708797765135,-0.003991112372088092,2024-04-05,2024-06-14,738980.0,739050.0,3.436707898208743,0.21982690564829185,0.17748896195574568,0.03349989921290602
2024-07-02,739068.5746005386,0.9264474362508768,10.01273955234909,0.25270348401315573,-0.0026139910010665513,0.0008023521888373163,0.0007379862634908276,0.0003148734822605412,2024-04-12,2024-06-14,738987.0,739050.0,2.358052307562139,0.30144418508022364,0.17748896195574568,0.02408342096467579
2024-07-01,739067.0638954233,0.7528068537628065,9.55994351905375,0.2681074229105598,-0.006169781838195083,-0.0015738646570531874,-0.00012688913120938966,-0.0015687412492511547,2024-04-19,2024-06-14,738994.0,739050.0,2.212841012454403,0.30869575886973905,0.17748896195574568,0.023978826547770477
2024-07-04,739070.0031881195,0.9036116070275626,11.812503455308118,0.2601992700312691,-0.002962644512536563,0.0009746622763295315,0.00021169813657940145,0.0009513939519823911,2024-04-26,2024-06-14,739001.0,739050.0,2.327953436711348,0.23252263650730856,0.17748896195574568,0.016972877901596486
2024-09-02,739130.9304209555,0.39103702296649934,7.780895440319306,0.40204617707541995,-0.039132372031439634,0.003010551079817609,0.00012315274323843354,-0.003008031117861618,2023-12-26,2024-06-17,738879.0,739053.0,1.4530224058452306,0.653248576512716,0.2098322066759704,0.14361746537175296
2024-08-04,739101.7380974891,0.5497697020943012,12.941738290503839,0.2859156012179932,-0.011444776405408476,0.0022408851396047164,0.002042346117138393,-0.0009221651406938884,2024-01-03,2024-06-17,738887.0,739053.0,3.054510563814548,0.2169581178705549,0.2098322066759704,0.10784374669652533
2024-07-13,739079.4167469062,0.5882499120071917,13.061112034465701,0.2526510102722516,-0.00868741196717898,-0.001111991721088708,-0.0005307915921242112,-0.0009771314514946654,2024-01-10,2024-06-17,738894.0,739053.0,4.05065006871493,0.3518605514693301,0.2098322066759704,0.11849105177686374
2024-08-16,739113.7969179293,0.9287854010405192,14.1213315378348,0.2530538931018116,-0.0013690027741571384,0.0002748226724653838,0.00027482264717520755,-1.1790092028132363e-7,2024-01-18,2024-06-17,738902.0,739053.0,2.8050542308481163,0.3276359136274789,0.2098322066759704,0.08408192918645586
2024-08-09,739106.3879975434,0.1419897010812288,4.576976506812743,0.7925859799352366,-0.33803117453595205,0.008073450775983294,0.007702240195096749,0.0024199387201458773,2024-01-25,2024-06-17,738909.0,739053.0,0.9525085147199633,1.2988999927668345,0.2098322066759704,0.08643818162433087
2024-07-29,739095.21259262,0.32772062842571353,5.321674655830487,0.4824936783529965,-0.07852107690333837,-0.0017365986556152032,-0.0005176344303061609,0.0016576578317753483,2024-02-01,2024-06-17,738916.0,739053.0,1.2245963186409579,2.7844680923151857,0.2098322066759704,0.07172885847838423
2024-06-30,739066.863393768,0.02156014973772136,9.909859572877744,3.3702092930130645,-2.961466145910211,0.017265804006414413,0.017265776150860827,-0.000031014452784919054,2024-02-08,2024-06-17,738923.0,739053.0,3.690043968701679,0.37316786518051104,0.2098322066759704,0.0566360726280765
2024-06-22,739058.156113444,0.5920696104398876,2.6161903846300505,0.24285018375129,-0.009443885169288745,0.0011896456782455778,0.0004075552539278934,0.0011176562775577076,2024-02-15,2024-06-17,738930.0,739053.0,1.3378552670739492,1.7965383472257705,0.2098322066759704,0.054939090468559916
2024-06-19,739055.1884216914,0.7045744044786214,7.365382398391418,0.21413990443422726,-0.004569064830277806,0.0008658715678460034,0.0008650211034244797,0.00003836746843866332,2024-02-23,2024-06-17,738938.0,739053.0,4.666209582015581,0.5047837942596197,0.2098322066759704,0.04877704606409678
2024-06-19,739055.9851860096,0.5858371505540961,8.14464529909253,0.22833468645347804,-0.008794981904127882,-0.0019249285100671715,-0.0018944350636313373,-0.00034127050642203415,2024-03-01,2024-06-17,738945.0,739053.0,4.686934249192512,0.32864352388706025,0.2098322066759704,0.041226765871161614
2024-06-30,739066.6754616324,0.8036827095560135,2.9102792749062107,0.23294253799229012,-0.003085652397800534,-0.0006066476292180822,-0.0005371476553746475,0.00028194634660062314,2024-03-08,2024-06-17,738952.0,739053.0,0.9849649807542431,1.4046251959657232,0.2098322066759704,0.0538966040247893
2024-07-28,739094.3511578265,0.07732869873264182,5.027359906402367,1.0952680036227707,-0.6719587526897108,0.013859604930946998,0.004884470666094417,0.012970373747660219,2024-03-15,2024-06-17,738959.0,739053.0,0.9487708967121375,0.7457486728851043,0.2098322066759704,0.0514489252789527
2024-07-03,739069.3550275811,0.7806624796126542,13.114089343100824,0.2376867674857349,-0.0037020016270647212,0.0006493784270684527,0.0002917384344836306,0.0005801560371028973,2024-03-22,2024-06-17,738966.0,739053.0,3.8479827451989403,0.3393625519694726,0.2098322066759704,0.047909370685597766
2024-07-15,739081.5403078512,0.9008571994865102,8.902774327199097,0.2792058937513434,-0.002884166632176701,-0.0007250922349825065,-0.0006655991533507784,-0.00028763955967608734,2024-04-01,2024-06-17,738976.0,739053.0,1.8530140350170416,0.4024923985321903,0.2098322066759704,0.027673165713664363
2024-06-30,739066.6958535792,0.044688792239621085,6.234809807278622,1.492846515732601,-1.1241490941708896,-0.024699355609125985,-0.024302765444210814,-0.0044083737670184125,2024-04-08,2024-06-17,738983.0,739053.0,1.796160015239557,0.32622234076773465,0.2098322066759704,0.03521239061948232
2024-07-16,739082.0808676019,0.43777609490638725,3.998302739025301,0.06788956113270543,0.017554707337270943,-0.011406124060460664,-0.0050925458938887854,0.010206157082920888,2024-04-15,2024-06-17,738990.0,739053.0,0.7334481368772212,0.16851240273876592,0.2098322066759704,0.029726047559514496
2024-06-27,739063.2930161445,0.7796460118456683,11.092843783864089,0.26368198484343774,-0.005974655673333509,-0.0013945156438951094,-0.0013495906771584553,-0.00035111093004230637,2024-04-22,2024-06-17,738997.0,739053.0,3.288418190316718,0.30112308800571885,0.2098322066759704,0.025066071776945347
2024-07-02,739068.1226899428,0.002331665577785858,8.13109678155135,27.625883627937995,-27.22495165307866,0.012513604356826894,0.00493995753202134,-0.011497265482758178,2024-04-29,2024-06-17,739004.0,739053.0,1.8694656037834845,0.6238810988202894,0.2098322066759704,0.03469468891181375
2024-09-02,739130.6699935818,0.37112450856497886,7.378978797553528,0.40917328717009727,-0.04434949866082623,-0.0036309108849908525,-0.0032833346466632643,0.001550234644421829,2023-12-27,2024-06-18,738880.0,739054.0,1.3912269499540821,0.6143226074239959,0.18266585013527947,0.13657370183692724
2024-08-07,739104.7664934631,0.1855104291201586,8.374057442611761,0.5232053811755948,-0.1620777649497422,-0.0058430915004748715,-0.00020381266962469317,0.005839535827325832,2024-01-04,2024-06-18,738888.0,739054.0,1.934631630516933,0.6144876322273676,0.18266585013527947,0.14872115573387215
2024-08-16,739113.7914523906,0.3882195802599514,5.195921230631432,0.3407347075872927,-0.03193080373983424,-0.004136188628863224,-0.0035118084842029108,-0.0021852362672758964,2024-01-11,2024-06-18,738895.0,739054.0,1.0727745829873918,0.5767988571233547,0.18266585013527947,0.09797047492792334
2024-08-05,739102.8790032809,0.9890830127723165,11.486317663613107,0.22842665818552457,-0.0008809766129583612,-0.00021831860613961897,-3.5546999597768702e-6,-0.00021828966511253383,2024-01-19,2024-06-18,738903.0,739054.0,2.574636696759818,0.3474765890821082,0.18266585013527947,0.08607700998509062
2024-06-22,739058.3121318761,0.7669422040569982,12.199314550552879,0.21300448129011704,-0.003361550312045637,-0.00015182374859571752,-0.00012371077728115472,-0.00008801189818512139,2024-01-26,2024-06-18,738910.0,739054.0,6.869094225310364,1.3919611473232503,0.18266585013527947,0.09303859263499964
2024-07-13,739079.7730411811,0.5999204326321238,2.1048280946132714,0.2672214602086001,-0.009035735012522656,0.0009372900041957586,0.0008402591566288703,0.0004153036258770499,2024-02-02,2024-06-18,738917.0,739054.0,0.6174028831674927,2.7476823397957713,0.18266585013527947,0.07201115792569351
2024-07-26,739092.0896959257,0.36048035627417724,8.256741061947173,0.4430406762534472,-0.06096053162540735,-0.003877670398601282,-0.0019705723656100967,0.0033396365479019512,2024-02-09,2024-06-18,738924.0,739054.0,1.9508540505306222,0.686358146915222,0.18266585013527947,0.050937521707841424
2024-07-25,739091.2962356975,0.014900843417567037,8.147800794739965,7.165889530729327,-6.578291515360926,0.017814626704105864,0.00139092687091362,0.01776024343995352,2024-02-16,2024-06-18,738931.0,739054.0,1.890850223588133,0.67531568600895,0.18266585013527947,0.04653192703845318
2024-06-22,739058.2101253984,0.6878964109332432,11.579835561308576,0.2276410850072603,-0.005663658817351687,0.0006163355548429792,0.0004382525114555737,-0.0004333638798590455,2024-02-26,2024-06-18,738941.0,739054.0,6.13065527739476,0.5458841854486044,0.18266585013527947,0.0552016904368893
2024-06-24,739060.5648307983,0.5057670940545055,11.981040180790853,0.2600486855015674,-0.01587332848710173,0.0014560359773804236,0.0005738842947711937,0.0013381694898782948,2024-03-04,2024-06-18,738948.0,739054.0,5.418867885569572,0.4602056465990294,0.18266585013527947,0.05440944310675888
2024-06-18,739054.5741097557,0.9592017915540116,9.349329147132188,0.2009298782499679,-0.0013452463142738403,-0.00030937173371253904,-0.00005595385599686071,0.00030426967581306005,2024-03-11,2024-06-18,738955.0,739054.0,7.67184376081342,0.44611899113417386,0.18266585013527947,0.050908234452564635
2024-06-29,739065.3815128843,0.7023688878425757,14.893010590505826,0.23960800528922616,-0.0055212473530919974,-0.00041190767623700935,-0.0003577113328296607,0.00020423157470920276,2024-03-18,2024-06-18,738962.0,739054.0,5.2299064893725005,0.6321499181810585,0.18266585013527947,0.05477803364225971
2024-06-27,739063.0034124063,0.26486475635628653,7.753170551866757,0.3832744666134593,-0.08546011687122049,-0.00870045618299892,-0.008459408938388854,0.002033798958941343,2024-03-25,2024-06-18,738969.0,739054.0,2.8945230615359616,0.335556993343973,0.18266585013527947,0.03965494373116451
2024-06-30,739066.6104940878,0.48865138071143666,4.0232413486944685,0.23122430559915766,-0.009303392540774908,0.00610393861645265,0.004072957037709413,0.004546326825294817,2024-04-02,2024-06-18,738977.0,739054.0,1.2556286325427142,0.18512037965063613,0.18266585013527947,0.03221736570003514
2024-06-24,739060.7024707398,0.18111485334863578,13.856081360086238,0.42365704547079736,-0.1389370513862015,-0.003718357967266455,-0.0036985987956999074,-0.00038282231019249474,2024-04-09,2024-06-18,738984.0,739054.0,5.375237317875032,0.48840547581741006,0.18266585013527947,0.054064219117236266
2024-07-10,739076.889292016,0.8959987696722267,13.736339466344287,0.2798300898900373,-0.003431634458238199,-0.0006868048803585458,-0.00004898483648479226,-0.0006850557856692215,2024-04-16,2024-06-18,738991.0,739054.0,2.891017298645162,0.32591477248361683,0.18266585013527947,0.025368525029129174
2024-06-24,739060.5123890411,0.7848043178076967,4.96846526529286,0.22990545734425952,-0.0037585271657471844,-0.0017450889096555487,-0.0008505359311440933,-0.0015237860520544353,2024-04-23,2024-06-18,738998.0,739054.0,1.7884195064260047,0.34020387876640906,0.18266585013527947,0.02570045612136899
2024-06-30,739066.3570113974,0.1482732189807943,11.581981486119046,0.5107105701316127,-0.1987812274674483,0.01917222223722174,0.01694527608262722,-0.008968373542452487,2024-04-30,2024-06-18,739005.0,739054.0,2.953909558712126,0.13273417756431213,0.18266585013527947,0.019460912365512496
2024-06-22,739058.897344682,0.9556003227726213,13.800855271837563,0.18376013778315178,-0.0008680444626725976,0.0003163635558463627,0.00015372427026590318,0.0002765045175019211,2023-12-28,2024-06-20,738881.0,739056.0,9.04378973797981,0.1899878416738097,0.20142172816737391,0.14404989192564366
2024-08-13,739110.6177642683,0.9821178935554071,7.697601561515858,0.22295176341764772,-0.0007831042526218196,-0.0001657168677509404,-0.00012025570594813505,-0.00011402037293439429,2024-01-05,2024-06-20,738889.0,739056.0,1.7158847325173614,0.6029219046164298,0.20142172816737391,0.1434809948947634
2024-07-29,739095.1442027288,0.21119951706088652,7.699504058623963,0.5088782549598102,-0.14211798189432526,-0.0020555743119861684,-0.0013115123047214188,-0.001582820655242318,2024-01-12,2024-06-20,738896.0,739056.0,1.99347535854876,1.8964701812355598,0.20142172816737391,0.11804875193848306
2024-08-18,739115.6788855186,0.7296316879846069,9.319592016927565,0.2770723202035044,-0.004287411216035851,0.00012843283459225194,0.00010891229545831531,0.0000680669148661916,2024-01-22,2024-06-20,738906.0,739056.0,1.8638618926614097,2.61352018379946,0.20142172816737391,0.11147483070459156
2024-08-17,739114.2060244487,0.43431782210801606,4.2531999398709655,0.37182999513641074,-0.02963809667995012,0.0019434873056825945,0.001062174768079614,-0.0016275526625594665,2024-01-29,2024-06-20,738913.0,739056.0,0.8396085678168086,1.557257581467088,0.20142172816737391,0.07955987674782354
2024-06-22,739058.444379269,0.09692303908720516,8.81058181067429,0.6391162479177114,-0.34715577502146294,0.011699007001183724,0.010913860168939594,0.004213599533247031,2024-02-05,2024-06-20,738920.0,739056.0,5.660421438202772,0.32643583531020354,0.20142172816737391,0.0750503210860528
2024-07-27,739093.5626219678,0.7195781613891786,8.995122516914652,0.2853024030400122,-0.005694384489497123,0.000552002149643493,0.00043090167005431756,-0.0003450074259424532,2024-02-12,2024-06-20,738927.0,739056.0,2.1321976025010017,0.825233614935644,0.20142172816737391,0.055860283460477445
2024-07-02,739068.2104760818,0.44904870755697057,7.752797984284103,0.286685645009924,-0.022920316273706047,-0.0018734130127180022,-0.0018314582208840378,-0.0003942551221955345,2024-02-20,2024-06-20,738935.0,739056.0,2.9485627485639334,0.7086341156853299,0.20142172816737391,0.05329574781536201
2024-06-30,739066.4593649074,0.9443971611158548,8.62813972996642,0.21314712468554323,-0.0014151965495688233,0.00023004944816697187,0.00018015833473248593,0.0001430584601774597,2024-02-27,2024-06-20,738942.0,739056.0,3.400731903561607,0.6733379126863878,0.20142172816737391,0.053755721681390235
2024-07-20,739086.7820404705,0.6726813736447369,8.224062349160654,0.3129631310863827,-0.009122379766923504,0.0013692507365986783,0.0004989819035233986,0.0012750939728632504,2024-03-05,2024-06-20,738949.0,739056.0,1.9617031445734234,0.5449393545481865,0.20142172816737391,0.03917784355091888
2024-07-01,739067.0544031311,0.21217735198929494,2.3018361302267567,0.2895009158759979,-0.05783115301658175,0.013212800466823806,0.006886302344741,0.011276388437479176,2024-03-12,2024-06-20,738956.0,739056.0,0.845236327202738,0.40345174398305356,0.20142172816737391,0.05391580516416072
2024-07-29,739095.8736467324,0.5348151833203322,11.677916543657371,0.37208463243092804,-0.021173444880858983,0.0026303434292283753,0.0009310504312007959,-0.002460051147892194,2024-03-19,2024-06-20,738963.0,739056.0,2.237163042961131,0.3686527077819,0.20142172816737391,0.034549982174987205
2024-07-20,739086.9831504415,0.5631854320894433,4.2952162981065785,0.18981735388471532,-0.001921629829166859,-0.003982210596178533,-0.0036163786242424945,-0.001667275285739745,2024-03-26,2024-06-20,738970.0,739056.0,0.9082281725720537,0.06327204646655657,0.20142172816737391,0.041627294939580166
2024-06-27,739063.5712676969,0.9887801339556752,12.15165883367122,0.22241972407490004,-0.0015436219558178374,-0.00044041059108775293,-0.0002623309740143653,0.00035375690638479176,2024-04-03,2024-06-20,738978.0,739056.0,4.689920509907854,0.28519857882210586,0.20142172816737391,0.04523647828509306
2024-07-04,739070.9544554945,0.30027160682046344,8.25169785007297,0.3742505591676833,-0.06706353370483084,0.007687617023200648,0.007401475059623268,-0.002077888937642995,2024-04-10,2024-06-20,738985.0,739056.0,2.2967073029819525,0.3174429193933947,0.20142172816737391,0.03916373185377152
2024-07-05,739071.2230530847,0.8174937076763511,11.103701082434737,0.26154128718382963,-0.004314279046678059,0.0011120093912773768,0.0006547788674166872,-0.0008987933695091449,2024-04-17,2024-06-20,738992.0,739056.0,2.914934055900458,0.285638295906158,0.20142172816737391,0.026474072499520752
2024-07-09,739075.4663856557,0.8156064920674222,14.9657574377141,0.285287435632967,-0.005129343262414188,-0.0009381728763175217,-0.0009246976130068521,0.00015843822252638984,2024-04-24,2024-06-20,738999.0,739056.0,3.2587900493902233,0.29796198771835863,0.20142172816737391,0.02695488060210683
2024-07-12,739078.9392190466,0.9240195862340157,8.332943806227606,0.2491602959373567,-0.0019627400080954277,0.0006503792325667168,0.0004890075465659215,0.0004287945493539414,2024-05-01,2024-06-20,739006.0,739056.0,1.5341533030574672,0.33464075678013544,0.20142172816737391,0.024075173673055658
2024-08-31,739128.3599140444,0.3257504941869325,5.316161966585737,0.3584886207350933,-0.044552242801876654,0.006727171234238956,0.0014974879484588688,-0.006558381100469274,2023-12-29,2024-06-21,738882.0,739057.0,1.0483582283768453,0.4058111434943899,0.22644388434286647,0.11393051696056378
2024-07-20,739086.107516596,0.488473704330039,8.807082403993938,0.2742897819049677,-0.01507405869015262,-0.0028894276464106004,-0.0027753208919758395,0.0008039813868519182,2024-01-08,2024-06-21,738892.0,739057.0,2.6595900389921523,0.2893526790367838,0.22644388434286647,0.10351478255886021
2024-08-06,739103.3876430191,0.8375299509517249,11.902152079274275,0.24917544613043682,-0.0021948098213778458,0.0004899854583112154,0.00041523032396758707,0.0002601336722037815,2024-01-16,2024-06-21,738900.0,739057.0,2.799907923471995,0.31520170300117856,0.22644388434286647,0.08385927120978202
2024-09-02,739130.4855733339,0.028105403217506993,5.839328443928948,4.0241735479422625,-3.3902319444622147,0.01515080967229211,0.00551882257074014,0.014109912514211747,2024-01-23,2024-06-21,738907.0,739057.0,1.0336856294902113,1.0770118602646266,0.22644388434286647,0.09107486974339993
2024-07-17,739083.7859438153,0.5444675683121433,5.596503608817301,0.31545219664596,-0.016303883379755062,-0.0009908609756200098,-0.0008280662821768077,0.0005441614699044,2024-01-30,2024-06-21,738914.0,739057.0,1.644841859700145,1.6007870541733997,0.22644388434286647,0.07745445048517074
2024-08-22,739119.5593364402,0.1719747400930687,6.068458884837936,0.9846169817707195,-0.3744974967942071,0.002117752909474694,0.0020873634572988516,-0.00035747892626267815,2024-02-06,2024-06-21,738921.0,739057.0,1.1155015692108212,5.01140936234052,0.22644388434286647,0.06808984411589826
2024-08-08,739105.3336100224,0.4709779630836376,5.646343777856122,0.4027506678089872,-0.029966837354503922,-0.0009142188601097004,-0.000674100592272742,-0.0006175633697668753,2024-02-13,2024-06-21,738928.0,739057.0,1.1681517318594554,2.7341604993734654,0.22644388434286647,0.06166561339401039
2024-06-29,739065.948904762,0.586645259959537,2.9175180847400606,0.2506255436092568,-0.009461555121120622,-0.0012893172531689135,-0.0012838606666639078,0.00011849374630054649,2024-02-21,2024-06-21,738936.0,739057.0,1.2423859410987674,1.4755867224957802,0.22644388434286647,0.05590060402815072
2024-08-12,739109.038171954,0.2842633915571278,14.840506879356091,0.5313670034957721,-0.10407238995390096,-0.00488293185253506,-0.0037064664285150917,0.003178856726999826,2024-02-28,2024-06-21,738943.0,739057.0,2.7404177422613216,0.40825081791324236,0.22644388434286647,0.04613628686295874
2024-07-07,739073.2126042547,0.7349445676984266,8.205443187697032,0.26007248346633566,-0.0054860357430239525,0.0009998773695645015,0.0009629177035118147,-0.0002693403988093129,2024-03-06,2024-06-21,738950.0,739057.0,2.6485997301829594,0.49143313450991666,0.22644388434286647,0.043537222676551926
2024-06-27,739063.2084511197,0.4176710355299328,8.267916885527537,0.3006258645322963,-0.03079623661836552,0.005380736579629485,0.0017110105597960162,-0.005101447736048008,2024-03-13,2024-06-21,738957.0,739057.0,3.7364305922815904,0.28913067727182046,0.22644388434286647,0.03559846810251847
2024-07-09,739075.4799074987,0.8430061151832648,13.100706072227407,0.2410796318488595,-0.0027493988282136475,-0.0006207210691175945,-0.00044090326476318965,0.000436919851652051,2024-03-20,2024-06-21,738964.0,739057.0,3.747154964072189,0.2850212749765715,0.22644388434286647,0.04161627263029585
2024-07-04,739070.8726165299,0.7856914245236117,9.459359225650068,0.25896828986743636,-0.004670380180246456,0.0012239415307972981,0.000052805780581339475,-0.0012228018728917722,2024-03-27,2024-06-21,738971.0,739057.0,2.971832356896357,0.31694350599376536,0.22644388434286647,0.031640271751988594
2024-07-26,739092.7557429451,0.7863000012522705,2.6504710955374664,-0.21166010217581707,0.01617952207694171,-0.007467679634452077,-0.007372588864276045,0.0011879278434160736,2024-04-04,2024-06-21,738979.0,739057.0,0.48820830210988564,0.6427546312420319,0.22644388434286647,0.03801117118297827
2024-07-11,739077.0753437867,0.9351174094583454,12.20378545574626,0.26017602647907495,-0.0023899134888571883,0.0006483217599167015,0.000030077363047536475,-0.0006476236998547806,2024-04-11,2024-06-21,738986.0,739057.0,2.9371249111351596,0.28246403622715893,0.22644388434286647,0.027539380561436035
2024-06-28,739064.0299277962,0.060010554555781886,5.442125558567575,0.904628291199594,-0.5966052448672221,0.021160196710055913,0.02109444686722046,0.0016668041799425477,2024-04-18,2024-06-21,738993.0,739057.0,2.0033194857353087,0.310904099790675,0.22644388434286647,0.03872366422488504
2024-06-28,739064.4048996172,0.8486271419215872,9.67040036905809,0.24122269925959824,-0.0033532251032576703,-0.001287443606287303,-0.00034781161857984594,-0.0012395717475607957,2024-04-25,2024-06-21,739000.0,739057.0,3.3291296390504495,0.22856354163879658,0.22644388434286647,0.021730214699458513
2024-06-24,739060.7256767844,0.12983732250239768,2.733222196467636,0.4648978817037289,-0.19558408927517404,-0.026697666446746423,-0.019708138034583406,0.018009849774818686,2024-05-02,2024-06-21,739007.0,739057.0,1.1608750348634673,0.3480044771485895,0.22644388434286647,0.022322640500854665
2024-07-01,739067.9952380102,0.4790983028818784,13.959500932927062,0.2413412914089431,-0.013732003670408732,-0.0023222259984388613,-0.0021871786345789455,0.000780373761903068,2024-01-02,2024-06-24,738886.0,739060.0,6.943184790281119,0.20294771611855092,0.1809431968238333,0.13663940132830507
2024-07-28,739094.7382952456,0.9913098913325518,12.31460495539923,0.21970721188110537,-0.0008509245058733961,-0.0002595225849556929,-0.00010022162653303052,0.0002393900534215208,2024-01-09,2024-06-24,738893.0,739060.0,3.447769361319498,0.2639397663590291,0.1809431968238333,0.09551064555891696
2024-07-02,739068.1612754306,0.7671118980020508,2.6185306392568113,0.2142893160858502,-0.002476400994381537,-0.0011701201092264738,-0.0006893885936939982,0.0009454757727730448,2024-01-17,2024-06-24,738901.0,739060.0,1.2584073754910177,0.6199998515956489,0.1809431968238333,0.09265280663894078
2024-07-12,739078.0146447415,0.27090701943142564,5.360732698603389,0.42569864325566353,-0.09022366299128205,0.0025140428322856924,0.00023533425611308633,0.0025030040252598013,2024-01-24,2024-06-24,738908.0,739060.0,1.9151487207272078,1.8136099424170342,0.1809431968238333,0.09589525369359529
2024-08-01,739098.372413454,0.9812205613783969,8.0101003929555,0.2467532567790005,-0.001198474463161701,-0.00007549308931804137,-0.00002986007603290752,0.00006933673192537095,2024-01-31,2024-06-24,738915.0,739060.0,1.9940907132680605,1.9446894928118832,0.1809431968238333,0.08187814541479549
2024-06-29,739065.9424152663,0.20811939095074422,9.396185888326556,0.428879376130616,-0.12579126721940542,-0.007107315877743145,-0.004094168669711258,-0.005809623214114195,2024-02-07,2024-06-24,738922.0,739060.0,4.766442476534427,0.3920178304658384,0.1809431968238333,0.06750585625545501
2024-07-19,739085.7173004796,0.026956833868845738,8.250454938991496,3.381777346801279,-2.8841282192751216,0.015207037232507018,0.0066874697541374015,0.013657661940403718,2024-02-14,2024-06-24,738929.0,739060.0,2.373140099548263,0.6196706689602312,0.1809431968238333,0.05297755043911125
2024-08-08,739105.239146766,0.924986831405529,7.398913027176547,0.283364310109226,-0.00201206066108352,0.00023092240334287697,0.00018210748580072908,-0.00014199302793090797,2024-02-22,2024-06-24,738937.0,739060.0,1.5466530142434218,1.0892877730977713,0.1809431968238333,0.052759775107839454
2024-07-27,739093.5357721336,0.8866220315415283,14.342043965487557,0.24905202264270532,-0.0019565628472650483,-0.00032141581295143265,-0.00012334246841771022,-0.00029680761496271704,2024-02-29,2024-06-24,738944.0,739060.0,3.4123218729117424,0.3763171687119838,0.1809431968238333,0.049313215383188266
2024-08-16,739113.7577582743,0.9243853680202507,11.45157779165487,0.3079880821648215,-0.0022192952293464832,0.0003624585928352316,0.0003617663339808743,-0.000022390871312540206,2024-03-07,2024-06-24,738951.0,739060.0,2.019003170004675,0.49424742387310683,0.1809431968238333,0.03848235399951887
2024-06-27,739063.4399170103,0.7561080310417909,10.488612364644057,0.2257934975015042,-0.003936756200081418,-0.0010470114426464926,-0.000131878360201586,0.0010386727391932596,2024-03-14,2024-06-24,738958.0,739060.0,5.713552632657146,0.27105218208821175,0.1809431968238333,0.041046554399438016
2024-07-27,739093.598254348,0.2983281266653635,3.936616489303564,0.21033227301477161,-0.01249271452897319,-0.011338006617835357,-0.009396486534772633,0.006344795888593653,2024-03-21,2024-06-24,738965.0,739060.0,0.8409431974925708,0.0835009090607832,0.1809431968238333,0.0480236530158688
2024-06-25,739061.5317895537,0.9732912821766511,8.682539778651165,0.22590765313953454,-0.0018593908701105936,0.000762012200455472,0.0007548765232845648,0.00010403859013269295,2024-03-28,2024-06-24,738972.0,739060.0,5.621660631394831,0.2735299090473251,0.1809431968238333,0.02616829100295717
2024-06-25,739061.9267271993,0.2644088925441526,7.028811577826879,0.30635507747023005,-0.056397696019216376,0.00957236213721079,0.009449845111389694,0.0015266120190313747,2024-04-05,2024-06-24,738980.0,739060.0,4.1950156577508055,0.22163400683362405,0.1809431968238333,0.044957468658070585
2024-07-21,739087.397703269,0.19818807293218793,5.715453737328783,0.4710251503834426,-0.13410651609538077,-0.013544444339912294,-0.013173783873935287,-0.003146965350909468,2024-04-12,2024-06-24,738987.0,739060.0,1.1813349308496928,0.3433329527086421,0.1809431968238333,0.033705636514946374
2024-06-25,739061.932907864,0.013868187115309242,9.746832675512376,2.808475462899818,-2.523599223838179,-0.027785482441460767,-0.010556552444846268,-0.025701988930507593,2024-04-19,2024-06-24,738994.0,739060.0,5.521690164594968,0.12922859583658497,0.1809431968238333,0.04362928833608315
2024-07-12,739078.6316089306,0.386595678578299,9.487351366453378,0.355082469251461,-0.041180983395470175,0.004499185193959853,0.003916789089021578,-0.0022139174875475997,2024-04-26,2024-06-24,739001.0,739060.0,2.1548851484351346,0.3729708183890197,0.1809431968238333,0.03408737688661236
2024-06-30,739066.3153487717,0.9180262972291071,14.220614365603941,0.22602026293357186,-0.0018829360838981078,-0.0011604357049117924,-0.0011562685114736178,-0.00009825555764796588,2024-05-03,2024-06-24,739008.0,739060.0,5.031007538301057,0.10474933095477391,0.1809431968238333,0.02094021293176288
2024-07-14,739080.4495734564,0.7591285415796585,8.21265194409192,0.21402487801601802,-0.0025569920384199336,0.0008902927366321081,0.000781821046015887,-0.0004258837974219171,2024-01-03,2024-06-25,738887.0,739061.0,3.002622914910156,0.2654779455927929,0.17921757085636342,0.11599620061237144
2024-07-25,739091.7255135026,0.7590528733173472,7.5444103906567666,0.22959656048851335,-0.0028589235823720687,-0.00042947688925264193,-0.00038699670548018124,0.00018623627023115543,2024-01-10,2024-06-25,738894.0,739061.0,2.235503174665858,0.6697449879998641,0.17921757085636342,0.12913169903061789
2024-08-19,739116.7207470159,0.1305847210907454,5.120924427872807,0.7784196679870973,-0.34405533756972995,-0.012457854472507943,-0.011761582710645282,-0.0041064960975065005,2024-01-18,2024-06-25,738902.0,739061.0,1.0994509762946374,0.7042535509797471,0.17921757085636342,0.0948571681664311
2024-08-07,739104.2952712899,0.515835938965321,7.210216324297528,0.3457708779874234,-0.01910957176842074,0.000773710714866751,0.0005970190327858599,-0.0004921346815568431,2024-01-25,2024-06-25,738909.0,739061.0,1.7287360337652973,1.766996322058812,0.17921757085636342,0.09634723951935073
2024-09-01,739129.903872777,0.41262834640001655,4.031911323604468,0.3908877542693671,-0.033801018627392834,0.0022766823052586963,0.0008299695100970636,-0.0021200077668223983,2024-02-01,2024-06-25,738916.0,739061.0,0.7269253932601011,1.5194116214791908,0.17921757085636342,0.07707714761866814
2024-07-19,739085.8367028853,0.2730772674287872,10.955429003654425,0.4573297499766481,-0.09646893682276131,0.004482511357594315,0.0032093634822150776,0.0031293600160394366,2024-02-08,2024-06-25,738923.0,739061.0,3.2787297428728097,0.5364413579532755,0.17921757085636342,0.06357485191410217
2024-07-31,739097.480078828,0.015505683524937867,14.323130591051873,6.284157951452186,-5.730107199900703,0.016776675475141143,0.003007061068592536,-0.016504981785144677,2024-02-15,2024-06-25,738930.0,739061.0,3.4743294760052508,0.36975138313529665,0.17921757085636342,0.05015235985126681
2024-08-09,739106.3579364386,0.636275823710229,2.116308654540101,0.05724521752418124,0.007060023314172231,0.005785274153634227,0.0009103311412019684,0.005713203501194945,2024-02-23,2024-06-25,738938.0,739061.0,0.44174311852900455,0.36690075454473436,0.17921757085636342,0.05921747940118256
2024-07-04,739070.7379962838,0.7686209008585789,13.821144894989335,0.23660004437702212,-0.0038420679382086937,-0.000490454495526253,-0.00012909713461608217,-0.0004731591085626786,2024-03-01,2024-06-25,738945.0,739061.0,5.62720451569913,0.43564676198168906,0.17921757085636342,0.05553632577692764
2024-06-27,739063.824995534,0.6553434700971622,11.318309819909759,0.22832231372945497,-0.006023554265608799,0.0013419637570527365,0.00032402049383906654,-0.001302258593680757,2024-03-08,2024-06-25,738952.0,739061.0,6.626191876367414,0.25989590637146315,0.17921757085636342,0.04933995515694168
2024-07-27,739093.8402827788,0.8414058395067654,4.738577494509252,0.2455836948151364,-0.002205504344375429,0.00048264688626445184,0.0004498697824453041,-0.00017482904696698845,2024-03-15,2024-06-25,738959.0,739061.0,1.0652133930369825,0.8114017558370563,0.17921757085636342,0.05435548120115311
2024-08-03,739100.6415349903,0.31916860077302706,4.63303595961012,0.22691486482548906,-0.015294395366044095,0.00967456797071424,0.009166846747068493,-0.003092925174608924,2024-03-22,2024-06-25,738966.0,739061.0,0.9016114038718279,0.1089068561108609,0.17921757085636342,0.046712341142489594
2024-08-01,739098.7131453257,0.5905522155487227,8.286973425695262,0.3164140342793347,-0.011683845234374015,-0.0023893231272060847,-0.00232478152162456,0.0005515939474965786,2024-04-01,2024-06-25,738976.0,739061.0,1.556107066412615,0.34847631515542415,0.17921757085636342,0.03269412477331977
2024-07-18,739084.0258808236,0.44003740587541407,7.777484289038195,0.31583859612666704,-0.024879064265148295,0.00513439933211974,0.003494628315659343,-0.00376159931904816,2024-04-08,2024-06-25,738983.0,739061.0,1.8304435919139384,0.2741541673900597,0.17921757085636342,0.03559092900446438
2024-07-08,739074.1554157651,0.8530506644222675,6.9641782544002355,0.23485443646758922,-0.0023805875167361218,0.0011425414116339933,0.0006329337256962335,0.0009512075358063997,2024-04-15,2024-06-25,738990.0,739061.0,2.056973102113523,0.25522143643733625,0.17921757085636342,0.029913112114455943
2024-06-26,739062.7082666665,0.1997781997384594,3.162925607712114,0.30550582697254414,-0.07009889830870035,-0.019690958797230013,-0.01275749747146329,-0.014999337206017394,2024-04-22,2024-06-25,738997.0,739061.0,1.8372645460853982,0.22485546480774515,0.17921757085636342,0.03207331504462952
2024-07-06,739072.1129345268,0.45638874518457084,6.242976341377143,0.26422246751481215,-0.016454632969803443,-0.005304520492263959,-0.0033665160946645383,-0.004099330071757201,2024-04-29,2024-06-25,739004.0,739061.0,1.8014548462187046,0.22676984585260979,0.17921757085636342,0.02830510911187315
2024-07-12,739078.3187288468,0.29671968602223947,2.025658620228227,1.382820334869977,-0.442730902115566,-0.07644993320121833,-0.03495891770688633,0.0679887222944651,2024-05-06,2024-06-25,739011.0,739061.0,0.4376976403029251,0.8482870367134621,0.17921757085636342,0.01864470266503891
2024-07-02,739068.2554009377,0.023411434952942182,5.474906626119923,1.9089963649063935,-1.6092348523002313,-0.007167008724785509,-0.004228525478280277,-0.005786673166914317,2024-01-04,2024-06-26,738888.0,739062.0,2.9285743269807116,0.9601361322784446,0.17575735979146784,0.15364383271256815
2024-09-17,739145.3304391872,0.017823807796974348,8.336856667224607,7.054179540467858,-6.330182965161594,-0.015844276985792095,-0.004581569300992047,0.015167410324201963,2024-01-11,2024-06-26,738895.0,739062.0,1.4594945553431151,0.8541654333473553,0.17575735979146784,0.11161737083885152
2024-09-02,739130.4337480168,0.3299815046628732,13.88523213811686,0.4897207115925194,-0.07029145613967966,0.00493836561569041,0.004545478916382176,0.001930304736293842,2024-01-19,2024-06-26,738903.0,739062.0,2.6540781733790055,0.33826397942772474,0.17575735979146784,0.08133309119567428
2024-07-30,739096.4514314758,0.12823644082865607,13.237385502551223,0.8743408391656077,-0.41326172594007227,0.009771794966397815,0.009771656299719399,0.00005205790498899317,2024-01-26,2024-06-26,738910.0,739062.0,3.5575772364968192,0.40969444768504437,0.17575735979146784,0.07862731269602259
2024-07-30,739096.0833928739,0.5252724599961672,10.224581956745755,0.31658092050558323,-0.01647290487406088,0.0012823532114573247,0.000026445912113045488,-0.0012820804860333142,2024-02-02,2024-06-26,738917.0,739062.0,2.6997459377194146,0.6599356620382514,0.17575735979146784,0.06781150176924654
2024-07-13,739079.8407392472,0.926496719207131,10.303733103035805,0.2280864695681005,-0.001554686530119244,-0.00016535094274215215,-0.00016381329125924856,-0.00002249755258980581,2024-02-09,2024-06-26,738924.0,739062.0,3.554215744246435,0.8454451665359869,0.17575735979146784,0.0667063396681152
2024-07-13,739079.5228823982,0.02604600973348937,8.989608863274833,2.7256300630819754,-2.315094105285496,-0.01559155398111106,-0.014318501978819983,-0.006170660955556409,2024-02-16,2024-06-26,738931.0,739062.0,3.0578239848275715,0.43020915587635056,0.17575735979146784,0.05670626103973212
2024-07-05,739071.9374652987,0.9408197387420894,8.736367751660374,0.21710737397220362,-0.0014209688177514803,-0.0001989365101823435,-0.00004644059503779287,0.00019343992921851843,2024-02-26,2024-06-26,738941.0,739062.0,3.5851113968335766,0.7692111413692927,0.17575735979146784,0.058283932922682295
2024-07-25,739091.3996115822,0.26175773338173297,10.394425758193448,0.4834714240211797,-0.10813342590486634,0.006028232996252046,0.0021113732258702957,-0.005646387885912547,2024-03-04,2024-06-26,738948.0,739062.0,2.6215311218496793,0.45171961830529433,0.17575735979146784,0.0513781114198516
2024-07-06,739072.2691505708,0.3473131856279897,14.90689866889673,0.32256138856901845,-0.043126382504022065,-0.0021551393778254622,-0.002127473158371265,0.0003442146107644407,2024-03-11,2024-06-26,738955.0,739062.0,5.777830386334555,0.46623153006538565,0.17575735979146784,0.06432526408482617
2024-08-13,739110.1047390066,0.31052369106936833,10.190165531405416,0.5726493420550173,-0.10332574161840558,0.006144134868463577,0.00602366981843142,-0.0012107002933791327,2024-03-18,2024-06-26,738962.0,739062.0,1.8237944978870753,0.5124615570970323,0.17575735979146784,0.041637496621470094
2024-08-04,739101.0580931191,0.07552262285987289,4.375517174977073,0.19448345392099012,-0.022076881146866276,0.032497027396203186,0.005510960121876668,-0.03202633460333331,2024-03-25,2024-06-26,738969.0,739062.0,0.8483307384731118,0.011725780347299973,0.17575735979146784,0.046315773932818306
2024-07-08,739074.5093885327,0.020230145072348552,12.094583101546709,3.000174920669384,-2.629282747423245,-0.025051925803114924,-0.019009236307247337,-0.016317105180147763,2024-04-02,2024-06-26,738977.0,739062.0,3.9527489522796384,0.17555138865936504,0.17575735979146784,0.04336424241610688
2024-07-11,739077.2117160062,0.8119440822775128,12.514932702632226,0.25628554106609425,-0.0038609529167048786,0.001111618649846292,0.0011064077409573127,-0.00010750782964895667,2024-04-09,2024-06-26,738984.0,739062.0,3.610774276265453,0.22533895887043995,0.17575735979146784,0.03269199264881927
2024-07-22,739088.7477457331,0.7672439075672981,5.821439000549038,0.23826389008767582,-0.00279316323534617,-0.0014172271749905445,-0.001056750525730624,-0.0009443575551133845,2024-04-16,2024-06-26,738991.0,739062.0,1.2007023402828827,0.25975262387674114,0.17575735979146784,0.030334545326108023
2024-07-25,739091.3267454116,0.5375207858003396,3.3927830125593825,0.33747531504207623,-0.021806348155919555,0.005971938916804529,0.002866825028570737,0.005238832759461295,2024-04-23,2024-06-26,738998.0,739062.0,0.6250824294405607,0.5785045282133485,0.17575735979146784,0.02454170989663258
2024-07-18,739084.9153939459,0.4589045635289025,8.582747660636791,0.28806192293273314,-0.01836919081076943,-0.0038335224166017074,-0.00332780651235412,0.0019030496406876258,2024-04-30,2024-06-26,739005.0,739062.0,1.7063354053989728,0.2562052652688394,0.17575735979146784,0.03254052333572702
2024-07-04,739070.7117168539,0.7929975868993182,7.272675730349457,0.2191026006968346,-0.0020828545615744726,0.0012014896391824045,0.00024385658775882341,0.0011764826040657325,2024-05-07,2024-06-26,739012.0,739062.0,2.208441984283236,0.1890238295068023,0.17575735979146784,0.025582738751564506
2024-09-15,739143.9488448794,0.49477806621061593,14.11370238561463,0.3549458275984288,-0.0182291872338347,-0.002452691655012329,-0.0022876044493198655,0.0008846254789565315,2024-01-05,2024-06-27,738889.0,739063.0,2.5770180007232213,0.2605516548107926,0.1963412769349549,0.10460134767651331
2024-07-26,739092.5368529825,0.4711697146505597,3.6659175422195256,0.26150709901303776,-0.013800831951349676,-0.0036729723537971062,-0.0009363585458282086,0.003551613518587339,2024-01-12,2024-06-27,738896.0,739063.0,1.1057588994058791,0.48292788573476897,0.1963412769349549,0.09521639889997838
2024-06-28,739064.9774900426,0.14634476183824743,12.85249902107245,0.4406781483895463,-0.17002294950058627,-0.0029094623858169914,-0.00264992797985862,-0.0012011881934344479,2024-01-22,2024-06-27,738906.0,739063.0,8.973643972358287,0.6654024594174012,0.1963412769349549,0.1200447001186679
2024-09-06,739134.9089528108,0.20860242664494383,11.06511334179423,0.7738974702865722,-0.22995493904958592,0.0037999836771290423,0.003758582253783884,0.000559406281684445,2024-01-29,2024-06-27,738913.0,739063.0,1.9844877774446068,1.1408393701953385,0.1963412769349549,0.0821269253495922
2024-06-28,739064.5455746547,0.49079686195149874,9.840402915462118,0.25731297704848893,-0.016486017393197105,0.0017457802307178296,0.0014481701728620434,-0.0009749624425576188,2024-02-05,2024-06-27,738920.0,739063.0,7.107494869276126,0.4709936790871156,0.1963412769349549,0.07364822361249769
2024-08-23,739120.4402833786,0.03564798882548815,13.31373479102933,3.4889062087895164,-2.8292319710713625,-0.0144052566631512,-0.014181537832665065,0.0025289136465983827,2024-02-12,2024-06-27,738927.0,739063.0,2.5728738090238976,0.5258751971883219,0.1963412769349549,0.059698168791622826
2024-08-29,739126.0108537035,0.04035812547737839,3.601521189482084,0.39947094102301595,-0.2093623465214443,-0.04098753920212145,-0.040325310402039925,0.007338099946482954,2024-02-20,2024-06-27,738935.0,739063.0,0.6356920214199576,0.05723896129977109,0.1963412769349549,0.05926002130397447
2024-08-07,739104.3409318356,0.11412787793397097,10.859711991358681,1.0333953186405511,-0.5306927231233218,-0.010345826301762914,-0.005931780157676837,0.008476444185343322,2024-02-27,2024-06-27,738942.0,739063.0,2.364152568827718,0.5390777220895449,0.1963412769349549,0.0537413314460116
2024-07-21,739087.9588872546,0.6460842711028375,14.410752909704746,0.2665976952604512,-0.0071946315931489665,-0.0011509250029970407,-0.0008208144521095791,-0.0008067787786821055,2024-03-05,2024-06-27,738949.0,739063.0,3.9378936606484207,0.28026188076366926,0.1963412769349549,0.04840091093907671
2024-07-18,739084.2498205134,0.7379797661278366,12.533714222830163,0.2554084144709107,-0.004600072858879353,0.0008292989026685794,0.0001919545192619042,0.0008067776227079188,2024-03-12,2024-06-27,738956.0,739063.0,3.585920213629189,0.3266015833985854,0.1963412769349549,0.04667871458791415
2024-08-04,739101.8884798947,0.9563455019539837,4.3323876627727635,0.20394674799649193,-0.0005255014769568471,-0.0004700755527778422,-0.00003937090955284157,-0.0004684239071614253,2024-03-19,2024-06-27,738963.0,739063.0,0.8777416748795459,0.24677080890177627,0.1963412769349549,0.05291346866188633
2024-08-05,739102.1671292526,0.5351801537795985,10.046261093672136,0.35610907246344997,-0.01894805365141668,-0.002312191383616823,-0.00012955781678348693,-0.002308558807260964,2024-03-26,2024-06-27,738970.0,739063.0,1.9446439144157934,0.4365523861841358,0.1963412769349549,0.040914666357335185
2024-07-29,739095.5278316359,0.7314938442616731,4.692991951045944,0.17319005496014017,0.00016573986776925007,0.0021426781105584403,0.0016703719479937546,-0.0013419862297437476,2024-04-03,2024-06-27,738978.0,739063.0,0.9594686505904222,0.0120567684815084,0.1963412769349549,0.03843352270338738
2024-07-26,739092.1662287279,0.8054193267783594,13.319031273811706,0.2787512932880198,-0.003950239109436374,0.0008006247451671515,0.0006930868236828178,-0.0004007875215263429,2024-04-10,2024-06-27,738985.0,739063.0,2.758629995013158,0.2983621881808388,0.1963412769349549,0.04006478666049152
2024-07-10,739076.8317589965,0.22971792721510492,12.804382294731335,0.4397928659995068,-0.11476937854705889,0.011148021295118632,0.006485374013020606,0.00906743087691632,2024-04-17,2024-06-27,738992.0,739063.0,3.6961097198989585,0.184698980019808,0.1963412769349549,0.03928068808705329
2024-07-11,739077.0182600217,0.9713144960828883,2.9166967251659526,0.22555004581031132,-0.001687512796648071,-0.0010616863601019338,-0.00037585538343888917,-0.0009929303389294233,2024-04-24,2024-06-27,738999.0,739063.0,0.7968489304620079,0.5293213765462191,0.1963412769349549,0.023819188297007
2024-07-01,739067.379748656,0.010052824367890347,11.480731890644604,2.654639063387283,-2.3949733843900045,0.025926126556776567,0.02181599097692428,-0.014008089660362454,2024-05-01,2024-06-27,739006.0,739063.0,4.824010129654491,0.08088753017402926,0.1963412769349549,0.03484972481460715
2024-07-11,739077.1414040943,0.827880725667794,13.39442113835031,0.22538354755228915,-0.0019486866306699234,-0.0010171607546790534,-0.0009899778470658506,0.00023358052825123233,2024-05-08,2024-06-27,739013.0,739063.0,3.2232279980264056,0.11841214064133677,0.1963412769349549,0.016476667451615124
2024-07-22,739088.8514176114,0.08220244715562332,5.321196122211521,0.9976466514313997,-0.5967095927801415,-0.012319783638260676,-0.01200333576210264,0.002774346675486549,2024-01-08,2024-06-28,738892.0,739064.0,1.752677662436019,0.7482305212228529,0.17921757085636342,0.12418663352261446
2024-08-27,739124.3573223422,0.44083644039378866,4.619854311132192,0.27831885052675553,-0.0160411368307358,0.0040844885051944165,0.000658729439741369,0.004031019954587593,2024-01-16,2024-06-28,738900.0,739064.0,0.9653818862637157,0.3747543407975461,0.17921757085636342,0.09363055847202889
2024-08-30,739127.425824967,0.7772486369791456,14.542569022984928,0.2852184277442361,-0.003363816497615979,-0.0004929771423410826,-0.0004773786072249252,-0.00012302897315173616,2024-01-23,2024-06-28,738907.0,739064.0,2.883176896560573,0.36469041456369805,0.17921757085636342,0.08268251677449852
2024-07-19,739085.160469425,0.931378269336897,4.438805501751444,0.23820916487186658,-0.0016008756492302194,-0.0001817040023885706,-0.00010054421239422497,-0.0001513512663906406,2024-01-30,2024-06-28,738914.0,739064.0,1.4768266135401278,1.8486431686974631,0.17921757085636342,0.08219979202562984
2024-08-17,739114.0347713343,0.598991745084917,6.927970833951886,0.3561357479394459,-0.013180035888997367,-0.0006177628803228657,-0.00038870113892428574,-0.0004801483113619857,2024-02-06,2024-06-28,738921.0,739064.0,1.4887058429745486,1.844631285966497,0.17921757085636342,0.0699571785016976
2024-08-15,739112.6910476006,0.576594199441894,6.772588171968907,0.3533636418844134,-0.014487523063317931,-0.0006739027175673725,-0.0006265685490963971,-0.0002481062797027225,2024-02-13,2024-06-28,738928.0,739064.0,1.4370325195495826,1.8302589274958672,0.17921757085636342,0.06554046592473717
2024-08-02,739099.4139562639,0.150736564218287,7.13785191154422,0.830471974187516,-0.35102118802588705,-0.0076097216879527025,-0.004786380602934437,-0.005915946660674918,2024-02-21,2024-06-28,738936.0,739064.0,1.7371864998904205,0.9741271254787798,0.17921757085636342,0.05927671594884574
2024-07-10,739076.2799677263,0.3257320249070848,10.191682834893523,0.3298541354499972,-0.048032557480400695,-0.004036096047113234,-0.002527781876839202,0.0031464885324193306,2024-02-28,2024-06-28,738943.0,739064.0,3.867766048818739,0.38035469168178854,0.17921757085636342,0.05886372531457223
2024-07-22,739088.0583939049,0.24286062012274062,10.426926633551956,0.48431049743156707,-0.11931381823502134,0.007621366495670334,0.0007103811798188429,-0.007588187256564339,2024-03-06,2024-06-28,738950.0,739064.0,2.899461037125555,0.3646352743737742,0.17921757085636342,0.05051859013228517
2024-08-20,739117.2343149554,0.48392552978208714,3.59305531934041,0.13873760473738342,0.0023473240178933006,-0.005720920251549839,-0.003909980295311804,0.004176240248700557,2024-03-13,2024-06-28,738957.0,739064.0,0.6301437325838759,0.05526138675658695,0.17921757085636342,0.05820096906368016
2024-07-02,739068.4499165345,0.22583451922741188,8.005956173525618,0.35992861991792985,-0.08824456910555059,-0.006475812242649795,-0.001253631875080923,-0.006353310265037752,2024-03-20,2024-06-28,738964.0,739064.0,4.021109387029533,0.3843889153155397,0.17921757085636342,0.06299244186003786
2024-07-01,739067.4934913258,0.5870875788767723,6.656033127733497,0.24336188107298706,-0.00929430134954169,0.0021815046198801064,0.0009976961812729872,-0.0019399909114301407,2024-03-27,2024-06-28,738971.0,739064.0,3.5155000241228573,0.3757924319881778,0.17921757085636342,0.04831350313806426
2024-07-22,739088.9453589446,0.6375103179695417,12.598603467487976,0.28922387982513725,-0.009134843044418226,-0.0015510441065819955,-0.0007129188639676681,0.0013774921103083641,2024-04-04,2024-06-28,738979.0,739064.0,2.9742007632973357,0.2980174901758039,0.17921757085636342,0.04468805350774432
2024-07-29,739095.7128013031,0.5919689870218673,4.607389483160961,0.18144185674040997,-0.0005661119865436727,0.0036978990682757515,0.0020213135618135907,-0.0030965705230114045,2024-04-11,2024-06-28,738986.0,739064.0,0.9101182020086458,0.019669409654733027,0.17921757085636342,0.038051743388912825
2024-07-11,739077.0571190829,0.20501019353253774,14.149831947630345,0.43838650192230405,-0.12654870268694748,0.009312299169343227,0.009061929079597663,0.0021448443243491616,2024-04-18,2024-06-28,738993.0,739064.0,4.19362041754267,0.19689058585840472,0.17921757085636342,0.049038740453358313
2024-07-28,739094.2771235598,0.703302119013988,2.086477984568273,0.410315593756417,-0.020033934940744014,-0.008269851217595593,-0.006540704066986356,0.0050605957622868345,2024-04-25,2024-06-28,739000.0,739064.0,0.3771841584213376,0.8165761329630767,0.17921757085636342,0.024127996524863707
2024-07-11,739077.9022040258,0.33075362691589044,8.27802555341172,0.29821282672354277,-0.034615756149912864,0.0075189824064718245,0.0071101084716767215,0.0024457011162085512,2024-05-02,2024-06-28,739007.0,739064.0,2.146523881204861,0.18394695654223442,0.17921757085636342,0.032340516424874996
2024-07-21,739087.2249330949,0.2829085332345079,6.763580813740665,0.24955809420490363,-0.020354667465151122,0.004633808222901478,0.0027692025775490742,0.0037153325195902615,2024-05-09,2024-06-28,739014.0,739064.0,1.2361062471359792,0.183736449285265,0.17921757085636342,0.016699440825258663
2024-07-12,739078.9960075646,0.45257900621185765,13.765821808161402,0.26847628266901635,-0.01824181550910017,-0.0009063262551058502,-0.00022610381697935167,0.0008776698380607383,2024-01-09,2024-07-01,738893.0,739067.0,6.005584546423665,0.6617222822407327,0.211505847234,0.1353982617756821
2024-09-09,739137.1219602919,0.7893944745010606,5.603895331157467,0.2579548567614527,-0.002337378067447797,0.0005621466173782769,0.0005342240452421886,0.00017496710809438134,2024-01-17,2024-07-01,738901.0,739067.0,1.0828518787760717,0.585711066890206,0.211505847234,0.09567243309776505
2024-08-19,739116.6160561945,0.815403645147742,3.479462314078951,0.19839768052295742,-0.0008988796942125771,-0.0008870406767482556,-0.00022159948313672047,0.0008589149150407981,2024-01-24,2024-07-01,738908.0,739067.0,0.7953191695939813,0.23747535508650136,0.211505847234,0.08965038880023013
2024-07-18,739084.7167991993,0.366006133953009,5.174619829911326,0.3712267809459989,-0.04772420020983528,0.0016913746095852137,0.0014019236249029217,0.0009462337025748903,2024-01-31,2024-07-01,738915.0,739067.0,1.8609451792156986,1.9957620841551718,0.211505847234,0.0840549019653774
2024-07-02,739068.3946906616,0.6852948568245248,9.169197552693529,0.23101124312044674,-0.00536813094396463,-0.0007398995146231737,-0.0007091762784325522,-0.0002109983361265278,2024-02-07,2024-07-01,738922.0,739067.0,6.791155214344365,0.5422461799521808,0.211505847234,0.06767077121398936
2024-07-04,739070.8394017268,0.9696457537409082,11.56638827814234,0.2146265374571677,-0.0012367703402731028,0.0002203638983925052,0.00011904548954051592,0.00018544114736163944,2024-02-14,2024-07-01,738929.0,739067.0,6.644317434494732,0.4705046799347913,0.211505847234,0.05653362164786881
2024-07-16,739082.9982055023,0.37185537451197487,4.498979046305672,0.3372103233394342,-0.03911299270979164,-0.0028349545348621175,-0.0003348984554336777,-0.0028151039482199242,2024-02-22,2024-07-01,738937.0,739067.0,1.5832371692063878,1.140341792284288,0.211505847234,0.0620627321535781
2024-08-22,739119.3259834213,0.6388590085500089,12.975043129352462,0.32951187604841053,-0.009181199398500721,0.0008395769037999525,0.00021019038458376915,0.0008128403161893746,2024-02-29,2024-07-01,738944.0,739067.0,2.4969539757662327,0.538437314697235,0.211505847234,0.05261572141538818
2024-08-10,739107.6546081176,0.7996316716454235,4.536401044802055,0.24461708211393235,-0.002328838276467054,0.0005521136296935688,0.0005424300081107996,-0.0001029521558507888,2024-03-07,2024-07-01,738951.0,739067.0,0.9739157452661709,0.7435144400043024,0.211505847234,0.05928444633114605
2024-07-06,739072.0349241492,0.6912322124982698,14.779854079297829,0.23685205278533608,-0.00531758779011999,-0.0005848140806808509,-0.0004957768277957761,0.0003101819562504339,2024-03-14,2024-07-01,738958.0,739067.0,7.339384954906593,0.4252562158892499,0.211505847234,0.061627647814482864
2024-08-06,739103.473844713,0.306049936531718,9.836885852581178,0.48499248820596846,-0.08578368344552421,-0.005493656567969862,-0.004481283875849667,-0.0031777912629447802,2024-03-21,2024-07-01,738965.0,739067.0,2.0886304407352037,0.4858227477338386,0.211505847234,0.04741142779871705
2024-08-09,739106.7195232785,0.24026635847217276,8.356447682438244,0.5182703761670261,-0.1223704759151296,-0.010647215258180643,-0.006800277354130022,-0.008192644302112785,2024-03-28,2024-07-01,738972.0,739067.0,1.6243616974164639,0.33045466130949974,0.211505847234,0.03571448416138552
2024-07-09,739075.9864006107,0.9147384294253125,10.994420726636271,0.23558372111049958,-0.0020475746140778007,0.0006572574140186555,0.0006006372093968906,-0.00026687497254408504,2024-04-05,2024-07-01,738980.0,739067.0,4.144429883701949,0.25919631049520114,0.211505847234,0.03761207804741011
2024-07-10,739076.1543058429,0.8331793344427258,5.767043985852273,0.2146869687519173,-0.0016181230878999358,-0.0013834449947745455,-0.0010849729628435866,0.0008583435928957306,2024-04-12,2024-07-01,738987.0,739067.0,2.0891671331954282,0.16897983581323364,0.211505847234,0.03339578422463859
2024-07-07,739073.2611153846,0.8703094906444382,13.001052314956723,0.23857554569902806,-0.002769787683583432,0.0008191523202058858,0.00047271504120647895,0.0006689925362183369,2024-04-19,2024-07-01,738994.0,739067.0,5.252388821808547,0.22634819088012315,0.211505847234,0.036764087324714916
2024-07-02,739068.2873457624,0.526662431676349,14.631872857867332,0.2422378280524954,-0.011474178179473299,0.003485894278172839,0.0029267374488785585,-0.001893585705461985,2024-04-26,2024-07-01,739001.0,739067.0,9.213382604613654,0.11847856882396803,0.211505847234,0.04214535640980982
2024-07-03,739069.3808826434,0.9865899969482024,10.233330963792163,0.21511976132269336,-0.001151690051724423,0.0008140749668952647,0.0003053862152585825,0.0007546239535394869,2024-05-03,2024-07-01,739008.0,739067.0,5.292619670621447,0.13639262970227534,0.211505847234,0.02469463464892538
2024-07-21,739087.3843794033,0.3821566616048865,14.446535551793689,0.2248127131899527,-0.007647955385536841,0.0019127540021790935,0.0011301420782313342,-0.0015431807268959461,2024-05-10,2024-07-01,739015.0,739067.0,2.913643547781939,0.10577035213544456,0.211505847234,0.010567748032368764
2024-07-21,739087.489717611,0.07860924878558208,13.424720462469173,0.9775021767481661,-0.5951159366063781,0.011487012613664405,0.010460433282749206,0.004746661387084383,2024-01-10,2024-07-02,738894.0,739068.0,4.904242156185022,0.3033631862728233,0.17921757085636342,0.11679899617627883
2024-08-02,739099.5648429411,0.17241251368900581,9.898539035780075,0.5789798802729889,-0.20083473250984687,-0.008599023187765249,-0.008559991428107603,0.0008183804338135008,2024-01-18,2024-07-02,738902.0,739068.0,2.889322295932591,0.4068060337238139,0.17921757085636342,0.0987622150197886
2024-09-04,739132.956863375,0.21996446953305587,11.882809604459737,0.6654691298635321,-0.18056160234572924,-0.004823627196450581,-0.004754762567994367,-0.0008121651632133137,2024-01-25,2024-07-02,738909.0,739068.0,2.340804831542735,0.6929231357857264,0.17921757085636342,0.09162659878166861
2024-07-22,739088.2001240166,0.25040135010815595,3.249751011905271,0.3914618559363612,-0.08311015420938647,0.006803540443844204,0.006734991631703477,0.0009633536691723938,2024-02-01,2024-07-02,738916.0,739068.0,1.10837321088483,0.9412515314815189,0.17921757085636342,0.07855269644369706
2024-07-03,739069.3868514778,0.5368070905286851,3.057243454123113,0.2449193702748233,-0.011386962293970555,-0.00112184327544493,-0.00006241761251633405,-0.0011201055201670845,2024-02-08,2024-07-02,738923.0,739068.0,2.2670602817579173,1.782230671303024,0.17921757085636342,0.08140419340308383
2024-07-18,739084.2691982711,0.8755305481153333,10.268273348386112,0.22768548824680573,-0.001824384990110123,-0.00026277374672961174,-0.00026069398432808334,-0.0000329952800483217,2024-02-15,2024-07-02,738930.0,739068.0,3.676115618177918,0.5919818605436937,0.17921757085636342,0.06003307695825327
2024-07-25,739091.4858541155,0.5265919139865235,6.936111990371661,0.32131380092394185,-0.017833316978232927,-0.0014477470842266436,-0.0008142712412859783,0.0011970521983194135,2024-02-23,2024-07-02,738938.0,739068.0,2.0722832423213196,0.9351849724517876,0.17921757085636342,0.06021918572083189
2024-07-15,739081.3121737677,0.22166974279309476,6.0027763828673155,0.4570060998998123,-0.1242249919002014,-0.0033458479412813275,-0.003119111735276644,-0.0012107189719484945,2024-03-01,2024-07-02,738945.0,739068.0,2.2224509081478074,1.3710617959144338,0.17921757085636342,0.07112635922420024
2024-07-21,739087.8800772546,0.4295188122720742,9.611536624400841,0.34157884545759526,-0.031145416944716377,0.003488004019967614,0.0015258693674403995,0.003136541840437852,2024-03-08,2024-07-02,738952.0,739068.0,2.9402122514341245,0.39903090876014624,0.17921757085636342,0.05208277842466234
2024-07-04,739070.3947883731,0.5854555679185544,12.257247701718205,0.23706933416182607,-0.008419593594334472,-0.001942358644762763,-0.0013455620353292049,-0.0014007926020526253,2024-03-15,2024-07-02,738959.0,739068.0,7.490659893096915,0.20704401657267668,0.17921757085636342,0.05087766281497732
2024-08-04,739101.8432418162,0.30434062816083657,3.981470683378502,0.20307832739911622,-0.00959558632212318,-0.010799390590919312,-0.010797079271028291,0.0002234196731887242,2024-03-22,2024-07-02,738966.0,739068.0,0.8806516789679629,0.06791859263664628,0.17921757085636342,0.05002593121219208
2024-07-02,739068.8022870152,0.14761245987209318,6.208958254018022,0.3392098383641424,-0.10392013632616257,-0.013897791248561229,-0.01162909216084317,-0.007610047115701782,2024-04-01,2024-07-02,738976.0,739068.0,4.694636553259228,0.17776988905723295,0.17921757085636342,0.059044250201050974
2024-08-02,739099.626591881,0.09761014517451441,3.354574563759812,-0.23391267732111715,0.26593385723590546,0.040302468756374284,0.03968864933965098,0.007007146455779789,2024-04-08,2024-07-02,738983.0,739068.0,0.6967245489668816,0.19199923219529563,0.17921757085636342,0.04775590488498686
2024-07-27,739093.1311357839,0.2889746497135666,9.527014734194438,0.3908903794149554,-0.06804626545453604,-0.007220908343253949,-0.0011338566444776066,0.007131331321110279,2024-04-15,2024-07-02,738990.0,739068.0,2.140814304523367,0.28583497722120765,0.17921757085636342,0.04539939612116895
2024-07-25,739091.5329534091,0.7744660267419572,10.621671872672195,0.2626666000680894,-0.003853234613832308,0.0010736207532419917,0.0010735972317212107,7.106745560000059e-6,2024-04-22,2024-07-02,738997.0,739068.0,2.3507076188388654,0.26168814311369626,0.17921757085636342,0.03759531680890996
2024-07-28,739094.6056498977,0.03147611421777175,8.460429053915353,1.6536230879693454,-1.3015273536064487,-0.020268590219257518,-0.02020472517577232,0.0016077406655594885,2024-04-29,2024-07-02,739004.0,739068.0,1.650015053649976,0.2389012829919432,0.17921757085636342,0.03992065240053056
2024-07-12,739078.4749970781,0.00582935633142201,12.411176305789665,5.814137506813468,-5.517738173035377,0.021426882513560074,0.01983121711278993,-0.008113822901400699,2024-05-06,2024-07-02,739011.0,739068.0,3.679521648284789,0.12095108219540882,0.17921757085636342,0.037835426820687586
2024-07-15,739081.9642227927,0.32023209484770426,6.097155862283257,0.18490669739680074,0.002799032087110616,-0.002205112456918822,-0.0022019801012882,0.00011749289846357966,2024-05-13,2024-07-02,739018.0,739068.0,1.4767679111109808,0.06666758046112937,0.17921757085636342,0.009799012766211698
2024-07-24,739090.9362143512,0.0259384191612484,7.921992293002617,2.565343783904231,-2.163580850514532,0.01053428710771012,0.005114365400287711,-0.009209477260952849,2024-01-11,2024-07-03,738895.0,739069.0,2.7607641273721835,0.6724764294702682,0.17921757085636342,0.12327731597198112
2024-07-06,739072.4689322923,0.4326504652844606,14.623780689216646,0.26157657152171565,-0.020210157075775587,0.0014344056032720846,0.001398517946469469,0.0003188526118776076,2024-01-19,2024-07-03,738903.0,739069.0,9.051028824567867,0.41684560374487156,0.17921757085636342,0.11493784484564916
2024-07-24,739090.9839104149,0.5081596771326867,13.305622921666107,0.3009494529149862,-0.016987884159412867,0.0014416595703094113,0.0013767505593864477,-0.0004277151083300885,2024-01-26,2024-07-03,738910.0,739069.0,4.464224163225531,0.4500300981890195,0.17921757085636342,0.08753130302613114
2024-08-31,739128.0385104237,0.6845954971355815,9.301972971035648,0.3411146125945933,-0.007527392561046516,-0.0005224158309379921,-0.0003852732530138842,-0.0003528212308333105,2024-02-02,2024-07-03,738917.0,739069.0,1.8858785824845177,1.0604426871095325,0.17921757085636342,0.07190106809339375
2024-08-12,739109.6962929895,0.9566944565255637,11.507108998141195,0.2515992054168507,-0.0012802739661304195,0.00012492896642156545,0.00012236242675017805,-0.000025192919064053237,2024-02-09,2024-07-03,738924.0,739069.0,2.7800404838695862,0.8520141315928245,0.17921757085636342,0.0674781625469239
2024-09-08,739136.1520999601,0.8725826111407917,8.980875929253287,0.30986406996015325,-0.002413089738411963,-0.00019603346289810006,-0.00019598847500255676,4.199552594378763e-6,2024-02-16,2024-07-03,738931.0,739069.0,1.5962867637752416,1.1959998317402822,0.17921757085636342,0.05964376556650571
2024-07-18,739084.6276746175,0.7801127360196354,8.290217686866367,0.24857343793056338,-0.0036505556200109967,0.0005329329483008894,0.00011227896007346322,0.0005209711724361531,2024-02-26,2024-07-03,738941.0,739069.0,2.9267326163722927,0.6445814934159979,0.17921757085636342,0.05814669319159993
2024-07-23,739089.7049723502,0.6096305204654179,6.194561405818934,0.29075019626179865,-0.010382267205176461,0.0008410367978674717,0.0003310913902673886,-0.0007731244315490086,2024-03-04,2024-07-03,738948.0,739069.0,1.8962443048461755,1.214879889503092,0.17921757085636342,0.06262871356517254
2024-08-15,739112.3350811081,0.025967976740671757,9.587780978064227,4.48172259448762,-3.8522763226106846,-0.01720934761960681,-0.01685276804581209,-0.0034850903412281106,2024-03-11,2024-07-03,738955.0,739069.0,1.9675739279736228,0.6062797085491876,0.17921757085636342,0.05892960415483909
2024-08-05,739102.1981302949,0.22135717948445494,11.118950841325109,0.5576792072965221,-0.15367982275202108,-0.006989423576792446,-0.006909518756801915,-0.0010538465188179096,2024-03-18,2024-07-03,738962.0,739069.0,2.549272270994264,0.43772897236911223,0.17921757085636342,0.05616541693574042
2024-07-08,739074.1183724542,0.6023238438583752,5.128959451455017,0.23295351620771096,-0.0066244442834590325,0.002275424407429462,0.002236984040605297,-0.00041648365634550186,2024-03-25,2024-07-03,738969.0,739069.0,2.467060867056716,0.34189112674593763,0.17921757085636342,0.050648143617710334
2024-07-30,739096.4405062398,0.8067041982059311,9.698178064817842,0.25639444149768686,-0.003000488604990108,-0.0007935571624271027,-0.0007330727704222262,0.000303870504170505,2024-04-02,2024-07-03,738977.0,739069.0,2.2701960171213287,0.3145125134065818,0.17921757085636342,0.04196060420879676
2024-07-13,739079.3888069676,0.8184266045481834,4.660085569449824,0.20003086693136324,-0.0008580556935672263,-0.001595722701062369,-0.0006193356089586036,-0.0014706305933719925,2024-04-09,2024-07-03,738984.0,739069.0,1.6444671935951232,0.09443737375147142,0.17921757085636342,0.036089898087676174
2024-07-06,739072.6943599315,0.788336053505593,4.313222043687829,0.20227267361680892,-0.0013269779154306473,-0.0018977742321385745,-0.0015422814901418778,0.0011058548011990113,2024-04-16,2024-07-03,738991.0,739069.0,2.1254349578938077,0.1277993727722549,0.17921757085636342,0.032976245154691046
2024-08-01,739098.0902507532,0.09111190303389273,5.5028767556371445,1.1168478070358625,-0.6520155185735063,-0.02581733406510012,-0.020825097490597674,-0.015259425046052082,2024-04-23,2024-07-03,738998.0,739069.0,1.0822114824836462,0.41814977701524125,0.17921757085636342,0.02712095420598211
2024-07-10,739076.3325927509,0.4721990991982673,3.157645815729585,0.24436031653196347,-0.013429136918968531,0.006601146559039847,0.001254123428080555,-0.006480918941096482,2024-04-30,2024-07-03,739005.0,739069.0,1.1433246371172707,0.3042218942226137,0.17921757085636342,0.02803993258329694
2024-07-07,739073.5854227948,0.1703506446586314,12.715407531637295,0.257369916190733,-0.042106205577021785,0.013158577151385195,0.008351860372800512,-0.01016831259168408,2024-05-07,2024-07-03,739012.0,739069.0,5.256699389826852,0.04286972254828953,0.17921757085636342,0.028245629164112378
2024-07-26,739092.3519958894,0.36147031260574,9.612602821374306,0.17950244584774994,0.003247566398555952,0.0016923545379022428,0.0016918587703811643,-0.00004096075002546036,2024-05-14,2024-07-03,739019.0,739069.0,1.751096324523877,0.07216029922396083,0.17921757085636342,0.010002910103365728
2024-08-30,739127.6257329357,0.5941395362812346,11.107946271512683,0.2993515172029433,-0.008915645809498579,-0.0009055614672364178,-0.00005664949010122596,-0.0009037878103928194,2024-01-12,2024-07-05,738896.0,739071.0,2.4903470601887965,0.5266105495343651,0.1963412769349549,0.11700667123647206
2024-08-30,739127.4974497772,0.4978098583880154,6.537551561945711,0.3598731346976116,-0.019878392702819686,-0.0015566483215036907,-0.00046763170672090384,-0.0014847473130837959,2024-01-22,2024-07-05,738906.0,739071.0,1.421524964366352,0.9723869550530619,0.1963412769349549,0.09780024085847842
2024-07-17,739083.1405122678,0.9143787536452233,7.392782454227826,0.22090824408763113,-0.0014597769778720204,-0.00006216171408282255,-0.000057419156776434385,0.000023814263221813723,2024-01-29,2024-07-05,738913.0,739071.0,3.1063085733245277,2.904569204575311,0.1963412769349549,0.09281172616352118
2024-07-19,739085.6265906177,0.363275774302752,10.176101568207201,0.3389472999985213,-0.04133160213624747,-0.003322113758422859,-0.0031119766797939015,-0.0011627729650801903,2024-02-05,2024-07-05,738920.0,739071.0,3.930542436239602,0.444142920943789,0.1963412769349549,0.07456674901468163
2024-09-10,739138.8777230302,0.6058673623362759,9.503138650742166,0.3933483766122826,-0.013221741165447103,0.0007806184918716532,0.0006125288543785422,-0.0004839149020289464,2024-02-12,2024-07-05,738927.0,739071.0,1.7216484677998836,1.0798422316366318,0.1963412769349549,0.06453832964799419
2024-09-01,739129.294118478,0.6175112574259684,7.137270101356278,0.3383726021671485,-0.010029005730797678,0.0006782499331382109,0.0005432020119313756,0.000406145966415639,2024-02-20,2024-07-05,738935.0,739071.0,1.3675163730892774,1.2793249411152077,0.1963412769349549,0.06179181762926772
2024-08-11,739108.414064424,0.08737448676228522,11.021905691291677,1.2017975051449368,-0.7116484193574482,-0.009863347913095274,-0.009570611524791878,-0.002385168148429329,2024-02-27,2024-07-05,738942.0,739071.0,2.618011073132383,0.5719645123168412,0.1963412769349549,0.06451591412711026
2024-07-25,739091.6612578996,0.28611917609445486,3.676049732098846,0.3322235661412044,-0.05161730469486788,-0.007319857389964194,-0.000971571761022347,0.0072550920409459535,2024-03-05,2024-07-05,738949.0,739071.0,1.1304632021754113,0.5488558416005185,0.1963412769349549,0.05836323849106962
2024-07-05,739071.444075874,0.540864473805739,8.909175564172624,0.2473692505115429,-0.011740163422154776,-0.002336379366825353,-0.001663042868324795,0.0016410231454313114,2024-03-12,2024-07-05,738956.0,739071.0,7.884516961036037,0.30505750855283886,0.1963412769349549,0.059241088560771704
2024-07-15,739081.1151382573,0.5336763241903871,12.759632494499456,0.26807879681116187,-0.012986014687811596,-0.0025632204358296946,-0.0007703649573795406,0.0024447161052147926,2024-03-19,2024-07-05,738963.0,739071.0,4.990846633144799,0.21189938841555497,0.1963412769349549,0.04854608628103342
2024-07-06,739072.3318148048,0.7890204871012296,12.577698685545853,0.22348266714137163,-0.0030820289247228184,0.0009618000580578296,0.0008039172642747963,-0.0005279927877168129,2024-03-26,2024-07-05,738970.0,739071.0,8.691183877347141,0.20101987784758577,0.1963412769349549,0.04792674857772483
2024-07-13,739079.4228651953,0.4706805289430184,3.8004919393073,0.21648360899463007,-0.0063919385706532866,0.00575052026678558,0.004015881448877666,0.0041159664147405175,2024-04-03,2024-07-05,738978.0,739071.0,1.5051200906157145,0.13766130151496875,0.1963412769349549,0.0419329140640234
2024-07-13,739079.7183443529,0.638880088503243,13.404558541775893,0.2565293126529181,-0.007763231156984626,-0.002083637791431196,-0.0010274321007320139,-0.0018127133596533328,2024-04-10,2024-07-05,738985.0,739071.0,5.089183668565658,0.17757716955704517,0.1963412769349549,0.04198812568478347
2024-07-27,739093.8199689302,0.9030679766872474,7.7111378052895905,0.22625976477181783,-0.0012747951269113688,0.000752648215238579,0.0007514168016782494,-0.00004303633415439458,2024-04-17,2024-07-05,738992.0,739071.0,1.835462080412643,0.19835828114665519,0.1963412769349549,0.034681243452605565
2024-07-26,739092.2004492611,0.4346256382757404,6.99391748355684,0.283134640377851,-0.01925427167877839,-0.005260514038575108,-0.005231047115155605,0.0005560162129542839,2024-04-24,2024-07-05,738999.0,739071.0,1.6482252411056373,0.22745408914419799,0.1963412769349549,0.03731976674189191
2024-07-29,739095.7354960322,0.3803501969483779,11.271751497146818,0.3062456716885412,-0.027270197471629218,-0.004748524492360496,-0.0047294884457134275,0.0004247633416511968,2024-05-01,2024-07-05,739006.0,739071.0,2.311739009342468,0.19378575100107628,0.1963412769349549,0.03673956985055193
2024-07-17,739083.9891436351,0.3711264892554969,4.203751984909738,0.254508983082042,-0.01826035438465976,-0.00592395556885146,-0.005916820950370444,-0.00029065344137582346,2024-05-08,2024-07-05,739013.0,739071.0,1.1363197014001054,0.27213366911122344,0.1963412769349549,0.01966376211353479
2024-07-27,739093.4624495497,0.770235656722486,2.8396647849133902,0.2611556184352615,-0.004598118535850861,0.0018384626805811374,0.0011014878869178017,-0.001471961094208314,2024-05-15,2024-07-05,739020.0,739071.0,0.5355249074835965,0.6783938284070992,0.1963412769349549,0.009358670943397884
2024-07-22,739088.2010895377,0.018319699302857376,4.388810436615963,3.545620648818763,-3.143863492075525,0.018547104620055786,0.003591661894809161,-0.018196017548372245,2024-01-16,2024-07-08,738900.0,739074.0,1.8050606021063118,0.707553162939883,0.24116205681688788,0.1058826427497834
2024-09-15,739143.6530839979,0.8882186548168973,14.728296438866241,0.2769282337219537,-0.001648168859682934,0.0002544299814478345,0.0002260351416774159,-0.0001168020983819038,2024-01-23,2024-07-08,738907.0,739074.0,2.866971410207549,0.39066166042680384,0.24116205681688788,0.08907769502072492
2024-09-10,739138.6314925413,0.19149890759589933,8.504348289949867,0.8672135849775169,-0.28622919962113696,0.00388804111621493,0.000354164038347204,0.0038718770067396866,2024-01-30,2024-07-08,738914.0,739074.0,1.6861467203394218,1.6577092084604907,0.24116205681688788,0.08670496308271965
2024-09-10,739138.6514789616,0.241238950743411,3.891378961210352,0.5718882330208523,-0.13392005717384334,0.005829838455443123,0.002963689573628624,-0.00502031478372905,2024-02-06,2024-07-08,738921.0,739074.0,0.7517974953813087,1.4240754832398497,0.24116205681688788,0.0761491628443444
2024-08-23,739120.8851155419,0.44124440971251155,10.917580999347154,0.40550124695778006,-0.032916445682331395,-0.0019234815896991548,-0.0007244004630983586,-0.0017818600941079718,2024-02-13,2024-07-08,738928.0,739074.0,2.457633464886592,0.6916361642315259,0.24116205681688788,0.06288930776060868
2024-07-14,739080.8231521038,0.5707913303983315,4.3562676495002925,0.26232157289165525,-0.010363971117610428,-0.0010178964870067343,-0.0008145620547083601,-0.0006104112689735876,2024-02-21,2024-07-08,738936.0,739074.0,2.118230257612318,1.3340908072573952,0.24116205681688788,0.06684145051380089
2024-08-03,739100.5899142295,0.8149590157439224,6.627068079433786,0.27483203715977894,-0.0033331528680300097,-0.0003314024902799123,-0.00006190792314306797,0.000325568763267976,2024-02-28,2024-07-08,738943.0,739074.0,1.876855419725195,1.2368407946449866,0.24116205681688788,0.06062128660165671
2024-07-18,739084.906495853,0.8917481439226338,14.32192947798307,0.228141769293141,-0.0017073003129075889,-0.0004118769585805442,-0.0004051227349707813,0.00007428457861059343,2024-03-06,2024-07-08,738950.0,739074.0,5.733214879183616,0.25809708880719573,0.24116205681688788,0.05063517547712823
2024-07-31,739097.162093974,0.43520339061445223,14.535473720611169,0.337727261253424,-0.027944449835790013,0.002943635918215131,0.0027359875313461555,-0.0010859855649706437,2024-03-13,2024-07-08,738957.0,739074.0,4.1647600319214755,0.2842330335151741,0.24116205681688788,0.053812435040682345
2024-07-20,739086.9084067759,0.635165101018972,8.193501713495273,0.27507245724025414,-0.008525736268173757,0.0012991192927323766,0.000617694254679562,0.0011428756469911022,2024-03-20,2024-07-08,738964.0,739074.0,2.938724863957556,0.5087447503720444,0.24116205681688788,0.0526229315793233
2024-08-06,739103.6556391692,0.5234372419037513,12.621715644597757,0.33580791120640513,-0.018022141941291963,-0.002332819542351313,-0.001098281314081241,-0.002058112040758756,2024-03-27,2024-07-08,738971.0,739074.0,3.009404540010286,0.3203844935287186,0.24116205681688788,0.04638307803212843
2024-07-30,739096.84537571,0.4836975902152342,7.4102224641611425,0.28001406987869687,-0.014366269000900746,0.0041297465192628585,0.0016407550649482348,-0.0037898191421505073,2024-04-04,2024-07-08,738979.0,739074.0,1.9349093146862193,0.2270718382599882,0.24116205681688788,0.03999312564369141
2024-07-23,739089.3725180752,0.3480931241336412,13.209168179508938,0.34671948795801055,-0.04459534084948769,0.0045058935302732216,0.0012594196030146407,-0.00432630775254148,2024-04-11,2024-07-08,738986.0,739074.0,4.006482962923726,0.26081258115787337,0.24116205681688788,0.05355196027569528
2024-07-17,739083.4338149546,0.11535575467598094,4.430504041038191,0.49296586410036825,-0.20660210532618353,-0.021114265592470524,-0.014029795381813736,-0.015779006719493553,2024-04-18,2024-07-08,738993.0,739074.0,1.5938327704172313,0.2547680073898814,0.24116205681688788,0.03828889837455659
2024-08-08,739105.9086870601,0.8372467526043443,3.8063206426555056,0.37265865354544564,-0.006751210583588527,-0.001929368711477358,-0.0013327162713414654,-0.0013951096605390925,2024-04-25,2024-07-08,739000.0,739074.0,0.7267713414299619,0.7696876619155681,0.24116205681688788,0.025709330779940674
2024-08-07,739104.6480636534,0.6899886791441768,13.25736877990484,0.27111076318927696,-0.005026374520911664,0.0012082569994229725,0.0009539397074218244,0.0007415416449927608,2024-05-02,2024-07-08,739007.0,739074.0,2.445040651047327,0.21651109354642234,0.24116205681688788,0.035036395035904035
2024-07-27,739093.7231639243,0.1546725982203432,11.923285554732226,0.3038264394367535,-0.06199493213726905,-0.005146746614374269,-0.000049425943367933306,-0.005146509281901203,2024-05-09,2024-07-08,739014.0,739074.0,2.6505735342222945,0.15625748761990882,0.24116205681688788,0.020576639675501194
2024-07-09,739075.2666012322,0.4523477768441527,7.460400313375832,0.2028025287302209,-0.001998955568450659,-0.0015443790504427375,-0.0005067376691982055,0.0014588775089300612,2024-05-16,2024-07-08,739021.0,739074.0,4.461588950615773,0.07848010362148852,0.24116205681688788,0.01156796315579315
2024-08-28,739125.2536913983,0.6352002718800996,10.494023383227928,0.29704721714626187,-0.007274459818960473,0.0004959401368832009,0.00013924077224680023,0.00047599225489060505,2024-01-17,2024-07-09,738901.0,739075.0,2.4980716931606453,0.8878511049847714,0.24924617521684714,0.12193471383854997
2024-07-28,739094.6511388408,0.34685864536221295,5.210510992017278,0.377828472013453,-0.050463131737621916,-0.0027299915828945293,-0.0021037612610115206,0.0017398398200243017,2024-01-24,2024-07-09,738908.0,739075.0,1.8667939995753235,1.2305098613457752,0.24924617521684714,0.09957112312595415
2024-09-16,739144.15516017,0.5140124388518584,11.416945502796322,0.42148492914735874,-0.022299135186942882,-0.000910100679293465,-0.0008759871402386494,0.00024683957662202205,2024-01-31,2024-07-09,738915.0,739075.0,2.1769266158223726,1.1031187912564495,0.24924617521684714,0.08138311858658188
2024-07-22,739088.7990718081,0.2363400527218385,6.241171517187131,0.4883465512688467,-0.12609484796698536,0.004460247260388051,0.00022610442823602623,-0.004454512589647857,2024-02-07,2024-07-09,738922.0,739075.0,2.4755240722381524,1.0705565610680583,0.24924617521684714,0.08303925051060525
2024-07-23,739089.2557250968,0.7210007004984994,2.195305329411765,0.22567154863376693,-0.002942412332192797,0.00102903027690273,0.00031939059547642806,0.0009782090565434985,2024-02-14,2024-07-09,738929.0,739075.0,0.8453972583478635,0.9391092839625356,0.24924617521684714,0.06928589113970175
2024-08-09,739106.5335240813,0.871510262711851,4.498788701999246,0.25105045454395464,-0.0018457021114870826,0.0002833991681281729,0.000256506880516763,-0.00012049609430724086,2024-02-22,2024-07-09,738937.0,739075.0,1.2043191098063468,1.261653066967153,0.24924617521684714,0.06463441499944513
2024-08-24,739121.7822438516,0.6247177265895681,13.61477448962435,0.33041453814567173,-0.009743148026193374,-0.0007947552080198967,-0.00005346769874607983,-0.0007929546303954276,2024-02-29,2024-07-09,738944.0,739075.0,2.8928770606844054,0.5625217191987144,0.24924617521684714,0.05873733147058434
2024-08-23,739120.9439656005,0.5144862261471318,14.786928151754156,0.37475183215275715,-0.02050331621490962,-0.0016847202691475966,-0.001079945998275404,-0.0012930580134261926,2024-03-07,2024-07-09,738951.0,739075.0,3.0783726769154076,0.42344021194182063,0.24924617521684714,0.05457367158163898
2024-08-29,739126.7626118031,0.5301576408613758,2.0280990193499284,0.08756256069808303,0.006986824126516907,0.00768444699430201,0.0006574827570387693,0.007656268153117015,2024-03-14,2024-07-09,738958.0,739075.0,0.38147180365454164,0.23767475886470546,0.24924617521684714,0.06602152762365492
2024-07-23,739089.9721723365,0.004676961434255223,6.68616156513408,12.573162842187147,-12.176796222729143,0.016601418161336465,0.0028003435654593996,0.016363531430682754,2024-03-21,2024-07-09,738965.0,739075.0,2.257987113120591,0.5130678143377078,0.24924617521684714,0.061978109886322984
2024-07-25,739091.1497854034,0.47836634521767907,12.25163813859543,0.31308590849250534,-0.020875517578033315,0.002701227259879591,0.001619493472820647,0.00216191341200519,2024-03-28,2024-07-09,738972.0,739075.0,3.8968432298192477,0.3017467387222691,0.24924617521684714,0.051625718211961866
2024-07-13,739079.9408499608,0.16932621550211605,14.028038835213687,0.4546414811516697,-0.15273128138374703,0.01203098968937078,0.010632739623586619,0.005629348186314035,2024-04-05,2024-07-09,738980.0,739075.0,6.713615434143508,0.15323355707400804,0.24924617521684714,0.05282022620038255
2024-08-08,739105.7952683772,0.6279042593801846,6.488063678652946,0.2733116391253157,-0.006606537145999649,-0.002010444645561284,-0.0006064833404241173,0.0019167852333148963,2024-04-12,2024-07-09,738987.0,739075.0,1.3940618424654994,0.31802413980215305,0.24924617521684714,0.03757631803734608
2024-08-15,739112.7433925092,0.8165743154719767,3.3402809362337935,0.39828814454885325,-0.007655018495120403,-0.0018796541452698542,-0.0013716096148747492,0.001285218569043137,2024-04-19,2024-07-09,738994.0,739075.0,0.6093211342725827,0.9955911285917396,0.24924617521684714,0.037430804093957694
2024-07-31,739097.4262561307,0.597912918832317,4.172838836947618,0.36166290333776197,-0.017752749120643577,0.004248371113302736,0.00024920650971474635,-0.0042410556742232125,2024-04-26,2024-07-09,739001.0,739075.0,0.9686612053216266,0.5987554698807854,0.24924617521684714,0.02518865493626047
2024-08-01,739098.430184199,0.3625895172934795,10.400775630333408,0.3395078354372773,-0.036535345051524074,0.004451032846330978,0.004273429728822704,-0.0012447858257272834,2024-05-03,2024-07-09,739008.0,739075.0,2.2356174417361157,0.2861553899916821,0.24924617521684714,0.039608077263296335
2024-07-28,739094.4750934762,0.6998752604058237,14.445673905167315,0.22063961438354832,-0.0017253271214542982,0.00021116405429978514,0.00006583115066726092,0.00020064026871529804,2024-05-10,2024-07-09,739015.0,739075.0,3.2332416678900695,0.395853320929207,0.24924617521684714,0.01594427109420377
2024-07-20,739086.0291082402,0.19987674420953,11.351037842633847,0.2548940055124883,-0.02878196520080827,0.0013081134529595807,0.0012779225842364924,0.0002794184577155957,2024-05-17,2024-07-09,739022.0,739075.0,3.1774016329872783,0.3874375651689585,0.24924617521684714,0.014211930124535765
2024-08-02,739099.1513513986,0.024152454381026985,12.708959460977162,3.4556758452376553,-2.975232529402369,-0.019304797051083206,-0.01069448384479242,-0.016071813975932672,2024-01-18,2024-07-10,738902.0,739076.0,4.332445220369718,0.29289162225757076,0.24924617521684714,0.09279639919739384
2024-09-29,739157.0370438843,0.21863388964357228,11.400351138242268,0.8335170006888593,-0.2313779259069569,-0.0026275871695802286,-0.0007583453455122052,-0.002515775560474863,2024-01-25,2024-07-10,738909.0,739076.0,2.029742850574038,1.6887448759759887,0.24924617521684714,0.10277481821179672
2024-09-14,739142.3369348424,0.30962988917591067,12.473868963198186,0.5867928893440428,-0.09752513253475988,0.0033266083519240567,0.0009493536331321955,0.003188267681100442,2024-02-01,2024-07-10,738916.0,739076.0,2.43648774277354,0.7277070383981277,0.24924617521684714,0.07339252409243945
2024-08-08,739105.7849867074,0.7774796343394572,4.4285661239043606,0.27796228358059205,-0.0037760267455840706,0.00014554196278939734,0.00012772192584748732,-0.00006978232290773407,2024-02-08,2024-07-10,738923.0,739076.0,1.2787740562152818,4.5548357671728965,0.24924617521684714,0.07699235298011904
2024-07-16,739082.3651043677,0.13742024621569618,14.995341366601851,0.5964950565094586,-0.2560277324528972,0.008846562660908264,0.00547399648924444,-0.006949606704635584,2024-02-15,2024-07-10,738930.0,739076.0,7.578471687559381,0.26522033380103943,0.24924617521684714,0.06907220950871053
2024-08-25,739122.4385143936,0.7375351157603028,7.646032267025545,0.3202581290555504,-0.005361164859882229,-0.0003776104923300984,-0.00020991248134711481,0.00031388920671548504,2024-02-23,2024-07-10,738938.0,739076.0,1.6783379261396885,1.3694988932602723,0.24924617521684714,0.06274398590134417
2024-08-29,739126.6574590093,0.25509508979554313,5.683826120760839,0.5630872309144872,-0.1238053431362758,0.003992844033686134,0.003921315554359749,0.0007523880650829425,2024-03-01,2024-07-10,738945.0,739076.0,1.1552185908724129,1.391612616464783,0.24924617521684714,0.06543033400374636
2024-08-10,739107.8070081151,0.08889021251697173,12.069149855019706,1.2465043595706418,-0.7368796209152926,-0.01174423421991815,-0.005737456795006041,0.010247371708771746,2024-03-08,2024-07-10,738952.0,739076.0,3.052122618091057,0.46211397958919975,0.24924617521684714,0.061368158712546965
2024-07-10,739076.631832058,0.9044797416579242,11.53543771606226,0.22886426806336965,-0.0018989769110582223,-0.0005607861517887556,-0.0003133462535967651,0.00046507551364795925,2024-03-15,2024-07-10,738959.0,739076.0,9.595797252540603,0.2655138433872988,0.24924617521684714,0.04515658991114942
2024-07-25,739091.318918118,0.04387374462501193,9.52170561030032,1.6272576110711567,-1.2253219869110672,0.014126129517801856,0.003486860526652278,0.013689022566326163,2024-03-22,2024-07-10,738966.0,739076.0,3.185082971532757,0.3996842140897319,0.24924617521684714,0.05904019934845657
2024-07-13,739079.3586018641,0.24777701691685833,8.789927277982244,0.3534739586142299,-0.07305762237294737,-0.007839276363545247,-0.00783832569045161,-0.00012208306371274628,2024-04-01,2024-07-10,738976.0,739076.0,4.793789173135219,0.2627031600648218,0.24924617521684714,0.054088708768739106
2024-07-18,739084.62197657,0.15278491894116433,14.463268435203805,0.5337253705559916,-0.20285914432340674,-0.012323412401128941,-0.010878866705846993,-0.005789365457864305,2024-04-08,2024-07-10,738983.0,739076.0,5.67866338897969,0.17389121756394751,0.24924617521684714,0.05242888566840567
2024-07-16,739082.9290176844,0.5878376496933863,3.023044915534399,0.2520613971444475,-0.00872348407341123,0.002952038201002572,0.0005450352791652328,-0.002901286970405337,2024-04-15,2024-07-10,738990.0,739076.0,1.2490768013977411,0.574620079228605,0.24924617521684714,0.041569138416225296
2024-07-17,739083.1438793367,0.07540287841967389,13.398959261490521,0.8058124462005585,-0.47822184852522553,0.015064456018179946,0.005919671047202168,-0.013852628985741095,2024-04-22,2024-07-10,738997.0,739076.0,5.309445901860127,0.17864580327191534,0.24924617521684714,0.05583811908958051
2024-07-18,739084.3125089498,0.8022222014335854,7.092488706801449,0.23384564898282031,-0.0024657788747297,-0.0011552040679684134,-0.0009931281588340403,0.0005900787225291892,2024-04-29,2024-07-10,739004.0,739076.0,2.5603139310665517,0.24143011533649417,0.24924617521684714,0.03322622900783442
2024-07-21,739087.2175395641,0.30453091277637007,2.648920970528086,0.59838135780038,-0.1449359149479137,-0.02573260721114901,-0.010435972742288075,-0.02352142739727967,2024-05-06,2024-07-10,739011.0,739076.0,0.8078119193620387,0.6475221190665483,0.24924617521684714,0.023207605209570714
2024-07-15,739081.9345508569,0.36541880201149907,13.07838693853535,0.24134341470162446,-0.012426621366661379,-0.0031826475350351276,-0.00029576323144010855,-0.0031688751069099096,2024-05-13,2024-07-10,739018.0,739076.0,4.9478442868824635,0.10909409100182257,0.24924617521684714,0.013463372956065778
2024-07-25,739091.8647503383,0.14178080274448782,5.6591853977252775,0.38810051273464924,-0.11529994018565214,-0.010211174839241763,-0.010037078565947294,-0.00187753707248764,2024-05-20,2024-07-10,739025.0,739076.0,1.2957037890470824,0.2828895329648465,0.24924617521684714,0.011584886609413389
2024-08-09,739106.0999624665,0.1253690250431483,13.843729905999503,0.8503309133985822,-0.40012547662887393,-0.011816875525642485,-0.006558624015342329,-0.00982969980283748,2024-01-19,2024-07-11,738903.0,739077.0,4.280923053563342,0.30664131917341314,0.23137405045072515,0.09005700342977391
2024-09-15,739143.362619437,0.20572396143976307,14.539480471242639,0.7525863487147715,-0.222143539881868,0.007246668036092577,0.0016929842399387959,-0.00704613383272307,2024-01-26,2024-07-11,738910.0,739077.0,2.909799502697275,0.4337418336213056,0.23137405045072515,0.08067512362406712
2024-09-23,739151.6606585355,0.22715581872770146,8.744327666840773,0.83857087635198,-0.22593954578230965,-0.0022856987882443652,-0.002095687831884962,-0.0009124206605897666,2024-02-02,2024-07-11,738917.0,739077.0,1.5937603887950536,2.567856179918149,0.23137405045072515,0.08152256781500054
2024-08-14,739111.2389514524,0.17440770618706505,12.859925600937885,0.7284394580318792,-0.2626965427372946,0.0066617026449342425,0.006630620333132879,0.0006427722204394838,2024-02-09,2024-07-11,738924.0,739077.0,3.477422906935792,0.5348060702683204,0.23137405045072515,0.0720809886756742
2024-07-13,739079.7810873919,0.2984565194717664,12.622124046361465,0.3342815803726859,-0.05473684567505235,0.006176929248655573,0.0028595685611543355,0.00547515502857722,2024-02-16,2024-07-11,738931.0,739077.0,7.994581049097843,0.20953460892348477,0.23137405045072515,0.05723824016009183
2024-07-13,739079.9253523399,0.0025793396412996388,3.5428763739091345,15.66742934510518,-15.353698325099748,0.025881432641494673,0.021219497243791394,0.014818282366622502,2024-02-26,2024-07-11,738941.0,739077.0,2.1768181092861756,0.4318940540893314,0.23137405045072515,0.06840936547217843
2024-07-30,739096.4218593779,0.8298754989837724,10.984043670163855,0.26061216925970704,-0.0028571221567841127,-0.0004583032115569581,-0.0002530755376629606,0.0003820924050017551,2024-03-04,2024-07-11,738948.0,739077.0,3.5551718990928163,0.4710061745388514,0.23137405045072515,0.05438548230182646
2024-07-21,739087.6906317958,0.05513766188407755,8.813807770204118,1.3160731052522907,-0.9280643584572786,-0.012227389451805468,-0.010200089191402386,-0.006742939514303821,2024-03-11,2024-07-11,738955.0,739077.0,3.5330677101714985,0.4748201280718275,0.23137405045072515,0.06993388488992208
2024-09-02,739130.625007961,0.3497854097789726,14.996109935810894,0.5207214820985402,-0.07090320809492298,0.0035594971370821343,0.003399524029481161,-0.001055109587614519,2024-03-18,2024-07-11,738962.0,739077.0,2.734356859220718,0.4646225804636623,0.23137405045072515,0.055354415832181036
2024-08-18,739115.4170975285,0.8025463915591478,9.931419672112629,0.29637879564049674,-0.0036087926420983857,0.0006000181522962342,0.00044070828559810755,-0.00040718299337050404,2024-03-25,2024-07-11,738969.0,739077.0,2.1148206778713448,0.48602247366156803,0.23137405045072515,0.04572575595262297
2024-07-23,739089.8089392629,0.5931897576781592,6.426598659513998,0.26159568998255667,-0.007889975286518502,0.0025773194384411864,0.0025522890502141533,0.0003583240041132157,2024-04-02,2024-07-11,738977.0,739077.0,2.2252091363766127,0.282565970321795,0.23137405045072515,0.042998928795964106
2024-07-12,739078.6420019218,0.8503523379505686,7.684261119567749,0.2298392774414069,-0.002130375449715758,-0.001091269543509417,-0.00018534093599263177,-0.0010754152472587624,2024-04-09,2024-07-11,738984.0,739077.0,4.9582204108328805,0.21603340459311726,0.23137405045072515,0.03861877091048382
2024-08-05,739102.7286843193,0.9025982813857096,3.1955532307397423,0.2892964149066241,-0.002944651603209203,0.0006525112108725538,0.000329733219897598,0.0005630691644996454,2024-04-16,2024-07-11,738991.0,739077.0,0.746844820423195,1.2746600859915662,0.23137405045072515,0.047067227196326944
2024-08-09,739106.726123586,0.10012097934532507,2.089248162417024,6.175670742210799,-4.026999920334363,-0.20767558169658903,-0.19095261382991102,-0.08164708509519186,2024-04-23,2024-07-11,738998.0,739077.0,0.43120632443747625,0.9292471667666652,0.23137405045072515,0.02786835057525808
2024-08-07,739104.0894807256,0.46762875344014165,2.1276874601439215,1.3160509573736612,-0.18701473699939497,-0.04418970592003025,-0.041990858610961045,-0.013765823709935964,2024-04-30,2024-07-11,739005.0,739077.0,0.43916429293864145,0.9301395101307462,0.23137405045072515,0.026028979388791545
2024-07-24,739090.3292967989,0.42284730800475245,14.792360281607278,0.28907274368684477,-0.02020865966752784,0.001500015753673048,0.00037713379543932035,-0.0014518324151240234,2024-05-07,2024-07-11,739012.0,739077.0,4.169324531604693,0.38511264967314157,0.23137405045072515,0.037514705597814606
2024-07-17,739083.7819916607,0.6687272425429923,11.04280608201281,0.22121056459569455,-0.00216776259973804,-0.0005369718719238317,-0.00012507657659496598,-0.0005222017246473508,2024-05-14,2024-07-11,739019.0,739077.0,3.9662889101947676,0.2444723529451526,0.23137405045072515,0.015778360915309576
2024-07-17,739083.8343639106,0.7519066102905354,9.38160300310042,0.21841617718971168,-0.0013680064938762146,0.00005600427069636401,8.245285202837177e-6,-0.000055393985306669265,2024-05-21,2024-07-11,739026.0,739077.0,3.1887546641758617,1.957734817291964,0.23137405045072515,0.01595506481742182
2024-08-30,739127.9070869023,0.11538173840530377,12.026621266418905,1.0445832827574872,-0.5190685103842403,-0.010781252337938026,-0.01044773545309687,-0.002660869383565627,2024-01-22,2024-07-12,738906.0,739078.0,2.856014843688966,0.46190101362715646,0.2524616120708214,0.09496710921835695
2024-07-29,739095.968367534,0.8544763546589522,5.053596167316257,0.25727754955415216,-0.0024205492372447322,0.0002464918386007225,0.0000395560053682288,0.00024329724399604967,2024-01-29,2024-07-12,738913.0,739078.0,1.8665505195412226,1.660392992090308,0.2524616120708214,0.0881400208667266
2024-09-06,739134.306940007,0.4185958412789682,7.930654649187091,0.4866976479040347,-0.045689242584014765,-0.0010139022358190862,-0.0003797011551402427,-0.0009401195544100264,2024-02-05,2024-07-12,738920.0,739078.0,1.6870496413668246,2.3785032479431756,0.2524616120708214,0.07849302623757276
2024-08-13,739110.793458661,0.4642664020990358,7.215346966314097,0.39663509588767987,-0.03008040170422894,0.0015071271300634971,0.000670615775762163,-0.001349706141155306,2024-02-12,2024-07-12,738927.0,739078.0,1.979291198613684,1.2842328652221062,0.2524616120708214,0.06990357338003607
2024-08-08,739105.6162253353,0.1847222352493514,13.076543528208422,0.6121976144519724,-0.20217582058817746,0.007842089304735993,0.007814822446221907,0.0006533871727244909,2024-02-20,2024-07-12,738935.0,739078.0,3.78988650534643,0.36418633166067216,0.2524616120708214,0.057597687487766246
2024-09-09,739137.9286138827,0.4786292182352093,12.688816040768387,0.44181839369527015,-0.02934086940142811,-0.001947070906394454,-0.000688154417185293,0.0018214084145616795,2024-02-27,2024-07-12,738942.0,739078.0,2.3922777550382905,0.5684199558601403,0.2524616120708214,0.05385831038693457
2024-08-01,739098.209304467,0.07027176635333567,10.18544954050394,1.3110049636637602,-0.8564898215473086,0.011605879105593549,0.0007850045907998285,-0.01157930039363676,2024-03-05,2024-07-12,738949.0,739078.0,3.240843670565109,0.5091489264438187,0.2524616120708214,0.06571187044235126
2024-08-22,739119.4429101733,0.36145648842562933,10.028171008944076,0.4892452626859678,-0.06422886142017317,0.003551335765530046,0.0034863412670566698,-0.0006763211435040129,2024-03-12,2024-07-12,738956.0,739078.0,2.189991769331482,0.6518876928782329,0.2524616120708214,0.05561516014461022
2024-08-14,739111.8814751096,0.8504805452013675,6.585792423734282,0.2718684509185841,-0.002327897956845789,-0.00042214953162290637,-0.0003960679467989948,0.00014608356706990653,2024-03-19,2024-07-12,738963.0,739078.0,1.5515745984278162,0.7121212947438279,0.2524616120708214,0.05668309467153561
2024-08-21,739118.8747811975,0.023705962298978152,13.99548050205777,4.566768489369464,-3.9587739952990306,0.014725521204305626,0.014631320443005835,0.001662960261862608,2024-03-26,2024-07-12,738970.0,739078.0,2.8791845523651585,0.4553651699857261,0.2524616120708214,0.05758587745511575
2024-07-17,739083.076431899,0.8122535861878761,10.169886849235642,0.24912452226157347,-0.0032639062759810817,-0.00086821086053848,-0.0008681763539494336,-7.740594294749483e-6,2024-04-03,2024-07-12,738978.0,739078.0,4.90444939729137,0.3002534330191659,0.2524616120708214,0.044679664397638555
2024-07-23,739089.3164417101,0.11905189187796376,14.574887904250769,0.6528459639086575,-0.3027380255582158,0.00975816781592678,0.003093005450737419,-0.009255007099159773,2024-04-10,2024-07-12,738985.0,739078.0,5.152376657154984,0.2534135130452181,0.2524616120708214,0.06017788364159148
2024-08-14,739111.716905483,0.9070511277432156,12.062441528754022,0.2834630612818692,-0.002109861972575946,-0.00037793221578847936,-0.0003470665414322702,0.00014959136187972887,2024-04-17,2024-07-12,738992.0,739078.0,2.4326335350186756,0.41979443528306337,0.2524616120708214,0.045210008595467345
2024-07-16,739082.0108520217,0.9078968145467408,3.203879468872907,0.24143635964941995,-0.002521897467978662,0.0013231556396622014,0.0012163521051650132,-0.000520795932233087,2024-04-24,2024-07-12,738999.0,739078.0,1.5450206673522788,0.5401032819942696,0.2524616120708214,0.026663719590476344
2024-07-31,739097.7558721391,0.5629826753669692,7.413194486723505,0.28027514466855,-0.009988731328338227,0.002605361479033976,0.001054740282968591,-0.002382316387870731,2024-05-01,2024-07-12,739006.0,739078.0,1.811867589252923,0.2911601809571183,0.2524616120708214,0.03312009553794725
2024-07-26,739092.6214207226,0.3293607922344837,10.869618449397544,0.305806968292366,-0.032171583955127446,0.0033438222019825077,0.003063937474047045,0.0013391915746454495,2024-05-08,2024-07-12,739013.0,739078.0,2.931917477217868,0.29153242543506425,0.2524616120708214,0.0279358180606456
2024-08-07,739104.6218164244,0.188476231032144,11.80307397350316,0.3795438909879134,-0.08548145814389398,-0.001839449630416108,-0.0008562273597137133,0.0016280201630556178,2024-05-15,2024-07-12,739020.0,739078.0,2.172432425193501,0.7420710367757808,0.2524616120708214,0.01718054034038685
2024-07-25,739091.5249455458,0.4531836967638919,2.193086588800158,0.5126929386731849,-0.06390303958463023,-0.015623461828346313,-0.015614127033365734,0.000539996747871452,2024-05-22,2024-07-12,739027.0,739078.0,0.5453815132065803,0.8452063361722819,0.2524616120708214,0.009969971719507599
2024-09-16,739144.4280991743,0.6437192592226674,12.711923816921976,0.3380541974840419,-0.008012365945545281,-0.0005160619392839109,-0.00015285347778729643,0.0004929054062452547,2024-01-23,2024-07-15,738907.0,739081.0,2.670493238273081,0.7862201456494189,0.24924617521684714,0.10927046295582671
2024-07-17,739083.315668743,0.9680806760762455,8.727160442514819,0.2238613161837841,-0.0011401379557627045,-0.00013259367790073104,-0.00009224139810608166,0.0000952502382919758,2024-01-30,2024-07-15,738914.0,739081.0,5.961554455679714,0.9538348311427506,0.24924617521684714,0.09159311112466395
2024-09-10,739138.858169486,0.5708930768220667,2.523069124589406,0.41369981768866343,-0.017082514115383772,0.0004901821156295351,0.0004705469430055828,0.00013734657225845741,2024-02-06,2024-07-15,738921.0,739081.0,0.5324067334517094,7.885331460966518,0.24924617521684714,0.07951082710262197
2024-08-05,739102.6864495713,0.7158699775900105,13.221784856492187,0.2817121687802493,-0.00525031561448444,0.0005378277153264372,0.0004931820441208828,0.00021454631837904562,2024-02-13,2024-07-15,738928.0,739081.0,4.390237575599885,0.5285502659902084,0.24924617521684714,0.06544365190842118
2024-08-20,739117.0257438459,0.6709009880772338,11.517680956556363,0.31541657427055275,-0.0073557590317833875,0.0005117904347254547,0.00046556631698534964,0.0002125498848862703,2024-02-21,2024-07-15,738936.0,739081.0,2.9593599653672316,0.8371990294137767,0.24924617521684714,0.06442098849223507
2024-07-19,739085.6922827371,0.04534844177618603,7.443119772535718,1.4348730655276096,-1.0680333506462103,-0.007693384036730938,-0.006638359971656878,-0.003888487472440938,2024-02-28,2024-07-15,738943.0,739081.0,4.04516979829103,0.8458137938234492,0.24924617521684714,0.08096701459887926
2024-08-03,739100.8148720409,0.34634183270816005,11.467107390325278,0.4075252360796311,-0.05602348954411599,0.0041807345441419695,0.00020166492514670794,-0.004175867884230483,2024-03-06,2024-07-15,738950.0,739081.0,3.7041520877173197,0.40473301704323106,0.24924617521684714,0.05604349496142857
2024-08-30,739127.6193063096,0.19764037749725932,9.228811239913831,0.780158814352433,-0.24869486887660575,-0.00678638956135936,-0.0060065973048250365,-0.003158460399656121,2024-03-13,2024-07-15,738957.0,739081.0,1.9056647354187588,0.7847981134077388,0.24924617521684714,0.05860330557623251
2024-08-09,739106.6774344549,0.20974145836133712,2.791189441018018,0.5646194751659502,-0.16257998815117025,0.004137317092516292,0.002843401666740044,-0.0030054050784557164,2024-03-20,2024-07-15,738964.0,739081.0,0.7618455537254396,2.952862673499756,0.24924617521684714,0.06625400080321088
2024-08-02,739099.7445816378,0.6624128391815062,9.977906656555543,0.2947592703266755,-0.007656508213285413,-0.0012036391559337052,-0.0004895041405814299,-0.0010996057993892345,2024-03-27,2024-07-15,738971.0,739081.0,3.0600219566655573,0.42230259491338556,0.24924617521684714,0.0496437034441381
2024-07-31,739097.7607020662,0.9803713152973268,4.103984404940768,0.2336663911155929,-0.0008825645213968584,-0.000309170502261861,-0.0003049327027539605,0.000051014177049288624,2024-04-04,2024-07-15,738979.0,739081.0,1.278953752714755,0.6819198107552529,0.24924617521684714,0.0608482770007823
2024-08-12,739109.9209490293,0.07486042691749219,14.223405634660368,1.318881860956196,-0.8323677226015658,0.015239123884698225,0.015237988181045808,0.00018604560593618298,2024-04-11,2024-07-15,738986.0,739081.0,3.2938960926790006,0.28747755000938335,0.24924617521684714,0.05068468374254568
2024-08-14,739111.5567734059,0.33096339402350244,4.088990498217997,0.6454640470746784,-0.11796186989079369,0.010534782663381368,0.007673352057335627,-0.0072181239923448095,2024-04-18,2024-07-15,738993.0,739081.0,0.8823352840239174,0.9063165864675317,0.24924617521684714,0.040636515397653436
2024-08-03,739100.179243715,0.42405293762384344,9.45625403891033,0.35466357648498037,-0.031084374514891513,-0.0033400548959231845,-0.001846651261386775,0.002783135969836735,2024-04-25,2024-07-15,739000.0,739081.0,2.4879800593619064,0.4173394826421053,0.24924617521684714,0.04577165385599648
2024-07-29,739095.6141497277,0.5706830540681896,5.4394054188661425,0.2944060588926441,-0.012100838087765318,-0.0035201109359850953,-0.003514540350574644,-0.00019795738385955714,2024-05-02,2024-07-15,739007.0,739081.0,1.5602671477790828,0.3606638768737688,0.24924617521684714,0.025662650104667072
2024-08-13,739110.4374035074,0.5529486117927479,14.061374374559419,0.2894515353303494,-0.009549159141695776,0.0009001515947572743,0.00040863078039841586,-0.0008020559699017556,2024-05-09,2024-07-15,739014.0,739081.0,2.655599069105873,0.41716366738714844,0.24924617521684714,0.024784138922452324
2024-07-21,739087.2348885402,0.9454387857003272,13.991498733260352,0.22510346084189864,-0.0007854216720912558,-0.00023565376462868519,-0.00022193065542628647,-0.00007924317614615567,2024-05-16,2024-07-15,739021.0,739081.0,5.2620705004730315,0.22521518841253482,0.24924617521684714,0.0179688027115223
2024-08-05,739102.8387449266,0.4769046745307116,14.03341797243972,0.28244849587344906,-0.012856006125603645,-0.0011893580162360081,-0.0006332243480575392,0.001006776745764401,2024-05-23,2024-07-15,739028.0,739081.0,2.7508754053742295,0.36733438697397247,0.24924617521684714,0.016216394587653598
2024-09-07,739135.1240181741,0.3657649255760432,12.199350091970334,0.4624178782242031,-0.05385122653179556,0.0025809054710801893,0.000531974011940942,-0.002525485438736701,2024-01-24,2024-07-16,738908.0,739082.0,2.820867603576092,0.625588654109619,0.2572654643834668,0.0979802243523616
2024-07-26,739092.8565615842,0.47350555154988727,13.107788240778987,0.3220289421679275,-0.02226132346114051,0.0014936818500525337,0.000713552061679124,-0.0013122228943475388,2024-01-31,2024-07-16,738915.0,739082.0,5.833362720194464,0.5383795247555947,0.2572654643834668,0.0810727470794495
2024-08-06,739103.0985750224,0.6898251912315864,14.580373082414882,0.29874026993913705,-0.006752698994354197,0.00035352234086187854,0.00032255996795356684,0.00014468279981482302,2024-02-07,2024-07-16,738922.0,739082.0,4.988777078322683,0.9037138540335109,0.2572654643834668,0.0748560566822423
2024-08-13,739110.9370274495,0.3022354179486391,2.2615164298788217,0.4659124553583735,-0.08085485016671083,-0.0021947250864776755,-0.0021801205936089864,-0.0002527694651979178,2024-02-14,2024-07-16,738929.0,739082.0,0.6617479985846613,4.923472971397915,0.2572654643834668,0.07312735451101031
2024-08-05,739102.7650893382,0.6000078394532425,6.446162706336919,0.3178122323352462,-0.011508648300523835,0.0008172099418233107,0.00014379012321931561,0.0008044603716028738,2024-02-22,2024-07-16,738937.0,739082.0,2.1311808185598284,1.310829898132724,0.2572654643834668,0.06334485220273542
2024-09-07,739135.6175857879,0.1386080131440253,4.201545107378509,1.0351022234353264,-0.4567792738192666,0.0037556465603539166,0.003604185438899216,0.0010558069938795972,2024-02-29,2024-07-16,738944.0,739082.0,0.8516684904358668,4.012370077548615,0.2572654643834668,0.06977429835958116
2024-08-17,739114.6242102218,0.21238287147569218,5.537587504945411,0.6036443067351549,-0.17018158506289113,0.0055680429506562166,0.0022862103356231273,-0.0050770409296796454,2024-03-07,2024-07-16,738951.0,739082.0,1.421167393807906,1.1722193172930344,0.2572654643834668,0.0640325122379094
2024-07-18,739084.0389100785,0.8699916791910387,7.8789622027415005,0.25337790035525126,-0.002701776792388763,0.0005519414268491554,0.0003666302039906014,-0.00041257924353279294,2024-03-14,2024-07-16,738958.0,739082.0,5.1716159172283405,0.5405085357978153,0.2572654643834668,0.05203313992184222
2024-08-11,739108.0126275733,0.9477941283922928,7.4359572780595755,0.2654386535052578,-0.0014845413840693007,0.0003319185373586849,0.0003289671992404834,-0.00004416443440372354,2024-03-21,2024-07-16,738965.0,739082.0,2.017046987584466,0.5700827876798003,0.2572654643834668,0.04967316380431007
2024-07-18,739084.3574301852,0.48108326964799997,14.134392186419738,0.2907012140908138,-0.018775443361945053,-0.0032901440865033943,-0.0017318735959049084,0.00279743846362358,2024-03-28,2024-07-16,738972.0,739082.0,8.692547817606398,0.194230934672674,0.2572654643834668,0.048687575804323494
2024-07-25,739091.6825253404,0.19997499803725632,10.297152397085233,0.4737215760893987,-0.13595167243126816,0.009973361973797678,0.0016904347267129906,-0.009829057914933471,2024-04-05,2024-07-16,738980.0,739082.0,4.0075235226037975,0.26472900891192497,0.2572654643834668,0.051029063391821096
2024-08-12,739109.5331689313,0.6572785928660624,13.950908919222163,0.3186250788525388,-0.008538817763829917,0.001315411431699099,0.00027360740809617045,-0.0012866414500083418,2024-04-12,2024-07-16,738987.0,739082.0,3.314970229675079,0.3058321357248315,0.2572654643834668,0.04466298768632579
2024-08-20,739117.6345326027,0.572665599340798,9.711083646787921,0.33200405086212975,-0.012511252449368637,0.0024003982607553763,0.000583244503002739,-0.002328462509888128,2024-04-19,2024-07-16,738994.0,739082.0,1.9227080420650187,0.30736250303957774,0.2572654643834668,0.034152641054802035
2024-08-01,739098.7409871476,0.49689240482073893,11.13668263656622,0.3202664791760213,-0.0185733161683153,-0.0027615480117357317,-0.0027609229937758098,-0.00005875068988183412,2024-04-26,2024-07-16,739001.0,739082.0,3.127433103146338,0.3000843648908313,0.2572654643834668,0.041010082509964116
2024-07-19,739085.3646051964,0.27441720613163506,6.132627776361799,0.33948057959474887,-0.0565449878957913,0.007521292052096457,0.0013814183797892141,-0.0073933427752884496,2024-05-03,2024-07-16,739008.0,739082.0,3.060092714997265,0.3364080622926554,0.2572654643834668,0.039790652772893974
2024-07-22,739088.4469792172,0.7757938287976955,4.1245562618515965,0.2569323811412123,-0.003926907096766371,-0.0014638649447361444,-0.0010907265121069903,-0.0009763279429650034,2024-05-10,2024-07-16,739015.0,739082.0,1.5970956283062199,0.5045668389581874,0.2572654643834668,0.01405097550646511
2024-07-26,739092.5590256786,0.23493135514744395,9.039520289975288,0.33555277921616655,-0.05696367483509853,0.0008544690666170519,0.0008530552469984306,-0.000049133810903107356,2024-05-17,2024-07-16,739022.0,739082.0,2.7327357160979897,1.7325957850549187,0.2572654643834668,0.018034333576311724
2024-07-17,739083.118243989,0.23622746842279813,9.409387998160007,0.29974410196264184,-0.04582444933665858,-0.0018130933188514132,-0.0013228542810122268,-0.0012399048084717054,2024-05-24,2024-07-16,739029.0,739082.0,5.80961546531882,0.6345211693718823,0.2572654643834668,0.014925091677042989
2024-09-14,739142.272286372,0.7297983867633798,11.318838426235784,0.3315668133495691,-0.00513968099649683,-0.00010648805590745237,-0.00007177042699216953,0.0000786683663254193,2024-01-25,2024-07-17,738909.0,739083.0,2.4681014978684184,3.1119764703337482,0.2840598175209876,0.1139912242918156
2024-08-13,739110.9268620099,0.17756790961349392,4.714726759051112,0.6977070884672435,-0.24437315304126953,-0.005360898700165782,-0.0005133007637679233,0.005336268096652802,2024-02-01,2024-07-17,738916.0,739083.0,1.457999493224191,1.7168163682398982,0.2840598175209876,0.08418724493736578
2024-08-19,739116.363276388,0.46946979196655325,4.225589082945449,0.39346584998161177,-0.027946209714046356,0.0005035740100335906,0.00047867795149141154,0.00015637839472669077,2024-02-08,2024-07-17,738923.0,739083.0,1.1817008658576449,6.165666031682603,0.2840598175209876,0.08010006251979944
2024-09-13,739141.9016426092,0.27268743631121267,5.178280358814277,0.6386502047973028,-0.13018110988838502,-0.0013157811732114188,-0.00013682024534690412,-0.001308648278278327,2024-02-15,2024-07-17,738930.0,739083.0,1.0551193186404502,5.21007374842735,0.2840598175209876,0.07258857013001521
2024-09-07,739135.6245338385,0.16015044269408277,4.075315036979202,0.9569240632511145,-0.37550948865154327,0.0019520572275251531,0.0019456027031460178,-0.00015861128914454768,2024-02-23,2024-07-17,738938.0,739083.0,0.858227409896838,7.559539255128336,0.2840598175209876,0.07209302659758343
2024-09-20,739148.7525881724,0.17092139643422402,10.130896976173617,1.0671115995846936,-0.3977228468840415,-0.006259027260269314,-0.005520804820388079,-0.002948921223087205,2024-03-01,2024-07-17,738945.0,739083.0,1.8236163820188103,1.072067745202966,0.2840598175209876,0.06252770959009232
2024-09-03,739131.941203397,0.019549120662285317,5.926710674603526,6.3620499579890195,-5.660842283548909,-0.009134764511269778,-0.003877870662976016,0.008270794508243072,2024-03-08,2024-07-17,738952.0,739083.0,1.2281413276986646,2.044076755875157,0.2840598175209876,0.06806314507376317
2024-08-19,739116.5826187133,0.8969105861709581,9.974565729743542,0.3031919884032568,-0.0024590581880554146,0.00035643224462648975,0.00026043108575828983,-0.0002433507644948668,2024-03-15,2024-07-17,738959.0,739083.0,2.4541839638989043,0.6203645510157035,0.2840598175209876,0.051813304468436835
2024-08-03,739100.1294979244,0.23301977055696704,5.6040350098047425,0.435919116834833,-0.09860080219479526,-0.009806829826752133,-0.006958116814778573,-0.006910754057465146,2024-03-22,2024-07-17,738966.0,739083.0,1.8355538487486993,0.4180649318380937,0.2840598175209876,0.04888730148562861
2024-08-22,739119.0198706164,0.609922206886708,5.590550707564805,0.3249323492300294,-0.009837501993584293,0.0007053198302545585,0.00011933919351298158,-0.0006951505015764503,2024-04-01,2024-07-17,738976.0,739083.0,1.2269066899328334,1.5216633975339937,0.2840598175209876,0.06567704422102624
2024-08-18,739115.1614525126,0.9650286448852898,8.159588085599474,0.25807229877681487,-0.001083789639361383,-0.0004712551911697253,-0.0003981309160281716,-0.0002521373215273441,2024-04-08,2024-07-17,738983.0,739083.0,1.835308643763545,0.27199493527577856,0.2840598175209876,0.04001835235833584
2024-07-21,739087.9931264877,0.6676650376199872,9.700145747075755,0.2746911343129622,-0.007070903900751013,-0.001674835237859419,-0.0003247303849724807,0.0016430530274617562,2024-04-15,2024-07-17,738990.0,739083.0,4.5957158148784245,0.29059170988486105,0.2840598175209876,0.04421099052124749
2024-07-26,739092.848776831,0.9593950243920468,5.187919786199167,0.25198819265511063,-0.0015680555264258598,-0.000557652929056278,-0.0001835915537564658,0.0005265652197727581,2024-04-22,2024-07-17,738997.0,739083.0,1.8787794563533158,0.519997982927964,0.2840598175209876,0.03540409332348251
2024-08-25,739122.4369779329,0.5297113268416559,8.71094548475373,0.37163794545821266,-0.01857128290063408,0.002988908865331027,0.0014300080392364405,0.0026246243946465102,2024-04-29,2024-07-17,739004.0,739083.0,1.5245813499623193,0.3778358794384295,0.2840598175209876,0.026918174039156226
2024-08-06,739103.4288020522,0.7556570486626568,13.296801449073032,0.288150924562248,-0.004519462779380721,0.0008523491307209506,0.0006366583139807818,0.0005667144182742383,2024-05-06,2024-07-17,739011.0,739083.0,3.194466819364388,0.301333104124078,0.2840598175209876,0.03847078153896914
2024-07-30,739096.1533429711,0.6878331934909966,6.585385282012439,0.26316266855405196,-0.004543096477302932,-0.0007295662552806118,-0.00009586327895694056,0.0007232407293507458,2024-05-13,2024-07-17,739018.0,739083.0,1.8677049144273101,0.6504129247243454,0.2840598175209876,0.02130017555348639
2024-07-31,739097.6636678101,0.1765481781805667,6.570233820080155,0.46856442956176664,-0.13841011581266857,0.008043033173053273,0.0020557806958985936,0.0077758696203837,2024-05-20,2024-07-17,739025.0,739083.0,1.6735863615854787,0.4624133747966758,0.2840598175209876,0.016285612445415303
2024-08-06,739103.93341133,0.5003849235637813,14.23529919651254,0.32233404443044633,-0.017350278836221568,-0.0011243407423570527,-0.0011122365179920062,0.00016453581059764976,2024-05-28,2024-07-17,739033.0,739083.0,2.7649492946421472,0.5424330300659438,0.2840598175209876,0.018308214675951815
2024-09-09,739137.6220010775,0.2111427599211167,9.582851860851612,0.8112580515059498,-0.23982338148197785,0.00431597918148102,0.004209905417614228,0.0009509851048885815,2024-01-26,2024-07-18,738910.0,739084.0,2.204962315431415,1.2243162126926008,0.32070513919899213,0.10087488321196914
2024-08-30,739127.5864090278,0.6159425262610775,2.6995107465209083,0.4036640594560679,-0.013780107179977361,-0.0007721475547852628,-0.00021414935302295558,0.0007418570623514411,2024-02-02,2024-07-18,738917.0,739084.0,0.6767484934026895,4.071996764389122,0.32070513919899213,0.09049543658620327
2024-09-03,739131.5211520679,0.6487859409087041,4.49357849546317,0.3780072303229761,-0.010350338236773149,-0.0002527997947768541,-0.00013658010980186633,-0.00021272895864392715,2024-02-09,2024-07-18,738924.0,739084.0,1.0542100216187056,5.911353389663632,0.32070513919899213,0.08532147713891469
2024-07-25,739091.2484533852,0.574345565036947,4.696257663905728,0.2957295504040929,-0.011914001277090164,0.001039837196767088,0.0009111638081789236,-0.0005010408271242148,2024-02-16,2024-07-18,738931.0,739084.0,2.3140045497040522,1.4012436211205757,0.32070513919899213,0.07005089442017776
2024-08-11,739108.237767282,0.49287702890372,6.947117188102729,0.3755498670231453,-0.024275034498745008,-0.0014332520551058128,-0.0009591989139393111,-0.0010649642702751498,2024-02-26,2024-07-18,738941.0,739084.0,2.1356028048886224,1.2016313091238715,0.32070513919899213,0.0673754916234514
2024-07-19,739085.4849620998,0.21659961176105785,8.676157695519342,0.44120022249294644,-0.11922010829387775,-0.006919381954686056,-0.006550494362913834,0.002229096282413371,2024-03-04,2024-07-18,738948.0,739084.0,6.252677137606479,0.4301425884170317,0.32070513919899213,0.06686116853403858
2024-07-26,739092.040405385,0.8724337948778398,3.7378684124751635,0.2550178296776449,-0.002181234528996208,0.00025898118706310305,0.000048895297529322176,0.00025432362283542027,2024-03-11,2024-07-18,738955.0,739084.0,1.6870158892753313,1.9658148820914918,0.32070513919899213,0.0755848594229895
2024-09-04,739132.7216417745,0.8135562734459016,3.5087384624576874,0.36375237274240063,-0.004436109819932867,0.0003129094766742007,0.0002455548377761641,-0.00019394628699009395,2024-03-18,2024-07-18,738962.0,739084.0,0.7002254161387794,3.2871549281824204,0.32070513919899213,0.07473482204422098
2024-08-30,739127.8445024287,0.815830795469465,12.844751269190919,0.3387321086062361,-0.004007060026556672,0.0004986521221848512,0.000024126221524746273,0.0004980681322815122,2024-03-25,2024-07-18,738969.0,739084.0,2.63158645316017,0.51039048869784,0.32070513919899213,0.057144238610404005
2024-09-09,739137.3583350414,0.8442862496247212,12.054727116083413,0.3267959726676702,-0.002963760196126304,0.0005797445499738707,0.0002709712847118348,-0.0005125215176809881,2024-04-02,2024-07-18,738977.0,739084.0,2.111156760503849,0.35804591158404064,0.32070513919899213,0.043322847869675635
2024-07-23,739089.037581963,0.7130147639821233,8.468579982535847,0.2672553572399061,-0.00520236327059453,-0.0015696522012134595,-0.0014312461279804933,0.0006444707548951339,2024-04-09,2024-07-18,738984.0,739084.0,4.093846661087156,0.2790520198623612,0.32070513919899213,0.04818238199441649
2024-08-24,739121.6954486255,0.6902714566653821,8.902275156853943,0.3216459936792451,-0.006547993701931185,-0.0013993659131707073,-0.0000548573008476059,0.001398290254377751,2024-04-16,2024-07-18,738991.0,739084.0,1.761601657473992,0.3628238804953507,0.32070513919899213,0.038478230516918344
2024-07-22,739088.7169837034,0.25623610809803804,12.571326840265941,0.4171841191497041,-0.09003184705902868,-0.0066044593268341865,-0.002946120916967574,0.005910943625379388,2024-04-23,2024-07-18,738998.0,739084.0,5.915482252749108,0.27785492668725414,0.32070513919899213,0.05483347395036469
2024-08-03,739100.4469072794,0.846149105052066,13.619201790728875,0.2810766762545073,-0.0029578431936529504,0.0005958177271396128,0.000043910035437640186,0.0005941975031600849,2024-04-30,2024-07-18,739005.0,739084.0,3.8115141526122476,0.30843025359618426,0.32070513919899213,0.044658550833156854
2024-07-19,739085.9440515683,0.7198323136460903,4.876013993147868,0.26910602140934614,-0.005860341589422097,0.0020045184158463056,0.0019868176775558375,0.00026579991651354956,2024-05-07,2024-07-18,739012.0,739084.0,2.823654618039415,0.4315978530811281,0.32070513919899213,0.03259048780061172
2024-07-29,739095.2634320053,0.34311447507489473,4.599896626950143,0.3768222018707644,-0.05055462043050542,0.0074359341269151676,0.007413023772731331,-0.0005832622778320029,2024-05-14,2024-07-18,739019.0,739084.0,1.400230918870939,0.5071264803044138,0.32070513919899213,0.015394769592389423
2024-08-02,739099.3934659591,0.9031874325211979,10.572727748894337,0.2627637900235718,-0.0017643975796670134,0.00006391898396698923,0.00003097946629422428,0.00005590983079474706,2024-05-21,2024-07-18,739026.0,739084.0,2.6281982412666802,2.3580739857904423,0.32070513919899213,0.029660942103979113
2024-07-27,739093.0444850683,0.4622052901904833,11.583307323249297,0.31752116906161276,-0.022107889525623012,-0.002670054606369832,-0.000626439337610081,0.0025955279534791006,2024-05-29,2024-07-18,739034.0,739084.0,3.4587328409059905,0.3303919637245057,0.32070513919899213,0.020454207198814203
2024-09-13,739141.7750019304,0.1728193874523463,13.509137693265663,0.9279853559027793,-0.33638440195496616,0.007397650539614668,0.006723232668407809,-0.0030859967583772973,2024-01-29,2024-07-19,738913.0,739085.0,2.9963963440523362,0.5817104571646537,0.29642473549193754,0.0863631694238773
2024-08-12,739109.2826482549,0.0013781939019310576,13.271597841236485,74.19562456998462,-73.58958552171201,-0.013193468280276588,-0.0037203867855049666,0.012658053856296569,2024-02-05,2024-07-19,738920.0,739085.0,4.3374420622705525,0.5792212551938797,0.29642473549193754,0.08311050985254799
2024-09-08,739136.3250720582,0.02551357200145344,4.591931044620393,5.9547843391652595,-5.139978872220424,-0.00756107863721959,-0.006446073359871523,-0.003951967661478661,2024-02-12,2024-07-19,738927.0,739085.0,1.027332266996799,3.777056548948899,0.29642473549193754,0.0825632121324888
2024-09-09,739137.0912941498,0.3377753703173592,9.654127455309954,0.5969536864306291,-0.08838019365179578,0.0033355756269047845,0.0032838513303517867,0.0005851369095759122,2024-02-20,2024-07-19,738935.0,739085.0,2.08306926314226,0.9270413536720727,0.29642473549193754,0.06507625922244917
2024-08-28,739125.3089078573,0.8900451370835596,3.998905709780957,0.31979261533961734,-0.002526041948821673,-0.00014818130675961356,-0.000056425275358929623,0.00013701783815859767,2024-02-27,2024-07-19,738942.0,739085.0,0.9639606922615288,3.7941806576652186,0.29642473549193754,0.08078767555252205
2024-08-08,739105.5591031464,0.3718453309308894,12.663205280613058,0.4271489090871242,-0.05219571830508939,-0.003259531700843365,-0.000123866877487992,-0.0032571772910703223,2024-03-05,2024-07-19,738949.0,739085.0,4.0915473355841385,0.4702170309299682,0.29642473549193754,0.06330110160503417
2024-07-25,739091.1072062707,0.8082506691532976,9.150772106884915,0.277430626597235,-0.003934762719119548,0.0007325181772554266,0.0005871660900611584,-0.0004379713035027571,2024-03-12,2024-07-19,738956.0,739085.0,4.509857943008316,0.47444784129699025,0.29642473549193754,0.05686093871636172
2024-09-12,739140.3750363948,0.41199276036783206,9.552695459042805,0.49968177269854436,-0.04709664512729131,0.003116418792482373,0.0030972817546099014,0.0003448359359143164,2024-03-19,2024-07-19,738963.0,739085.0,1.7699065103060205,0.651775166436857,0.29642473549193754,0.059252467163873154
2024-07-31,739097.268585446,0.7371636100615199,8.592724450135515,0.29269424533237964,-0.0055071867253396805,-0.0009186999016441466,-0.0006707961581208485,-0.0006277276666925508,2024-03-26,2024-07-19,738970.0,739085.0,3.1991093901390464,0.5142675660610687,0.29642473549193754,0.057303149448010876
2024-07-22,739088.8503430019,0.04601422557710811,8.81523138064922,1.3112716394116435,-0.9523932734538109,-0.016492413218778458,-0.005861338537878411,-0.015415719390392388,2024-04-03,2024-07-19,738978.0,739085.0,4.714064868342305,0.3014328036773425,0.29642473549193754,0.0570471836986876
2024-08-08,739105.1369560582,0.6081592275960096,14.536792810063345,0.33883007687664474,-0.012420015154369307,0.001706682050288657,0.0014497384387899778,0.0009005676431408649,2024-04-10,2024-07-19,738985.0,739085.0,4.132268981583356,0.3044515608728073,0.29642473549193754,0.05301102297145582
2024-08-28,739125.3630123532,0.063983990243778,3.657438317555327,4.79652908668309,-3.497516440990283,-0.06040714956132025,-0.0015172739231899181,-0.06038809152445318,2024-04-17,2024-07-19,738992.0,739085.0,0.6957024837918749,1.0128980420309328,0.29642473549193754,0.045424535203371745
2024-08-12,739109.7109698338,0.6753250520994775,11.309428309375058,0.3360543151550016,-0.008806675063848591,0.001051681395888731,0.0006738833142269585,-0.0008074125570394357,2024-04-24,2024-07-19,738999.0,739085.0,2.6993433359994485,0.5000345235989203,0.29642473549193754,0.05050131432985345
2024-08-07,739104.3003128625,0.16482546274413037,10.313044531839633,0.6583541094999481,-0.24060842733716886,0.007647569284694911,0.007500883045452555,-0.0014906607604184934,2024-05-01,2024-07-19,739006.0,739085.0,2.671999194161711,0.5028342191647479,0.29642473549193754,0.04828662457659641
2024-08-07,739104.0224198222,0.08358231544644058,2.231517886593099,3.4289442432725763,-2.343283763799318,-0.0935858001216278,-0.07043102051784594,-0.06162607673071549,2024-05-08,2024-07-19,739013.0,739085.0,0.555994030275205,0.9378404307336465,0.29642473549193754,0.02382615050871083
2024-08-18,739115.0576487537,0.12976327679814184,8.301372373073855,0.7953263964721566,-0.34843131471219885,-0.012819256912815774,-0.0031845495114701623,-0.01241740682291476,2024-05-15,2024-07-19,739020.0,739085.0,1.5211903737920394,0.4248701663277817,0.29642473549193754,0.01986466884974835
2024-08-16,739113.1123805173,0.15403288861478018,8.99159044241009,0.7263903285907173,-0.280509981789952,0.009748845319299202,0.008852608074169986,0.004083052209409319,2024-05-22,2024-07-19,739027.0,739085.0,1.601985875481684,0.49291505533426005,0.29642473549193754,0.021859102871625274
2024-08-06,739103.4324287352,0.40397904952688857,3.15397167361799,0.49034552426516,-0.05915350266821463,0.01037646039742249,0.00014607858496215478,0.010375432107931324,2024-05-30,2024-07-19,739035.0,739085.0,0.6584519935090708,0.7301839579416517,0.29642473549193754,0.010526826202706471
2024-09-28,739156.1476414579,0.520589203982332,7.495295729265093,0.47246105953125456,-0.024068543134561287,-0.00041106723831963745,-0.0002906057755258106,-0.0002907310744498699,2024-01-30,2024-07-22,738914.0,739088.0,1.5124603559745673,4.066711114565067,0.3311452041956753,0.10961164629532001
2024-09-26,739154.6799145496,0.5560327439898688,5.116440391337806,0.500624703057396,-0.02239830326817273,-0.0007896234480826963,-0.00023004229824640817,0.0007553712536094533,2024-02-06,2024-07-22,738921.0,739088.0,1.0211802081907995,3.0826735266266274,0.3311452041956753,0.09139115635421158
2024-09-01,739129.0735514667,0.2937772929334606,12.948818837520534,0.6084457201574855,-0.11372815314496483,-0.0027458595960929227,-0.0017553177685116148,0.002111540777016393,2024-02-13,2024-07-22,738928.0,739088.0,3.2732906085383666,0.9396751234251557,0.3311452041956753,0.08047052750504623
2024-07-26,739092.6626942994,0.33433925488938715,5.316731470366069,0.39645852487858935,-0.05810631864836622,-0.0026818086389957885,-0.001777928224541887,0.002007752177080074,2024-02-21,2024-07-22,738936.0,739088.0,2.973915348693354,1.3625053618706608,0.3311452041956753,0.07179833423094391
2024-08-31,739128.7960374629,0.23778969585127713,10.29931000116364,0.7405272529973971,-0.19280755530630253,-0.0064064968287323755,-0.0029806330140539627,0.005670893091223778,2024-02-28,2024-07-22,738943.0,739088.0,2.4851119221600886,0.6948456350626566,0.3311452041956753,0.06402836306494201
2024-08-01,739098.5567666914,0.11745219343401694,9.211078561566813,0.893332558864534,-0.4462955957921479,0.0077017834235646706,0.0074762899167083565,0.001850015401238727,2024-03-06,2024-07-22,738950.0,739088.0,3.876367433803916,0.7388936671822827,0.3311452041956753,0.07134377072160679
2024-08-25,739122.1352681613,0.8962194303559423,10.318211829894002,0.32710455823103207,-0.002700947570286799,0.0003601861645513284,0.00008996986736087207,0.00034876854230458314,2024-03-13,2024-07-22,738957.0,739088.0,2.588810847450611,0.6513269418990323,0.3311452041956753,0.06449040823834273
2024-09-06,739134.4456417923,0.8925997129013947,7.478447587192872,0.32367661930092606,-0.002307984729220384,-0.00016852304155336,-0.00008738925316988496,0.00014409418435455763,2024-03-20,2024-07-22,738964.0,739088.0,1.5474607165063015,1.6346279885564345,0.3311452041956753,0.08205227118473112
2024-07-24,739090.8158367747,0.6444466654646058,2.414183123787578,0.30477742889492093,-0.010245624589649484,-0.0011471428101391872,-0.000360219672281974,-0.0010891181820881968,2024-03-27,2024-07-22,738971.0,739088.0,1.4411269924691281,2.3841727646579387,0.3311452041956753,0.0753490967543669
2024-08-23,739120.9122280842,0.2404424166709201,3.6184110560486804,0.8352943653289838,-0.22949275022578675,-0.008703434399604458,-0.00011366390049372031,-0.008702692161965899,2024-04-04,2024-07-22,738979.0,739088.0,0.8415822825652981,1.7521508470489218,0.3311452041956753,0.07203243293895441
2024-08-09,739106.9603529532,0.6628056171655982,11.24414376337737,0.3314913195285503,-0.009068041533962382,-0.0012248759725040105,-0.0002370227459934404,-0.0012017243302435774,2024-04-11,2024-07-22,738986.0,739088.0,3.3162583614225474,0.4363964165988044,0.3311452041956753,0.0601140061380708
2024-08-07,739104.8912070083,0.6516669687202837,4.219976876338359,0.37271169907815427,-0.01359934202956165,0.0024902702878815664,0.002019417847971037,-0.001457188272668211,2024-04-18,2024-07-22,738993.0,739088.0,1.2698739099209715,0.8433096049419677,0.3311452041956753,0.04364145782225698
2024-08-20,739117.1729071334,0.09368990965904535,6.259798286407897,1.5448477675016352,-0.915385795209887,-0.02514680387758952,-0.018886527986348576,0.016603036044013857,2024-04-25,2024-07-22,739000.0,739088.0,1.3852349126174321,0.5448210206162195,0.3311452041956753,0.028851435364367187
2024-07-31,739097.6058933458,0.09914627622133712,12.411899465149885,0.8619490215854111,-0.4558995458566791,-0.01295133907154086,-0.004190277134245069,0.012254744439776933,2024-05-02,2024-07-22,739007.0,739088.0,4.433113018283369,0.28118532051279854,0.3311452041956753,0.046154699110829665
2024-07-25,739091.4388700295,0.9265322666816262,8.154510420401987,0.2680092245367939,-0.0020582291562587646,-0.00028577793895629187,-0.00017397419551454054,0.00022672011311124227,2024-05-09,2024-07-22,739014.0,739088.0,4.041893556236634,0.8183285110561621,0.3311452041956753,0.04304143976227682
2024-07-25,739091.5130716034,0.6574758995614182,5.264804943789288,0.30386460297371193,-0.00956753100677771,-0.002232419495547639,-0.0014946602971696978,0.0016582181401027327,2024-05-16,2024-07-22,739021.0,739088.0,2.51317880852774,0.5352068018913457,0.3311452041956753,0.02587416146494839
2024-08-11,739108.6335406365,0.8299884055383406,13.183682088454592,0.30973559722923244,-0.0037144104721929267,0.00009975655284712128,0.00009031723620446297,-0.00004235760475201289,2024-05-23,2024-07-22,739028.0,739088.0,2.859905464831645,2.3441411858600927,0.3311452041956753,0.03521735149005623
2024-08-08,739105.2737086413,0.08167999782359449,9.52673514788573,1.302423255419832,-0.8016613991208379,-0.010712601295264369,-0.0013760403604372046,0.010623857088541216,2024-05-31,2024-07-22,739036.0,739088.0,2.105857093194218,0.6416048774016975,0.3311452041956753,0.02290726324018523
2024-10-06,739164.0845095759,0.1254073754412575,4.583295086826695,1.7798845409681892,-0.8694913283594669,0.006961436121560001,0.006552050611464184,-0.0023520683789745906,2024-01-31,2024-07-23,738915.0,739089.0,0.8747452429463388,3.4175247794220405,0.3370623812237638,0.1036311893247003
2024-07-28,739094.0633436939,0.8475871631296654,4.960840318981923,0.2828133150758095,-0.0031839765153756317,0.0002795222526557147,0.0002702353850941031,-0.00007145296615793484,2024-02-07,2024-07-23,738922.0,739089.0,2.7837962128912013,1.9461781426180305,0.3370623812237638,0.09291545045166424
2024-08-27,739124.3333036837,0.08646948790398203,14.45097399257736,1.574407431021103,-0.9495709009603991,-0.009274272001749264,-0.007760243257752263,0.005078458992936817,2024-02-14,2024-07-23,738929.0,739089.0,3.932631330360476,0.6126512669753684,0.3370623812237638,0.07590665459544278
2024-07-24,739090.0300658364,0.300218699291454,5.3616412832530305,0.40397339658447323,-0.07064003307647165,-0.0030395366996607766,-0.002002850732332095,0.0022863447449108618,2024-02-22,2024-07-23,738937.0,739089.0,4.267521875275688,1.3013181497594941,0.3370623812237638,0.07137077297884092
2024-07-25,739091.5333465262,0.6068014810695505,14.485244016797646,0.29957830389559204,-0.0105466264740228,-0.0011527352268016497,-9.860573532946559e-6,-0.0011526930520303603,2024-02-29,2024-07-23,738944.0,739089.0,9.370321044955205,0.3832699908938186,0.3370623812237638,0.07071805698183371
2024-08-18,739115.2833256614,0.7385965630032537,14.211590644816637,0.33250461668683895,-0.005955479511123295,0.0006075506961996824,0.000459602582660219,0.0003973453340166151,2024-03-07,2024-07-23,738951.0,739089.0,4.145187698726762,0.5094467604470111,0.3370623812237638,0.07585921227456915
2024-09-05,739133.4820853929,0.15871977374867277,4.463553118866083,1.2523645136787247,-0.5216262575429039,-0.0096771995953495,-0.009658818480202072,0.0005961690823411193,2024-03-14,2024-07-23,738958.0,739089.0,0.9749840386040254,1.9167261780679887,0.3370623812237638,0.0776555930789741
2024-09-18,739146.4963195147,0.34461965326615834,8.10049470277621,0.6143028845269962,-0.08546746535075597,0.0019329499941416846,0.0018235859923279663,0.0006409600677402341,2024-03-21,2024-07-23,738965.0,739089.0,1.4819928365595452,1.8810862308340714,0.3370623812237638,0.08140345088101572
2024-09-07,739135.1469111434,0.12936000028028863,7.5006109093409385,1.1798886055295599,-0.5515194037809925,-0.008666431480205409,-0.008454667609183142,0.0019041087729761471,2024-03-28,2024-07-23,738972.0,739089.0,1.5075043904696486,1.0975488511608518,0.3370623812237638,0.07237171890463504
2024-08-22,739119.6909127284,0.20466417603329662,9.72953026974786,0.7324671905432304,-0.22411225739529325,0.009142208622518818,0.0018411967761733773,-0.00895488542244211,2024-04-05,2024-07-23,738980.0,739089.0,2.3467027912516745,0.5156611827204896,0.3370623812237638,0.06151888722089105
2024-08-25,739122.9563657333,0.29984348946859557,13.528333516893651,0.6074194195825051,-0.11316142596042279,-0.0049214848744971035,-0.0010546025347005592,-0.004807164118657373,2024-04-12,2024-07-23,738987.0,739089.0,2.986906052524655,0.5096271757966762,0.3370623812237638,0.06239106753478005
2024-08-18,739115.4551776208,0.186901801048913,9.771858961695301,0.8150903389836807,-0.28339825423986986,0.007958221487613935,0.0032719545490082365,-0.007254488450273008,2024-04-19,2024-07-23,738994.0,739089.0,2.370330490108913,0.6811102953817678,0.3370623812237638,0.057535342974806905
2024-08-09,739106.6419655873,0.8743816552080454,6.922619731581674,0.3142122503526015,-0.003357558554236814,-0.0006568883056081034,-0.00019068780280894217,-0.0006286019471053066,2024-04-26,2024-07-23,739001.0,739089.0,1.9719191234600917,0.6455986691859228,0.3370623812237638,0.048660244597013555
2024-08-13,739110.3082020981,0.008633405555902975,5.56311043629591,13.036231630775344,-12.404555681292571,0.035340287127312124,0.011398292914725947,-0.03345167877507752,2024-05-03,2024-07-23,739008.0,739089.0,1.3890966361713297,0.5447228585626823,0.3370623812237638,0.029297396991107765
2024-08-01,739098.8715604179,0.776220680424095,13.845282030497843,0.2923743972232425,-0.004176043519550916,0.00007379290491316494,0.00006009549466135013,0.00004282434280792922,2024-05-10,2024-07-23,739015.0,739089.0,4.714768166788796,3.172735085988823,0.3370623812237638,0.04387524779145219
2024-08-10,739107.8988612283,0.21259621776384835,11.602342083370994,0.5850689797101539,-0.16186316758572963,-0.0010868847925794354,-0.0006212157308758228,-0.0008918573697923113,2024-05-17,2024-07-23,739022.0,739089.0,2.7958343587285395,2.7288168657808924,0.3370623812237638,0.035495684168957924
2024-08-12,739109.4406244277,0.2830375941500434,9.814008712387194,0.571841902275428,-0.11936513657696118,-0.004804418779573714,-0.0038727218720178503,-0.00284331938260814,2024-05-24,2024-07-23,739029.0,739089.0,2.139860968548705,0.7165299173576937,0.3370623812237638,0.029265876953126737
2024-07-26,739092.9924965696,0.7816916774081439,2.529218239715693,0.33946541861988805,-0.008480411616599064,-0.0036966249493495568,-0.0007343175188759653,-0.0036229564995491565,2024-06-03,2024-07-23,739039.0,739089.0,1.0483802953548174,0.7090236553486076,0.3370623812237638,0.009365908872857341
2024-07-29,739095.778812491,0.26441344796799854,14.104473865770533,0.4888175964680552,-0.10774168103068041,-0.003273490316332625,-0.002626564828362281,-0.001953687808615719,2024-02-01,2024-07-24,738916.0,739090.0,7.7165540244395014,0.6170201340151965,0.3444099528541584,0.08985220309933276
2024-09-18,739146.3750806387,0.03414091556464905,3.5254915005079646,6.959638196200317,-5.773424805287391,0.030892589655623835,0.028391027678937756,-0.012177916199602748,2024-02-08,2024-07-24,738923.0,739090.0,0.7725357398361755,1.809817109466955,0.3444099528541584,0.08756494431796907
2024-09-17,739145.8880489619,0.4360517732520014,12.630426252756125,0.5309542644019201,-0.045035395237828485,-0.0020207881791076375,-0.0015943166356100756,0.0012416679629587493,2024-02-15,2024-07-24,738930.0,739090.0,2.7165961448827076,0.7694018661033636,0.3444099528541584,0.08268947361498637
2024-09-27,739155.9456437682,0.45444350536984757,6.434902057563338,0.5715532145152684,-0.044261908224223004,-0.000917964870791818,-0.0004128157853355983,0.0008199040379127256,2024-02-23,2024-07-24,738938.0,739090.0,1.2242799179233375,3.4051953500989147,0.3444099528541584,0.09426835509770211
2024-09-01,739129.6017807695,0.7169227271461646,4.391885452575689,0.39897425613193066,-0.008391431884856682,-0.0006352322014705064,-0.0006245316188262349,-0.00011610429307888841,2024-03-01,2024-07-24,738945.0,739090.0,1.0759745274766521,2.1563780969313697,0.3444099528541584,0.08996065226480598
2024-08-02,739099.7107655314,0.5003568690611727,10.726569827388055,0.36863168785932243,-0.024007916526593245,0.0022652754646399057,0.0006778504014764068,0.002161479068581932,2024-03-08,2024-07-24,738952.0,739090.0,4.646997729484285,0.4943703925589048,0.3444099528541584,0.07002985822946013
2024-07-31,739097.5993393424,0.154056625304041,13.265772581824923,0.7265161999126851,-0.2944038753445685,0.00864431850111742,0.008634506662067958,-0.00041174877226890294,2024-03-15,2024-07-24,738959.0,739090.0,6.130253014579218,0.3955128469267157,0.3444099528541584,0.06627261165064834
2024-09-11,739139.9129736081,0.3146351960295806,4.446901469545419,0.8040710648002627,-0.1456095868106175,-0.00579489457203946,-0.005363769882730732,-0.002193348067718195,2024-03-22,2024-07-24,738966.0,739090.0,0.8834614110903776,1.7778463562876443,0.3444099528541584,0.07997240714932947
2024-08-03,739100.7308819934,0.6138239564531688,5.008229805178177,0.3171004287905495,-0.010169525476269543,0.001309020009629468,0.0008215027634462077,0.0010191499375757113,2024-04-01,2024-07-24,738976.0,739090.0,1.955274431990961,0.9521688929336932,0.3444099528541584,0.08016610810372632
2024-09-12,739140.109194149,0.6253274512386123,12.768849064381193,0.4343005777137119,-0.013806180148569814,-0.0013048271361441454,-0.000941318854740384,0.0009035998389377808,2024-04-08,2024-07-24,738983.0,739090.0,2.322298316598957,0.5181748098647365,0.3444099528541584,0.06894622504557281
2024-07-27,739093.7199492827,0.20606091775053598,5.145312480146661,0.5118319512953204,-0.1469884504879257,-0.010812749134863636,-0.00019143129084954892,0.010811054431200381,2024-04-15,2024-07-24,738990.0,739090.0,2.725292828586894,0.5444160990081317,0.3444099528541584,0.04642184290587072
2024-08-29,739126.2833581861,0.2567229728344989,9.775602971066096,0.7070673052361661,-0.1672102844647348,0.007601465877005197,0.0072651362782735745,-0.002236085494203561,2024-04-22,2024-07-24,738997.0,739090.0,1.976918355840566,0.5776793109075915,0.3444099528541584,0.05346502640636586
2024-08-12,739109.9202426537,0.08266686056375462,5.899514788877909,1.4822122291868904,-0.922512832795049,0.024771653120259484,0.024585679714735274,0.003029711417761747,2024-04-29,2024-07-24,739004.0,739090.0,1.5689166334032105,0.5218342461216466,0.3444099528541584,0.03226545235793479
2024-08-06,739103.2045752823,0.8336068396811054,6.683313607763411,0.3300618490685242,-0.004856420383830323,-0.0011021682173569822,-0.0011010548377628404,-0.00004952800814602768,2024-05-06,2024-07-24,739011.0,739090.0,2.0672096941188665,0.5495887305712995,0.3444099528541584,0.04830329553940925
2024-08-28,739125.9169517527,0.7167117891152203,6.003512879360985,0.4587960832761042,-0.012002280023591074,-0.0022034799199100097,-0.0016320245527498888,0.0014804795225426622,2024-05-13,2024-07-24,739018.0,739090.0,1.051183422185618,0.6502700612810042,0.3444099528541584,0.015171369765319744
2024-08-08,739105.4029446824,0.7008493970306017,9.950131346717562,0.3399754160617633,-0.008300928450254645,-0.0006841160129205203,-0.0003401073722767412,-0.0005935837720636235,2024-05-20,2024-07-24,739025.0,739090.0,2.6169072862024394,0.8546588711758508,0.3444099528541584,0.04368708218035604
2024-07-28,739094.7633910464,0.6614773012778817,6.0024641554846525,0.34676164452427494,-0.013497928704322261,0.0028504916843107328,0.00043496538180769906,-0.002817109859226919,2024-05-28,2024-07-24,739033.0,739090.0,2.4478698669079004,0.5218344205770855,0.3444099528541584,0.02241435153278486
2024-07-29,739095.8630791222,0.4895383420018814,6.02198186448901,0.395943573640807,-0.033797605296200114,0.004798170097192625,0.0005644727375749098,-0.004764851184468219,2024-06-04,2024-07-24,739040.0,739090.0,2.1605163776125322,0.5726081950618328,0.3444099528541584,0.018243329945134185
2024-09-12,739140.991097704,0.6438557253301384,13.9323918391458,0.4052570578486259,-0.01095173499527712,-0.0003447540939420013,-0.00010568973324987359,0.0003281540272118275,2024-02-02,2024-07-25,738917.0,739091.0,3.325584394070713,1.4680348854654783,0.36182693884816036,0.11816447439460206
2024-08-02,739099.9109442824,0.7292302760455375,14.74575687761259,0.3102975134127903,-0.00605579827530614,0.000353161456708535,0.0003002353293480983,0.00018596172056564042,2024-02-09,2024-07-25,738924.0,739091.0,6.999974101523127,0.8479997468415092,0.36182693884816036,0.10398124990479288
2024-10-10,739168.7726318459,0.15767147199393608,11.407033604212904,1.45266519147619,-0.5876511437918693,0.00867830262665474,0.005470951788001696,-0.0067365883808619045,2024-02-16,2024-07-25,738931.0,739091.0,2.028851286725509,0.935977042081604,0.36182693884816036,0.08119138789606171
2024-07-25,739091.5258611491,0.3767646378903081,14.291429822491803,0.3726292015791778,-0.0436386467374904,-0.0033393709495430812,-0.002479522369375678,-0.00223682077029383,2024-02-26,2024-07-25,738941.0,739091.0,12.866804564118093,0.34450938943284254,0.36182693884816036,0.06532988699802879
2024-07-26,739092.2714733827,0.792047826493135,6.262341007726919,0.29576504436070256,-0.004632382085867424,0.0005553826336647427,0.0003645763675288664,-0.0004189677099918831,2024-03-04,2024-07-25,738948.0,739091.0,4.7158236921742915,1.0549375995505184,0.36182693884816036,0.08647813991730788
2024-07-31,739097.8030324737,0.13553860812496413,14.240100787457708,0.793592516268155,-0.35607706670195843,-0.008787791743787892,-0.0009350645076541391,-0.008737902385510626,2024-03-11,2024-07-25,738955.0,739091.0,6.899089817421232,0.3856685328222565,0.36182693884816036,0.06836921724934564
2024-08-15,739112.2521610967,0.03248639080955718,12.871201927646384,3.656607219635428,-3.0262974002622864,0.012493462364415262,0.0122335015610428,0.0025353582403723498,2024-03-18,2024-07-25,738962.0,739091.0,4.006601909777193,0.6113798946021604,0.36182693884816036,0.07433949598528528
2024-08-27,739124.0206559,0.08263880734004748,2.87126075395124,2.7214188028084187,-1.7643787789733671,-0.03435600472267869,-0.005215676205426531,0.03395779413072745,2024-03-25,2024-07-25,738969.0,739091.0,0.7066781250346805,1.4780889757057192,0.36182693884816036,0.07375447736758382
2024-08-27,739124.4475242639,0.2839254746204459,13.794445607695668,0.660642170577731,-0.13520993311946922,0.006082288291498533,0.005318344095105726,-0.0029511772137494887,2024-04-02,2024-07-25,738977.0,739091.0,3.2569444015435183,0.45755331493155554,0.36182693884816036,0.07137288334417863
2024-08-19,739116.292494619,0.06166614073871736,5.238789848787253,2.1639152267399253,-1.521326882567322,-0.017626954128970945,-0.004458669854351789,-0.017053731996098106,2024-04-09,2024-07-25,738984.0,739091.0,1.3794942249694557,1.015923619871405,0.36182693884816036,0.06511582665156888
2024-08-08,739105.4260980526,0.09794222192712179,8.29603982123719,1.1600161693746012,-0.6513005775223927,-0.014304776976683028,-0.012253497239471865,-0.007380951819033656,2024-04-16,2024-07-25,738991.0,739091.0,2.734311842496849,0.5375260253808187,0.36182693884816036,0.055624098422331035
2024-07-25,739091.3022362394,0.8214360604830493,8.514002880067016,0.29609343952079636,-0.004390164953723513,-0.0006700525780887095,-0.0006061431415417223,-0.0002855887766794376,2024-04-23,2024-07-25,738998.0,739091.0,7.767650631604217,0.6321380427077864,0.36182693884816036,0.06324502010811427
2024-09-03,739131.1958733607,0.4745955321937311,4.671287869531718,0.8630182483009761,-0.08473072074557347,-0.00995257748671008,-0.009897467194801467,0.0010459167064336846,2024-04-30,2024-07-25,739005.0,739091.0,0.8505693076450971,0.8649526767182634,0.36182693884816036,0.028835548432683607
2024-08-28,739125.358440405,0.1741438975708214,12.622612317270521,0.9798406031483309,-0.36724856424487357,0.006307659849668216,0.004993362060075354,0.0038539470826824385,2024-05-07,2024-07-25,739012.0,739091.0,2.398099307949203,0.8032502286468675,0.36182693884816036,0.057362925621732175
2024-08-13,739110.3416517203,0.5954190089095707,11.278663246821898,0.37458112765415646,-0.01463205070544669,-0.00014501094784456772,-0.00004727973241061495,-0.00013708684071770202,2024-05-14,2024-07-25,739019.0,739091.0,2.786546460321258,5.326837786676946,0.36182693884816036,0.05149377773199139
2024-08-21,739118.110019158,0.8717652148048196,2.150162486457321,0.7372386831464461,-0.014964491546698745,-0.006004851555301101,-0.003150475503324428,-0.0051120197871442905,2024-05-21,2024-07-25,739026.0,739091.0,0.418549089984207,1.0103874536186384,0.36182693884816036,0.013038397136133702
2024-08-22,739119.3909281023,0.16976795131443792,5.533926175287982,1.1375419366706745,-0.46366694639810807,0.01920469523264054,0.017557651933888748,-0.007781335203358026,2024-05-29,2024-07-25,739034.0,739091.0,0.9698575367379315,0.7406637068101547,0.36182693884816036,0.011146980126290444
2024-08-10,739107.7145743574,0.6986073982502133,10.241800167455745,0.41224737840178066,-0.013981349552163482,-0.0015751293834292237,-0.0004091553554126125,-0.0015210603109933889,2024-06-05,2024-07-25,739041.0,739091.0,2.2561979266099614,0.6054659762107789,0.36182693884816036,0.026504413508287653
2024-10-10,739168.5729602028,0.8778377802246302,11.450824614569564,0.41076147687369585,-0.0030319624093059915,0.00023514590360681787,0.00014700392228474962,-0.00018353049560213743,2024-02-05,2024-07-26,738920.0,739092.0,2.145927294571101,0.9884709267091472,0.3400078914535205,0.10957054781624892
2024-08-18,739115.8536967481,0.05530090192369809,7.331171632025841,2.4140090902178137,-1.7588828890336201,0.010418323880707762,0.010146754708895643,-0.0023632268957571047,2024-02-12,2024-07-26,738927.0,739092.0,2.4141320626141884,1.2734969140654537,0.3400078914535205,0.08491918153310167
2024-09-26,739154.6574442602,0.43134908429540586,13.490656307671534,0.5848366762340287,-0.05107038516603001,0.002233239268059374,0.0007311262534702468,0.0021101687207161724,2024-02-20,2024-07-26,738935.0,739092.0,2.693299637562973,0.7311890514839525,0.3400078914535205,0.09169390651691599
2024-10-06,739164.5821783671,0.10698241446627901,5.1774780769259205,2.4217042246569243,-1.3320420573431186,-0.0147641245287283,-0.007830867600260577,0.012516264847269164,2024-02-27,2024-07-26,738942.0,739092.0,0.9233792032043762,1.864250911989123,0.3400078914535205,0.087575073494386
2024-08-20,739117.144369794,0.5682069782015765,8.069258585140567,0.41173574951370756,-0.01888767835484285,-0.001315941362134893,-0.0013106398651644812,0.00011800344240346545,2024-03-05,2024-07-26,738949.0,739092.0,2.4403412014837538,1.0106830231268158,0.3400078914535205,0.08626030098472422
2024-07-26,739092.5365126819,0.2150648707152401,9.668729848526706,0.5108727464594662,-0.14466735883821466,-0.007453142008117789,-0.001719504374480449,0.007252077667766158,2024-03-12,2024-07-26,738956.0,739092.0,8.523953747536268,0.43174886846082666,0.3400078914535205,0.06536303277960741
2024-09-19,739147.746986561,0.6894826124116106,5.314740000686074,0.4929581040481183,-0.01206603692102944,-0.000987675762489803,-0.0003560966305747386,0.0009212483929446671,2024-03-19,2024-07-26,738963.0,739092.0,1.0134874679367725,1.5848623503229187,0.3400078914535205,0.09067170993015793
2024-09-07,739135.3775810476,0.6608097218499712,6.694730947487818,0.4190790968812573,-0.01125159940488798,0.0002614198455899948,0.0002203991660919212,0.00014058642628035783,2024-03-26,2024-07-26,738970.0,739092.0,1.4259457451655095,4.248337424894888,0.3400078914535205,0.1034420558125599
2024-09-15,739143.207330477,0.032211879627045865,6.109649545257172,6.040337708560758,-5.04707641786421,-0.018149822947693794,-0.0018456775735636907,-0.018055734472102642,2024-04-03,2024-07-26,738978.0,739092.0,1.1389678045213962,1.4661123620161531,0.3400078914535205,0.07956183177019088
2024-08-01,739098.8386149169,0.6013199875809297,6.5792183491586,0.334025774037706,-0.012404600121133093,0.0019020260728617447,0.00031716727525276154,0.0018753954519926206,2024-04-10,2024-07-26,738985.0,739092.0,2.944693557671684,0.5960705192260299,0.3400078914535205,0.07283582006068016
2024-07-31,739097.1207561041,0.6531501773128844,13.376845315588247,0.34180261345185986,-0.011282319662679915,0.0010148191192508823,0.000965132857926423,0.00031365014163540794,2024-04-17,2024-07-26,738992.0,739092.0,6.433401441192484,0.542836577519239,0.3400078914535205,0.06948131598883303
2024-08-22,739119.976940875,0.1654930535980266,4.297918257000637,1.4591388795522973,-0.6330251060107936,0.027346133211970432,0.02245036067456338,0.015613849852898236,2024-04-24,2024-07-26,738999.0,739092.0,1.001577171999442,0.8913466317758322,0.3400078914535205,0.03307388048136911
2024-07-27,739093.016330987,0.1945186144983509,12.394522475536743,0.5219921660634165,-0.1580961432514652,0.006664505475563729,0.0017300400561941378,0.00643603873805796,2024-05-01,2024-07-26,739006.0,739092.0,8.77808667045596,0.37229286630977226,0.3400078914535205,0.05043041454626113
2024-08-20,739117.9736660534,0.3872609281436311,12.664919623820447,0.5138277457591038,-0.06039477641820688,0.0014353317495254688,0.0010931981457175091,-0.0009301048572046285,2024-05-08,2024-07-26,739013.0,739092.0,2.8151581495134113,1.286614170569964,0.3400078914535205,0.058128007915919905
2024-08-13,739110.9733409436,0.9874789503780967,9.771850454102474,0.3290091111014939,-0.002139212047283053,0.00031072982080650576,0.0000333905660544577,-0.0003089305611897372,2024-05-15,2024-07-26,739020.0,739092.0,2.4378852184569224,0.6956998918674525,0.3400078914535205,0.05638520958004048
2024-08-10,739107.2496436852,0.15451217553249166,4.195681606468871,0.9167266104086317,-0.3890550215524275,0.019746642743846042,0.01756062386525035,-0.0090307468747766,2024-05-22,2024-07-26,739027.0,739092.0,1.1088787880377677,0.7255676977430991,0.3400078914535205,0.012265459718586547
2024-08-06,739103.788559824,0.06480147626219936,8.264965974854181,1.732708387222991,-1.1944615699479884,-0.014787539890087874,-0.011655832192543868,0.009100159993109905,2024-05-30,2024-07-26,739035.0,739092.0,2.3202624178631055,0.6333154487840014,0.3400078914535205,0.023815943146491075
2024-08-09,739106.6922303112,0.14955062778773812,14.598671369397419,1.02959420975906,-0.46568995620191583,-0.002376694579131325,-0.001459839067755411,0.0018755124682942623,2024-06-06,2024-07-26,739042.0,739092.0,3.444102807868168,2.0072358448478784,0.3400078914535205,0.021751864590404763
2024-10-02,739160.0177763331,0.3284457148520786,12.889459546096012,0.7482325932322069,-0.11602354546074134,0.004374721877301604,0.0021060552275721698,-0.003834412977517836,2024-02-06,2024-07-29,738921.0,739095.0,2.6706985143795565,0.6758099425856527,0.32519280566838,0.08568798473559336
2024-09-28,739156.1338531236,0.9050270219319827,4.111868297808254,0.4565600146067433,-0.0034453744377777084,-0.000478648497710744,-0.0004765745493238268,-0.000044509361908968136,2024-02-13,2024-07-29,738928.0,739095.0,0.8617894285128571,1.5843169828784895,0.32519280566838,0.09757952719107237
2024-08-24,739121.604368513,0.1369252075301193,4.7903846760495306,1.1061484021863548,-0.5051628265525231,-0.0049427597869207375,-0.004341440053862096,-0.00236278915054277,2024-02-21,2024-07-29,738936.0,739095.0,1.4810199948204488,2.9212915220944073,0.32519280566838,0.08869978897767568
2024-08-28,739125.2196304335,0.3279580838990284,3.0771907041113606,0.7225809045179383,-0.12505861204019944,-0.007224975232343017,-0.007190767013390836,0.0007022370448077181,2024-02-28,2024-07-29,738943.0,739095.0,0.8799443062647837,1.8447655095530477,0.32519280566838,0.08336878091656515
2024-08-09,739106.1145533002,0.7420423463364408,7.6801259575030905,0.33915895853910566,-0.006610897425353698,0.0006766414493527804,0.0006256953440058784,0.00025758297201406154,2024-03-06,2024-07-29,738950.0,739095.0,3.229804994734876,0.943978641239888,0.32519280566838,0.0900085653346435
2024-08-24,739121.5555383664,0.12150759079236464,12.795175757334684,1.2866389108205902,-0.6472903182472571,0.011956863508588073,0.010031355524568955,0.006506803462738443,2024-03-13,2024-07-29,738957.0,739095.0,3.7144417837804946,0.5140898076172579,0.32519280566838,0.07181167147180186
2024-09-28,739156.9789220148,0.14754100351832958,11.707458847734664,1.4001962741989538,-0.6004537131750579,0.013760007907201232,0.009379633120178418,-0.010067785264748772,2024-03-20,2024-07-29,738964.0,739095.0,2.116311131401526,0.5499344729214911,0.32519280566838,0.06351208131897389
2024-08-06,739103.9313355763,0.11060619437971234,3.6355618345024925,1.0588158174924955,-0.5585809928739475,-0.011523383126890037,-0.011283375606333952,-0.002339613988563481,2024-03-27,2024-07-29,738971.0,739095.0,1.5624219812830271,1.4747352679141255,0.32519280566838,0.07098477622298967
2024-08-15,739112.558065042,0.4383192042486156,5.01723509365349,0.4547404921094951,-0.04144801899932143,-0.002165287978068557,-0.002111568699368179,-0.00047932207941716524,2024-04-04,2024-07-29,738979.0,739095.0,1.620210862035873,1.6722998906143844,0.32519280566838,0.08518695411949057
2024-08-03,739100.9817784865,0.760422286725926,12.95743446041374,0.3290229917369299,-0.0061997384186515975,0.00097985144311802,0.0005190889547503624,-0.0008310568618552177,2024-04-11,2024-07-29,738986.0,739095.0,6.096095629584994,0.371320516107079,0.32519280566838,0.07053252686023151
2024-09-07,739135.5950055254,0.8172494224165876,11.207510066613631,0.40039391300910615,-0.00507078461888439,0.00042565916524790564,0.00026361148674587133,0.00033420758371882457,2024-04-18,2024-07-29,738993.0,739095.0,2.241013947415001,0.8686776744189316,0.32519280566838,0.07452985943489972
2024-08-06,739103.3391211039,0.614878998208162,11.040823744379825,0.3694082298813762,-0.014565849639107113,-0.0012189520492688918,-0.001119877228312042,-0.00048137209300599216,2024-04-25,2024-07-29,739000.0,739095.0,4.422978867438724,0.6654836399130455,0.32519280566838,0.06566350035550121
2024-07-29,739095.95341029,0.09637185613881365,14.266715093685148,0.8614980705145392,-0.46245439132612925,-0.00906844473193452,-0.00746806714847048,-0.005144381685109198,2024-05-02,2024-07-29,739007.0,739095.0,10.299121696686594,0.3444786673716758,0.32519280566838,0.059034719923942894
2024-08-01,739098.9436238086,0.12220035667301522,14.938264102153473,0.7830405197715997,-0.362710044505409,-0.0008226722504551643,-0.0008199913503276185,-0.00006636126171836567,2024-05-09,2024-07-29,739014.0,739095.0,7.298653716973906,3.606658930118686,0.32519280566838,0.0431342554021945
2024-08-27,739124.7654870611,0.23755804583382695,9.893899082159603,0.7887457302579384,-0.21069312835036802,0.004204980508442361,0.00419764306385767,-0.00024830180190197807,2024-05-16,2024-07-29,739021.0,739095.0,1.9664136566819361,1.203063781216306,0.32519280566838,0.046647692262171955
2024-08-05,739102.4976440796,0.5329787768633955,9.45048468745432,0.399400989116377,-0.024723355383392986,0.0017005630523906985,0.000482633890810998,0.0016306376736102378,2024-05-23,2024-07-29,739028.0,739095.0,3.453662456528547,0.8199181602268196,0.32519280566838,0.04160699098706043
2024-08-17,739114.5408354459,0.4153103317071759,4.761281029610793,0.5273629335886977,-0.05877027419768067,-0.008613274346251736,-0.007113884193397506,0.004856042282221952,2024-05-31,2024-07-29,739036.0,739095.0,1.0541590305613835,0.5951663322400027,0.32519280566838,0.010134270640912067
2024-08-03,739100.5879254529,0.27788562427011915,11.483402419891013,0.5790670329754312,-0.1359106054524107,0.00462015769975854,0.003814767328742349,0.0026064165818606372,2024-06-07,2024-07-29,739043.0,739095.0,4.263345235881361,0.7118558254968536,0.32519280566838,0.018519560398724124
2024-08-29,739126.8010280055,0.6686833377898914,9.964237526386121,0.3955421291634028,-0.010216405230402173,0.0007441210413653994,0.00060401670233111,0.00043460320696904394,2024-02-07,2024-07-30,738922.0,739096.0,3.0043928140033733,0.9213633980425655,0.3458730109059187,0.10480248293523863
2024-10-06,739164.3349377208,0.1384407010944633,11.3392324618817,1.643318261708795,-0.7460237731479286,-0.010512109222480073,-0.002244656172810405,-0.010269662067040707,2024-02-14,2024-07-30,738929.0,739096.0,2.2316651314121603,0.8664488582589777,0.3458730109059187,0.08177117760780381
2024-08-13,739110.810816284,0.2709021649521626,3.454514800233757,0.6186548685739691,-0.1382412094725756,-0.004757881079747255,-0.003534788247228848,-0.003184761280892134,2024-02-22,2024-07-30,738937.0,739096.0,1.3539504636359216,2.278501715849352,0.3458730109059187,0.08489959618042649
2024-08-01,739098.7604732997,0.028679393250435233,5.673570420032764,2.8450604829304074,-2.376904467345087,-0.013024359135389662,-0.002883911658513759,-0.012701062334840208,2024-02-29,2024-07-30,738944.0,739096.0,3.6358147177019844,0.9225053070019285,0.3458730109059187,0.07932158329575706
2024-08-12,739109.7376364784,0.7503626124020508,2.6142582993864183,0.39436968992702687,-0.008765703055555362,0.0015935596156372567,0.0015063527658393673,0.0005199361436157809,2024-03-07,2024-07-30,738951.0,739096.0,1.0181757283653083,1.5788509421670367,0.3458730109059187,0.08417226347751823
2024-08-05,739102.2964651065,0.8000977207899496,11.93222283345434,0.32466693172341726,-0.004876061154735499,0.0007698444240478552,0.0004703578486420376,0.0006094455935179185,2024-03-14,2024-07-30,738958.0,739096.0,5.947669399531864,0.4247054688485023,0.3458730109059187,0.0817128118258641
2024-09-05,739133.0551688862,0.39569367905530173,9.35528247737555,0.5597269830250853,-0.06146523967912558,-0.004044651585518764,-0.0012771452844809528,-0.00383772150768754,2024-03-21,2024-07-30,738965.0,739096.0,2.2511044147184123,0.6427627058696987,0.3458730109059187,0.07390410485795543
2024-09-17,739145.0647120995,0.2679994354814806,9.401941871716186,0.7470649557711561,-0.15925665208960543,0.00785526130732779,0.007410563591505118,-0.0026055090601761277,2024-03-28,2024-07-30,738972.0,739096.0,1.8862069012914053,0.5779007559828241,0.3458730109059187,0.07369301777908466
2024-09-16,739144.6525190363,0.7756350784669308,7.343411700611055,0.4333550936704026,-0.0066420348375937945,-0.0003851670093996026,-0.00019011106180380312,-0.00033497971477339353,2024-04-05,2024-07-30,738980.0,739096.0,1.4248506770160296,1.8214264229575405,0.3458730109059187,0.10053617945542206
2024-09-07,739135.675809065,0.5135321752819512,5.389933475470766,0.609225687684309,-0.04191759906748144,0.0034119336485129055,0.0027574207891509998,0.0020094580894889215,2024-04-12,2024-07-30,738987.0,739096.0,1.1332221795612267,1.1705233375530488,0.3458730109059187,0.06488500950257142
2024-08-08,739105.7539411418,0.26847410285483236,8.521054370349365,0.5768918618944932,-0.12889040398863905,0.006988188840784069,0.0006375203408494178,-0.006959048145361711,2024-04-19,2024-07-30,738994.0,739096.0,3.307189175603089,0.5811189207743606,0.3458730109059187,0.05652930004348702
2024-08-09,739106.6251480316,0.8902330189237351,13.385062970589237,0.3352006428961994,-0.0035140108375805402,-0.0003276506288233395,-0.0001146919211605652,0.00030692132182177977,2024-04-26,2024-07-30,739001.0,739096.0,4.89259970605708,0.7133051677668371,0.3458730109059187,0.07332078046138295
2024-08-07,739104.7367182605,0.2495037739946287,12.910046382479035,0.6034108796965685,-0.14968261048224782,0.004931614796132265,0.004285798595913348,-0.002439826816128116,2024-05-03,2024-07-30,739008.0,739096.0,4.94043515717866,0.5865857634575355,0.3458730109059187,0.05886342757966227
2024-08-02,739099.260988352,0.27495588478003624,2.7061344776318155,0.527626479524736,-0.11397802197918429,0.012845717843362496,0.012030433360626527,-0.00450345867826118,2024-05-10,2024-07-30,739015.0,739096.0,1.40057114246207,0.9015221092650917,0.3458730109059187,0.016516603293309756
2024-08-24,739121.1404465963,0.7594813551916557,7.133872255697921,0.43486725998242043,-0.00969744717826477,0.0018444066961503449,0.0017842245218337256,0.0004673103000057286,2024-05-17,2024-07-30,739022.0,739096.0,1.5578240868374182,0.5597479617254344,0.3458730109059187,0.0256054280399669
2024-08-20,739117.5190241429,0.5223407709214271,2.5083230310410607,0.39510044042342085,-0.013758349153536098,0.010843293924680163,0.008806727558232565,0.0063260234628139695,2024-05-24,2024-07-30,739029.0,739096.0,0.5645976016706561,0.2642260037071946,0.3458730109059187,0.01834888675787298
2024-08-26,739123.0912299944,0.32716174428661443,11.906293280711282,0.7173307348328151,-0.13028687090863397,-0.0038781181799082296,-0.0016716065889316224,0.0034993616602424947,2024-06-03,2024-07-30,739039.0,739096.0,2.146389948737678,0.9231357142998092,0.3458730109059187,0.036683762788111286
2024-08-04,739101.5553754114,0.701013794824164,6.692256903995773,0.40925550463408633,-0.016072554217170753,0.002039280403138034,0.0004608813699545753,0.0019865177888585893,2024-06-10,2024-07-30,739046.0,739096.0,2.4525277448033256,0.8255852277001936,0.3458730109059187,0.015701185384859612
2024-08-21,739118.3787493953,0.31611134050361916,8.491038543056742,0.6026431907369356,-0.10479555670867911,0.004033423971724951,0.0020718216630028438,-0.003460645016813716,2024-02-08,2024-07-31,738923.0,739097.0,2.990009576027176,0.9672712025293225,0.3603870537901728,0.09080709685823865
2024-09-21,739149.5939478384,0.3673419566960224,14.175374797533449,0.6524608042733795,-0.08183203724255537,-0.0014566114287997056,-0.000762066920638207,-0.0012413584748085143,2024-02-15,2024-07-31,738930.0,739097.0,3.224343760760376,1.4558466604964548,0.3603870537901728,0.10997618401174657
2024-08-21,739118.1729749752,0.5971401383055895,13.435116022519498,0.3926374312496317,-0.014766916464937056,-0.0006210771428878102,-0.0005782166514057284,-0.0002267208006664406,2024-02-23,2024-07-31,738938.0,739097.0,4.578435665024808,1.0567666880866715,0.3603870537901728,0.10771447424556524
2024-08-13,739110.1684655091,0.6292855444774835,13.782843475580272,0.36545462009155033,-0.011925388735905216,-0.0009081714738143204,-0.00035240891543464017,-0.0008370085914566558,2024-03-01,2024-07-31,738945.0,739097.0,5.547943008618216,0.5995337274606837,0.3603870537901728,0.0956509923360213
2024-07-31,739097.0891206034,0.7527711083791102,8.052178080881415,0.322013883073964,-0.006270212149162557,0.000841670800608964,0.0003019239668958862,0.0007856536481246593,2024-03-08,2024-07-31,738952.0,739097.0,9.477162167534741,0.6964493631918449,0.3603870537901728,0.08630842586562093
2024-08-06,739103.2692623776,0.06441892960831709,4.7476227612989845,1.5051997872700564,-1.0140843863490605,0.013580472898936956,0.010370802860984222,0.008767878430804262,2024-03-15,2024-07-31,738959.0,739097.0,2.3696027012768126,1.0132030857760306,0.3603870537901728,0.06915422903387478
2024-09-20,739148.419236209,0.4824481060129434,9.854118121021703,0.5336457983286881,-0.03533949724261525,-0.0026385426547969456,-0.0011409991711162735,0.002379081384210068,2024-03-22,2024-07-31,738966.0,739097.0,1.9859707662262325,0.6557360938098349,0.3603870537901728,0.08391383528478016
2024-09-02,739130.2933933287,0.9233658112092131,9.57232788336065,0.3569594550775579,-0.0024889895720133074,0.0003830244366406143,0.00008301876576000799,-0.00037391924742589147,2024-04-01,2024-07-31,738976.0,739097.0,2.336257012458967,0.6268343950065675,0.3603870537901728,0.09333570887429574
2024-08-23,739120.3601741819,0.04140763100335044,10.469403225318176,3.216801786288046,-2.529636757727551,-0.015009013714237676,-0.010398813847550705,0.010822899945863046,2024-04-08,2024-07-31,738983.0,739097.0,2.9518978487722443,0.6665987064563331,0.3603870537901728,0.07296118670061034
2024-08-26,739123.602126485,0.9043631362979307,5.17265706335128,0.4032568546711612,-0.004204074888222247,0.0007187480593265095,0.0003224528862252227,-0.0006423573062950612,2024-04-15,2024-07-31,738990.0,739097.0,1.3286289715371227,1.0226403471119185,0.3603870537901728,0.06572405081612462
2024-08-30,739127.042984113,0.868972738887337,4.155504975937974,0.5024707155586311,-0.00729021552171449,0.00147380093401582,0.00119755650341173,0.0008590387734218835,2024-04-22,2024-07-31,738997.0,739097.0,0.9690618220799241,1.0343889813280986,0.3603870537901728,0.04298616961997204
2024-08-28,739125.5765492856,0.07746522000874802,4.854318848558315,2.567708362546738,-1.703318319291469,-0.025518399898408678,-0.024498610230263597,-0.007141906619434883,2024-04-29,2024-07-31,739004.0,739097.0,1.1186759392675873,1.065174689068209,0.3603870537901728,0.04178508445818312
2024-08-18,739115.851070595,0.6562001006372308,9.863543434193558,0.41598082191963903,-0.01367695300808785,0.0013399849377914532,0.0012370669537330652,-0.0005149999859121934,2024-05-06,2024-07-31,739011.0,739097.0,2.693786070261052,0.6790359527969837,0.3603870537901728,0.0648806926737921
2024-09-03,739131.358030281,0.3926823547882018,6.972599579204808,0.6581947461519575,-0.08268624557083251,0.007872303003589338,0.0056634873645918645,0.005467912348550405,2024-05-13,2024-07-31,739018.0,739097.0,1.3246943129596391,0.5915318488094067,0.3603870537901728,0.01704888980596788
2024-08-27,739124.3099143256,0.5321657051329794,3.2368966876785263,0.5103644887833066,-0.028429359124822313,-0.006724276200418666,-0.005967925002693394,-0.0030983482021464197,2024-05-20,2024-07-31,739025.0,739097.0,0.6650797659174079,0.6950876480960484,0.3603870537901728,0.019937613289263124
2024-08-11,739108.0646173904,0.4286006779788144,14.902089380074207,0.48698415301930864,-0.05178030995376231,0.0017209172707554744,0.0017131474946492629,0.0001633459958536616,2024-05-28,2024-07-31,739033.0,739097.0,4.540928356149877,0.8653869514046034,0.3603870537901728,0.039082523832644836
2024-08-01,739098.1628841131,0.14439480580325428,5.387390207963575,0.7059355950894938,-0.29504068070669415,-0.01153301133478479,-0.011529341822441402,0.00029090821504041905,2024-06-04,2024-07-31,739040.0,739097.0,3.3545604322007985,0.6856655361554216,0.3603870537901728,0.024963749213220456
2024-08-05,739102.9447859849,0.04059710898569092,7.173383103902012,2.7136138653484685,-2.1604798328854984,-0.011150449476224641,-0.00792206907512049,-0.00784686848945858,2024-06-11,2024-07-31,739047.0,739097.0,2.5594747273219,1.0965512253860485,0.3603870537901728,0.017102659394861535
2024-08-23,739120.283653892,0.9199728624710226,3.7303433102647547,0.36018332779802015,-0.0029058613975063833,0.0004625862307519701,0.0004588136979958881,0.00005895770867878867,2024-02-09,2024-08-01,738924.0,739098.0,1.291723106416853,1.5492032815406467,0.3603870537901728,0.11473576284210014
2024-08-04,739101.7419622701,0.5099801004826768,13.216448794773644,0.3699600334513076,-0.02196447815160257,0.0015788617971047565,0.0015731704167482735,0.0001339380984818181,2024-02-16,2024-08-01,738931.0,739098.0,8.03637202311132,0.5368033598956435,0.3603870537901728,0.08901711330351059
2024-09-11,739139.8350827047,0.8179934875996555,4.6779786504510374,0.42446886297934644,-0.005321101186737913,0.0006058622459588451,0.0003164800363421363,-0.0005166327977153368,2024-02-26,2024-08-01,738941.0,739098.0,1.1605187905954661,1.5357454517308393,0.3603870537901728,0.10398537072469467
2024-10-11,739169.145077881,0.700468667556489,11.34376909981172,0.4958548097405283,-0.009919368969353453,0.0006112721084085853,0.00003190145517730702,-0.0006104390941575152,2024-03-04,2024-08-01,738948.0,739098.0,2.047519371383663,1.0020301769252458,0.3603870537901728,0.10446013627877013
2024-10-07,739165.0297838208,0.40756860605684253,14.197208099895708,0.7305842382596747,-0.07542101382171866,0.0036211290705571862,0.0024628236948983314,-0.0026546327794031476,2024-03-11,2024-08-01,738955.0,739098.0,2.580666510092531,0.5979242078982054,0.3603870537901728,0.08016161049585055
2024-09-06,739134.9930074381,0.4057715876319913,7.0505949949804485,0.5632580691324692,-0.05841615169471008,0.0015402404607441703,0.0009414101011774934,0.0012190519670278192,2024-03-18,2024-08-01,738962.0,739098.0,1.7309213795302294,2.182731326602963,0.3603870537901728,0.10177734795276898
2024-09-07,739135.9340913377,0.23791160611974355,13.02799284501343,0.8821986002398557,-0.23453678783604479,-0.006182170349476528,-0.0060451990609591555,-0.001294140078710678,2024-03-25,2024-08-01,738969.0,739098.0,3.072361001126391,0.6928003884253108,0.3603870537901728,0.08406455755501605
2024-08-02,739099.9394405958,0.004156841404603374,8.256667840814846,17.571917835184873,-17.100777534212657,-0.01961452411145584,-0.018436850877533613,0.006694182985134964,2024-04-02,2024-08-01,738977.0,739098.0,5.452541448442851,0.4389314736774687,0.3603870537901728,0.07080286116925662
2024-09-19,739147.3176740793,0.7209931072962547,10.459085491786013,0.43386044234458526,-0.008134828983039076,-0.0009418514272037988,-0.000100826941711446,-0.0009364390203056198,2024-04-09,2024-08-01,738984.0,739098.0,1.9932346703394417,0.5953925923902651,0.3603870537901728,0.08606383459164485
2024-09-07,739135.8174635423,0.8020752888916354,4.745829803825824,0.5179727807636859,-0.009067328925520772,-0.0013311193691114066,-0.0009115718367409095,-0.0009700080212474292,2024-04-16,2024-08-01,738991.0,739098.0,1.0141735436259052,1.1512386049453571,0.3603870537901728,0.05751842060902976
2024-09-15,739143.3173529644,0.683137231594232,6.423560396921867,0.5830734010378604,-0.017676880082249293,0.0022030910405861355,0.0015896995653544184,-0.0015252755242981097,2024-04-23,2024-08-01,738998.0,739098.0,1.1912628215991512,0.8533070129986802,0.3603870537901728,0.033881306756567954
2024-09-02,739130.0951495263,0.25563175723394177,8.816577370806701,0.849539752377403,-0.21187935413082062,-0.008722735311718374,-0.0054393944145858615,0.006819024836504905,2024-04-30,2024-08-01,739005.0,739098.0,1.9088733491070413,0.7042887133149183,0.3603870537901728,0.05096079575671148
2024-09-06,739134.7303409307,0.15891533012376138,13.152864379971092,1.2598328320753358,-0.5224563513641366,-0.005212142956328255,-0.001977244157775244,-0.004822544944087708,2024-05-07,2024-08-01,739012.0,739098.0,2.5253811049897075,1.2110976087274756,0.3603870537901728,0.06415679255669518
2024-08-21,739118.1719800318,0.8147026394637296,9.05617176256079,0.3901197291630364,-0.005964278009738499,-0.0006739447406577582,-0.0005652318799039585,0.0003670346514983156,2024-05-14,2024-08-01,739019.0,739098.0,2.2954131160810025,0.7961374669926277,0.3603870537901728,0.05894369153685947
2024-08-21,739118.4068958438,0.4633173042910731,14.945750418103465,0.5038253754891429,-0.04247893189389755,0.0003258806277694699,0.00011180656650060139,-0.00030610043326132424,2024-05-21,2024-08-01,739026.0,739098.0,3.5926039354268657,4.040878934670557,0.3603870537901728,0.05397961596391002
2024-08-31,739128.532836255,0.7901725153677632,5.390088470259191,0.471803637771384,-0.008890386240502073,0.0017107628760927097,0.001709675954579625,-0.000060973342939742495,2024-05-29,2024-08-01,739034.0,739098.0,0.9695049218528331,0.7618278372170401,0.3603870537901728,0.01386344621675002
2024-08-10,739107.1076827154,0.2964477312176071,9.009322714245311,0.6369839610317749,-0.13863951934229893,0.006203476646770985,0.005166181589827582,-0.0034341942705618076,2024-06-05,2024-08-01,739041.0,739098.0,2.842185645218247,0.7353733376928068,0.3603870537901728,0.022848317789263405
2024-08-15,739112.2822007862,0.14028403848687068,9.571245353586374,1.2812056160404162,-0.6243111463353272,-0.003734841870644834,-0.00041194213974833144,0.003712054346614735,2024-06-12,2024-08-01,739048.0,739098.0,2.2914690965282567,2.450014645202857,0.3603870537901728,0.017670372874206877
2024-08-22,739119.5479760582,0.3496723540229008,12.662740105565383,0.5496087648782395,-0.0778081621419106,0.0022312783572805274,0.0022304402557224608,-0.00006115041554406253,2024-02-12,2024-08-02,738927.0,739099.0,4.5094851355299275,0.9629528174911436,0.3502493855057175,0.10109498534255425
2024-08-05,739102.6145318063,0.5226314096651486,7.3430025892537545,0.38576930423721684,-0.02274032164673764,0.0017140813783858033,0.0007146932800585627,-0.0015579757659116874,2024-02-20,2024-08-02,738935.0,739099.0,4.48386130844764,0.9442499965659147,0.3502493855057175,0.08674445423174783
2024-09-10,739138.5361648535,0.9193272965429864,2.1801968237788696,0.5553168891907707,-0.005260566818680036,0.0015493986924438982,0.0011290787069448117,-0.0010610455134774821,2024-02-27,2024-08-02,738942.0,739099.0,0.5564423549486321,1.431672915059197,0.3502493855057175,0.08636190044482217
2024-08-20,739117.48528387,0.06226283565929759,14.62871406667201,2.1817322122207115,-1.5248866966801826,-0.010832940820225753,-0.010665776113363487,0.0018957390944215646,2024-03-05,2024-08-02,738949.0,739099.0,5.145098449560801,0.5991201823211698,0.3502493855057175,0.07897082194915694
2024-09-16,739144.0681010209,0.735283858062192,2.402284383572244,0.6998814348158421,-0.016807184357883892,0.00370227500816532,0.0035533417745736862,0.0010395203072355275,2024-03-12,2024-08-02,738956.0,739099.0,0.5462156555249666,1.3894947245716545,0.3502493855057175,0.08227121380715867
2024-09-13,739141.854138918,0.6473404776922221,5.2413679575968235,0.504013646247155,-0.015838820593212424,0.0013523540599898536,0.00048593222097164393,0.001262034619252818,2024-03-19,2024-08-02,738963.0,739099.0,1.1918637472744997,1.4465070177419566,0.3502493855057175,0.0936161864856023
2024-09-25,739153.0541679608,0.7289914115639785,4.05657388655584,0.5765835392897442,-0.012212501793127896,-0.0015053993734129622,-0.001047164295693057,0.0010815147762734461,2024-03-26,2024-08-02,738970.0,739099.0,0.7875289596584841,1.4578603711210059,0.3502493855057175,0.08416396177569092
2024-09-11,739139.1172217092,0.18960140098546746,9.18870642162609,0.9896739622362394,-0.33368252993450354,-0.011568390200218985,-0.005204042105006647,-0.010331776110322977,2024-04-03,2024-08-02,738978.0,739099.0,2.033252430979453,0.5951791470884408,0.3502493855057175,0.07272909912274124
2024-09-24,739152.9480520302,0.14579767497010734,10.950698405715038,1.418449620809905,-0.6162939244915632,0.014979043113837248,0.0030929906143148007,0.014656232178358649,2024-04-10,2024-08-02,738985.0,739099.0,1.9792470435222778,0.5477881028736579,0.3502493855057175,0.0655929985841737
2024-08-03,739100.4903949526,0.9045678537087443,5.682916961457682,0.3247321741297545,-0.003357568646523175,0.0003465530274279748,0.00016765682315343796,-0.0003032988467989805,2024-04-17,2024-08-02,738992.0,739099.0,3.8779997745352675,1.5421444074087276,0.3502493855057175,0.08459372691417712
2024-08-11,739108.4311355139,0.7953188494909862,4.776887339195216,0.3942821542051017,-0.008084395982584576,-0.0018924168123556333,-0.0008092955043172872,0.0017106379448551012,2024-04-24,2024-08-02,738999.0,739099.0,1.8636221592923536,0.7112578239248185,0.3502493855057175,0.037451148050207585
2024-08-11,739108.1742620744,0.4481739338361904,10.787923338636702,0.45916654239154464,-0.04168261073153643,-0.0014699869637039473,-0.0011956788124148846,0.0008551104320505518,2024-05-01,2024-08-02,739006.0,739099.0,4.138329738662133,1.1780132401080745,0.3502493855057175,0.06700325568990502
2024-08-19,739116.6116666534,0.5535799828818034,10.859988316406811,0.4527434889388404,-0.024232471245685682,-0.001298917812024621,-0.0005705688385401918,-0.0011668927469488037,2024-05-08,2024-08-02,739013.0,739099.0,3.0629144474773637,0.9509705191069858,0.3502493855057175,0.06295012079343003
2024-08-21,739118.454020361,0.678121610783527,14.477827522910163,0.4155244602109006,-0.011834156059332447,-0.00023347751232047356,-0.00023213318391272775,-0.00002501866674898167,2024-05-15,2024-08-02,739020.0,739099.0,3.7363718856644836,2.374085859393018,0.3502493855057175,0.06232635204514847
2024-08-02,739099.944858469,0.3612337640333699,4.79643404862121,0.45533935756863403,-0.0649711999289406,0.006647067734194719,0.003788886201558354,0.005461487967084905,2024-05-22,2024-08-02,739027.0,739099.0,3.3179565262187776,0.7361403826029131,0.3502493855057175,0.028894856784721815
2024-08-27,739124.1633611392,0.31582876420034595,5.382412958296733,0.6881025140184667,-0.1256768823519721,0.011582399224929575,0.011118274207835408,-0.00324591288315493,2024-05-30,2024-08-02,739035.0,739099.0,1.0837161517614295,0.636695138894747,0.3502493855057175,0.011992010446789474
2024-08-25,739122.6106770238,0.8789209063579086,14.480547243369546,0.4585278385614345,-0.006722378380561807,0.0005355284007764958,0.0005121198097460151,-0.0001566013042855532,2024-06-06,2024-08-02,739042.0,739099.0,2.829954503200068,0.7619127936076363,0.3502493855057175,0.02897617312445122
2024-08-16,739113.371448698,0.2839355249815643,3.6190466822646004,0.5252393589298456,-0.09190103696313275,-0.018842356069739483,-0.0030110428692677275,-0.018600215135806362,2024-06-13,2024-08-02,739049.0,739099.0,0.8636535284968501,0.38265796130555685,0.3502493855057175,0.008529835756259442
2024-09-16,739144.5108265769,0.09071010397405567,5.290590262934341,2.142682752709745,-1.2835749202812696,-0.010063958642477291,-0.0015128119972204809,0.009949606194144534,2024-02-13,2024-08-05,738928.0,739102.0,1.3707148531602174,2.1867740718317616,0.31619724275980204,0.09725836671570659
2024-08-23,739120.2331431931,0.23664736274871695,10.230137015244773,0.7371866449528371,-0.19528013637911282,0.005054459030997268,0.001932749289825821,0.004670335777940128,2024-02-21,2024-08-05,738936.0,739102.0,3.765909685980288,0.893724384747758,0.31619724275980204,0.08857378547492029
2024-09-18,739146.7598629475,0.20091042485165272,10.526676883152037,1.0969534780678327,-0.3553918252648944,0.008396770434763758,0.0013837169272439703,-0.008281973267246235,2024-02-28,2024-08-05,738943.0,739102.0,2.539245628964097,0.8078046218278969,0.31619724275980204,0.08086266335670221
2024-09-19,739147.9834020443,0.6321102247810023,9.541744887059973,0.4784800837325304,-0.014631516780362735,0.000924646138510575,0.0008557802124762034,0.0003501581205636984,2024-03-06,2024-08-05,738950.0,739102.0,2.2170313900147023,1.0482836300338843,0.31619724275980204,0.10261749935540414
2024-08-22,739119.0056904935,0.16592247839148747,4.3981296553069615,0.9888181354062022,-0.3923812028119553,-0.009038156650918349,-0.0019044357216338906,0.008835236285957743,2024-03-13,2024-08-05,738957.0,739102.0,1.5778225104369485,1.637817578089599,0.31619724275980204,0.08177619844178446
2024-09-12,739140.1180328567,0.691441460199223,11.508135264901464,0.455386796386824,-0.010796297541127662,-0.0008990913094879668,-0.0006668062622080021,0.0006031041298788959,2024-03-20,2024-08-05,738964.0,739102.0,2.803167450892263,0.721475361454815,0.31619724275980204,0.09363361709160668
2024-10-09,739167.0011509225,0.8785310521733858,9.316264287761907,0.4446665259428447,-0.003505612861165216,-0.00005581533450793828,-0.00004834786858692536,0.000027889696472612283,2024-03-27,2024-08-05,738971.0,739102.0,1.6365116268980413,5.922781863863352,0.31619724275980204,0.12690057274538782
2024-08-26,739123.8775669307,0.7533762729925313,7.938335845412077,0.3822127215796264,-0.006557146193345167,-0.0007104890592779627,-0.0007085006854791329,0.00005311762446950293,2024-04-04,2024-08-05,738979.0,739102.0,2.3884137837868122,0.8758705854120202,0.31619724275980204,0.10017497936392353
2024-09-16,739144.0610987206,0.36669543356509454,12.454136799630318,0.707233314491444,-0.09439359799724256,0.003200052839250636,0.001178730415702275,0.002975051727465323,2024-04-11,2024-08-05,738986.0,739102.0,2.6240692248518505,0.8685148747923274,0.31619724275980204,0.08316724848763336
2024-08-23,739120.9341046145,0.20799353102831614,3.2028592607874504,1.000279745135706,-0.3339140442328626,-0.009377446731980637,-0.007245065830973988,0.0059536147268686715,2024-04-18,2024-08-05,738993.0,739102.0,0.9739048309901819,2.3123951625609185,0.31619724275980204,0.0703397082824802
2024-08-13,739110.3199787908,0.7387350671316909,7.019561210824498,0.3806054051526878,-0.008628760238629508,0.0011595316914620574,0.0007048126077301859,-0.0009207349952562001,2024-04-25,2024-08-05,739000.0,739102.0,2.8876496266258465,0.7831492356857092,0.31619724275980204,0.06279278641696164
2024-08-26,739123.2737233739,0.842121228754551,5.41005269289739,0.4466302790826893,-0.007071280246557653,0.001529137791728707,0.0013115959598541688,-0.0007861160373552799,2024-05-02,2024-08-05,739007.0,739102.0,1.462448695832213,0.7198210587644631,0.31619724275980204,0.027887380380179592
2024-08-26,739123.476655356,0.6087308186329744,8.047752048802362,0.4724946094711194,-0.01988328775433613,-0.002191284317091314,-0.000016268550385307375,-0.0021912239257088155,2024-05-09,2024-08-05,739014.0,739102.0,2.0861606883212613,0.686341357801406,0.31619724275980204,0.051447125564857296
2024-09-09,739137.045833783,0.1801850115573407,6.053649916390047,1.1283136474127533,-0.4142075509269223,-0.017209715729801324,-0.01304632226134976,-0.011223537363664845,2024-05-16,2024-08-05,739021.0,739102.0,1.1535880547296793,0.7163836657715771,0.31619724275980204,0.018384067080904617
2024-08-10,739107.7596174375,0.25635663252194113,11.655905863823468,0.5991824316701319,-0.14178701478151245,-0.0012937319292454599,-0.0004678820354399916,-0.0012061628023039472,2024-05-23,2024-08-05,739028.0,739102.0,4.875461102351603,2.410408715682118,0.31619724275980204,0.04469262219613669
2024-08-17,739114.5207058535,0.9115604852517842,8.633352406931818,0.4005368945746905,-0.00498504726188668,0.0008303436025549708,0.0005089630785372867,-0.0006560694193374776,2024-05-31,2024-08-05,739036.0,739102.0,2.522709363884006,0.6338951927027531,0.31619724275980204,0.03670419075166185
2024-08-06,739103.1429165305,0.04904382903994445,5.100554785705817,1.6104203616696484,-1.1640766396405375,-0.015023780240219314,-0.012682150909182333,0.008054627305042117,2024-06-07,2024-08-05,739043.0,739102.0,3.2171921278933193,0.7450223558767356,0.31619724275980204,0.04218737742978223
2024-08-12,739109.682125423,0.22960367404433196,2.559726252591011,0.3781247867375415,-0.04353667451216383,0.033793100708011205,0.029454024708919627,0.016566052152161642,2024-06-14,2024-08-05,739050.0,739102.0,0.8352113590994941,0.11556132721415686,0.31619724275980204,0.009176524277298889
2024-09-10,739138.1796133766,0.19644374624784972,9.440054909647149,1.0362233875852007,-0.3442359386013726,0.007875239759495611,0.004368466245108735,-0.006552549422544333,2024-02-14,2024-08-06,738929.0,739103.0,2.6784243162051022,0.909611854723342,0.35605491705103814,0.08554395569778897
2024-10-12,739170.769010665,0.43970005086552966,9.10697751048934,0.6626418793800519,-0.054573790381691016,0.0007893954567791482,0.0005633255451092192,0.0005530004678216474,2024-02-22,2024-08-06,738937.0,739103.0,1.7947137172938699,3.337887903343076,0.35605491705103814,0.12416710805216154
2024-09-23,739151.6106440492,0.015582145401094042,6.272557107793997,12.317716331912935,-11.272951519585446,0.013684342539561287,0.013509464025267709,0.002180736685169545,2024-02-29,2024-08-06,738944.0,739103.0,1.449366100624196,2.046427348754396,0.35605491705103814,0.09270141207516001
2024-10-18,739176.1469205194,0.41075966017608245,14.44946906977556,0.7806109019013782,-0.07813029397191243,-0.003580999519452707,-0.0002316082896181194,0.0035735018061420795,2024-03-07,2024-08-06,738951.0,739103.0,2.5855189166118957,0.6202276049902944,0.35605491705103814,0.08039348813462288
2024-09-19,739147.3190093298,0.6426767143946496,2.835439834357855,0.6463681630977601,-0.02236878670682329,-0.0031004463983769536,-0.0025931231025065,0.0016995530131348328,2024-03-14,2024-08-06,738958.0,739103.0,0.655259160906547,1.6352732376350612,0.35605491705103814,0.08755598740400376
2024-08-29,739126.2677109459,0.4659059202472512,9.199199072092906,0.5101604756765578,-0.039917940825688246,-0.0024761547119777024,-0.0023846510006609607,0.0006669196073711272,2024-03-21,2024-08-06,738965.0,739103.0,2.8344925394054865,0.8164668676277393,0.35605491705103814,0.08746043342770163
2024-09-27,739155.4621698421,0.06702508322714308,3.7399327329462038,3.4791857905236827,-2.3901163330228106,0.01965064275511133,0.006606258086580207,0.018506893709709985,2024-03-28,2024-08-06,738972.0,739103.0,0.7451765253712688,2.1797959949683503,0.35605491705103814,0.0849694731392632
2024-10-06,739164.3435869709,0.6739374174217864,4.811126311177105,0.6282486847794144,-0.01700094878136856,0.001465377679543905,0.0014650044338069153,0.00003307193117371649,2024-04-05,2024-08-06,738980.0,739103.0,0.8425238974815831,1.6251610202904059,0.35605491705103814,0.085586876404634
2024-09-07,739135.6009435557,0.6207265661032707,11.493938716560027,0.47924119033157464,-0.01700080655257279,-0.0009725230719686441,-0.0005297034913847074,0.0008156073422463652,2024-04-12,2024-08-06,738987.0,739103.0,2.774933736118398,0.9440631980779629,0.35605491705103814,0.08664213572620298
2024-09-11,739139.6255030662,0.10888578351357617,10.722769577483561,1.8545610095827354,-1.0129270262555177,0.012605109925538897,0.00792954960501866,-0.009798522301677312,2024-04-19,2024-08-06,738994.0,739103.0,2.355583699816862,0.8160104651244499,0.35605491705103814,0.06238554999393027
2024-09-18,739146.8247414478,0.563529830021842,9.451992933803687,0.59012136840155,-0.029665196034856484,0.00287028813013417,0.002103476919761035,0.001952930822641124,2024-04-26,2024-08-06,739001.0,739103.0,1.8085176889415044,0.6161908560837825,0.35605491705103814,0.041535677351513325
2024-08-22,739119.3301403786,0.8719128589622509,4.265409141872407,0.44005369368352376,-0.0064618253724040625,0.0014241698755491923,0.001243502681497545,0.0006942340495324445,2024-05-03,2024-08-06,739008.0,739103.0,1.3030651207998554,0.9274826822299146,0.35605491705103814,0.03558284611060095
2024-08-17,739114.6502716899,0.4904899555366843,6.240685242615976,0.4871791722889444,-0.03776200187647337,-0.004635110633366089,-0.0030448683737955237,0.0034947141756949437,2024-05-10,2024-08-06,739015.0,739103.0,2.131819242359354,0.6403136265004432,0.35605491705103814,0.03635059167857806
2024-09-02,739130.5499611265,0.1633826231647422,13.944686464466113,1.1640331218577689,-0.4697967247752944,0.004379550546338035,0.003705190276378501,0.0023349578162699183,2024-05-17,2024-08-06,739022.0,739103.0,3.043215250756348,1.256832933473969,0.35605491705103814,0.051192017575023376
2024-09-08,739136.4831009278,0.30580559956905234,12.127486840176958,0.8475479018259471,-0.1674500706420846,-0.004049518744940759,-0.0002364576482631385,-0.004042609286859722,2024-05-24,2024-08-06,739029.0,739103.0,2.251119386691063,1.0426932039045151,0.35605491705103814,0.04424468617439007
2024-08-12,739109.0331774331,0.6296976842148082,4.090439505083155,0.4277146771441759,-0.01812469142554891,0.004469415218244975,0.003309300505195744,-0.003004031051668902,2024-06-03,2024-08-06,739039.0,739103.0,1.5960871361210829,0.62428376371173,0.35605491705103814,0.01221519942988063
2024-08-11,739108.3627059049,0.45605047037934743,5.876418277992023,0.5069341460813312,-0.052832428376640525,0.004558186685223627,0.003572997155462026,-0.0028303281054341076,2024-06-10,2024-08-06,739046.0,739103.0,2.2946617391495456,0.8995155426253139,0.35605491705103814,0.01915564587271782
2024-08-11,739108.9712054243,0.8563429260365849,6.677314720971616,0.4171689526941018,-0.008296410544637403,-0.0012073842748329458,-0.0005616421700291648,0.0010688006642769312,2024-06-17,2024-08-06,739053.0,739103.0,2.3782660261645217,0.8812326667984072,0.35605491705103814,0.014948399521363693
2024-08-11,739108.2419287217,0.10412743584058508,7.6812992181838275,1.1297620525561927,-0.6140652463262073,0.005437992914685585,0.003312179838957867,0.004312914519738556,2024-02-15,2024-08-07,738930.0,739104.0,4.56991882930578,1.5307574164854085,0.36756583551717864,0.09385675356146748
2024-10-26,739184.4600681872,0.02911403840282279,14.47220136395669,8.684716977231815,-7.349349144919258,-0.02232911025374657,-0.02101434002356079,0.007548952119211067,2024-02-23,2024-08-07,738938.0,739104.0,2.578428840413113,0.6621331257408527,0.36756583551717864,0.0781124212900664
2024-09-17,739145.319836768,0.25612342949488426,6.236146215792171,0.8934739158376676,-0.2137783838227195,0.004039359751992093,0.003802090202152269,-0.0013640151394729249,2024-03-01,2024-08-07,738945.0,739104.0,1.5667545894564217,2.173623269160738,0.36756583551717864,0.10106362846824708
2024-10-15,739173.8259846537,0.13076695653412077,3.796941665696557,2.5348017816932904,-1.2322301384897738,-0.021794133333123123,-0.005712079996648655,0.021032270202092647,2024-03-08,2024-08-07,738952.0,739104.0,0.69850487092189,1.9472257968144049,0.36756583551717864,0.08875726183944198
2024-10-14,739172.7438493724,0.3833569624549972,9.488656199540621,0.7788460330428986,-0.08965976716663228,-0.0012585271982294974,-0.0011738446655971718,-0.00045384954525971773,2024-03-15,2024-08-07,738959.0,739104.0,1.7131194247391721,2.8782840109084633,0.36756583551717864,0.1134670556192768
2024-09-04,739132.2265925738,0.5154423215962533,4.920744879553723,0.535784624892963,-0.03406837832658359,0.0023893290265772885,0.0013381141311841534,-0.0019794806816865,2024-03-22,2024-08-07,738966.0,739104.0,1.3886126263575462,1.4935670621815291,0.36756583551717864,0.09221700230111021
2024-09-02,739130.9153344806,0.7333068152990257,7.897541982886135,0.4052464150413582,-0.007536366091723114,-0.0006418266307405437,-0.0006043256814640638,-0.00021617561067510172,2024-04-01,2024-08-07,738976.0,739104.0,2.1998619432662676,1.0902799661239277,0.36756583551717864,0.11036203469631713
2024-09-12,739140.2006065972,0.5919776463872227,8.998443077932434,0.48377319643013805,-0.01880034913632114,-0.0012895508163285082,-0.0012433055437320415,-0.0003422464504106578,2024-04-08,2024-08-07,738983.0,739104.0,2.1030313233994735,0.9591033053808239,0.36756583551717864,0.09601894561179984
2024-09-12,739140.0126881262,0.03254798348686761,3.3742891040867695,6.821428317882495,-5.722158757688994,-0.019031546246000338,-0.008159842496024828,-0.017193508163074717,2024-04-15,2024-08-07,738990.0,739104.0,0.7662673138870654,2.9001978461539104,0.36756583551717864,0.07547254664233892
2024-09-05,739133.8562674708,0.9254725553138459,12.189793068347587,0.4057266862027198,-0.003225910771327305,0.00017826155218774416,0.00016320163998507172,-0.00007171056891816486,2024-04-22,2024-08-07,738997.0,739104.0,2.9538209280357903,1.3739213682818725,0.36756583551717864,0.0867108784347912
2024-09-20,739148.8358473442,0.8176341396503242,7.302626240408634,0.5262407179609251,-0.007822926167512113,-0.0011300309263170298,-0.0009687270891296606,-0.0005818399446749071,2024-04-29,2024-08-07,739004.0,739104.0,1.3628451517577371,0.7751019786921345,0.36756583551717864,0.03364352996468873
2024-09-19,739147.4990911975,0.9093813785697389,4.550886583147268,0.5673920931002895,-0.0058748353966839115,-0.0009156210854736633,-0.0008799962175153553,-0.000252920203468677,2024-05-06,2024-08-07,739011.0,739104.0,0.8282890153338782,1.282123800714362,0.36756583551717864,0.05215533569382243
2024-09-14,739142.9291416936,0.7652780550928275,5.274566461717528,0.49097840215284577,-0.008754397896511652,0.0015279449426105558,0.0010238038633942016,0.0011342139996262971,2024-05-13,2024-08-07,739018.0,739104.0,0.9788289158963457,0.8312871501957421,0.36756583551717864,0.02385356973104408
2024-09-09,739137.9577301837,0.5774138394175118,3.25256781018689,0.33700332113770975,-0.003897401314676305,0.007809883717271632,0.0019926136346657187,-0.007551408781164532,2024-05-20,2024-08-07,739025.0,739104.0,0.6221767808963737,0.08859136410929862,0.36756583551717864,0.026304634461593538
2024-09-08,739136.9408960829,0.8574160255467578,7.155674549809961,0.49286390730510343,-0.006763545135559121,-0.0010985553687420338,-0.00027948108817327173,0.0010624096288839955,2024-05-28,2024-08-07,739033.0,739104.0,1.3086736919261492,0.7377232283977538,0.36756583551717864,0.014045430580334535
2024-08-17,739114.2125201816,0.9718420216644827,2.8290027062639638,0.3438933003120578,-0.0012341397014327762,0.00221561768913781,0.00018227322760853954,0.0022081073830132305,2024-06-04,2024-08-07,739040.0,739104.0,0.892988658815282,0.1913514733159648,0.36756583551717864,0.012110364174859764
2024-09-02,739130.1982532687,0.6003421767234961,2.0319259211937752,-0.6159946422675368,0.09989604429983466,0.0430174048038815,0.041369215392341716,-0.011793436050746377,2024-06-11,2024-08-07,739047.0,739104.0,0.3736892337181305,0.6861120865457532,0.36756583551717864,0.012334939866397682
2024-08-25,739122.2509693144,0.043254730815857075,2.81663066765139,-0.4547775074544697,0.6231620396847631,-0.09069548709703638,-0.07456715697437359,0.05162761354670407,2024-06-18,2024-08-07,739054.0,739104.0,0.5912703306301659,0.10551617089306732,0.36756583551717864,0.012097117154050138
2024-10-25,739183.6367369754,0.333379682289942,3.153084941462373,1.2551410888167276,-0.19796941229486645,0.012276514375487543,0.007740530247174956,-0.009528745809607993,2024-02-16,2024-08-08,738931.0,739105.0,0.5856915408528394,1.7050082118660415,0.37327198509403314,0.09195594178426943
2024-08-24,739121.1130640017,0.715101245200196,12.38665589801302,0.3853491918589553,-0.008063417570686097,0.0005343838494841097,0.00035547647317708575,-0.00039900197444002234,2024-02-26,2024-08-08,738941.0,739105.0,4.758863734758957,0.8711226135913301,0.37327198509403314,0.12145394342414056
2024-08-24,739121.7126683388,0.42099982211562625,10.074245367363481,0.5279527137478996,-0.05300280835985931,0.0026922009997094503,0.0025041475557951685,0.0009885298385186193,2024-03-04,2024-08-08,738948.0,739105.0,3.7538574181604725,0.822736544290831,0.37327198509403314,0.09070266572587213
2024-09-26,739154.3039846673,0.9618666176508042,4.93428751816189,0.4553177516985399,-0.0027275421705902467,0.0003852206483717129,0.0003321265611193607,0.00019515864144574915,2024-03-11,2024-08-08,738955.0,739105.0,1.096950404497856,1.380232713344601,0.37327198509403314,0.09589527917560088
2024-10-03,739161.5112836113,0.6492854253883799,14.86929835127025,0.5450259268247819,-0.015463451376238776,-0.0010579565982251798,-0.000661632274734775,0.0008255391551934295,2024-03-18,2024-08-08,738962.0,739105.0,2.985203369295893,0.6382396197940955,0.37327198509403314,0.09778474793565262
2024-09-06,739134.3423088043,0.12687639957332933,14.239607611153454,1.4762293744931219,-0.7247393231796941,-0.011133317442718546,-0.010456221251327395,0.0038233747427672323,2024-03-25,2024-08-08,738969.0,739105.0,3.918411097284569,0.5800161120778843,0.37327198509403314,0.07985502499384915
2024-09-05,739133.7684510446,0.9269733114192762,11.771200071418571,0.387181059689325,-0.00280249610397268,-0.0003470978102463649,-0.0003470923493740667,1.9470192121142656e-6,2024-04-02,2024-08-08,738977.0,739105.0,3.1764077386551035,0.6358279762940556,0.37327198509403314,0.10535541702187143
2024-08-20,739117.4127186441,0.9867245888220726,10.492979775161862,0.3485539475501969,-0.0020511552266284645,-0.00030167708952133786,-0.00006415096610720205,0.0002947774073594818,2024-04-09,2024-08-08,738984.0,739105.0,3.9658149261133144,0.6393715586732989,0.37327198509403314,0.10498581541611292
2024-09-30,739158.8824100753,0.34854869220125756,6.140796612904889,0.9749579399498683,-0.1515412441593079,0.0057236746758154875,0.0036854284873918688,-0.004379277184523949,2024-04-16,2024-08-08,738991.0,739105.0,1.110705417264085,1.5027773867308134,0.37327198509403314,0.06466801887565334
2024-09-16,739144.8393714713,0.24893501280432445,6.068827192418393,1.1217722398681331,-0.29988662926327464,-0.010125341082348173,-0.006963723003127804,-0.007350448555673072,2024-04-23,2024-08-08,738998.0,739105.0,1.2599796584265837,1.2148667733752503,0.37327198509403314,0.05120199353780532
2024-08-21,739118.9841615661,0.5105401517748159,10.711505248307338,0.4817427941035473,-0.03198141104241026,-0.0016807385692243074,-0.0014732745106344886,-0.000808915542187737,2024-04-30,2024-08-08,739005.0,739105.0,3.5768760070739076,0.9069364427057258,0.37327198509403314,0.06922673721287113
2024-08-30,739127.2429040602,0.908010458209759,8.06106663166399,0.4231269034031222,-0.004346241880689468,0.0008145887467099454,0.00039009802330487243,-0.0007151072356507875,2024-05-07,2024-08-08,739012.0,739105.0,2.110491365859107,0.6009991058539792,0.37327198509403314,0.05093843388585893
2024-09-02,739130.4442806274,0.762622435336535,6.991597309174386,0.4859062462156378,-0.010430047256685776,0.0018297434160863015,0.0014052374441067914,0.0011718654762349562,2024-05-14,2024-08-08,739019.0,739105.0,1.6435652787752368,0.6217692700959654,0.37327198509403314,0.021745596349958284
2024-08-23,739120.6500966753,0.4689683863730353,7.521964040966105,0.5461535021040448,-0.04828473917805078,-0.004635689040525055,-0.0005828887101906655,0.004598897001670769,2024-05-21,2024-08-08,739026.0,739105.0,2.154536556489823,0.6493934566394607,0.37327198509403314,0.035160095757429025
2024-08-10,739107.6390700104,0.974892710533436,13.61411115895057,0.3619313647739295,-0.0033179128907359855,0.0003923797835217652,0.00028244535901637754,0.0002723720134057405,2024-05-29,2024-08-08,739034.0,739105.0,7.212577476521752,0.6055163681003126,0.37327198509403314,0.05169365150341974
2024-08-12,739109.5345295146,0.5963931328874249,10.169307609780647,0.44208295882972964,-0.023079229686738634,-0.0020415418173586317,-0.00022585461756386959,-0.0020290102719673613,2024-06-05,2024-08-08,739041.0,739105.0,4.395213068803514,0.6629858797996567,0.37327198509403314,0.030277632975054647
2024-08-30,739127.8234288839,0.5420290571574026,9.012204488300693,0.6425149332993668,-0.04613936255480235,0.0032701441431903875,0.000011549249327793328,0.003270123748741372,2024-06-12,2024-08-08,739048.0,739105.0,1.795832052701829,0.8485867093429255,0.37327198509403314,0.011966406590587089
2024-08-17,739114.7756789017,0.4348463798575358,8.552314777280163,0.5844472799382159,-0.06887252794620384,-0.0032547317531243106,-0.002015054473042238,-0.002555940972610306,2024-06-20,2024-08-08,739056.0,739105.0,2.441660257233805,1.0759274920310986,0.37327198509403314,0.020943446524352764
2024-11-01,739190.5861970709,0.4390754678057579,3.2821376856504068,1.1488220070462696,-0.10245001812753567,0.008998113548585575,0.008850179670408161,-0.0016249206856746503,2024-02-20,2024-08-09,738935.0,739106.0,0.5776290730684032,1.5231509554812737,0.444632842532393,0.09515871429385031
2024-08-14,739111.3711649397,0.9789708860969528,3.563014178949044,0.351629847240957,-0.002361518820014994,0.0004548071606073762,0.00019275665741066896,-0.0004119398309991516,2024-02-27,2024-08-09,738942.0,739106.0,1.9569901873319315,1.4266463941737435,0.444632842532393,0.13439663384743325
2024-10-06,739164.0712770734,0.41421518777341937,10.139562589224399,0.7103526425089773,-0.06957973884462992,0.0022096709964862533,0.00007981549961001165,-0.0022082290186333786,2024-03-05,2024-08-09,738949.0,739106.0,2.1128952352277413,1.2863583725703822,0.444632842532393,0.11934445383616166
2024-08-24,739121.4987458276,0.024058485681615734,12.805847343023808,5.739352865294008,-5.000059804010181,0.013769521254961208,0.010285430599698907,0.009154760126273427,2024-03-12,2024-08-09,738956.0,739106.0,4.826670542830472,0.6822072424809691,0.444632842532393,0.08388804480322341
2024-10-14,739172.9678034146,0.07979140600273539,14.730929591065344,3.3103562529638917,-2.111422953398181,-0.01574038456430105,-0.014307578819478585,0.006561470456878893,2024-03-19,2024-08-09,738963.0,739106.0,2.6791594891512984,0.7265840565199095,0.444632842532393,0.0897524409936839
2024-09-16,739144.2197282021,0.5541345950419981,6.0601269949922365,0.56671556234917,-0.028833330185572572,0.001812349530136994,0.00035448579426304935,-0.0017773437036919676,2024-03-26,2024-08-09,738970.0,739106.0,1.4631119427452135,1.4547433642671614,0.444632842532393,0.11035491101628545
2024-10-05,739163.2872307888,0.1377336381207999,3.319565963628347,2.188928747054006,-1.0247825496605367,0.022242475215802592,0.0171086323454559,-0.014213458516265943,2024-04-03,2024-08-09,738978.0,739106.0,0.6201638441566204,1.9116453393814408,0.444632842532393,0.08784910918595895
2024-09-20,739148.6313329006,0.23998045415853758,6.576046098480599,1.103261023500757,-0.30023324079661284,0.008572460075354657,0.0067226739330046,0.005319090799568102,2024-04-10,2024-08-09,738985.0,739106.0,1.407718438391716,1.2780984993803555,0.444632842532393,0.08233263307611201
2024-08-15,739112.9282369366,0.5316103625939465,5.748084044056263,0.4544727207932096,-0.02816068558309407,0.0027446548289945406,0.00274017075993216,0.00015682581654771966,2024-04-17,2024-08-09,738992.0,739106.0,2.6160575983408774,0.9489117347574327,0.444632842532393,0.06706731446734583
2024-09-17,739145.9038032724,0.019913897785323712,2.237649209124329,21.39028473381863,-19.37721540169549,0.1115008303789508,0.05650453661332726,-0.09612321528802872,2024-04-24,2024-08-09,738999.0,739106.0,0.4641503065782542,1.5465983221999535,0.444632842532393,0.07285591604876845
2024-08-31,739128.6645785613,0.15529527005001456,12.642318592725369,1.2248639596028674,-0.5199341882503585,0.007508246734182552,0.003228507304683914,0.006778680520939571,2024-05-01,2024-08-09,739006.0,739106.0,3.3977122280628547,0.8506312572622873,0.444632842532393,0.06942103829218514
2024-09-04,739132.6386637711,0.09158265300256364,6.714346615426837,2.2007448716173403,-1.340888208797246,0.024106278324422283,0.022884172240403188,-0.007578081256233124,2024-05-08,2024-08-09,739013.0,739106.0,1.6051895140335115,0.7587031171223046,0.444632842532393,0.032520088598740504
2024-08-30,739127.8063066071,0.23409950341369795,8.306181456325568,0.927811680545179,-0.2644290027330968,0.011758468762870433,0.011195846903725649,-0.0035936888785392256,2024-05-15,2024-08-09,739020.0,739106.0,2.1126888270910116,0.6338075311350715,0.444632842532393,0.037303515355361694
2024-09-16,739144.03380757,0.7148460712585906,2.2690595587648623,0.16301003080731474,0.011211417829493166,0.010421223283083918,0.005932507847583685,0.008567802831195893,2024-05-22,2024-08-09,739027.0,739106.0,0.40590787170647713,0.3389288018361189,0.444632842532393,0.030258290557888496
2024-08-14,739111.2202368946,0.12627504730165076,3.5811179254095453,0.964428524140007,-0.44783256417739753,-0.026325489897725582,-0.01246900817911553,-0.023185237833250744,2024-05-30,2024-08-09,739035.0,739106.0,1.5280909749140408,0.599843732851169,0.444632842532393,0.01505143335953417
2024-08-25,739122.9052760904,0.7866122826831843,9.997799891926,0.486978704149944,-0.011091784633765145,0.0010214631058026039,0.0005633525776689098,-0.0008520685123566628,2024-06-06,2024-08-09,739042.0,739106.0,2.49126634708581,0.85434843240284,0.444632842532393,0.03083247012217285
2024-09-05,739133.7611447518,0.279790279545773,4.625088768614839,0.7244403770449086,-0.146429950885828,-0.014585411980543448,-0.010477705908726818,-0.01014652263252842,2024-06-13,2024-08-09,739049.0,739106.0,0.8216411287237494,0.6073286454236009,0.444632842532393,0.020273281586132504
2024-08-10,739107.0024525796,0.24817180698999636,14.285061260378855,0.6020876201362451,-0.1519996361292942,0.00569567587051623,0.005217939274937306,0.0022833819971804017,2024-06-21,2024-08-09,739057.0,739106.0,8.888675709202525,0.46362582327298346,0.444632842532393,0.0336330160620962
2024-09-07,739135.2964830063,0.25520837744458974,4.592797869555511,0.8714192689255813,-0.21356217460199917,-0.006172792946966871,-0.0026930977450339124,-0.00555433140007123,2024-02-21,2024-08-12,738936.0,739109.0,1.4804690901187971,1.9224728652618819,0.4551731245678252,0.1081266580827244
2024-10-12,739170.9980779162,0.43968191695461945,14.738250810579135,0.7465386016296122,-0.06415876600969446,-0.0025982215658594166,-0.0025197397487995124,0.00063377196499745,2024-02-28,2024-08-12,738943.0,739109.0,3.054604893656034,0.7366691462753836,0.4551731245678252,0.12592534798893
2024-09-25,739153.1219046589,0.10804257923185825,5.218919388458902,2.1987630587843623,-1.207657156868256,0.014305232548604595,0.0003259653205051498,0.014301518271829905,2024-03-06,2024-08-12,738950.0,739109.0,1.2682272482333021,1.7476847302197014,0.4551731245678252,0.09622972245356273
2024-10-21,739179.2945378267,0.5011473134331762,9.451024214612092,0.7071114924144463,-0.04281739558006165,-0.0005668250619236517,-0.00019645886750465909,-0.0005316902897397493,2024-03-13,2024-08-12,738957.0,739109.0,1.7317730004275793,4.005509201803687,0.4551731245678252,0.14627538809456464
2024-09-03,739131.6849219396,0.5788683467627801,6.932985287102736,0.48589954124861745,-0.02108346899617331,0.0002377765326054439,0.00010124128907544566,-0.00021514618482373744,2024-03-20,2024-08-12,738964.0,739109.0,2.207263988303457,7.403423683137189,0.4551731245678252,0.13698866861529543
2024-10-11,739169.8454979566,0.28211013480203545,3.812181490485661,1.3142674801693712,-0.28273852218885254,-0.01262583961015356,-0.002426270878086745,0.012390522002218901,2024-03-27,2024-08-12,738971.0,739109.0,0.7184808537429449,1.657180581741058,0.4551731245678252,0.0901019612264716
2024-09-11,739139.5901858453,0.801292026369276,13.78842474787159,0.44870438289410125,-0.006285405025822285,0.0005154300647040249,0.0002918598319719843,0.0004248364274424692,2024-04-04,2024-08-12,738979.0,739109.0,3.6388615289791417,0.7086628871837009,0.4551731245678252,0.12746134827714525
2024-09-10,739138.025136637,0.1897596387795389,14.443527062604394,1.1636652322441854,-0.40936529561387514,-0.00713154950123654,-0.0024187237519131635,-0.0067088578536527565,2024-04-11,2024-08-12,738986.0,739109.0,3.8064769801849745,0.7541499498848045,0.4551731245678252,0.08985180514144958
2024-08-18,739115.3992123184,0.005216525554589736,10.203701149078649,22.11981732747786,-21.45267437157869,0.012502024691773691,0.007828361838697163,0.009747685485085627,2024-04-18,2024-08-12,738993.0,739109.0,4.792517475563273,0.8772526671974566,0.4551731245678252,0.0752137024528301
2024-08-14,739111.6492619233,0.9372344938986199,3.4620260414306308,0.41746609583988187,-0.005105900622431766,-0.0014300869772393393,-0.0014068595117274485,0.000256700363715277,2024-04-25,2024-08-12,739000.0,739109.0,2.0613303924474256,0.966557821468995,0.4551731245678252,0.044563168496949544
2024-09-29,739157.5814422107,0.4490424218180117,8.493202696166648,0.8254729267781906,-0.07750739006344334,-0.005432727008868249,-0.005107789166481587,-0.001850678952076747,2024-05-02,2024-08-12,739007.0,739109.0,1.5291672940145806,0.7542947986070369,0.4551731245678252,0.04566856338127998
2024-09-07,739135.3931245495,0.7493645149732405,3.2752205325152683,0.5355541358842721,-0.011518298004832324,-0.0022062844772364493,-0.0015915692871381773,-0.0015279392653940757,2024-05-09,2024-08-12,739014.0,739109.0,0.7954181382467179,1.1944813603231197,0.4551731245678252,0.04451644707358016
2024-08-14,739111.2301459518,0.6932684846827529,8.891148470791245,0.41593334524280784,-0.012474677620145017,0.0013268113679343863,0.0007418410014148909,0.0011000456057362663,2024-05-16,2024-08-12,739021.0,739109.0,5.236179487341149,0.7331008833578885,0.4551731245678252,0.06499179322011278
2024-08-24,739121.3415562905,0.4445261901712715,10.413529263481008,0.5847969120639449,-0.05893818193761866,-0.00296670627550814,-0.0010787620925657244,0.002763624155485439,2024-05-23,2024-08-12,739028.0,739109.0,3.353334783039409,0.8480502692998878,0.4551731245678252,0.05210411138030577
2024-08-21,739118.5262235783,0.9426430096357223,5.457456180366643,0.4404587756275262,-0.005009818217346481,0.0012038561377808099,0.0007118218991973649,-0.0009708651730779021,2024-05-31,2024-08-12,739036.0,739109.0,1.875325485655076,0.718793879246786,0.4551731245678252,0.020317112249270346
2024-09-08,739136.9715861705,0.20344248411358584,12.265366793666004,1.4009552780411836,-0.49797229801490595,-0.009525256722818762,-0.005778776765665252,-0.007572070702800619,2024-06-07,2024-08-12,739043.0,739109.0,2.365553548590285,0.8671407668354246,0.4551731245678252,0.0241677092223934
2024-08-21,739118.9720680665,0.9120045050995125,4.10267981825369,0.4442378630660123,-0.0056664136686497835,0.0009864405460287612,0.000985894990658924,0.00003280271700881608,2024-06-14,2024-08-12,739050.0,739109.0,1.262771666539847,1.276928911424196,0.4551731245678252,0.024103062564026053
2024-08-31,739128.0758617425,0.7248909812511092,7.947378905835973,0.5696772260406507,-0.01797728562127826,-0.0016222485065847578,-0.0012066869424926575,-0.0010842494362157625,2024-06-24,2024-08-12,739060.0,739109.0,1.6091594567630054,1.010777376096034,0.4551731245678252,0.01138486657303291
2024-10-03,739161.4139285712,0.7721640128143821,13.710412633959908,0.5041114714866431,-0.00726921872869541,-0.0005881287804242194,-0.0005707671375237623,-0.0001418461740273963,2024-02-22,2024-08-13,738937.0,739110.0,3.2154761749821232,0.6961043312183466,0.6931471805599453,0.2683416025071053
2024-10-04,739162.5507930673,0.4150095293971864,11.419675938717539,0.7771697116530518,-0.07822887055429308,-0.0023683760017496423,-0.0010325174886424069,-0.0021314578394402268,2024-02-29,2024-08-13,738944.0,739110.0,2.590367509877963,1.2003853801478297,0.6931471805599453,0.2386341932305708
2024-10-30,739188.2557094094,0.5004567252075088,13.881299220520813,0.7928135586301056,-0.04836427722209925,0.0017512290310567338,0.0016889963404490705,-0.00046270344840464953,2024-03-07,2024-08-13,738951.0,739110.0,2.4504348423209423,0.9956762950656394,0.6931471805599453,0.24239098554493826
2024-09-22,739150.8577210952,0.8183470698985928,2.8929887247414134,0.7151180870581216,-0.01129409834559071,-0.0025757221523365643,-0.002337465563292983,0.0010819423951656212,2024-03-14,2024-08-13,738958.0,739110.0,0.7145268383549872,1.2403474060965576,0.6931471805599453,0.1508521372729802
2024-09-23,739151.182022359,0.9188999653828362,2.0670582134969795,0.8736053338171954,-0.009643949293968739,0.0034641346628134936,0.0006711311800388424,-0.0033985014199328528,2024-03-21,2024-08-13,738965.0,739110.0,0.4963435129367209,1.237586831545854,0.6931471805599453,0.14550015652152443
2024-09-10,739138.3147637246,0.06691976453713712,13.50999481386018,3.0147397227512656,-2.078157413388008,0.012947342166745675,0.012931563440777871,0.0006390118621182148,2024-03-28,2024-08-13,738972.0,739110.0,3.8068954682992397,0.7950547511009873,0.6931471805599453,0.17726649757169716
2024-09-13,739141.0966122475,0.7373362356680012,7.704315301273461,0.5051858596512925,-0.010266014575473055,0.00028065009924924675,0.0002806470704123998,-1.3038702196006537e-6,2024-04-05,2024-08-13,738980.0,739110.0,2.0169498525515235,3.5008072981044163,0.6931471805599453,0.24614521812911172
2024-09-12,739140.1476907571,0.9604578370504211,9.541648439846318,0.4413642281314843,-0.0029005494254119063,0.00011004028562618654,0.00010373196004033076,0.000036722539766251726,2024-04-12,2024-08-13,738987.0,739110.0,2.4681729520922078,2.6532822693267475,0.6931471805599453,0.24085612284907848
2024-09-19,739147.9718615637,0.09956016352985622,10.849637310973485,2.5623279237595415,-1.493767386754306,0.01802092713783719,0.007658557373112859,0.016312581459412716,2024-04-19,2024-08-13,738994.0,739110.0,2.4173523462401616,0.7606348565068397,0.6931471805599453,0.13793380281328815
2024-09-19,739147.7080047182,0.7401107205480711,10.738572534178171,0.5697830682543207,-0.012172128971402765,0.0011124456989620342,0.0006882134306333398,0.0008740124181240323,2024-04-26,2024-08-13,739001.0,739110.0,2.3219309384149276,0.754115494536361,0.6931471805599453,0.16926882438047247
2024-08-23,739120.9214652424,0.9396998473310176,11.28323456503258,0.42265687561367304,-0.003879904995472884,0.0003795435748988485,0.0002563238864932475,0.0002799131837909651,2024-05-03,2024-08-13,739008.0,739110.0,4.194880595887677,0.8513634219584929,0.6931471805599453,0.19737924285778868
2024-09-24,739152.4159390164,0.08647924653120455,11.281588547951314,3.2986071219527267,-2.0776364851672637,-0.025069569044145437,-0.020693614289230867,-0.01415124092465799,2024-05-10,2024-08-13,739015.0,739110.0,2.110613197072969,0.6352787603657514,0.6931471805599453,0.1219496408338099
2024-09-03,739131.9791514631,0.7755473472020733,8.029305579091325,0.5518255149908837,-0.012136828632818899,0.0020453876169573308,0.0011914986590750392,-0.0016625105861391603,2024-05-17,2024-08-13,739022.0,739110.0,2.057675985536628,0.5731389551686633,0.6931471805599453,0.1100480856295212
2024-08-26,739123.8164122067,0.13395218325830863,8.022193132763753,1.5973929586050868,-0.7973548396523775,-0.02112411107874025,-0.019643236559994014,-0.007769898732613643,2024-05-24,2024-08-13,739029.0,739110.0,2.4591712413366236,0.6302747012417673,0.6931471805599453,0.0841651645349909
2024-08-25,739122.2339192001,0.8317320692918553,5.5352124235797895,0.5056565871498149,-0.009504127439559754,0.0018276967572575511,0.0017840499231278207,-0.0003970406884405986,2024-06-03,2024-08-13,739039.0,739110.0,1.6891833573729933,0.7813709563598168,0.6931471805599453,0.09951835805601153
2024-08-30,739127.389592594,0.4432115998297389,13.399756121173645,0.7832162428561943,-0.09204383186447104,0.003829241155641339,0.001107106467220025,0.0036657063573473825,2024-06-10,2024-08-13,739046.0,739110.0,3.2914603685962627,0.795053212309828,0.6931471805599453,0.08768082244952874
2024-08-18,739115.9355496349,0.8740079860078211,14.90978954054862,0.4928393083665629,-0.009534151681003477,-0.0007692883365249297,-0.00018308781546752813,-0.0007471836431163509,2024-06-17,2024-08-13,739053.0,739110.0,5.602934011389083,0.7265019706199286,0.6931471805599453,0.09130181027712062
2024-08-18,739115.9075567024,0.9628171301488233,11.15654834646499,0.4995382785104,-0.007464739483543738,0.0004543029083190206,0.00045234938711278524,-0.00004208520507028525,2024-06-25,2024-08-13,739061.0,739110.0,3.9585999454878533,1.418022413059089,0.6931471805599453,0.08034226983694759
2024-09-15,739143.9973940736,0.15796941768557773,6.194349349519322,1.4397698430337866,-0.5965195978284292,0.0009152885681866649,0.0004386804820126438,-0.0008033135114974412,2024-02-23,2024-08-14,738938.0,739111.0,1.8055408520443466,16.620496775052924,0.5087573707019316,0.2293047638706568
2024-08-27,739124.3440746802,0.8698110312537273,7.675745062453064,0.40762977738151346,-0.004200452855036623,-0.0004570565998776337,-8.429046373099818e-6,0.00045697886895232066,2024-03-01,2024-08-14,738945.0,739111.0,3.174087457171145,1.0414309961647623,0.5087573707019316,0.28115079413734256
2024-08-31,739128.0431998881,0.43503182217884173,14.18561367232957,0.6011829844640497,-0.057613005075503654,-0.0029345738027937948,-0.001666786489295622,0.0024152735255339526,2024-03-08,2024-08-14,738952.0,739111.0,5.271704723097976,0.6020719446169679,0.5087573707019316,0.2137323518657887
2024-09-10,739138.5489488348,0.5853848478446159,8.354984883139428,0.5459168406878341,-0.023349801822566317,0.0005273258926670088,0.0004905493002585718,-0.00019347863213513622,2024-03-15,2024-08-14,738959.0,739111.0,2.4925703166284823,3.1024151382505347,0.5087573707019316,0.2625867738869056
2024-09-20,739148.8126097311,0.6993481962312872,3.5920830134263397,0.6810567504876396,-0.018708797058939856,0.002980749788041411,0.0028462224920037904,-0.0008853738334289366,2024-03-22,2024-08-14,738966.0,739111.0,0.9008922043569686,1.2219893943996984,0.5087573707019316,0.15908636202381102
2024-09-25,739153.9643037355,0.4139774837377327,11.155782820611513,0.770826898002958,-0.08028130207324818,-0.002392358596670618,-0.0017135512071283577,0.0016694675545253217,2024-04-01,2024-08-14,738976.0,739111.0,2.5233614570925673,1.245273652880883,0.5087573707019316,0.23815063913308374
2024-10-12,739170.5436938001,0.038253334485757635,13.777615746542494,7.4129905856364156,-5.991860508202895,-0.015384977557534558,-0.0022844188762931863,-0.01521443278086558,2024-04-08,2024-08-14,738983.0,739111.0,2.5157747031095252,1.0813344939727234,0.5087573707019316,0.20377315474031632
2024-10-04,739162.7236527123,0.1889887893708933,11.454634513781944,1.6948833746017278,-0.6079087787172293,0.005716673450083881,0.0052545892387663076,-0.002251587721305849,2024-04-15,2024-08-14,738990.0,739111.0,2.198207254344345,1.754485714571997,0.5087573707019316,0.19267421020605885
2024-09-13,739141.4608787518,0.26873705703325174,12.958261688374579,1.0707055099195566,-0.25736842182450004,0.0007420017143891966,0.0007364514051444752,0.00009058626837018402,2024-04-22,2024-08-14,738997.0,739111.0,3.2102162527241256,7.193349496330426,0.5087573707019316,0.18112241494158282
2024-08-15,739112.4371188749,0.36204338190859137,6.180668480829269,0.5999258607553433,-0.0910127587180401,-0.0067884604603721645,-0.0015791405217365823,0.006602235275620355,2024-04-29,2024-08-14,739004.0,739111.0,4.252987151913345,0.7853371633126576,0.5087573707019316,0.11059769327253599
2024-09-10,739138.8763402997,0.7206760208144812,14.55850179925208,0.5552023833032613,-0.013678237744873332,0.0009303130028499136,0.0006839352544340847,-0.0006306463755654251,2024-05-06,2024-08-14,739011.0,739111.0,3.5295398864128953,0.7278207690761803,0.5087573707019316,0.1931021370352289
2024-09-07,739135.6522839456,0.5842490865509179,8.611479346071558,0.6459235888865722,-0.03370760330520217,-0.004124994930074858,-0.002577985210076806,0.0032201825149777664,2024-05-13,2024-08-14,739018.0,739111.0,2.1419980788980735,0.554401929188003,0.5087573707019316,0.12351292679380808
2024-09-17,739145.5188180561,0.6745906726666532,14.005341254989823,0.6246612776344064,-0.019540553455681765,-0.00026046217697026395,-0.0002564224753190724,0.00004569529279180503,2024-05-20,2024-08-14,739025.0,739111.0,2.786945674062251,3.613589626868532,0.5087573707019316,0.18419444108393948
2024-09-10,739138.5654431508,0.7687277268013397,10.084979499532007,0.6246377577523526,-0.014687981232530714,-0.0020686087724988015,-0.0009724983597559164,0.0018257571563411845,2024-05-28,2024-08-14,739033.0,739111.0,2.1552426940156058,0.5412292666655567,0.5087573707019316,0.09644404492796657
2024-08-23,739120.4642256793,0.9788361073799801,14.857949885830772,0.4697121581644586,-0.0047347146873853935,0.0005482675145375886,0.00004946569437652633,0.0005460315124395973,2024-06-04,2024-08-14,739040.0,739111.0,5.061187145435564,0.5689215590890859,0.5087573707019316,0.14472002917268842
2024-09-11,739139.537772267,0.29138711669811995,11.287557526447404,1.3085303820464296,-0.31518471598592906,0.012725557955563377,0.011943335634024792,0.004392784904071216,2024-06-11,2024-08-14,739047.0,739111.0,2.113347069950118,0.639379467569077,0.5087573707019316,0.059658098949460274
2024-08-17,739114.2882079087,0.6759540999519159,9.811710304356348,0.543156781023173,-0.025371267681448807,-0.0017716174911729886,-0.00027958388691714397,0.001749417441666331,2024-06-18,2024-08-14,739054.0,739111.0,4.542320638223155,0.9866081474868937,0.5087573707019316,0.07793737199204695
2024-08-27,739124.3356060804,0.7852430976162541,3.7391068082373233,0.7218392565506025,-0.02564292398894331,-0.0038540603858218054,-0.0022447030766161126,0.003132904332307497,2024-06-26,2024-08-14,739062.0,739111.0,0.917696727242597,1.3972859322381828,0.5087573707019316,0.06156138732736326
2024-10-05,739163.2529035978,0.9391079576871402,12.122635120796792,0.47876207924407055,-0.00287231533711637,-0.0002499392769356535,-0.00003763830328549917,0.00024708905334090795,2024-02-26,2024-08-15,738941.0,739112.0,2.830480753067639,0.8902584309059886,0.5247774298861154,0.3390445522753865
2024-09-14,739142.0731698396,0.5899379730606781,11.888650164791908,0.5657787100665951,-0.023630600915886944,-0.0017878291013465595,-0.00035846495182038435,-0.001751523843382686,2024-03-04,2024-08-15,738948.0,739112.0,3.528082962928297,0.6558772505990701,0.5247774298861154,0.2585368486664122
2024-10-28,739186.2551048879,0.3228980242864448,10.185818880681708,1.1185536206548554,-0.18248225706037077,0.0019165881057227904,0.0018418267269192054,0.0005300794987585929,2024-03-11,2024-08-15,738955.0,739112.0,1.8416204025500498,3.0182922844764106,0.5247774298861154,0.28559794495591545
2024-10-14,739172.7031072724,0.06587728048143628,11.62539074247935,4.37930148572735,-3.030679816419055,0.008748330805819353,0.006445729317656785,-0.005914885075092133,2024-03-18,2024-08-15,738962.0,739112.0,2.3025387649019615,1.9631024422308696,0.5247774298861154,0.24343095402418888
2024-09-27,739155.2083105361,0.30940410480142383,4.055616654628487,1.229386945426058,-0.24091032372851526,-0.014274068980113313,-0.006768194581858065,0.012567441559487767,2024-03-25,2024-08-15,738969.0,739112.0,0.9429260711638872,1.2875876228245766,0.5247774298861154,0.15360734039262613
2024-09-18,739146.6416642605,0.7149678250010177,6.18093070519946,0.5680180637052036,-0.013351864377460701,0.0011145878050747614,0.0007539380530856973,-0.0008209040061607219,2024-04-02,2024-08-15,738977.0,739112.0,1.562777326607154,1.3856713852066276,0.5247774298861154,0.265868287136426
2024-08-31,739128.5004005936,0.7950072944146429,13.283254983224863,0.4658527371728373,-0.00755991224338962,-0.0005629281096187643,-0.0005501102298177512,-0.00011944367563339827,2024-04-09,2024-08-15,738984.0,739112.0,4.5873712099138,0.8037674648511066,0.5247774298861154,0.2614412579289666
2024-08-30,739127.6492943625,0.04676949084647198,5.380092735189608,4.228034078028448,-3.291398183360731,0.016389675436867708,0.016359816465057655,0.000988871152118997,2024-04-16,2024-08-15,738991.0,739112.0,1.8555266035577809,1.745753623747462,0.5247774298861154,0.1432823081674367
2024-08-16,739113.2137592249,0.40715604998358257,2.792917826133092,0.6058358690507996,-0.07779457959484837,0.005518537112443633,0.005384291907758553,0.0012098150740768104,2024-04-23,2024-08-15,738998.0,739112.0,2.0238686133868082,2.055077030012968,0.5247774298861154,0.126854630471973
2024-08-22,739119.8663493039,0.9666911618298004,13.318332326136888,0.4241801484638776,-0.0034299023526616146,-0.0001405225863382512,-0.00005448997030539542,-0.00012952775921519057,2024-04-30,2024-08-15,739005.0,739112.0,5.683229205488963,1.7716320249004565,0.5247774298861154,0.24349867987430396
2024-09-05,739133.6323798316,0.7737306996534037,5.208573567011993,0.5803520045769558,-0.012967389830101601,0.002083744292364308,0.00136076646580627,-0.0015780699925852287,2024-05-07,2024-08-15,739012.0,739112.0,1.4314757046393791,0.9244409389068481,0.5247774298861154,0.14492289652737667
2024-09-17,739145.7505129498,0.15194018814387292,12.201544220114572,1.821891627803536,-0.8100195417683339,0.013289378829765287,0.013193218780568184,0.0015957969448137112,2024-05-14,2024-08-15,739019.0,739112.0,2.5696185072458815,0.759012059741886,0.5247774298861154,0.14805089698203874
2024-09-25,739153.0623187491,0.913534064329113,10.12422122789232,0.6162093832448563,-0.00623883695137689,-0.0007482986320061468,-0.0001813119167932058,-0.0007260005726520087,2024-05-21,2024-08-15,739026.0,739112.0,1.8201256090845506,0.7523012858600865,0.5247774298861154,0.16285941681119065
2024-09-01,739129.3986868139,0.9680570614204131,2.4512499147972573,0.615125196064761,-0.0067079183773081,0.0022131072489539557,0.0018608585364990155,-0.0011979353916264806,2024-05-29,2024-08-15,739034.0,739112.0,0.6638700652082185,1.1970124690207904,0.5247774298861154,0.08819461208989565
2024-09-18,739146.0716511081,0.6969495652618279,5.192912439312261,0.7611848037488267,-0.025197566211962324,0.0025317349677230414,0.0021407668844402945,-0.0013515913188813344,2024-06-05,2024-08-15,739041.0,739112.0,0.930760006568431,1.3357669900357574,0.5247774298861154,0.09625225375669898
2024-09-02,739130.9345171816,0.6134421394950614,8.255589931530025,0.7015818563345733,-0.03776641608504405,0.0034711459038250215,0.0023869556578678076,-0.0025201778851926477,2024-06-12,2024-08-15,739048.0,739112.0,1.9407419273680069,0.8084597404758168,0.5247774298861154,0.07453945624157568
2024-08-17,739114.5168499473,0.6521570875037609,5.998837057355802,0.5520043002896179,-0.02798195471532674,0.0020392347285866606,0.0020379468769306207,-0.00007246243911600687,2024-06-20,2024-08-15,739056.0,739112.0,3.003919188651305,1.4917497838765064,0.5247774298861154,0.0770770692053334
2024-08-29,739126.1309834713,0.49844130444250545,5.265647273801176,0.8454631032095877,-0.0891359237263716,0.006145064305198847,0.0015522933368194076,0.005945771666612756,2024-06-27,2024-08-15,739063.0,739112.0,1.2544340095432678,1.3730570978150747,0.5247774298861154,0.060534540115189744
2024-10-20,739178.5247418128,0.4428593399026276,5.319793882490806,0.9962943890584844,-0.08981445896073711,-0.006563817856957661,-0.006522888652364473,-0.0007318664414843984,2024-02-27,2024-08-16,738942.0,739113.0,1.086808703266302,1.1390970828569458,0.5393407940740117,0.19513466498645146
2024-10-22,739180.838666968,0.19571422312528536,11.132688241793716,1.7073956742196066,-0.5711239675220521,-0.0069809221491559815,-0.005122478120524988,-0.004742730432706391,2024-03-05,2024-08-16,738949.0,739113.0,2.177409134912162,1.4382683779621677,0.5393407940740117,0.2771979852048945
2024-10-03,739161.6057627606,0.4946445394176461,3.168989697921487,1.1125737843112093,-0.08584082477323608,-0.010857116354266444,-0.0037589990008905804,-0.010185622319788985,2024-03-12,2024-08-16,738956.0,739113.0,0.7273978448665416,1.2341040608350866,0.5393407940740117,0.14853971982519729
2024-10-10,739168.3947682318,0.7463340272731444,3.1392345410118203,0.9626314332870467,-0.020704017935588334,-0.004172266933166105,-0.0015130789610034007,-0.0038882391155071945,2024-03-19,2024-08-16,738963.0,739113.0,0.6547325182052338,1.1797555461572338,0.5393407940740117,0.15106711037444534
2024-09-16,739144.1760347362,0.296926819766894,13.379582912637261,0.9669898458526841,-0.19416679069411888,0.0036432172338643986,0.0017276778255014735,-0.003207516351384207,2024-03-26,2024-08-16,738970.0,739113.0,3.663501566035021,1.1827602933731167,0.5393407940740117,0.24847375393298074
2024-09-08,739136.2712763317,0.7920162993854654,4.825530899168857,0.5368048433903208,-0.009517799878469917,0.0013740196874844632,0.00005321890718707436,-0.001372988656002921,2024-04-03,2024-08-16,738978.0,739113.0,1.4723392413678795,1.136927135226284,0.5393407940740117,0.25000924064562596
2024-08-26,739123.1940937805,0.33606896361116184,7.566091542854126,0.7139959916227385,-0.11854846744174516,0.00309491895612052,0.0002872128057499655,0.0030815632638593305,2024-04-10,2024-08-16,738985.0,739113.0,3.1391196955983998,1.7013884413308258,0.5393407940740117,0.19489431898305154
2024-09-19,739147.7618899496,0.7443560026679904,5.150636442525272,0.6637450280894344,-0.015567549560452504,0.0022404385938561864,0.002240156673414347,-0.00003554112262509911,2024-04-17,2024-08-16,738992.0,739113.0,1.2294655192995558,1.0041694634454597,0.5393407940740117,0.1481500552723794
2024-09-09,739137.7522295872,0.8402659907223067,11.496408978506354,0.5197737884954224,-0.007079833552770274,-0.00012081067120428892,-0.00008267761662105212,-0.00008808876197729838,2024-04-24,2024-08-16,738999.0,739113.0,3.1540075331680173,4.283239226729492,0.5393407940740117,0.2505939225189714
2024-08-18,739115.1552216151,0.55139650071506,5.563827158781774,0.5440556656265852,-0.03575381634313581,0.005334931868936404,0.004640773764703857,-0.002631485685127256,2024-05-01,2024-08-16,739006.0,739113.0,3.4755204899714185,0.6641771082622834,0.5393407940740117,0.12164960078102678
2024-08-18,739115.9914755467,0.125027852037817,13.242107377300322,1.275694035885538,-0.6373725729797827,-0.004268403215059715,-0.00019009165379793458,-0.004264168285784279,2024-05-08,2024-08-16,739013.0,739113.0,7.458354251975213,1.409865222634382,0.5393407940740117,0.11458011896604199
2024-08-31,739128.587115781,0.846371006227004,3.318555506269479,0.5806756750571195,-0.010215792601365105,-0.002428790083659644,-0.0024286594006246625,-0.000025194964593667866,2024-05-15,2024-08-16,739020.0,739113.0,1.025224413676004,1.0727382783819155,0.5393407940740117,0.10311070164927895
2024-08-24,739121.4472682858,0.537108122143433,6.7837264859537605,0.63294063483085,-0.046775587507616255,0.006218314159176495,0.0001824982473160139,-0.006215635556557459,2024-05-22,2024-08-16,739027.0,739113.0,2.606522317252779,0.5955798308880058,0.5393407940740117,0.09902337609116976
2024-09-16,739144.0477579363,0.6307485920107955,3.6487678608405067,0.8077025586892447,-0.035570633651125116,0.005307373918558511,0.0034312926344516473,-0.004049005898755027,2024-05-30,2024-08-16,739035.0,739113.0,0.7295342190102525,1.1585691809584187,0.5393407940740117,0.08873580807627963
2024-09-02,739130.7763651414,0.5188918422355456,10.718067881793115,0.7687955320749384,-0.06340843110449904,-0.003179799158110749,-0.0029061186436444802,0.0012905801466719508,2024-06-06,2024-08-16,739042.0,739113.0,2.7434078642005555,0.9654008067073327,0.5393407940740117,0.11041366507483423
2024-08-28,739125.2285593958,0.5083733894856707,7.0096903398416215,0.7197585595712906,-0.06345862897719548,0.00559617653259385,0.005209159133742048,-0.0020449579221357857,2024-06-13,2024-08-16,739049.0,739113.0,2.0415548149663,0.8224002914842596,0.5393407940740117,0.0703468405062213
2024-08-22,739119.0997551673,0.7255876339543085,8.318791043798157,0.5861634083831635,-0.02224590193008884,-0.000962149558068587,-0.0009283333251718286,0.00025284186652331373,2024-06-21,2024-08-16,739057.0,739113.0,3.0722792458744563,2.0166804609406785,0.5393407940740117,0.08571038645542012
2024-09-04,739132.0010858782,0.7646073892107772,9.411728994789598,0.6786010095283305,-0.019823165929063486,-0.0015808712342099092,-0.001348786422170426,-0.0008245781021353059,2024-06-28,2024-08-16,739064.0,739113.0,1.909893330551597,1.0186983354328338,0.5393407940740117,0.07242195297927144
2024-08-24,739121.2503275442,0.758008331369427,10.959602271970093,0.4390993995125022,-0.008150040523708744,0.0008161951072180579,0.00020354868762981906,-0.0007904064680978234,2024-02-28,2024-08-19,738943.0,739116.0,6.148391776493374,0.6906292476405638,0.5393407940740117,0.3290409091406986
2024-08-29,739126.584846516,0.04081598607077131,2.0250356313341675,4.793315747980775,-3.8441412444499035,-0.0319579161710012,-0.00957872726349188,-0.030488627224005645,2024-03-06,2024-08-19,738950.0,739116.0,0.9070583788167973,2.424479448558228,0.5393407940740117,0.14086521965722873
2024-09-27,739155.5049031996,0.029523375345026144,11.647078027255487,8.472080293074203,-7.193184117610636,0.0207668472791074,0.010067388658720915,-0.018163414643398632,2024-03-13,2024-08-19,738957.0,739116.0,2.992576820692092,0.8780103403329981,0.5393407940740117,0.21920882157239618
2024-10-17,739175.0107773346,0.6741945165300646,12.273114764910646,0.6683533008002388,-0.0168369730199518,-0.0005954500237769753,-0.00042902816370022403,0.0004129110867584137,2024-03-20,2024-08-19,738964.0,739116.0,2.4889078523609447,1.553277744447393,0.5393407940740117,0.34332880141523914
2024-09-05,739133.3289376136,0.7932770650647352,2.484187834559353,0.6352429022367263,-0.012895389955539995,0.003297841958745287,0.003247336135505652,0.0005749518309390535,2024-03-27,2024-08-19,738971.0,739116.0,0.8845420598237526,1.2486626120264712,0.5393407940740117,0.1515016387780189
2024-10-06,739164.1541278125,0.11199752558572998,5.530390981953142,3.0793169714100324,-1.6912595504913979,-0.02877141591685664,-0.028128609649672006,0.006047784142736127,2024-04-04,2024-08-19,738979.0,739116.0,1.1854225553801885,1.1904238487657912,0.5393407940740117,0.16263038836438118
2024-10-04,739162.6777318208,0.2645365996365279,6.245157130941319,1.4538507544735582,-0.3592261368497233,0.014232533252055637,0.0137342902781195,-0.0037328639577704457,2024-04-11,2024-08-19,738986.0,739116.0,1.323004061206826,1.0691240955774777,0.5393407940740117,0.16566808346031542
2024-09-09,739137.9855566325,0.879205751760221,2.526671626240901,0.7403079221852109,-0.011483797661634685,0.0032066114466655325,0.0032040994373859883,0.00012690061161875387,2024-04-18,2024-08-19,738993.0,739116.0,0.7585213704426168,1.2461803832002951,0.5393407940740117,0.11971710451878755
2024-08-25,739122.0063226775,0.5434244449191225,12.130153384010491,0.5708813901351605,-0.035532293855768914,0.0010355437126117592,0.000037059862440395486,-0.0010348803541113578,2024-04-25,2024-08-19,739000.0,739116.0,5.813460213540059,1.5371904826071354,0.5393407940740117,0.1981438649754165
2024-08-28,739125.9355565783,0.9996079930713655,2.5640128233670967,0.5841137842277974,-0.005975356842511847,0.001967196860689257,0.001811584309185907,-0.0007668283898090158,2024-05-02,2024-08-19,739007.0,739116.0,1.0130314253250554,1.1842013467684815,0.5393407940740117,0.11032879145899138
2024-08-30,739127.117528601,0.2569417232749654,2.021723108760068,1.0088405723448983,-0.2556912740993424,-0.024777441150900217,-0.004666699837621218,-0.02433399890301366,2024-05-09,2024-08-19,739014.0,739116.0,0.7464691842727827,1.3115124307674162,0.5393407940740117,0.0962540755546726
2024-09-04,739132.978570938,0.7767799974197145,13.437463621464229,0.556992807045209,-0.011524447658976795,0.0008725054665615243,0.00045513862006906863,-0.0007443887597897804,2024-05-16,2024-08-19,739021.0,739116.0,4.034232996921616,0.7635415852813141,0.5393407940740117,0.2150634749608861
2024-09-22,739150.165344509,0.9039128010461546,6.770967404427751,0.6549997525710138,-0.0076248069637101555,0.0010600847756132266,0.0008483268321949312,0.0006357053698570257,2024-05-23,2024-08-19,739028.0,739116.0,1.3730806540465335,0.9602052351655098,0.5393407940740117,0.14065780297494396
2024-09-08,739136.3801183759,0.878518353853281,10.66190389855037,0.6061615966383215,-0.009032272716250836,-0.0013200485464734406,-0.0008870114389513269,-0.0009776189811046734,2024-05-31,2024-08-19,739036.0,739116.0,2.7055362657533935,0.5637975888424278,0.5393407940740117,0.13210075941459015
2024-08-23,739120.1250412303,0.977086198091677,10.019074295146442,0.5116372622721533,-0.006028144799374057,0.0008445835576786999,0.000056288169314989926,-0.0008427057777755995,2024-06-07,2024-08-19,739043.0,739116.0,4.669506760414869,0.6960594516040861,0.5393407940740117,0.1256163762562117
2024-09-14,739142.7898446644,0.5332956910448342,8.498103659327656,0.9131377292260949,-0.06959789579145806,-0.0006839698938777718,-0.0005021483350535625,0.00046439408408603303,2024-06-14,2024-08-19,739050.0,739116.0,1.6802490009459357,6.385650924781903,0.5393407940740117,0.10444151632154715
2024-08-27,739124.9093608273,0.04290543917967438,14.204269482155604,5.345024988830402,-4.322349957285656,0.009307486606714712,0.0017276608660801909,0.009145736431036527,2024-06-24,2024-08-19,739060.0,739116.0,4.489459732176091,1.402752189196572,0.5393407940740117,0.07079869258014569
2024-08-23,739120.2189397063,0.4415276331767469,3.480344680856742,0.8224513034877843,-0.1166119408677076,0.009731969451140863,0.009224043327445343,0.0031029428114855797,2024-07-01,2024-08-19,739067.0,739116.0,1.4040782529598694,1.5201201607858257,0.5393407940740117,0.05766252493071212
2024-09-13,739141.5214517235,0.25209208781058573,4.665632608349398,1.1028447289681735,-0.28440337766310314,-0.010704244419742508,-0.002381092450368745,-0.010436055161812131,2024-02-29,2024-08-20,738944.0,739117.0,1.549198950577233,1.4355800360997413,0.53208562319284,0.23175995583647963
2024-10-12,739170.3890107112,0.5142102940491232,9.84687874882103,0.7761672712510196,-0.046301633032353545,-0.0014672056182137665,-0.0011240615380480937,0.0009429623453770542,2024-03-07,2024-08-20,738951.0,739117.0,2.2148030444878324,1.6479631782521855,0.53208562319284,0.34095074712781925
2024-08-23,739120.8316980108,0.8825134821555509,2.1614493852822285,0.5308257806847824,-0.007822526403005285,-0.002577482754787529,-0.00027892946717317615,-0.0025623457423949616,2024-03-14,2024-08-20,738958.0,739117.0,1.2898168009759707,1.2391604627801118,0.53208562319284,0.16453537147524752
2024-09-18,739146.2023230263,0.6178440582677535,8.963722398262163,0.6047606391912408,-0.022292192277314042,-0.000413090389407225,-0.00020710004326376607,0.00035742585510950244,2024-03-21,2024-08-20,738965.0,739117.0,2.604104903587634,3.7196164988713627,0.53208562319284,0.34020940467087174
2024-08-22,739119.926644472,0.4124846365318543,12.921472712258694,0.6152661610750801,-0.06947914384495371,0.003853039311156604,0.0023093741381528974,0.0030842670155725362,2024-03-28,2024-08-20,738972.0,739117.0,8.067425291316367,0.5756344547565375,0.53208562319284,0.20399952784089165
2024-09-10,739138.2064929395,0.02473745346641821,11.760608343652496,8.719098319455638,-7.618391340628966,-0.012621406127349178,-0.010867572224565206,0.006418392834296309,2024-04-05,2024-08-20,738980.0,739117.0,3.7614749814046595,1.2696404175572114,0.53208562319284,0.19510939885832135
2024-09-16,739144.9000393559,0.4938968316635056,3.714330837316492,0.8903347297816594,-0.07355113911741894,0.007695229317994211,0.007169905947082308,-0.002794459333486783,2024-04-12,2024-08-20,738987.0,739117.0,1.0246675653851187,1.2709354486077857,0.53208562319284,0.13445209837220556
2024-10-09,739167.106575505,0.5624636715365202,12.449434295780177,0.8277970217088098,-0.04213386431907496,0.0018549257992323527,0.0007531149299981957,-0.0016951600581867174,2024-04-19,2024-08-20,738994.0,739117.0,2.456437326708868,1.0262415890251302,0.53208562319284,0.23590728350930795
2024-08-28,739125.851578157,0.6932399094738556,10.09649548344438,0.5371865257117128,-0.016287990822527746,-0.0010133218788112815,-0.0007670743911827014,0.000662131488806652,2024-04-26,2024-08-20,739001.0,739117.0,4.252727842030348,1.1036541427219149,0.53208562319284,0.2267664103128463
2024-10-09,739167.3823221683,0.5570620493319661,7.014325878262169,0.961577334081434,-0.05470793774075091,-0.004844305971889581,-0.004827654470678842,-0.00040131366911637465,2024-05-03,2024-08-20,739008.0,739117.0,1.2856786310469572,0.8968842794262675,0.53208562319284,0.12188555720470592
2024-08-21,739118.0684246315,0.3951458534545801,13.803225549691822,0.630020645345191,-0.08017837084102476,0.0003776616874539226,0.00027288874693710515,0.00026107485893061573,2024-05-10,2024-08-20,739015.0,739117.0,10.03787142172699,6.077586413942341,0.53208562319284,0.15844579182613278
2024-10-05,739163.685525451,0.14632230934379556,3.9217818355761427,2.5032051560468576,-1.1359310350566527,-0.04214241220388544,-0.008072562219142996,0.04136201936052276,2024-05-17,2024-08-20,739022.0,739117.0,0.6929395146762398,1.00567971566514,0.53208562319284,0.08927254461618907
2024-09-29,739157.8070163677,0.5051962617673073,5.416674566978283,0.9999978164996259,-0.07716867134553586,0.006369368484931381,0.0006586724540281319,0.0063352194512220055,2024-05-24,2024-08-20,739029.0,739117.0,0.990939661626112,1.1299833190188768,0.53208562319284,0.09519699760504154
2024-09-01,739129.2635545755,0.19852461902564694,14.022015947547018,1.366497751341397,-0.500240585024089,0.0066323677076693946,0.003939964219405366,-0.005335258509157849,2024-06-03,2024-08-20,739039.0,739117.0,4.454647135518663,1.067859810828342,0.53208562319284,0.11841502886378215
2024-09-08,739136.5634205759,0.15559241319705655,7.071534911986433,2.0039384017425195,-0.921255148513348,-0.00353336925066293,-0.002058037039504187,0.0028721388903671,2024-06-10,2024-08-20,739046.0,739117.0,1.7246572861613296,5.736746106305667,0.53208562319284,0.09757797059768375
2024-09-06,739134.7791352841,0.679775350269841,12.313855903718027,0.7493510732433185,-0.03132506894237412,-0.0017416774256659349,-0.0016899303373201892,0.0004213973304129837,2024-06-17,2024-08-20,739053.0,739117.0,2.990664872079928,0.9928774741111275,0.53208562319284,0.09301246029817417
2024-09-05,739133.4786441403,0.1337742129425832,4.940328679987676,2.4966764017197463,-1.3182793684405105,0.010620236705408919,0.0017950921669507844,0.01046742909176207,2024-06-25,2024-08-20,739061.0,739117.0,1.1646555725409544,3.361164901167102,0.53208562319284,0.07141084310273284
2024-09-10,739138.8492897223,0.9986565266789027,8.049834794209298,0.7175243367910772,-0.008234105142057972,0.0009262898383061349,0.0002680262714636146,0.0008866649775166032,2024-07-02,2024-08-20,739068.0,739117.0,1.5071523014662016,1.1028048964241504,0.53208562319284,0.06266756947590786
2024-10-01,739159.3670931963,0.033529422868203936,13.308992398900456,7.945982084806199,-6.601090810843233,0.029041774873195116,0.020801358794313635,0.020266429386933904,2024-03-01,2024-08-21,738945.0,739118.0,3.4848582979561966,0.5726291522101857,0.5501257997505744,0.2123388016339199
2024-08-29,739126.3269393283,0.5323301265660615,14.129456797399286,0.5636399280376507,-0.03350520235809724,-0.0021161821797063365,-0.00016659089996028724,0.002109614772833439,2024-03-08,2024-08-21,738952.0,739118.0,6.839500038110492,0.5965059386338016,0.5501257997505744,0.28201914893187435
2024-09-28,739156.5219834062,0.5641972119864948,2.2184974747457122,1.1767119484819486,-0.0678673634048462,0.013635631792573981,0.012545129814456608,-0.005343236128142406,2024-03-15,2024-08-21,738959.0,739118.0,0.577159826308632,1.26577848416182,0.5501257997505744,0.1464696524377979
2024-08-25,739122.0779428603,0.6864386633697758,10.826080406693714,0.49171128379092033,-0.014002379665961896,-0.0012789667605931799,-0.001111248569779593,-0.0006331528969096021,2024-03-22,2024-08-21,738966.0,739118.0,6.280014644084981,0.6941815713338488,0.5501257997505744,0.2942988652709315
2024-09-14,739142.491161974,0.3750722649172421,11.432724409036629,0.8436200620929444,-0.11383187491304822,-0.00510902457251143,-0.0019841686587486907,0.004707993926946487,2024-04-01,2024-08-21,738976.0,739118.0,3.4874511071283623,0.7309557956327519,0.5501257997505744,0.24894308674474552
2024-09-11,739139.3807903567,0.4329843703239665,6.573846681736322,0.78104125341443,-0.08099733968209928,0.002951680550338276,0.002254082762570266,0.001905657096837956,2024-04-08,2024-08-21,738983.0,739118.0,2.081849711844482,1.8073990512099678,0.5501257997505744,0.2613503013293083
2024-10-03,739161.769323062,0.37531420490497347,7.111532732401133,1.1049683876094647,-0.15353128817984732,-0.007691638057045238,-0.006799548516165819,-0.003595474374389818,2024-04-15,2024-08-21,738990.0,739118.0,1.5474673987462524,1.0534400920887272,0.5501257997505744,0.19826703840345436
2024-09-05,739133.6066241211,0.10501352971064296,11.334692439261184,2.2363255233318835,-1.279095734535143,-0.0035771010206086754,-0.003567514335342862,0.0002617120149378082,2024-04-22,2024-08-21,738997.0,739118.0,3.913555597419798,3.3128926351737484,0.5501257997505744,0.17227767280916684
2024-10-05,739163.4460594293,0.12735765076174935,3.424998327651886,3.8703820239366613,-2.012612855788949,0.05090888514989222,0.022573182377938327,-0.04563075743988096,2024-04-29,2024-08-21,739004.0,739118.0,0.6842051757826833,1.4700473773505516,0.5501257997505744,0.11927670613054321
2024-09-05,739133.6471868124,0.044400928770717,7.491856213834251,5.190243713430902,-4.110242205681508,-0.03497598245294942,-0.03383084801471741,-0.008876546127527111,2024-05-06,2024-08-21,739011.0,739118.0,2.4551061589611223,0.6964663097812193,0.5501257997505744,0.10414501334831543
2024-09-11,739139.3929205956,0.8014457180815329,5.116513716044523,0.6393198279604458,-0.012627868730836354,0.0021772076008847994,0.001204709249231572,-0.0018135348251871115,2024-05-13,2024-08-21,739018.0,739118.0,1.4136344409310575,0.9085109938908792,0.5501257997505744,0.14416484058498943
2024-09-27,739155.3905469527,0.273266667052597,6.3657217801908095,1.4852375248931466,-0.3654639094028984,0.014876073979341379,0.010825005953156497,-0.010203765145913741,2024-05-20,2024-08-21,739025.0,739118.0,1.2655247373660654,1.0546179831392142,0.5501257997505744,0.11533384123679676
2024-09-28,739156.1294527402,0.5655270804151894,10.165816619708636,0.9160673115861009,-0.05310875739819692,0.002676492361171383,0.0001416788979288843,-0.002672739876847432,2024-05-28,2024-08-21,739033.0,739118.0,1.896628898158028,1.1038530623574263,0.5501257997505744,0.15836471542843275
2024-09-22,739150.5779026651,0.48436936135684905,2.898814446799257,0.7853682462147836,-0.0527905003779351,-0.015538747609892014,-0.015527951705514187,0.0005791313453300951,2024-06-04,2024-08-21,739040.0,739118.0,0.5638224113425185,0.5676700909278534,0.5501257997505744,0.08465037009431907
2024-09-19,739147.3398731103,0.3272027835733356,8.64677879633846,1.33977486901614,-0.2668783725433967,-0.0008144679624678324,-0.0007772685636816703,0.00024333442378491336,2024-06-11,2024-08-21,739047.0,739118.0,1.6921695763030953,12.39943840456383,0.5501257997505744,0.10987177661038006
2024-08-27,739124.481314795,0.4663533641071421,5.805282550172363,0.7540221652793252,-0.08150962682306316,-0.0031831838191502763,-0.00041313053170179874,0.003156260824183565,2024-06-18,2024-08-21,739054.0,739118.0,2.20491141925047,2.057022006977119,0.5501257997505744,0.08162940347696623
2024-09-17,739145.791248511,0.7130532597830973,8.048626157395253,0.8954261256271288,-0.03251254151093027,-0.001776991117991512,-0.001675221612731434,0.0005927309521681973,2024-06-26,2024-08-21,739062.0,739118.0,1.4136975037008495,1.6209360326347662,0.5501257997505744,0.07177012027091172
2024-09-02,739130.7002527895,0.6750687999745429,5.2521074610093565,0.7975104511229767,-0.04016253681721269,-0.003468893225238037,-0.0012111527048226504,0.0032505890748759873,2024-07-03,2024-08-21,739069.0,739118.0,1.3212770225598147,1.4881429029272186,0.5501257997505744,0.06081892371611837
2024-09-27,739155.417300104,0.5683100178352635,5.034955806965387,0.7377965988731784,-0.03649791549124457,0.0038657730497336593,0.002837967280371723,0.002624908186506073,2024-03-04,2024-08-22,738948.0,739119.0,1.3940788998673008,1.06566660351073,0.544148495642115,0.2600722300377011
2024-09-17,739145.4901659708,0.8379027474579943,9.121958139128688,0.5146645902822883,-0.006006359821890977,-0.00033830923065798107,-0.0003086832220492969,-0.00013844783845788102,2024-03-11,2024-08-22,738955.0,739119.0,2.864159570573984,1.630808768329481,0.544148495642115,0.42242965009947553
2024-10-09,739167.9890756626,0.512843413525868,10.137439614528457,0.8087784641566628,-0.04992590147619848,-0.0014898110799883833,-0.0014896219298193658,-0.000023739424116458357,2024-03-18,2024-08-22,738962.0,739119.0,2.317240651043115,1.6953181728381672,0.544148495642115,0.35621376045503184
2024-11-03,739192.9212737451,0.6157881193563765,10.776452884263739,0.8125647051340512,-0.027110070679759957,-0.0003616860994869843,-0.00029960031001265397,0.0002026240084551442,2024-03-25,2024-08-22,738969.0,739119.0,1.9008633586216037,4.28306142633664,0.544148495642115,0.39430171669582903
2024-08-28,739125.3381187969,0.8949165112309809,10.132979846571411,0.4572164531234493,-0.004641526843818449,0.0004655815727067507,0.0004280113990694393,0.00018322784480180018,2024-04-02,2024-08-22,738977.0,739119.0,5.084745192713461,0.8804616119333611,0.544148495642115,0.3702950671479795
2024-10-16,739174.7972146982,0.12660252163195243,2.4232756691615824,4.997155015336123,-2.573761199825709,0.10057960443022608,0.04895150782227498,0.0878635687259885,2024-04-09,2024-08-22,738984.0,739119.0,0.47418407899323545,1.336896727900035,0.544148495642115,0.14527415972564667
2024-09-18,739146.195644985,0.08144423550215964,5.215742547737926,3.5659363441474783,-2.3261880939427244,0.02986843654856297,0.029836084661909415,-0.0013898035483139364,2024-04-16,2024-08-22,738991.0,739119.0,1.4457463323513013,1.2161203145467117,0.544148495642115,0.13772464728840997
2024-10-05,739163.8622849269,0.7650665137804393,10.469931918392824,0.7103251980014348,-0.013341321108189062,-0.0009257591728379491,-0.00001914249319337881,0.0009255612411115418,2024-04-23,2024-08-22,738998.0,739119.0,2.1788420065034857,1.0530673537002813,0.544148495642115,0.2567894936759797
2024-10-09,739167.4104415711,0.7201783689068898,3.9476843712728398,1.0140808220299318,-0.026963940700263752,0.003991902461023331,0.0007432072715774959,0.0039221076234339175,2024-04-30,2024-08-22,739005.0,739119.0,0.7604934641087714,1.2322564295002016,0.544148495642115,0.11366823342757826
2024-09-14,739142.4395114947,0.9892895018616821,12.338769139181915,0.5390710101006148,-0.003709095695266683,-0.00024918643246723963,-0.00007933084336517929,0.0002362212848511318,2024-05-07,2024-08-22,739012.0,739119.0,3.3707951296849004,1.1934252102611487,0.544148495642115,0.2965896110213558
2024-10-07,739165.4827526828,0.7685699316872823,9.162502475523066,0.7691497971049314,-0.014997000384895983,0.0012615769402513168,0.0008660217950135119,0.0009173781263663579,2024-05-14,2024-08-22,739019.0,739119.0,1.6738264651615118,0.997148741129065,0.544148495642115,0.2199279202697722
2024-09-13,739141.7818874931,0.362656820618752,3.658118789631475,0.9884968857080672,-0.15199384373787314,0.013875708507044844,0.011159669131645804,-0.00824603367957398,2024-05-21,2024-08-22,739026.0,739119.0,0.9465196822321287,1.0859476146737925,0.544148495642115,0.09149847780446806
2024-09-17,739145.8924427966,0.27631021061127675,5.306658134858741,1.387726213748772,-0.34519234829573847,0.013415629722852148,0.013394238688732617,-0.0007572917601112281,2024-05-29,2024-08-22,739034.0,739119.0,1.2041128428620964,1.3397566480787846,0.544148495642115,0.10100106324085328
2024-09-15,739143.8646440197,0.8201378269119797,7.076544291033133,0.7083354307866148,-0.01370249176669029,0.001023553462917291,0.0005295701105657704,0.000875909350015934,2024-06-05,2024-08-22,739041.0,739119.0,1.5992621057181082,1.5515101882982765,0.544148495642115,0.14634399696539677
2024-09-24,739152.4423666407,0.7876089305942413,5.375008741339043,0.8268931102494838,-0.018465089339819912,0.0015892752523892556,0.001524814742291228,0.00044803552264108216,2024-06-12,2024-08-22,739048.0,739119.0,0.9742070820027573,1.702486784877022,0.544148495642115,0.08638243958478557
2024-09-01,739129.31124675,0.6171424652148391,10.090841267216112,0.7369714242529282,-0.04235975293250285,0.002591056383681685,0.0014650106305028549,-0.0021371282216870466,2024-06-20,2024-08-22,739056.0,739119.0,3.1501492316202135,0.9998494476893552,0.544148495642115,0.07783642230007398
2024-09-07,739135.115257393,0.3462703074203886,9.276233195910358,1.135425155351059,-0.21617420115146888,-0.008261091110788432,-0.003999303437295284,-0.007228499039025027,2024-06-27,2024-08-22,739063.0,739119.0,2.212321755421843,0.976809884002468,0.544148495642115,0.06083375934711107
2024-09-13,739141.279877026,0.1512804225118292,6.6265214679108215,2.517796314849321,-1.2131438089225415,-0.011488241716258639,-0.011075409154942461,0.003052050094903747,2024-07-05,2024-08-22,739071.0,739119.0,1.2115763282078342,2.410770347559797,0.544148495642115,0.06986181688418587
2024-09-06,739134.6844816837,0.43672604926264735,10.022487741924504,0.7035395338689848,-0.0686513643186765,0.004068058050386374,0.002038273067158478,0.0035205879061613776,2024-03-05,2024-08-23,738949.0,739120.0,4.047251871513743,0.735352535198776,0.5501257997505744,0.27184902178503384
2024-11-09,739198.4676846318,0.05003110583149485,3.281021028482481,13.104581131485162,-10.000800551506723,0.11654405832211887,0.10910354407001838,-0.0409747995913464,2024-03-12,2024-08-23,738956.0,739120.0,0.5891259370903332,1.3085059967566415,0.5501257997505744,0.15102869730852353
2024-10-13,739171.3572854468,0.5012291235770289,8.06154815015451,0.8517763949385211,-0.0558287404904161,-0.0008789402706440686,-0.0007284724134830211,-0.0004917966471562111,2024-03-19,2024-08-23,738963.0,739120.0,1.7968235159165031,3.9492653261017705,0.5501257997505744,0.379747197742551
2024-10-16,739174.1733773738,0.9437831100311989,10.456580225142435,0.5862941390715323,-0.0036537856705414528,0.00021323597735689175,0.0000482673286398659,-0.00020770134093288858,2024-03-26,2024-08-23,738970.0,739120.0,2.208048953685318,1.5465540915718012,0.5501257997505744,0.4358206664120066
2024-10-16,739174.6383153178,0.9661055300219652,2.9122403560299333,0.9468849451913933,-0.006807177126994565,-0.0018832197086392608,-0.0018671622768049929,-0.00024540069902862394,2024-04-03,2024-08-23,738978.0,739120.0,0.5935690596205778,1.1991221162481456,0.5501257997505744,0.15249966949562685
2024-08-25,739122.6605352862,0.3396717727531969,9.438204775742816,0.721003926266703,-0.11870881106750648,-0.0031835224439277286,-0.002551126024272588,-0.0019043558384059204,2024-04-10,2024-08-23,738985.0,739120.0,5.927828085057553,1.3419770890176737,0.5501257997505744,0.19730002971968366
2024-10-22,739180.7823702041,0.9428173607834622,4.798816140475935,0.8725453093560491,-0.006850528310968557,0.0011686192212426142,0.0011548004083686723,-0.00017918398669870556,2024-04-17,2024-08-23,738992.0,739120.0,0.8655601409834174,1.151713613272102,0.5501257997505744,0.1271931873451211
2024-09-14,739142.2735160773,0.9201627853932823,14.862932060663784,0.5457844406858267,-0.005048997454677608,-0.00017014743203688565,-0.00007229013572178234,0.00015402689669688504,2024-04-24,2024-08-23,738999.0,739120.0,4.403057289299669,1.8371301522993255,0.5501257997505744,0.3114540332330253
2024-09-08,739136.3208391985,0.6513248745747843,14.595371938756081,0.6256919772282469,-0.02265392820316926,0.0005442392209882013,0.00027146500121416107,-0.0004717023243292742,2024-05-01,2024-08-23,739006.0,739120.0,4.82600947069062,1.857531474256285,0.5501257997505744,0.2560339931457716
2024-09-21,739149.0509222981,0.7145312911365053,8.786412701624927,0.7045469443964608,-0.01910056528439839,-0.002006368362218356,-0.00045337127779488756,-0.0019544739674350743,2024-05-08,2024-08-23,739013.0,739120.0,2.1591018164478073,0.774185803922661,0.5501257997505744,0.20267601589139014
2024-08-28,739125.5944754172,0.18509410124392892,6.865713105519224,1.2436088824765599,-0.4746249804095678,0.021258845069045608,0.01983029073082193,-0.007661466126059852,2024-05-15,2024-08-23,739020.0,739120.0,3.2101987685172455,0.6018910035796811,0.5501257997505744,0.08270371819227643
2024-10-02,739160.0483831271,0.32201452781283085,14.292078453778899,1.3968430034361436,-0.26754163391367963,0.009444407694826204,0.005206582573796354,-0.007879615130723867,2024-05-22,2024-08-23,739027.0,739120.0,2.7310065408394624,0.6382586696348994,0.5501257997505744,0.150313470137425
2024-09-01,739129.0569678579,0.21941023527537556,2.7063994118523316,1.1034757496470642,-0.33966978099280165,0.023561869689577533,0.009183330729972069,0.021698574606931746,2024-05-30,2024-08-23,739035.0,739120.0,1.00808197287915,1.1687245159196105,0.5501257997505744,0.08851171393989929
2024-09-29,739157.7880077088,0.0956779917431381,10.339926215506427,4.202448952669169,-2.582308677573973,0.006965922876143579,0.006499980606761873,-0.002504861997815444,2024-06-06,2024-08-23,739042.0,739120.0,1.8427486022567454,3.430236818585414,0.5501257997505744,0.11745741462863767
2024-09-13,739141.4328182088,0.947897567668849,6.045506014353438,0.6939866895134175,-0.008403676001027727,-0.0008045224704418245,-0.00016478689258815044,0.0007874653550963101,2024-06-13,2024-08-23,739049.0,739120.0,1.406271179044409,1.6377962517516675,0.5501257997505744,0.10368135679041687
2024-09-13,739141.7035746176,0.661373335279028,9.172273783581865,0.8218272682221089,-0.035742156327873496,0.0009743077556756382,0.0004916428628375535,-0.0008411675803254627,2024-06-21,2024-08-23,739057.0,739120.0,1.9877989826758509,2.6451741032405662,0.5501257997505744,0.09131517330127847
2024-08-26,739123.9438952251,0.16957981629020893,9.169179734106827,1.3584150016184373,-0.5754540996300643,0.005143350417050422,0.005066744095888295,0.000884396844947926,2024-06-28,2024-08-23,739064.0,739120.0,3.9711609700027286,2.0692275361819745,0.5501257997505744,0.09425965946408105
2024-09-05,739133.8620622864,0.8982285404726773,9.946162956096925,0.6778834971906434,-0.011649278014622835,0.0008390087898286331,0.0008146744184048418,0.0002006024461626531,2024-07-08,2024-08-23,739074.0,739120.0,2.315722605024236,1.2539025316398273,0.5501257997505744,0.07550388132312837
2024-11-02,739191.3639397112,0.6227685754683246,11.365543467721533,0.7990589263149809,-0.025541612265389563,0.0010884612991822905,0.0006555095939482148,-0.0008689391072218157,2024-03-06,2024-08-23,738950.0,739120.0,2.2041471504214925,1.2857951955217912,0.5501257997505744,0.42039596598763973
2024-09-07,739135.7361562906,0.8808340363345111,12.763327307892867,0.4921722302014939,-0.004961699665345295,-0.000540991661308396,-0.00028323237305268186,0.00046092450624821927,2024-03-13,2024-08-23,738957.0,739120.0,4.936070174355245,0.6329509890521113,0.5501257997505744,0.4162826960588242
2024-09-28,739156.8551688056,0.2700433696632161,13.113468866402801,1.2495340453932378,-0.29022668639287014,0.009388518119066665,0.006414407438557979,-0.006855629050948946,2024-03-20,2024-08-23,738964.0,739120.0,3.4539887756745014,0.6365847400878583,0.5501257997505744,0.26013413068288965
2024-10-22,739180.9405725417,0.9084020118559262,13.202171283321203,0.6242690964743827,-0.004563913581272181,0.0001538789764851512,0.00007646427399188386,0.00013353634039845423,2024-03-27,2024-08-23,738971.0,739120.0,2.599016156129361,2.040754899549562,0.5501257997505744,0.4565092727102038
2024-08-24,739121.9046454765,0.8994292665707218,12.339183864057983,0.4591877019497586,-0.004796058185119405,-0.0005357814532435724,-0.00017836982508965147,-0.0005052187359325477,2024-04-04,2024-08-23,738979.0,739120.0,8.479637896326388,0.6524952384025428,0.5501257997505744,0.3724820475578552
2024-08-23,739120.559340046,0.3158713068602708,7.8292124131689445,0.7113717846698598,-0.13112255589486815,-0.0021265218278715063,-0.0020611136384085854,0.0005233599659699782,2024-04-11,2024-08-23,738986.0,739120.0,6.8321389270646895,2.4877094871023426,0.5501257997505744,0.19124042887651338
2024-10-18,739176.4592400015,0.6730528550560718,2.397840695704803,1.6409059929884988,-0.05698768890668076,0.012748982931956136,0.011168538311825177,0.006148196302705545,2024-04-18,2024-08-23,738993.0,739120.0,0.4497387411387612,1.2546839696376775,0.5501257997505744,0.13532235825350242
2024-10-07,739165.6909463045,0.742813616692844,9.343862323495586,0.7606764042135264,-0.016206745347262283,-0.001068489943618702,-0.0006664337315933882,0.000835186710268314,2024-04-25,2024-08-23,739000.0,739120.0,1.9157462661659055,1.2058097598472488,0.5501257997505744,0.2674371622873032
2024-10-03,739161.5159967843,0.9211106133654385,9.429170942520198,0.6706991060775492,-0.006095681103927666,-0.0006381684489456933,-0.00041840941428122533,0.00048186360235090794,2024-05-02,2024-08-23,739007.0,739120.0,1.9722470740639317,0.9330935495104405,0.5501257997505744,0.26211007919062074
2024-09-08,739136.8419455573,0.11177753582446462,13.791375056429333,2.2340031353526006,-1.2345797444413054,-0.01222852218047331,-0.0005435965486402446,0.012216433911360342,2024-05-09,2024-08-23,739014.0,739120.0,4.361453540970784,0.818261530000574,0.5501257997505744,0.15924369879301603
2024-09-10,739138.2216041872,0.47352421790040544,7.327954809585679,0.8202113762275058,-0.07577084744243373,-0.005548919718205059,-0.0055184443175299875,0.0005807601513584635,2024-05-16,2024-08-23,739021.0,739120.0,2.1709819722560635,0.8823748398273263,0.5501257997505744,0.15438161637518735
2024-09-30,739158.5639053042,0.7868225299239511,4.087709381260337,0.7633289246696852,-0.01385908531473398,-0.002690390842533215,-0.0011812931086946491,0.002417177998604388,2024-05-23,2024-08-23,739028.0,739120.0,0.7934112435732095,0.991553079028826,0.5501257997505744,0.09026520857262113
2024-09-27,739155.4414357919,0.10077748627975261,5.447895762225769,3.465654657233747,-2.0512855719301246,0.029853348003059423,0.001788374689359026,0.029799733269984675,2024-05-31,2024-08-23,739036.0,739120.0,1.0534292504821672,1.2710651569960554,0.5501257997505744,0.09381808400017051
2024-09-11,739139.679507975,0.8104874712850718,4.0895618167709875,0.7058480087299959,-0.014933862327435907,0.0019727094116295577,0.0018339926686231905,0.000726672769661987,2024-06-07,2024-08-23,739043.0,739120.0,1.0360765439043635,1.5003015408805063,0.5501257997505744,0.08769241671055306
2024-09-25,739153.952014494,0.4611787654216529,3.3603503045901073,0.9215593950251377,-0.0804505797275904,0.011414916787976346,0.005301888043541975,-0.010108922220007971,2024-06-14,2024-08-23,739050.0,739120.0,0.5984494562338238,0.967255431225105,0.5501257997505744,0.08359437904167569
2024-09-13,739141.3796436122,0.6961918819851037,12.219849461881992,0.8262155348924356,-0.03174332780114083,-0.0017879611716288828,-0.0010406010943052474,-0.0014539444672281156,2024-06-24,2024-08-23,739060.0,739120.0,2.599652884228496,1.0114803957013492,0.5501257997505744,0.0710213538338636
2024-09-09,739137.4008192329,0.08648200303603139,2.992330725409076,2.7657752577015575,-1.7399535589812105,-0.0310086204128897,-0.03092766190179266,0.002239256394226088,2024-07-01,2024-08-23,739067.0,739120.0,0.6656406556272736,1.6217031486241011,0.5501257997505744,0.07899896803127206
2024-08-26,739123.4088209438,0.5722780485313524,9.146545678693094,0.674301793626803,-0.04654077645148585,0.0025388487394537485,0.0022625431220833995,-0.0011518036041526312,2024-07-09,2024-08-23,739075.0,739120.0,3.862479136506083,1.1469560519170043,0.5501257997505744,0.07727916282106358
2024-10-16,739174.2094378939,0.3719951996448963,5.865727184693521,1.1712580990502022,-0.15801683152323737,0.009842561945266382,0.006766485467277051,-0.007147775882575952,2024-03-07,2024-08-26,738951.0,739123.0,1.3743738121023106,1.0181474270842061,0.6080123287972727,0.23840950606652933
2024-11-12,739201.2479853263,0.2301157284511844,3.1345099409817094,3.4145718825632114,-0.9910954654847154,0.057688803453572794,0.026892612957613565,-0.05103709839143431,2024-03-14,2024-08-26,738958.0,739123.0,0.5658206544793712,1.2612483474733507,0.6080123287972727,0.15275039058104692
2024-09-29,739157.2461073662,0.7303340039239329,6.894671989810547,0.6490998751167186,-0.013597779873238652,-0.0008028956507115144,-0.000624840915294707,-0.000504197636354177,2024-03-21,2024-08-26,738965.0,739123.0,1.8931022023453568,1.79397676095316,0.6080123287972727,0.4280525952008534
2024-08-28,739125.4527117207,0.7819570831723295,3.5605568894000337,0.5501442172666364,-0.011646161841550835,0.0023685758737296307,0.00014790347971182152,-0.0023639535169506197,2024-03-28,2024-08-26,738972.0,739123.0,2.3439017523036685,1.079842729457201,0.6080123287972727,0.25712228887299066
2024-11-04,739193.8931552873,0.7008360606959742,13.2013743495369,0.8279853167907348,-0.018263254380820364,0.00045949316145492793,0.0002099658677848917,0.00040871542641449435,2024-04-05,2024-08-26,738980.0,739123.0,2.320210687415143,2.110067796405078,0.6080123287972727,0.4103633444861163
2024-10-11,739169.9692660846,0.033656621205413025,2.27151521783412,14.82039355350687,-12.400875905945028,0.11885251938025619,0.11262192178262875,0.03797662566660741,2024-04-12,2024-08-26,738987.0,739123.0,0.4916077422614481,1.5459620676780303,0.6080123287972727,0.1461573589742077
2024-10-24,739182.7406285531,0.9059686096518498,7.386148976779927,0.7881956453754915,-0.007083187951401963,0.0010029220619654183,0.0010006742892340794,-0.00006710908465205481,2024-04-19,2024-08-26,738994.0,739123.0,1.3522982820989442,0.8662767695432805,0.6080123287972727,0.1561145477662812
2024-09-29,739157.6525170491,0.8651973611750468,12.543838634288525,0.6443613646475697,-0.007431690083788514,-0.0004619477389112724,-0.00017016538396492312,-0.0004294641493597659,2024-04-26,2024-08-26,739001.0,739123.0,3.0119092718603033,1.1096332768497286,0.6080123287972727,0.3114957206567751
2024-09-04,739132.4704170671,0.5207703698984182,8.334354022167417,0.7247534409434404,-0.05352011575958475,0.005673852752590798,0.00436540066943272,0.003624345741426792,2024-05-03,2024-08-26,739008.0,739123.0,3.4168054672762915,0.5894043074210235,0.6080123287972727,0.1540361992708383
2024-09-20,739148.4835832516,0.045740003969758865,6.29105872304558,6.612294243747549,-5.2054932221071715,0.029236418915604797,0.0014018476054950733,-0.029202791207343592,2024-05-10,2024-08-26,739015.0,739123.0,1.6580190995795334,1.2945241837779196,0.6080123287972727,0.14636506613207742
2024-09-05,739133.915420049,0.6782522322781398,8.874750089477862,0.6660444464113633,-0.024220538424397794,-0.0032770567094124793,-0.0031901426080350346,0.0007497271617760508,2024-05-17,2024-08-26,739022.0,739123.0,3.2875959970068824,0.564852344786107,0.6080123287972727,0.15315597486506594
2024-09-11,739139.1737820858,0.9618555351870355,7.663515368516835,0.6112806609114065,-0.0059816234605950145,-0.0008911724212604762,-0.0005014244315683801,-0.0007367237092978524,2024-05-24,2024-08-26,739029.0,739123.0,2.340172460601408,0.842440328428863,0.6080123287972727,0.17691720589795898
2024-09-19,739147.0407410634,0.41230451248899425,11.304608199680912,1.1138565657717747,-0.14549181268560796,-0.00834273963489058,-0.004763329212004088,0.006849233492416703,2024-06-03,2024-08-26,739039.0,739123.0,2.703739376587636,0.6360517293334669,0.6080123287972727,0.09965798509390822
2024-08-26,739123.7383850818,0.31546194875944217,3.6718983498237003,0.864060021547454,-0.1799694962428716,-0.003552407006170158,-0.0034979418457783897,-0.0006196760290985107,2024-06-10,2024-08-26,739046.0,739123.0,2.7213434023119514,4.352437214010198,0.6080123287972727,0.10849322382977356
2024-09-22,739150.923241217,0.4515977498360185,8.492723115616519,1.1887465822910668,-0.13379710767072997,0.002390035185067016,0.0023861961521799493,-0.0001354108901821798,2024-06-17,2024-08-26,739053.0,739123.0,1.695959571291507,2.9767833979175142,0.6080123287972727,0.09882383734085444
2024-09-16,739144.0136029545,0.39939286310309463,4.791925329822841,1.1944288519510924,-0.1761881984710783,-0.0030075181447523163,-0.0030071452374640607,-0.000047359389899290634,2024-06-25,2024-08-26,739061.0,739123.0,1.0477666989487942,4.882686230906606,0.6080123287972727,0.07864400864300115
2024-09-03,739131.2393771767,0.8299224722199741,2.4626242569139793,0.6761895353423192,-0.015070754710898464,0.001527951307512224,0.0011796404221119737,-0.0009711249521291269,2024-07-02,2024-08-26,739068.0,739123.0,0.7987722660161277,3.3240294153628107,0.6080123287972727,0.07814293176700177
2024-09-07,739135.655244338,0.5732692266687135,11.915564838449377,0.8433375746575925,-0.05758587243441011,0.00331396758164349,0.0016689003411116728,0.0028630670239485033,2024-07-10,2024-08-26,739076.0,739123.0,2.940420478581095,0.8360104194964584,0.6080123287972727,0.06789983550183325
2024-11-18,739207.2785550358,0.4516346758699127,4.309336389283812,1.610917738796906,-0.1385529915916738,0.012070779986033588,0.0049336372401126375,-0.01101648551282135,2024-03-08,2024-08-27,738952.0,739124.0,0.768267100297164,1.2029773644410524,0.6035027382912977,0.15773356211377243
2024-11-11,739200.2629366406,0.1692760739762698,14.024418482183423,2.5980109098312685,-1.0122995380378907,0.006960161412351679,0.006533019345328742,0.0024007301221815286,2024-03-15,2024-08-27,738959.0,739124.0,2.5706590187098115,1.75549841909112,0.6035027382912977,0.38242693656838095
2024-10-16,739174.8420438962,0.7009433899009422,13.292796263291338,0.7202074032342518,-0.01620748418589951,-0.0006997985608926444,-0.00023769868369309967,0.0006581924958535944,2024-03-22,2024-08-27,738966.0,739124.0,2.9890551892931985,1.2212628816979105,0.6035027382912977,0.4520263233303982
2024-10-09,739167.4700462046,0.5179100693790971,2.41313168941187,1.248992341791011,-0.08405017816009464,0.014072784562956858,0.008268924709205434,0.011387192345301306,2024-04-01,2024-08-27,738976.0,739124.0,0.5694328431269817,1.2818344256833505,0.6035027382912977,0.15150807801155297
2024-10-18,739176.6537119678,0.43958817694940755,7.379620752402345,1.1286736723445445,-0.10905185967121482,0.006341385745503623,0.006215246225058871,-0.001258525937423618,2024-04-08,2024-08-27,738983.0,739124.0,1.529596328627795,1.0243794646387343,0.6035027382912977,0.26965139711874864
2024-10-12,739170.364544178,0.9137084734134187,7.127016983974143,0.7081203977842123,-0.006292413688574295,-0.0008832511421762954,-0.00025073369234050497,-0.0008469151053565098,2024-04-15,2024-08-27,738990.0,739124.0,1.5408841570136274,0.9133409253482332,0.6035027382912977,0.2644786253559581
2024-10-07,739165.6047692547,0.279354048816646,8.554298466092337,1.5496109463376142,-0.3565620760742838,-0.0071906584697679875,-0.0019663921856051467,-0.006916564971229367,2024-04-22,2024-08-27,738997.0,739124.0,1.9051473164042099,1.6193363285939972,0.6035027382912977,0.23928017676642818
2024-10-23,739181.5716420425,0.28911269354606844,5.618239815882493,1.9000226131785252,-0.41639013684060194,-0.016792390708699742,-0.013390400586447101,-0.010133190901591784,2024-04-29,2024-08-27,739004.0,739124.0,1.007143754569622,1.276012091891213,0.6035027382912977,0.11430633205326905
2024-09-16,739144.9079347647,0.6725308707672634,10.882539709251683,0.7103997382468225,-0.023813533923190088,0.0021301170561075413,0.0008628970991913033,0.0019475130985252681,2024-05-06,2024-08-27,739011.0,739124.0,3.216383716243295,0.6908795588017859,0.6035027382912977,0.23682409108416402
2024-10-10,739168.585371156,0.5280289145335949,3.983655846180175,1.0054425094702175,-0.06189426164412516,-0.008460273330289455,-0.004788541494174908,0.006974675274288556,2024-05-13,2024-08-27,739018.0,739124.0,0.7716793906883194,0.9697100242030581,0.6035027382912977,0.09258030182686608
2024-10-06,739164.137421091,0.8236164651878455,3.310890399186028,0.783635664902942,-0.010650857372315671,0.003091911726614397,0.001281453686991709,-0.0028138575964804934,2024-05-20,2024-08-27,739025.0,739124.0,0.6550727227533377,0.8569149076350572,0.6035027382912977,0.09181331556468281
2024-08-29,739126.548881857,0.8831088032374659,4.223377518796358,0.5911801136410733,-0.009840029697578152,0.001816013471755843,0.0017948019300748092,0.0002767507206828007,2024-05-28,2024-08-27,739033.0,739124.0,2.42171886237893,1.1330045486769507,0.6035027382912977,0.14021246098401063
2024-10-06,739164.0891758922,0.694073763339648,2.6816743067480853,0.574535353537017,-0.005078626590775128,-0.010350315400739047,-0.009701204770919573,0.0036077215645699723,2024-06-04,2024-08-27,739040.0,739124.0,0.4822407461539255,0.12699665880076313,0.6035027382912977,0.08560736754746151
2024-09-25,739153.7171301885,0.05632866220097578,6.149767800898477,6.774600666890133,-5.099395883109894,-0.019548669131552787,-0.014415662272388094,-0.013203754998612,2024-06-11,2024-08-27,739047.0,739124.0,1.251311188137478,2.389308629113933,0.6035027382912977,0.08771109022735123
2024-08-28,739125.5007484896,0.9350836374634883,12.680310687183821,0.5901610902793453,-0.008841937744625631,-0.0007154502773375805,-0.0007146210729197499,-0.00003443575876100785,2024-06-18,2024-08-27,739054.0,739124.0,7.797553501294101,0.9113570539626965,0.6035027382912977,0.1033578407311132
2024-09-15,739143.6023802768,0.865288569986856,9.305195848651225,0.7720768457151485,-0.01400095085718799,0.0005736226855373392,0.000323709607258218,0.00047355577869116896,2024-06-26,2024-08-27,739062.0,739124.0,2.1121674451063264,2.269690613156201,0.6035027382912977,0.08496340576859762
2024-08-28,739125.5177305149,0.06636814368121582,12.742005032188432,2.460207914887585,-1.6879204191227293,-0.02024663880832301,-0.01866716599875688,0.007839853098722352,2024-07-03,2024-08-27,739069.0,739124.0,7.335792299979023,0.4342311052168627,0.6035027382912977,0.1193583729090813
2024-09-12,739140.3717778827,0.304935283256407,12.647523869955725,1.3521422914016505,-0.31150971162264773,0.011728466081415426,0.0076865855703331255,-0.008858516743386483,2024-07-11,2024-08-27,739077.0,739124.0,2.7244004595268327,0.6403723108880689,0.6035027382912977,0.05786839462972247
2024-11-16,739205.4718230744,0.1531295989284989,10.839343015586293,2.832220009630811,-1.1973757469688986,-0.006118864264473921,-0.0016166584281639643,-0.005901433335529799,2024-03-11,2024-08-27,738955.0,739124.0,1.9374805106448678,2.764495090450231,0.6035027382912977,0.4149864754256122
2024-10-18,739176.1535532874,0.14575397974711504,5.821848021065907,2.7277202251725816,-1.2418094761156682,0.029118295559745624,0.011466351243027265,-0.026765610874333302,2024-03-18,2024-08-27,738962.0,739124.0,1.3087893546578804,1.0676983643667655,0.6035027382912977,0.1929024301472179
2024-09-29,739157.8769676565,0.6144463380335047,9.333217458397911,0.7317587758221197,-0.027926412176317063,-0.0009394650462805924,-0.0006869728465366044,-0.0006408298380259699,2024-03-25,2024-08-27,738969.0,739124.0,2.5525002368969987,1.9569831791310222,0.6035027382912977,0.4339050737226774
2024-09-11,739139.0328341093,0.9843353776227717,3.8797409240608527,0.5876858352259048,-0.004601703058023469,0.0011770832908799779,0.0010823403562291237,0.00046267097050350177,2024-04-02,2024-08-27,738977.0,739124.0,1.468097006546998,0.9918631701428738,0.6035027382912977,0.259484734802484
2024-09-27,739155.7146120055,0.10019119720724759,4.617556416188703,3.3406637235123973,-1.9688160394190726,-0.03223728113382256,-0.010814264892495398,-0.030369293204420375,2024-04-09,2024-08-27,738984.0,739124.0,1.2412992108151015,1.3251470925215387,0.6035027382912977,0.1480847196798665
2024-09-19,739147.2623136326,0.3164405272933602,13.622867579831112,1.1208891689284841,-0.2133806013249767,0.0025123515890317066,0.0019554490309425946,-0.0015773806117408088,2024-04-16,2024-08-27,738991.0,739124.0,4.129672260829824,1.9728682461093658,0.6035027382912977,0.2533032111309277
2024-09-29,739157.2977256746,0.4843232191254131,3.1805550618424974,1.1343892833433828,-0.09778338872880293,-0.009674532948190538,-0.007350247762327628,-0.006290504399332536,2024-04-23,2024-08-27,738998.0,739124.0,0.7923493528371762,1.5391021596682688,0.6035027382912977,0.12851226425254128
2024-10-15,739173.8174725978,0.08821521353458352,7.523597633902793,4.832613190248516,-3.035440427377856,0.035689481071664524,0.03377474827156365,-0.011532798374948245,2024-04-30,2024-08-27,739005.0,739124.0,1.4613912625135683,0.9972393550479742,0.6035027382912977,0.1394717101412265
2024-09-08,739136.1817721626,0.3659902992476228,7.127620029381355,0.9552625232198559,-0.149824703365355,-0.00860695055240024,-0.0038058287680015836,0.007719796966249457,2024-05-07,2024-08-27,739012.0,739124.0,2.6338469465753445,0.8938386984824388,0.6035027382912977,0.15913685734997962
2024-10-12,739170.7551841257,0.5488793561376125,12.152959674556246,1.0185497134602637,-0.05937910141298793,-0.0034627590779134926,-0.0031146851949013926,-0.0015130884205274899,2024-05-14,2024-08-27,739019.0,739124.0,2.27722194899251,0.7744728267410583,0.6035027382912977,0.21784713510726267
2024-08-27,739124.2470389878,0.6751253656915192,9.823480179885848,0.5894550095522951,-0.02217136378870512,0.0021647008358140008,0.0021646768410445525,0.000010192272524390424,2024-05-21,2024-08-27,739026.0,739124.0,9.35836612795719,0.7039042305911613,0.6035027382912977,0.18404074805458015
2024-08-27,739124.8423083662,0.24655762974662104,13.056167057191315,0.937178785086352,-0.25720359950665567,0.004105231477428544,0.0010171958978485785,0.003977214853219546,2024-05-29,2024-08-27,739034.0,739124.0,9.726348191488485,1.1831563526074331,0.6035027382912977,0.14867819829487355
2024-09-06,739134.4794335717,0.3435716773816953,4.184343993711302,1.0529750664347524,-0.19458273017127461,0.009139932037945952,0.008095266040997693,0.004243232892941461,2024-06-05,2024-08-27,739041.0,739124.0,1.4573360077117306,1.748039736663019,0.6035027382912977,0.09428710140808343
2024-09-15,739143.1169072485,0.2063974434706058,5.7569051513951734,1.8542050378104011,-0.672273034342952,0.009326846448611212,0.005503815292023826,0.007529812873322699,2024-06-12,2024-08-27,739048.0,739124.0,1.470137722141061,2.584199892390999,0.6035027382912977,0.08794308143914725
2024-09-07,739135.2610248539,0.1992349705537822,11.859061236568866,1.648331462818417,-0.6225875170448067,0.01060697429512684,0.006349816539901442,0.00849633648151223,2024-06-20,2024-08-27,739056.0,739124.0,3.6831253113196896,0.9861072475236153,0.6035027382912977,0.078610964207084
2024-08-27,739124.7272237069,0.4470858697168504,13.860323499798088,0.7457558986475759,-0.08763217341251968,0.001462737811298347,0.0013212986367011656,-0.0006275124040634735,2024-06-27,2024-08-27,739063.0,739124.0,9.797118185044084,1.9324785067482264,0.6035027382912977,0.09734560502518455
2024-08-27,739124.5745704577,0.5617460074044479,13.177781780457508,0.6804334232406893,-0.048460349824612,-0.002158241743605964,-0.0019075488618590848,-0.0010095864318934872,2024-07-05,2024-08-27,739071.0,739124.0,9.511731103208373,0.9571591152067377,0.6035027382912977,0.08364622275825265
2024-08-27,739124.3875311754,0.4579577109054086,2.6524335299604087,0.6606256391592267,-0.055018713290578725,0.01565337803095128,0.01504213340500367,-0.004331566276295546,2024-07-12,2024-08-27,739078.0,739124.0,2.019973380578311,0.6068526075945069,0.6035027382912977,0.06697579233436227
2024-11-04,739193.6049246995,0.22407509404052434,4.251533377357472,2.431869079434356,-0.7212347310879909,-0.028936381593462544,-0.006804294807483071,-0.028125002255917003,2024-03-12,2024-08-28,738956.0,739125.0,0.8405682458591505,1.3136522181597012,0.5725191927713307,0.15543060850728393
2024-10-30,739188.6272065645,0.9965105702318111,12.68870714456172,0.6387809634903859,-0.0028472151268280803,0.00017279405929666647,0.000057379422055107965,-0.00016298892248506233,2024-03-19,2024-08-28,738963.0,739125.0,2.5563324565891916,1.2940647605881104,0.5725191927713307,0.5683327591066141
2024-09-06,739134.0317495485,0.716081801356791,4.254897085781314,0.6169578595271549,-0.016806619283609412,-0.002634613586277096,-0.0013558430675303377,0.0022589551401534704,2024-03-26,2024-08-28,738970.0,739125.0,1.9633803062657493,1.0735864254508127,0.5725191927713307,0.30174993983916937
2024-10-15,739173.5900617106,0.28035272384287807,9.053041340291223,1.488740299527518,-0.3267087609214847,-0.0016422990558394208,-0.0016373342805504382,-0.00012760345820326272,2024-04-03,2024-08-28,738978.0,739125.0,2.006511381404804,6.160540453455242,0.5725191927713307,0.36442153712640635
2024-11-03,739192.3758238645,0.12160089085265027,2.985840058955799,4.921670684230398,-2.548631004669069,-0.07395481440362232,-0.022637469237353724,-0.07040496829061206,2024-04-10,2024-08-28,738985.0,739125.0,0.5342545165584723,1.4034945380080845,0.5725191927713307,0.1540681237347504
2024-09-28,739156.3500222147,0.7222355463389892,4.117716069149976,0.8192771946996176,-0.021646612294774027,-0.0031758518881587743,-0.0009758044439227194,0.0030222244957551253,2024-04-17,2024-08-28,738992.0,739125.0,1.0857811032381708,1.1955071029393998,0.5725191927713307,0.12696388375925596
2024-10-17,739175.5753785262,0.7439374040958794,7.929769583658027,0.8692014509397389,-0.018493035389445946,-0.0019763010619768023,-0.0007678093740341128,0.0018210531713038973,2024-04-24,2024-08-28,738999.0,739125.0,1.5779346863838548,0.8778714466704438,0.5725191927713307,0.20862028756799608
2024-09-26,739154.8275743489,0.1163909497431033,9.667630878436793,2.9464957803869636,-1.6002883683356377,-0.019110307773268023,-0.018663355974335435,0.004108893642364821,2024-05-01,2024-08-28,739006.0,739125.0,2.4731589788429442,1.008160595891031,0.5725191927713307,0.1791546024430975
2024-09-02,739130.723400307,0.17407837919382144,9.05333852488996,1.3649898391150368,-0.542423859842545,-0.012450186806099524,-0.01244014262439356,-0.0005000029915122074,2024-05-08,2024-08-28,739013.0,739125.0,4.356907336215211,0.8377202072793962,0.5725191927713307,0.14949274780373376
2024-09-01,739129.2470762052,0.26921829167609573,2.596070562824154,0.9784207930416173,-0.23442350016616553,0.02005114979823515,0.015469253811406077,0.012757381970826303,2024-05-15,2024-08-28,739020.0,739125.0,1.3417447562983753,1.2124111898040413,0.5725191927713307,0.09364734479222443
2024-09-12,739140.6305642371,0.5028508059777118,9.684222901371854,0.8690136407891529,-0.07236687037323485,0.006194487274057899,0.00407387173284099,0.004666394935367603,2024-05-22,2024-08-28,739027.0,739125.0,3.057498250417817,0.606608930497856,0.5725191927713307,0.12741493056879188
2024-09-15,739143.1698005568,0.34245146164516044,4.410125651464678,1.1540438891537572,-0.20758469652076172,-0.011565565451449046,-0.0070955118568724945,0.009133236868752151,2024-05-30,2024-08-28,739035.0,739125.0,1.2521364506981851,1.3937231813660034,0.5725191927713307,0.0978001395200726
2024-10-01,739159.410148571,0.7709636663529142,6.422399547816291,0.8823642524350149,-0.020265994511913465,0.001751540425580573,0.0011735643127620166,-0.0013002463867492155,2024-06-06,2024-08-28,739042.0,739125.0,1.2545151314023875,1.3889427541266917,0.5725191927713307,0.10079226787924346
2024-09-22,739150.8649007595,0.49404164953926977,14.286267352298953,1.0987199392002647,-0.1002239496809302,-0.004730515887220655,-0.003726884394367603,0.002913436676893157,2024-06-13,2024-08-28,739049.0,739125.0,3.116739515129425,0.7326689691063377,0.5725191927713307,0.0768981943410105
2024-09-24,739152.2167203311,0.8849259150304032,3.7243241334193415,0.7704476311739681,-0.010436934816053667,0.001387510291211162,0.0013382035771002524,-0.00036660059254312787,2024-06-21,2024-08-28,739057.0,739125.0,0.7423083169755976,1.7872948355179332,0.5725191927713307,0.08376672904590726
2024-09-08,739136.1824206887,0.5433101420393295,9.52130988790835,0.8608227256258617,-0.06633803208047992,0.003409231172758593,0.0023531429561101515,-0.002466895907292829,2024-06-28,2024-08-28,739064.0,739125.0,2.825931097533136,1.1103432201385506,0.5725191927713307,0.06957697022158008
2024-09-15,739143.270002223,0.6502186640671271,5.68268048531435,0.8841596870935599,-0.04172076722429292,0.002240406101439668,0.0022040258598810644,-0.0004021063395964154,2024-07-08,2024-08-28,739074.0,739125.0,1.2053759833817803,2.1307462507683934,0.5725191927713307,0.07284495204886711
2024-09-04,739132.1370906746,0.8719589639028344,9.05646114937053,0.7117283962911213,-0.015822907616828513,-0.0026125800323938972,-0.0023746899211037095,0.0010892300970280597,2024-07-15,2024-08-28,739081.0,739125.0,2.8383735929983436,0.5831149920701234,0.5725191927713307,0.049276781785410964
2024-09-13,739141.3765755947,0.5113664112790554,2.294340132960821,0.8184223357381094,-0.05853435890451668,0.008684701694435706,0.008600871869283233,-0.0012037635189300136,2024-03-13,2024-08-29,738957.0,739126.0,0.9070957351417809,1.502208990307592,0.5477391637728435,0.15859446997374108
2024-10-05,739163.4964558048,0.6731514581758425,8.322664748327917,0.7218202863095672,-0.019922461602987374,0.0009584487130280523,0.0007710586905950397,-0.0005692911655409668,2024-03-20,2024-08-29,738964.0,739126.0,2.214123892669715,1.6812198536036178,0.5477391637728435,0.46552443094431384
2024-10-28,739186.076893537,0.34642684979137744,6.101677321696534,1.469334463658922,-0.228662921639327,0.012592982566521397,0.01023279872432923,0.007339825623819538,2024-03-27,2024-08-29,738971.0,739126.0,1.2385275467534338,1.0309306552820896,0.5477391637728435,0.18787585591241715
2024-11-06,739195.776165294,0.1258350804729527,13.729141086718828,3.586008252693652,-1.7950780286979704,-0.005703214256420087,-0.005398153916041734,-0.0018402682286440275,2024-04-04,2024-08-29,738979.0,739126.0,2.476925437934136,2.8848418330244767,0.5477391637728435,0.3564550931437349
2024-10-19,739177.9202865422,0.1367750800887915,5.478272337986467,3.1953489324595665,-1.540460913659237,-0.02976214033968482,-0.029563663914353513,-0.0034314389923538594,2024-04-11,2024-08-29,738986.0,739126.0,1.1398886721464976,1.2922599436173157,0.5477391637728435,0.14462394385449284
2024-09-26,739154.0340253717,0.30276045491309694,11.599135680802961,1.251463124994379,-0.25424485973326133,0.004637835185863413,0.0030645951451239257,-0.003481059006640879,2024-04-18,2024-08-29,738993.0,739126.0,3.227275643702495,1.4309036470479608,0.5477391637728435,0.24810691135628957
2024-09-07,739135.4191265223,0.7476340653475338,4.712336304478831,0.6616397017743806,-0.01732937356066418,-0.002852182432160956,-0.0027788288700814783,-0.0006426933461062747,2024-04-25,2024-08-29,739000.0,739126.0,1.9992018409362988,0.9639585671844098,0.5477391637728435,0.1767790949588087
2024-10-03,739161.2974743749,0.09053027290332684,10.05605969030162,3.9901157757200547,-2.4757418520393655,0.018222637495490537,0.011183059545936602,-0.014387623031067153,2024-05-02,2024-08-29,739007.0,739126.0,2.3608092181399067,1.2230947713926335,0.5477391637728435,0.1947336487455577
2024-10-13,739171.2896673288,0.3821765298796601,14.353091054158423,1.3214455549738549,-0.17907047163813172,-0.006076730200802564,-0.00042186178830894806,0.006062069165302459,2024-05-09,2024-08-29,739014.0,739126.0,2.844058229357157,0.7846438870294256,0.5477391637728435,0.23295473821378984
2024-09-05,739133.6687895227,0.8024819917952011,11.243525510435092,0.6060903030998693,-0.011783329304169613,-0.0008519408507619133,-0.000028524151868060062,0.0008514632029378258,2024-05-16,2024-08-29,739021.0,739126.0,4.808811678037463,0.9871686558722857,0.5477391637728435,0.26909776238854444
2024-09-15,739143.433787373,0.2785522228587561,2.8144433459595684,0.9941632635297468,-0.20591245005670702,-0.02903270565507069,-0.024389939729421516,0.015748931317685008,2024-05-23,2024-08-29,739028.0,739126.0,0.8467211014267639,0.7019549043646708,0.5477391637728435,0.09241734360989186
2024-09-25,739153.8721863483,0.2637894546053328,13.335267103252425,1.662308429909453,-0.44125407868141364,0.01368507303603474,0.01266079567184923,-0.0051947547542967685,2024-05-31,2024-08-29,739036.0,739126.0,3.060402533549995,0.6378188118887189,0.5477391637728435,0.11176518174929555
2024-09-27,739155.053124568,0.3074150729849155,9.004261006318941,1.5418510430068217,-0.3333413840544399,-0.0023511486506954866,-0.001643032450492706,-0.0016817682195520102,2024-06-07,2024-08-29,739043.0,739126.0,1.934428885749116,4.8404554627628675,0.5477391637728435,0.12554527396810872
2024-08-31,739128.3025723643,0.3509128398223445,3.522299714780127,0.8648638681185993,-0.14956093731104192,-0.006216149569385724,-0.00402484161109704,-0.004737210727269382,2024-06-14,2024-08-29,739050.0,739126.0,1.9769556225646259,2.397009052748296,0.5477391637728435,0.11560959643021773
2024-09-26,739154.2610769949,0.40384081205069255,6.228788600461692,1.3307860472941277,-0.18644567336669135,-0.003546784332888837,-0.0025974122590734804,-0.002415187086012285,2024-06-24,2024-08-29,739060.0,739126.0,1.1941541786147294,3.408192710169683,0.5477391637728435,0.08398497514313186
2024-09-22,739150.0542545781,0.912218643876425,14.260131705933283,0.7892282060671665,-0.010795038081996102,-0.0005761418280816583,-0.00020761645980415272,0.0005374335416436766,2024-07-01,2024-08-29,739067.0,739126.0,2.81241125222228,1.1985887025501774,0.5477391637728435,0.08169674971132262
2024-09-16,739144.4953129475,0.2763585704182732,8.839126669780018,1.6104382092611826,-0.4302838568972993,0.012320959412730056,0.0038044893264159827,-0.011718869476844947,2024-07-09,2024-08-29,739075.0,739126.0,1.8622278882081704,1.091877975141239,0.5477391637728435,0.07154444833968043
2024-09-07,739135.3916574431,0.21696793882728543,10.584610854917306,1.489153259953105,-0.5114024951396537,-0.021852295907833205,-0.018081668018317877,0.012270946097137097,2024-07-16,2024-08-29,739082.0,739126.0,2.927541070416388,0.4797184672119423,0.5477391637728435,0.06584003586933622
2024-09-05,739133.862598183,0.0826284385395384,12.735070281639679,2.5070821150707605,-1.5921431411360607,-0.013314540982928214,-0.005782716776674428,0.011993214259190197,2024-03-14,2024-08-30,738958.0,739127.0,6.574322889760203,0.7758613383087491,0.5501257997505744,0.21127144588132263
2024-09-30,739158.6609290591,0.5495630841073064,12.007301866998334,0.7896522416958238,-0.04189413341509637,0.001932043585722662,0.0019039454008828508,0.00032830523539706396,2024-03-21,2024-08-30,738965.0,739127.0,3.4609084589111982,0.9924494944665351,0.5501257997505744,0.40878108246551714
2024-10-30,739188.0155355099,0.7618379443218521,13.985302149975203,0.7710453312736515,-0.0123155939154695,0.0002538948486613137,0.0002372186805477284,-0.0000904980208399398,2024-03-28,2024-08-30,738972.0,739127.0,2.8139428051522386,2.6423614014801124,0.5501257997505744,0.5149365521888144
2024-09-25,739153.3183532197,0.24406206158875993,2.6857524054065847,1.378000363773593,-0.36631809725703063,-0.022874841547609655,-0.01680081916427445,0.015523880031667256,2024-04-05,2024-08-30,738980.0,739127.0,0.8056863818008783,1.4552398616858908,0.5501257997505744,0.16258726183154434
2024-10-22,739180.6596256348,0.9815625866918039,8.369023123682847,0.7161314432255868,-0.0041423248559245415,0.00044975686785996954,0.00011622224636500309,-0.000434480873729883,2024-04-12,2024-08-30,738987.0,739127.0,1.7095070275786695,1.0802134478483818,0.5501257997505744,0.38261563239957697
2024-10-27,739185.4642977377,0.2347082248202535,3.248689369959755,2.4419561803063323,-0.6978380585890973,0.030268209585715633,0.01937282960167192,-0.02325635364259393,2024-04-19,2024-08-30,738994.0,739127.0,0.613362737595588,1.6656664572347717,0.5501257997505744,0.15859469565949297
2024-09-04,739132.7118378835,0.7247349796849921,4.527155950797702,0.6479566560244876,-0.01911716621557268,-0.003102379792151971,-0.0022296063953986542,0.0021572240718920064,2024-04-26,2024-08-30,739001.0,739127.0,2.261043904487501,0.9864664543341488,0.5501257997505744,0.17202663898744686
2024-10-27,739185.4275933971,0.32507472927861875,3.3825685364289884,1.6806562463391064,-0.2893003181248151,0.020981541057836797,0.02098021807112974,0.0002356158940572052,2024-05-03,2024-08-30,739008.0,739127.0,0.5979881424819801,1.3250984093958658,0.5501257997505744,0.1479050829605341
2024-10-18,739176.9420421065,0.7380586916228941,5.864860674953664,0.8992265007718416,-0.019745467921672803,0.002547923784751152,0.0002384022049887136,-0.002536745947381636,2024-05-10,2024-08-30,739015.0,739127.0,1.0980541050138806,0.9752460421833311,0.5501257997505744,0.09927843757087179
2024-10-05,739163.0845141868,0.6822420486510935,9.62749637426722,0.8648667331783711,-0.026973109826403795,-0.0017593876412264349,-0.0017376849504848202,0.00027549207785140903,2024-05-17,2024-08-30,739022.0,739127.0,2.089234266340214,1.0864121221252405,0.5501257997505744,0.23180365132295153
2024-10-08,739166.6876344193,0.6859503246765327,6.220786766968881,0.9282131611355555,-0.029149338147247916,0.0029574250444858773,0.0021340720014822578,-0.002047461742314567,2024-05-24,2024-08-30,739029.0,739127.0,1.2315942453441249,1.086831714439505,0.5501257997505744,0.10412788285209532
2024-09-05,739133.8068348973,0.6049222802842448,5.774589474728477,0.7277025549963553,-0.03897916175024202,0.002734861595271882,0.0011199467805302332,0.0024950324955946026,2024-06-03,2024-08-30,739039.0,739127.0,2.420710650852546,1.493054319774253,0.5501257997505744,0.149140144244753
2024-09-20,739148.3663636664,0.6329234963489089,8.290904803114387,0.8741459546876942,-0.04044964133437208,0.0008909446171362726,0.0008192384532098499,0.0003501866182286695,2024-06-10,2024-08-30,739046.0,739127.0,2.0673740970789027,3.465877883599281,0.5501257997505744,0.13410214321365677
2024-09-16,739144.5997091018,0.7184026095364852,5.308426806821062,0.8220873225847989,-0.027357450010132654,0.0018541282516801292,0.0010863575802076474,-0.0015025374476544,2024-06-17,2024-08-30,739053.0,739127.0,1.3936391023638894,1.9968153682133891,0.5501257997505744,0.0923879575637919
2024-09-15,739143.2443843394,0.07214904811419844,11.165675156950194,4.232677576643482,-2.936432701960257,0.019390605219138494,0.010842165436153373,0.016076163081393587,2024-06-25,2024-08-30,739061.0,739127.0,2.882318734596048,0.9785303594592545,0.5501257997505744,0.09480432177613723
2024-09-05,739133.7931192152,0.5490907728686268,13.42277724589631,0.8112657230016456,-0.06155391352467703,0.0017414134359428186,0.0009017613059909654,-0.0014897473953323903,2024-07-02,2024-08-30,739068.0,739127.0,4.850696613391592,1.445957545190158,0.5501257997505744,0.09628201091681998
2024-09-16,739144.0152295768,0.24466312485048386,3.632057230840678,1.1084334836801444,-0.2749314008930272,0.028734511287069747,0.018712154477848863,-0.021806591061049856,2024-07-10,2024-08-30,739076.0,739127.0,0.8009729498148671,0.6445199504124159,0.5501257997505744,0.07715323974638186
2024-09-13,739141.3613860739,0.9548859220902299,3.400042916747821,0.5554280477599947,-0.002051729658107315,-0.003601560059476798,-0.0030349615727110484,-0.001939134630237364,2024-07-17,2024-08-30,739083.0,739127.0,0.7587296366940165,0.15999137340177574,0.5501257997505744,0.06860767876574227
2024-11-03,739192.8884900457,0.7677858355906471,5.286413298161339,0.8939025833799366,-0.014687345176211982,-0.0020279394331756003,-0.0019957735206402793,-0.00035975880661865496,2024-03-15,2024-09-03,738959.0,739131.0,1.118595154838247,1.051882678328877,0.5887045171923478,0.18192306028200142
2024-10-27,739185.1180380259,0.625652639220159,6.690338480307433,0.9351576153056086,-0.03310607208311737,-0.0033327567104170586,-0.0030486392791686597,-0.0013465013317260142,2024-03-22,2024-09-03,738966.0,739131.0,1.489062743875865,0.9289433612664297,0.5887045171923478,0.28299093250355406
2024-11-04,739193.2717636214,0.21883090837345637,10.34263781183527,2.0935858024823806,-0.6277904552426169,0.0010469732078121838,0.0009778188841364198,0.0003741966430938969,2024-04-01,2024-09-03,738976.0,739131.0,2.057011218956532,12.686928346603933,0.5887045171923478,0.39533284401771185
2024-11-02,739191.2849003442,0.9808276108570384,9.042205437156298,0.7316615089357,-0.0038846763982602387,-0.00033770967231476316,-0.00033170518305187196,0.0000633994819495304,2024-04-08,2024-09-03,738983.0,739131.0,1.784246929857604,1.2477559821082527,0.5887045171923478,0.4668664166223955
2024-10-11,739169.0946767895,0.31409641907318614,3.775183100221638,1.4667909420796659,-0.2781040961366592,0.014485001917481337,0.004398985222857924,0.01380087713004197,2024-04-15,2024-09-03,738990.0,739131.0,0.9300027361026664,1.5974004169954032,0.5887045171923478,0.153164388390652
2024-10-30,739188.9201183248,0.4996645844312372,9.2897274707773,1.2189957069958515,-0.08617546702887321,-0.004521290252505755,-0.004509039983627562,-0.00033260182418548215,2024-04-22,2024-09-03,738997.0,739131.0,1.7712715999171762,1.0251722746375698,0.5887045171923478,0.24128801369407266
2024-10-13,739171.0289445631,0.8581283108235371,8.757492299981545,0.7805163856750466,-0.009428180990869613,0.0009083079857203849,0.0008253411772505457,-0.00037925629600325204,2024-04-29,2024-09-03,739004.0,739131.0,1.9911303498878612,1.0171084082731183,0.5887045171923478,0.2934301645176396
2024-10-20,739178.8688486126,0.493576376801499,12.046036338070435,1.155931016528204,-0.08689041585297687,-0.0034563362033365793,-0.0023112122876940318,-0.002569933406084142,2024-05-06,2024-09-03,739011.0,739131.0,2.405528185966978,1.0300684659078871,0.5887045171923478,0.25281498265229746
2024-10-18,739176.8942596165,0.8127073277861816,14.380942948753718,0.8353232380828721,-0.01243651915399353,-0.0010471689187201753,-0.0008236462399241105,0.0006466603558224793,2024-05-13,2024-09-03,739018.0,739131.0,2.842455914636745,0.6711643991322017,0.5887045171923478,0.2717404928380814
2024-09-13,739141.1562555744,0.04883598521022338,10.34052722603041,5.103522872120061,-3.940436260104847,-0.026743958511753374,-0.021038605009655723,-0.016511099785479915,2024-05-20,2024-09-03,739025.0,739131.0,4.010430412840409,0.6958504109745873,0.5887045171923478,0.1414146536297501
2024-10-09,739167.9475206845,0.28669425879845006,6.1500711681247076,1.6807127889092288,-0.3823703388145614,0.014826593200100472,0.00966774825960275,-0.011241108019684427,2024-05-28,2024-09-03,739033.0,739131.0,1.2679436371039607,1.2022137162609638,0.5887045171923478,0.09879891446428735
2024-09-10,739138.0112567606,0.5069479750128797,4.184158799646708,0.8477359924297158,-0.070835339338941,0.005991006540542804,0.004185456436143053,0.004286503678987731,2024-06-04,2024-09-03,739040.0,739131.0,1.756432735423422,1.4325355849263335,0.5887045171923478,0.10922803532258447
2024-09-25,739153.1757060654,0.9775736467463989,4.7810604234091345,0.732056894920836,-0.006467191677600055,-0.0009111745545120304,-0.00041713126867299737,-0.0008100867691089967,2024-06-11,2024-09-03,739047.0,739131.0,1.191689978830404,1.4512405436878235,0.5887045171923478,0.09103962382690357
2024-09-15,739143.1973404067,0.08982835929631695,7.807581118663102,3.410301544740214,-2.1623681251138827,0.008242495528000857,0.00694868748316351,0.004433336755812814,2024-06-18,2024-09-03,739054.0,739131.0,2.472348432225296,3.0183380113164473,0.5887045171923478,0.12492218533651504
2024-10-05,739163.33877884,0.07980450410621277,11.56039848297227,5.936145746095821,-3.9866766559468685,0.01943177240925269,0.014226273622108257,0.013236575002390196,2024-06-26,2024-09-03,739062.0,739131.0,2.101531353158819,1.4162932876292293,0.5887045171923478,0.08766780471375125
2024-09-12,739140.3208300085,0.37936831967535134,2.2529342332774602,0.7570297399745486,-0.08366227773199748,0.02373391321376809,0.023252765787511294,0.004754736551042535,2024-07-03,2024-09-03,739069.0,739131.0,0.729658356536467,0.5935712822299537,0.5887045171923478,0.08292183485406418
2024-09-03,739131.8790067814,0.22263277671884524,4.780957228616398,1.0302184859873058,-0.29306633306697977,-0.018447210997763766,-0.00602951875614679,0.01743400404856241,2024-07-11,2024-09-03,739077.0,739131.0,3.1456854260124363,0.7397917087541497,0.5887045171923478,0.14268382891532055
2024-09-14,739142.5894750598,0.98137618692242,6.0285222312552875,0.696555950614807,-0.006954407005680343,0.0014867518953981698,0.0010825269613279507,0.0010191008666800966,2024-07-18,2024-09-03,739084.0,739131.0,1.554779121235152,0.7614585230333084,0.5887045171923478,0.0650014292253754
2024-09-14,739142.771530844,0.8763955316125027,5.893458310772919,0.5749244010506442,-0.006315707843587413,-0.0008254680238907123,-0.00005902842978580354,-0.0008233547855833844,2024-03-18,2024-09-04,738962.0,739132.0,2.645390970222002,1.1377627632695433,0.6125016741598673,0.4865465962101686
2024-10-17,739175.2584851453,0.18195792639548294,10.619642309649334,2.1595201951522047,-0.8015624887399239,0.005623490793391346,0.0038369625758909102,-0.004111127204863628,2024-03-25,2024-09-04,738969.0,739132.0,2.6399364194766717,2.442263317144774,0.6125016741598673,0.3605335217128839
2024-11-11,739200.8187498989,0.03004869442219827,4.355499925279668,14.578824833426054,-12.329601157566966,0.061733767329469405,0.04599420265052049,-0.04117755883041049,2024-04-02,2024-09-04,738977.0,739132.0,0.8175318102364153,1.377887765253411,0.6125016741598673,0.16987037135211092
2024-09-14,739142.5711661839,0.4760361263252525,5.129640344888282,0.8389538803530133,-0.07322148486645669,0.005451120417116429,0.005376615932551558,-0.0008981730989827813,2024-04-09,2024-09-04,738984.0,739132.0,2.21089172480611,1.2465386593648302,0.6125016741598673,0.25647624560712057
2024-10-01,739159.9732819085,0.5716603194004787,8.203539243551425,0.8691318221302249,-0.044549858269106936,-0.0020759277172466843,-0.002051245024273354,0.0003191703896460905,2024-04-16,2024-09-04,738991.0,739132.0,2.3481703770790325,1.4954465212768457,0.6125016741598673,0.3127747434702993
2024-11-05,739194.2537771795,0.028649014877385477,13.998640253145906,16.312830522491492,-13.96823227009492,-0.018533515393162593,-0.018237885482509517,0.003297078396924078,2024-04-23,2024-09-04,738998.0,739132.0,2.5581117629992547,1.5424371794066045,0.6125016741598673,0.2431906332530574
2024-09-24,739152.2327361738,0.4150117603981506,13.785974818811386,0.9982650137471669,-0.11540309633340033,-0.0010305542972208108,-0.0006972570367070683,0.0007588641408597176,2024-04-30,2024-09-04,739005.0,739132.0,4.354670071639335,3.3710834667036838,0.6125016741598673,0.2626690653681783
2024-10-13,739171.0792534437,0.05358327883639637,6.4530411403701695,7.503702790298016,-5.65699103913897,0.04174820202542312,0.028554816278815048,0.03045545664800747,2024-05-07,2024-09-04,739012.0,739132.0,1.441760576270698,1.1251555472240014,0.6125016741598673,0.11505482715360128
2024-09-21,739149.1249838101,0.4669751081582113,3.26709243138649,0.8667550802230748,-0.07362027597100665,-0.011173384977920284,-0.002041567127361324,-0.010985287230168011,2024-05-14,2024-09-04,739019.0,739132.0,1.054484711746345,0.941770295779635,0.6125016741598673,0.09749807282136928
2024-10-20,739178.1639900133,0.16907679567852799,2.07745478714518,-3.2347703281957263,1.7645255984693193,0.2887320236946786,0.12960772855317346,0.2580077871036287,2024-05-21,2024-09-04,739026.0,739132.0,0.39437041602914147,0.49737669956513225,0.6125016741598673,0.09951482586343481
2024-09-06,739134.1830929022,0.004628606240654199,4.840055645417612,36.11337052857176,-35.17464449780877,-0.003618798523788369,-0.002532836438547593,-0.002584655166814022,2024-05-29,2024-09-04,739034.0,739132.0,2.9474374787233253,9.295338168077315,0.6125016741598673,0.26094263781264965
2024-10-07,739165.0208028926,0.7925692044940493,4.353038603841849,0.7736254915998516,-0.012826104098796276,-0.0026460450515318995,-0.0023416415933655956,-0.0012321806129608954,2024-06-05,2024-09-04,739041.0,739132.0,0.9168003231082293,0.8825558566515285,0.6125016741598673,0.09202634564158857
2024-09-21,739149.1201575531,0.4883623144322181,10.653861509933979,1.017428842208731,-0.09259324109354078,0.0030333761537270163,0.0027739430210898266,-0.0012274408359455673,2024-06-12,2024-09-04,739048.0,739132.0,3.0115014701923193,1.3992267977584303,0.6125016741598673,0.1126506684131522
2024-09-24,739152.3032800908,0.2856689840976057,9.97170842446966,1.5636418363636968,-0.3794024458819494,-0.003797464046404991,-0.0017278568412266888,-0.003381603749696984,2024-06-20,2024-09-04,739056.0,739132.0,2.4705872001956597,2.862199982880239,0.6125016741598673,0.11042579523754939
2024-09-04,739132.133230205,0.3005688517814474,4.610127041921531,0.8986022254815904,-0.18382311732422726,-0.006680041031806284,-0.005347215717745343,0.004003777248363439,2024-06-27,2024-09-04,739063.0,739132.0,4.587034523329897,1.7941224285076698,0.6125016741598673,0.2050152160766333
2024-09-18,739146.7813044862,0.9535078699928337,12.483093255376337,0.746869406263385,-0.008840070480580069,0.0005743270615223703,0.0003853627867566763,0.0004258486775605261,2024-07-05,2024-09-04,739071.0,739132.0,3.247313380089002,1.1757054042000668,0.6125016741598673,0.08367367645096448
2024-09-29,739157.4515592093,0.7371546349409815,6.488520401872353,0.8698204959215055,-0.023010355328965275,0.00231993474432715,0.0005709408776194631,-0.0022485826051536107,2024-07-12,2024-09-04,739078.0,739132.0,1.175572567920374,1.1268353999726988,0.6125016741598673,0.07602529746812281
2024-09-16,739144.2017973656,0.9703272633919253,9.91481707263225,0.7506458099058595,-0.009039013390949691,-0.0011521760998668728,-0.0010916111021662465,0.00036863934506754727,2024-07-19,2024-09-04,739085.0,739132.0,2.4922313053961584,0.7677780565479014,0.6125016741598673,0.06637001054757785
2024-10-02,739160.3996442093,0.6897731668834918,12.10352945951732,0.7060552853502966,-0.017947175435801464,0.0010582731725551995,0.0007525691441137227,0.0007440307729375083,2024-03-19,2024-09-05,738963.0,739133.0,3.803937341059463,0.9664793637961288,0.5978370007556203,0.4770099939017384
2024-11-17,739206.2587968964,0.9697580296503587,2.994659907639427,1.0684591541229584,-0.0058244905132748,-0.0015732460789042574,-0.00012617862512103825,-0.0015681779807630832,2024-03-26,2024-09-05,738970.0,739133.0,0.55808246235409,1.1988839887718405,0.5978370007556203,0.18137321211063973
2024-11-07,739196.2061016539,0.2245263546225063,9.111671863107116,2.2195878069478634,-0.6512876205884236,-0.010588229731704913,-0.01056301394229466,-0.0007303049405888816,2024-04-03,2024-09-05,738978.0,739133.0,1.796814516507155,1.5157190949700998,0.5978370007556203,0.35102467678919513
2024-10-21,739179.8388450199,0.6710825756817952,13.660315701738597,0.8508446162863649,-0.023494294383479337,0.00005332541534568558,0.00004561791598446066,-0.000027615315732842315,2024-04-10,2024-09-05,738985.0,739133.0,3.099102017682019,21.644292069468204,0.5978370007556203,0.4426341681951567
2024-10-19,739177.7408571077,0.4984022887341061,5.428879243802882,1.1583129869876743,-0.08554872277070515,-0.00646620296835723,-0.006210758586809193,0.0017995162139774511,2024-04-17,2024-09-05,738992.0,739133.0,1.2299209877558865,1.214602144973588,0.5978370007556203,0.1327679118970607
2024-10-22,739180.826258489,0.6243819829302318,13.286050332832652,0.9700175741044856,-0.03610725503532495,-0.0017008563031830617,-0.0006387761101731526,-0.001576349341088329,2024-04-24,2024-09-05,738999.0,739133.0,2.82391984693704,0.9976571490085693,0.5978370007556203,0.2963491433198978
2024-09-09,739137.069350472,0.7234825557753947,8.156046802023408,0.6528947799037448,-0.018077281095255852,0.0024542526768682677,0.0020431832948423893,0.0013596904888951951,2024-05-01,2024-09-05,739006.0,739133.0,4.507232635595495,0.6533745179870243,0.5978370007556203,0.21088072433014038
2024-10-07,739165.3873776383,0.4814930537612373,3.9846674111029947,1.0035616182941487,-0.07879046116929869,-0.008708181204461403,-0.004657881501859115,0.007357755079123898,2024-05-08,2024-09-05,739013.0,739133.0,0.982126575749427,1.0933120462110297,0.5978370007556203,0.11658804132573947
2024-10-19,739177.4126760974,0.4339638594164076,10.200852400601082,1.3127088890554879,-0.1368237459223182,0.004113633028737345,0.0038293169264612546,0.0015027669719008716,2024-05-15,2024-09-05,739020.0,739133.0,2.054309485594395,1.4149888874989636,0.5978370007556203,0.23862363539641837
2024-10-26,739184.9028862333,0.9375534702086157,6.665927472336994,0.8561012658572298,-0.006834104320946321,-0.0009554471360897192,-0.0008147630432395758,0.0004990394906548292,2024-05-22,2024-09-05,739027.0,739133.0,1.180380524349393,1.0060287741963376,0.5978370007556203,0.10023305952412194
2024-10-03,739161.3750907104,0.27634071260095144,5.411235034681603,1.590468196728,-0.38182844644849023,-0.016102296238012175,-0.0024829081160822847,0.015909717515524707,2024-05-30,2024-09-05,739035.0,739133.0,1.2864482834056843,1.2109576181320922,0.5978370007556203,0.09746697295642107
2024-10-15,739173.7979932005,0.4332098998491195,13.963868600789397,1.4027232593483154,-0.1552073512272175,0.004040016997645859,0.002880438886741987,-0.002832809411346277,2024-06-06,2024-09-05,739042.0,739133.0,2.6060915272439678,1.191850311142337,0.5978370007556203,0.1304622594210626
2024-09-21,739149.8769389668,0.1930576030970495,9.727482835833488,1.9395783806078608,-0.7309941955407839,-0.0055190886854314,-0.0037936571587963903,0.00400855401350285,2024-06-13,2024-09-05,739049.0,739133.0,2.768068005244702,2.6286513802586833,0.5978370007556203,0.12912671330738473
2024-09-07,739135.2760737882,0.04096644499587666,5.387014385936024,4.374516693718561,-3.467212924521768,0.00962028111778175,0.006000767806868832,0.007519348011177212,2024-06-21,2024-09-05,739057.0,739133.0,3.033194941561519,2.7407718989555794,0.5978370007556203,0.25728855172617
2024-09-08,739136.5637846611,0.06588499642372761,6.142030713456789,3.164354380535132,-2.2072294502801206,0.007169517871457518,0.002652190205238246,-0.006660921379538049,2024-06-28,2024-09-05,739064.0,739133.0,2.945940028914244,3.3024182328056644,0.5978370007556203,0.21005301498685816
2024-09-11,739139.0519106006,0.04672828320438361,11.395278567295573,4.5135627951228035,-3.4801419257100554,0.03330071081762334,0.032543119823531204,0.007062768091213708,2024-07-08,2024-09-05,739074.0,739133.0,4.306993643365858,0.4285468732162162,0.5978370007556203,0.1278976085245755
2024-09-06,739134.0781347924,0.21247516190345778,13.009972865697337,1.0413640893773672,-0.3056187663519121,-0.022882352108764128,-0.011139936848281325,-0.01998759227735462,2024-07-15,2024-09-05,739081.0,739133.0,8.06816613969585,0.21812785679871308,0.5978370007556203,0.1392852038585622
2024-09-18,739146.6649747923,0.15705624443706048,12.537026954028764,1.963398888036519,-0.8576497647174165,0.015083469225911856,0.009069826283333637,0.012051941548114991,2024-07-22,2024-09-05,739088.0,739133.0,2.907209288035669,0.7123105553481033,0.5978370007556203,0.1017599642525341
2024-09-20,739148.8891430144,0.21143862527292662,8.060223722664325,1.4468214982707148,-0.46303437943503045,-0.004197806954377205,-0.004162259328115877,0.0005451426526424024,2024-03-20,2024-09-06,738964.0,739134.0,3.231594018559062,2.89353010414884,0.620309856607679,0.3076377892051744
2024-09-20,739148.1356769496,0.13067797994359623,11.791568207029352,2.138890313891212,-1.0536864985423742,-0.015136132170986728,-0.0024862150156793215,-0.01493054694220509,2024-03-27,2024-09-06,738971.0,739134.0,4.7446649222797035,0.7714847553812647,0.620309856607679,0.24317846562329837
2024-10-17,739175.3573359633,0.9755163993844682,10.562685483991052,0.6675819872095589,-0.003806426583633649,-0.00022118001139279192,-0.00003098446810576458,-0.00021899899583312812,2024-04-04,2024-09-06,738979.0,739134.0,2.6186320993767565,1.5893948739248,0.620309856607679,0.5519822089326751
2024-09-30,739158.6989476414,0.547617254297384,8.748585359136852,0.8682159596361085,-0.049639332182376206,0.0018433402962272905,0.0017737195975298704,-0.0005018189285327818,2024-04-11,2024-09-06,738986.0,739134.0,2.7078868386519304,1.68562010620378,0.620309856607679,0.34887732592089543
2024-10-29,739187.2439663948,0.7192289510366622,10.662070381143465,0.9127119320948848,-0.020083840554336395,-0.0008059109236636887,-0.0003009492002080694,-0.0007476108585183762,2024-04-18,2024-09-06,738993.0,739134.0,2.1962070718806816,1.6810682201809874,0.620309856607679,0.3704799024524291
2024-09-07,739135.8775807167,0.8019984798089834,6.399215493362799,0.6238904807597122,-0.012070853418763329,0.0017957756944234934,0.0006214202923679878,-0.001684828526858287,2024-04-25,2024-09-06,739000.0,739134.0,4.360840742392546,0.8424278130622294,0.620309856607679,0.23449509705333724
2024-09-10,739138.4194876124,0.2663896703732412,10.294361712470197,1.1032852847206218,-0.27228359583853673,-0.008879728729486532,-0.00836560115176023,-0.002977633234455916,2024-05-02,2024-09-06,739007.0,739134.0,5.55805514293606,0.79348685269572,0.620309856607679,0.20270000789822196
2024-10-26,739184.7023724079,0.05356522481808269,6.788159848585242,8.293415385422724,-6.226015174285308,-0.04513494358987156,-0.043769848188668664,-0.011016511353499629,2024-05-09,2024-09-06,739014.0,739134.0,1.3115129143886746,1.088499270319631,0.620309856607679,0.10576511499118785
2024-10-03,739161.8799163143,0.08829157102281583,5.734582299009103,4.203780719253603,-2.6460620937357198,-0.035365842411696546,-0.03515483364144007,-0.0038575226676751647,2024-05-16,2024-09-06,739021.0,739134.0,1.478554307158023,1.1519496009166241,0.620309856607679,0.10312560234727673
2024-09-24,739152.0022852023,0.007602508084801675,11.848757983802804,39.32185601109585,-37.78502792889561,0.034890631596084146,0.030323504717205733,-0.017258077379571194,2024-05-23,2024-09-06,739028.0,739134.0,3.6391968900972156,0.6948562658785971,0.620309856607679,0.1394182996662954
2024-10-22,739180.5301162236,0.36912988330016777,9.326235426665647,1.6936420595808042,-0.2551166530564434,-0.008048136106018235,-0.0018676490371804062,0.00782843418921776,2024-05-31,2024-09-06,739036.0,739134.0,1.6823066799282045,1.2546319049402184,0.620309856607679,0.1329145257513376
2024-09-15,739143.1188425587,0.8853751153768281,12.646300731287889,0.7023412706660261,-0.01052732946085799,0.0011862263645718214,0.0010248307584648823,0.0005973733376286335,2024-06-07,2024-09-06,739043.0,739134.0,4.822510406411667,0.6213187340278226,0.620309856607679,0.11423664331751071
2024-10-01,739159.8553211162,0.755938686335595,4.438047213674358,0.8222128927596706,-0.018406049415589952,-0.002390409805063312,-0.002190975725828376,-0.0009558684035857876,2024-06-14,2024-09-06,739050.0,739134.0,1.0218210949719566,1.31154403207701,0.620309856607679,0.09030160497433239
2024-10-08,739166.4929345197,0.8324508842755802,2.917058252384334,0.6006255392664482,-0.004260778038356415,-0.004485233675677696,-0.003131957525490208,-0.003210632832318033,2024-06-24,2024-09-06,739060.0,739134.0,0.5511076398378207,0.27109240688143277,0.620309856607679,0.08815373607186895
2024-10-02,739160.180823044,0.44134653320572836,7.8977316775741535,1.304996127643427,-0.14990771443872042,0.003980705439437397,0.00031438446488646934,-0.003968271437767906,2024-07-01,2024-09-06,739067.0,739134.0,1.595733103101104,2.1044629557176666,0.620309856607679,0.09442938671607932
2024-09-24,739152.4567949601,0.9476229803722029,4.094525491322391,0.7068528187151437,-0.006470217386392942,0.001382426261257473,0.0004566467689224517,0.001304827994889365,2024-07-09,2024-09-06,739075.0,739134.0,0.934673621103343,1.08320062483743,0.620309856607679,0.08128366268598347
2024-09-11,739139.7646050364,0.8915235701272526,8.522805051048541,0.7179284584850107,-0.012278395158446928,-0.0012738694970028499,-0.0012373222061682042,0.00030294760853543924,2024-07-16,2024-09-06,739082.0,739134.0,3.126120410839278,1.0082470099540057,0.620309856607679,0.08000271037993648
2024-09-08,739136.1713739749,0.44247649533261224,7.7024847972569574,0.7743246409740374,-0.0733462660402335,0.011407990193691014,0.010544947301183901,-0.004352737836650016,2024-07-23,2024-09-06,739089.0,739134.0,3.773808458378378,0.36934159981410075,0.620309856607679,0.09310108227322461
2024-10-11,739169.9395594032,0.18216427335340726,6.983434019227724,2.119953970916055,-0.7923081657222676,-0.011918831863585569,-0.007204992373645608,-0.00949455833033487,2024-03-21,2024-09-09,738965.0,739137.0,2.0317723208596616,1.7340220276827314,0.620309856607679,0.3309089234650042
2024-11-13,739202.2131564445,0.5557413355260196,2.0928405216397166,1.1444068804517757,-0.04339843801805931,0.016223754544950005,0.011913646631836559,0.011012503596662991,2024-03-28,2024-09-09,738972.0,739137.0,0.4201360566118096,0.7103285926754431,0.620309856607679,0.1929946197635844
2024-10-21,739179.7972388696,0.03879493966977555,12.411387312827872,9.816617771532739,-7.944575654773834,0.005866897722236722,0.004007249934539734,0.004285141403188201,2024-04-05,2024-09-09,738980.0,739137.0,3.043652265200725,4.232694659160017,0.620309856607679,0.3149887250910599
2024-09-12,739140.6485700825,0.5003762834579365,4.451541832678108,0.8118860527686637,-0.06465093383424435,-0.006212023085535442,-0.005527522896366925,0.00283473481041255,2024-04-12,2024-09-09,738987.0,739137.0,2.6499691547754174,1.1698441278909755,0.620309856607679,0.19420271921491564
2024-10-11,739169.6683706179,0.1774599163652462,9.20387212593235,2.315389632227611,-0.9015458124141759,-0.007241885552961537,-0.0011154753678048663,0.007155460926174752,2024-04-19,2024-09-09,738994.0,739137.0,2.46414302662194,2.4003017382710516,0.620309856607679,0.2506589739959649
2024-09-17,739145.9235620592,0.08178301573296555,9.566850087102157,3.2753566094911757,-2.1169862490934346,0.02056839260550063,0.00232053949589033,0.02043707099420133,2024-04-26,2024-09-09,739001.0,739137.0,4.244296624559436,0.8798564783045608,0.620309856607679,0.19936785650346478
2024-10-26,739184.431592149,0.06348307851302205,11.076847970399278,7.111980932096512,-5.062869230471596,0.012263634646146172,0.007466577922611423,-0.009728666345379947,2024-05-03,2024-09-09,739008.0,739137.0,2.3158703855809577,2.366024788471198,0.620309856607679,0.2389933482094763
2024-10-03,739161.4161989528,0.4856497971774719,3.038252137695484,0.8164920984974987,-0.052727732416587444,-0.013708300265431144,-0.005559881263970052,-0.012530172245335426,2024-05-10,2024-09-09,739015.0,739137.0,0.866142972190643,0.6148297668609546,0.620309856607679,0.10550818900775973
2024-10-20,739178.901557613,0.04286085609185531,12.943299485711094,10.117328052319554,-8.059401827915316,-0.022482274472600372,-0.009702397971359801,0.02028093042901858,2024-05-17,2024-09-09,739022.0,739137.0,2.719795827788683,1.1870756733119994,0.620309856607679,0.1865432607612188
2024-09-13,739141.207865369,0.5525548521680171,8.309101055738225,0.8012481574711666,-0.05167845287135444,0.003721103930639993,0.0015848124554108786,0.0033667467893797646,2024-05-24,2024-09-09,739029.0,739137.0,4.3420782967368545,0.9235471223019942,0.620309856607679,0.16095821893614154
2024-09-20,739148.1984590696,0.9598762960077976,13.327464116815376,0.6885256218412029,-0.006700563161950535,0.0008312858331444231,0.00018328484655199328,-0.0008108284660833204,2024-06-03,2024-09-09,739039.0,739137.0,4.830645959779565,0.5805353516034589,0.620309856607679,0.1682889438840882
2024-10-23,739181.9697914983,0.45830435731031594,11.732500134875192,1.493997131886054,-0.1450788873284563,0.0022959203470724913,0.002274021810316441,-0.0003163464023923866,2024-06-10,2024-09-09,739046.0,739137.0,2.0660425635531228,2.468373172579515,0.620309856607679,0.13458978989275647
2024-10-12,739170.0543425205,0.9195005807598418,8.855663330226045,0.9079952540397402,-0.010099861092020601,-0.0006138047621143244,-0.00037034129791849684,-0.000489493216551839,2024-06-17,2024-09-09,739053.0,739137.0,1.7821942111693325,1.7085042273777702,0.620309856607679,0.10092817307795238
2024-09-14,739142.8905483227,0.5761715876827224,5.2152564822002905,0.853935099136516,-0.053251867268999734,0.0019746332389761574,0.0004903155388944233,-0.001912790396459617,2024-06-25,2024-09-09,739061.0,739137.0,2.1846777190802578,2.9793708512800268,0.620309856607679,0.11442118843349917
2024-10-07,739165.1448157472,0.8625558099762964,12.794642871172607,0.9277399124371175,-0.014534217017859171,0.000682938885012097,0.0006819934571432467,-0.00003592276541928088,2024-07-02,2024-09-09,739068.0,739137.0,2.522687136636171,1.434725561916141,0.620309856607679,0.08688007833441855
2024-09-25,739153.8083410304,0.021471355477796553,7.28735647419454,13.458208000428055,-11.994534953944415,0.03228298188048386,0.004999971194386733,0.031893435173260216,2024-07-10,2024-09-09,739076.0,739137.0,1.7772754664002013,1.0947103390362,0.620309856607679,0.11730686082729394
2024-09-15,739143.1088393581,0.6044613215605369,4.202543354866048,0.7441113548884258,-0.032025836166664594,0.006745300799862776,0.005323403447205289,0.004142518390896079,2024-07-17,2024-09-09,739083.0,739137.0,1.5292847773113116,0.6828974171216508,0.620309856607679,0.07302108944241734
2024-09-09,739137.3474377922,0.3245960781417035,5.954826262214793,0.8238004022632365,-0.11902136471207322,0.02035116504408945,0.019906542658497034,-0.004230777474319126,2024-07-24,2024-09-09,739090.0,739137.0,4.657841223025928,0.31879376768443807,0.620309856607679,0.11427660524134332
2024-09-14,739142.2989753128,0.9831402607918864,4.146095790590312,0.6015331063531769,-0.004481349207174305,-0.001112579198027985,-0.0004214886940200178,0.0010296503060252518,2024-03-22,2024-09-10,738966.0,739138.0,2.4506343188574404,0.9551113399150241,0.5560675878793254,0.3199043802330449
2024-11-08,739197.3269139037,0.019600958321287724,7.857198489197336,22.941462071807397,-20.60820795536545,-0.04736675522264965,-0.04614995532732097,-0.010667292234146732,2024-04-01,2024-09-10,738976.0,739138.0,1.6463963016605616,1.0853659022572983,0.5560675878793254,0.2367371567851711
2024-11-12,739201.7626356655,0.7976140342938498,6.420711308313415,0.9488627392358547,-0.013362882027242588,-0.0016120520965988616,-0.0015097669353994036,0.0005650803154627476,2024-04-08,2024-09-10,738983.0,739138.0,1.259803807597296,1.0297474024316537,0.5560675878793254,0.1792347282075866
2024-09-24,739152.8635705437,0.6439785992551671,4.426198940632597,0.824497616249696,-0.03205480686719838,-0.0042002944282851585,-0.004198450644832567,-0.00012444061711654422,2024-04-15,2024-09-10,738990.0,739138.0,1.686456446038514,1.1103347588157237,0.5560675878793254,0.14730467754533008
2024-09-12,739140.9652097443,0.20560559182704635,9.167319278312004,1.3117156157847276,-0.4372914946595007,0.011642418303928877,0.007234719242462159,-0.009121663304814858,2024-04-22,2024-09-10,738997.0,739138.0,5.664842146364281,0.84240395279601,0.5560675878793254,0.2634182945429263
2024-09-16,739144.7843176274,0.11608644547913019,3.224851465753746,2.1812106306871226,-1.1566650671311216,-0.031815069780953734,-0.010557254851026444,-0.030012381364654058,2024-04-29,2024-09-10,739004.0,739138.0,1.5564930118594442,1.308719389147355,0.5560675878793254,0.1803617763040597
2024-09-10,739138.9549227811,0.20123635408897284,3.499715225481467,1.2368667178320554,-0.4144253530822809,0.018067098517336854,0.0058276225365921685,-0.017101428724120054,2024-05-06,2024-09-10,739011.0,739138.0,2.7280613759430037,1.3189600363598233,0.5560675878793254,0.2863652185544664
2024-09-17,739145.8261381724,0.04774910686429547,5.121066044955519,5.052895282911986,-3.8982583668221533,0.023928679616190857,0.021309482902787134,-0.010885203102842434,2024-05-13,2024-09-10,739018.0,739138.0,2.2765795584154294,1.5189964557992537,0.5560675878793254,0.23017150394914276
2024-09-27,739155.083577733,0.13217255704239086,8.217538957625333,2.543453018424836,-1.2691944235278179,-0.01081292875028827,-0.004116841242656614,0.009998552212274144,2024-05-20,2024-09-10,739025.0,739138.0,2.6550375846946044,1.8879232476917405,0.5560675878793254,0.2105922941794222
2024-10-02,739160.4994089942,0.04291113033531758,5.657707752664607,7.991072540807432,-6.375674639702232,-0.041020009185143716,-0.03801192252843596,0.015418654261687608,2024-05-28,2024-09-10,739033.0,739138.0,1.5619447376011095,1.1788534998809277,0.5560675878793254,0.11576842164488294
2024-10-24,739182.2019377762,0.9027971088376643,10.693779015049806,0.9248896370863252,-0.009575220737486767,-0.000587891978593689,-0.0002803822096814179,0.0005167231318500923,2024-06-04,2024-09-10,739040.0,739138.0,1.988714498788869,1.3750237968235601,0.5560675878793254,0.1809948747741734
2024-09-29,739157.872025323,0.034348443371517996,10.024120814395438,9.722974158666371,-8.12875530636187,0.006556379192579804,0.0020098940296574778,-0.006240707820947928,2024-06-11,2024-09-10,739047.0,739138.0,2.7425741377049295,4.248354560262394,0.5560675878793254,0.17739770420094048
2024-10-17,739175.9898317782,0.02936630274767938,4.882032845727981,11.217579534656679,-9.531843352426257,0.06399092081678083,0.047800609868101425,0.04254338542261392,2024-06-18,2024-09-10,739054.0,739138.0,0.9064626872861282,0.8959981473118422,0.5560675878793254,0.0920275586343834
2024-09-24,739152.7364939442,0.24138610612283712,11.433035011980179,1.6405957816105188,-0.483558929758723,-0.008725177719262314,-0.006647491493754902,-0.005651511574186832,2024-06-26,2024-09-10,739062.0,739138.0,3.3074080352642,1.1701077656009635,0.5560675878793254,0.14836025326131358
2024-09-25,739153.6924793544,0.29830319673845024,4.899375921314845,1.288032817969801,-0.2694209978430438,0.01680999057179351,0.004422238665072579,-0.016217878659458635,2024-07-03,2024-09-10,739069.0,739138.0,1.3145545015678797,0.9758456138400097,0.5560675878793254,0.09756103798551605
2024-10-02,739160.1147912447,0.8583041876414568,13.928360700103406,0.88430446089191,-0.01468309502779987,-0.0009962604171214174,-0.0009775307887509171,-0.00019227161976472269,2024-07-11,2024-09-10,739077.0,739138.0,2.9349469242980555,0.9082093326685713,0.5560675878793254,0.0951555927542144
2024-10-05,739163.5797056948,0.6705186626895475,6.340908336414409,0.8692663206871241,-0.02714510016278455,0.003740042713547027,0.0005743343709801022,-0.003695681199652792,2024-07-18,2024-09-10,739084.0,739138.0,1.1453865844613742,0.7674927495528071,0.5560675878793254,0.07608300893765496
2024-10-01,739159.136197935,0.8485732472157415,2.4796556005823183,0.4792177558855354,0.000784500923447406,-0.0069539137378033565,-0.0007889189208895232,0.00690901752849656,2024-07-25,2024-09-10,739091.0,739138.0,0.4619456616106318,0.03860665103241486,0.5560675878793254,0.07930234103674055
2024-11-23,739212.0998091929,0.6329964046943516,6.622481417476831,1.118354325818493,-0.035637730699980295,-0.0033711344740486944,-0.0008232272955142388,-0.003269073945636574,2024-03-25,2024-09-11,738969.0,739139.0,1.2665360270784904,1.010449142958542,0.6422887633264542,0.19331123184035684
2024-09-21,739149.6503482411,0.3318998434265766,8.507331393598811,1.0548082436329669,-0.18066705306167638,-0.003129251717455493,-0.00018329468631143541,-0.0031238788979677397,2024-04-02,2024-09-11,738977.0,739139.0,3.7717600957477657,2.2524344358150716,0.6422887633264542,0.33388197173054174
2024-09-17,739145.549938322,0.6229380315462333,13.333748393527626,0.7062587690088201,-0.02789742378848475,-0.0011756197487961864,-0.0002491251615251764,-0.00114892055759076,2024-04-09,2024-09-11,738984.0,739139.0,6.802194114202013,1.1086381447661031,0.6422887633264542,0.375383740336899
2024-10-26,739184.5240234776,0.8349659267218206,11.265378057072368,0.8117170030728338,-0.009764727951069776,0.00044460682880733207,0.00010278084168693879,0.00043256367254340363,2024-04-16,2024-09-11,738991.0,739139.0,2.5946745809539307,1.6278223297169023,0.6422887633264542,0.42116727961188927
2024-10-29,739187.4576214658,0.2815568546566883,8.05327826806079,1.970473807434484,-0.44441100100982583,-0.015730802179069053,-0.015653195868622675,-0.0015606397071514066,2024-04-23,2024-09-11,738998.0,739139.0,1.7475928153397855,0.9877051780390492,0.6422887633264542,0.1501278000413466
2024-10-18,739176.7531795835,0.5830634604848305,5.654130850626344,1.057781464208871,-0.05151240994779773,-0.004602673889606031,-0.0038070387462676926,-0.002586708897127318,2024-04-30,2024-09-11,739005.0,739139.0,1.3633124249116941,1.1541217724365693,0.6422887633264542,0.12152805768973254
2024-10-12,739170.6201238366,0.5965753994370365,4.101104298497476,0.9251150959688723,-0.03995572036909291,-0.005121726464608613,-0.004928307812231712,0.0013942252637820442,2024-05-07,2024-09-11,739012.0,739139.0,1.0526390981152831,1.1348203391989018,0.6422887633264542,0.13261336116897463
2024-11-03,739192.6186608241,0.08366539888633141,4.570434373594233,3.6015464333615568,-2.1918976414132256,0.07251192687866552,0.07078245884635154,0.01574239687345882,2024-05-14,2024-09-11,739019.0,739139.0,0.8546773963062664,0.5533491307484233,0.6422887633264542,0.10731051682925201
2024-10-12,739170.9036323085,0.8012737510690973,3.1144332545113915,0.630782908222478,-0.005696981910005407,0.004587032520047311,0.001077618912241039,-0.004458655046081949,2024-05-21,2024-09-11,739026.0,739139.0,0.7501329930787765,0.3195324058176471,0.6422887633264542,0.10380783604090858
2024-09-29,739157.2399409714,0.9405106510093206,2.0596863025655234,0.5112875536410809,0.0005715125078805204,0.0049990962349578056,0.004889166464203371,-0.0010425998521381122,2024-05-29,2024-09-11,739034.0,739139.0,0.6262859587956344,0.05220317044805284,0.6422887633264542,0.1028282966751488
2024-10-15,739173.682788803,0.06776102111791628,14.367058166734452,6.3963536883086825,-4.490073882249218,0.016971920728293507,0.0051433040723982875,0.016173821948640647,2024-06-05,2024-09-11,739041.0,739139.0,3.0679559570124493,1.2477701284941956,0.6422887633264542,0.15891078953620022
2024-10-14,739172.2742372495,0.2729281600881049,6.349464695809153,1.850172858078071,-0.45176350862235115,0.014075237878323618,0.01312281309130861,0.00508960685141547,2024-06-12,2024-09-11,739048.0,739139.0,1.331607361568341,1.3796427370807944,0.6422887633264542,0.09713498134664553
2024-10-16,739174.52913205,0.5500366733080478,9.993339889892455,1.2634555695385818,-0.08140555371454548,-0.0021377534317618472,-0.002060320612666927,0.0005701479702930917,2024-06-20,2024-09-11,739056.0,739139.0,1.9162308870087028,2.095933071534023,0.6422887633264542,0.11766329754047623
2024-09-15,739143.3749923563,0.0982142848198189,12.490435895180783,2.339714640267572,-1.3575161129534417,0.02723571361806334,0.026581860159105804,-0.005932015405147246,2024-06-27,2024-09-11,739063.0,739139.0,5.786418508628278,0.39192529862465253,0.6422887633264542,0.2243865249426419
2024-10-10,739168.7521942455,0.13768826114432067,9.545443552645304,3.294203760542524,-1.6244034329263533,0.01341886845556197,0.013412065006639056,-0.00042725037783972566,2024-07-05,2024-09-11,739071.0,739139.0,1.8071435532005007,1.7461389686447844,0.6422887633264542,0.1305227052273879
2024-09-21,739149.927010306,0.2820881624758707,10.366299579525387,1.3082913286199458,-0.3047621258621735,0.002910114075179115,0.0023641770735101687,-0.0016968885336534306,2024-07-12,2024-09-11,739078.0,739139.0,3.1089965359801437,2.8497849407189753,0.6422887633264542,0.1531522787714949
2024-09-26,739154.2583042828,0.7813946455527843,6.715624403925795,0.7712357409312228,-0.0151595518297893,0.0027390064426940884,0.0011886419678140807,-0.0024676479824867225,2024-07-19,2024-09-11,739085.0,739139.0,1.6168317808040484,0.6439873562406102,0.6422887633264542,0.07855825627807557
2024-09-25,739153.6217879388,0.9820352305000466,7.9116515280180195,0.7170872455488214,-0.005759843543805539,-0.0013917421193772013,-0.0013526540072391219,-0.00032752597385320457,2024-07-26,2024-09-11,739092.0,739139.0,1.811331683149695,0.5137026829386984,0.6422887633264542,0.0725684054494399
2024-09-21,739149.1900594216,0.7913578561277645,10.990775084713247,0.6310330764225381,-0.010101687543377558,0.0006805399952630006,0.0006587025040615367,0.00017101373130724338,2024-03-26,2024-09-12,738970.0,739140.0,5.1957993093499875,1.068771526287661,0.6390225655398332,0.5146333296257382
2024-11-23,739212.753123955,0.44477708488735945,11.399834647440548,1.3900713421959554,-0.1196373760223276,-0.0009472800477177795,-0.0006573117728204414,-0.0006821148892348321,2024-04-03,2024-09-12,738978.0,739140.0,2.125431456970976,4.927564767181058,0.6390225655398332,0.4754942315196578
2024-11-17,739206.375889653,0.6257657018110058,12.683737114577061,1.069806055090098,-0.03539209393554745,-0.0005022127700226102,-0.00003871370535302816,-0.0005007183992940766,2024-04-10,2024-09-12,738985.0,739140.0,2.4315563992126457,3.4768265873093087,0.6390225655398332,0.46292053086285173
2024-11-08,739197.1213662721,0.7530192329600316,2.1009468408171545,0.8463488806189127,-0.009414273195090936,0.006186448963210583,0.004279310525392122,0.004467622656590135,2024-04-17,2024-09-12,738992.0,739140.0,0.4274742645707234,0.5454266668158835,0.6390225655398332,0.2055586435276283
2024-09-20,739148.9151872442,0.017219014238279765,2.152003015028999,9.95585971459067,-8.951358140068624,0.07970448895073085,0.06604196900559674,0.044623579963523494,2024-04-24,2024-09-12,738999.0,739140.0,0.9666477720225064,0.8986106504240949,0.6390225655398332,0.16803611344772085
2024-11-11,739200.9924735333,0.8214708997088953,3.138611853320982,0.8249208715092295,-0.007818562606948274,0.002868265769509662,0.002655147063632339,-0.0010849620246927646,2024-05-01,2024-09-12,739006.0,739140.0,0.5805538811180474,0.7134476320933096,0.6390225655398332,0.180097869705594
2024-10-02,739160.0288197888,0.8739209524979337,2.233031967218336,0.632876644429946,-0.004151014780420273,0.003781956209063348,0.0032082730247667453,0.002002542625220959,2024-05-08,2024-09-12,739013.0,739140.0,0.7084705666275088,0.4295512581129201,0.6390225655398332,0.1405270179979315
2024-10-27,739185.7698936184,0.12872009683683563,11.220757900936793,3.712666042244378,-1.8676534153092366,0.007890465165075003,0.00773462207237936,-0.0015604684933455404,2024-05-15,2024-09-12,739020.0,739140.0,2.298328673128113,2.715300159932928,0.6390225655398332,0.2403382319317303
2024-09-19,739147.5619156937,0.15174818267211257,7.1174902236959765,1.8837585334716593,-0.8389651529594636,-0.0044837357578719214,-0.0038346958925571275,0.002323573488836708,2024-05-22,2024-09-12,739027.0,739140.0,3.136722258973398,3.9893352243791758,0.6390225655398332,0.24904428847185675
2024-09-17,739145.8627176763,0.6182780070920003,11.167063082104349,0.8002904521277545,-0.03793812903461545,0.0033770266683211527,0.00024868362847112115,0.003367857712475798,2024-05-30,2024-09-12,739035.0,739140.0,5.224672461190773,0.6219940754071273,0.6390225655398332,0.14725564012169823
2024-10-19,739177.1926618265,0.5212437242696085,5.586288868769794,1.129655520225272,-0.07478572785761085,-0.005979173913899812,-0.005426590265881322,-0.0025105056819099375,2024-06-06,2024-09-12,739042.0,739140.0,1.1474443111005623,1.1670648491988125,0.6390225655398332,0.0965472599870966
2024-09-14,739142.0966270458,0.2065404271954377,2.564002741122145,1.0569716429391376,-0.30173002139152594,0.043797794391457125,0.0027902311601704483,0.04370882523734959,2024-06-13,2024-09-12,739049.0,739140.0,1.5479492984163283,0.5549487390087212,0.6390225655398332,0.12446249486575738
2024-10-02,739160.0815711371,0.5105772321838357,3.820685808708234,0.9465780341495023,-0.06614778480585333,0.007792860687902685,0.0026209323104002887,0.0073388957974179535,2024-06-21,2024-09-12,739057.0,739140.0,0.9946491461597294,1.1343276327665788,0.6390225655398332,0.09396344666402065
2024-10-13,739171.0484107112,0.2736460701358208,13.191731717336603,1.9476656260518534,-0.48720576659705855,-0.004693640307664243,-0.0038436624226113932,0.002693792590147876,2024-06-28,2024-09-12,739064.0,739140.0,2.5986578596800802,2.1532280084605366,0.6390225655398332,0.13683704539356525
2024-09-23,739151.1534778151,0.44301192343314966,5.02273814120697,0.9494964809728615,-0.09409410862551386,0.01006735776392523,0.0025638873071190606,-0.00973540827203766,2024-07-08,2024-09-12,739074.0,739140.0,1.546063437165908,0.8243692966552427,0.6390225655398332,0.09916639228666133
2024-09-24,739152.350557929,0.7525952389886772,13.906762882096874,0.8432735237991574,-0.023102358978437754,0.0018014502538268903,0.0004504103154190175,0.001744234377822289,2024-07-15,2024-09-12,739081.0,739140.0,3.8819682709642294,0.6940159809021333,0.6390225655398332,0.1013678136403253
2024-09-28,739156.2740916006,0.9179823878443096,8.392505848739315,0.7485707609751769,-0.00798180774742469,0.0015925838153768156,0.0013691356335866027,-0.000813505270937802,2024-07-22,2024-09-12,739088.0,739140.0,1.9153476232146953,0.5482033202453099,0.6390225655398332,0.0763762048478201
2024-09-23,739151.569806244,0.7566779497046254,12.404570385828876,0.7903216862209471,-0.018824669257759392,-0.002774818142323835,-0.0003265312954569508,0.002755538610881132,2024-07-29,2024-09-12,739095.0,739140.0,3.1332838840972363,0.41383019904803353,0.6390225655398332,0.09104599380186025
2024-11-13,739202.0762541891,0.34824397539890867,7.147703633205417,1.666536160107671,-0.25173202025521096,0.012212417724191836,0.011871227248710281,0.00286655024020746,2024-03-27,2024-09-13,738971.0,739141.0,1.5137083954006183,1.0042778526174747,0.6258500369832943,0.22647102619602152
2024-10-31,739189.5843822036,0.6736930728706826,3.0229611103412353,0.8809017197627939,-0.020686326424139412,0.004789250101458597,0.0017509321243854299,-0.0044577071718672045,2024-04-04,2024-09-13,738979.0,739141.0,0.7056018764887717,0.9625989376199262,0.6258500369832943,0.19584701193140983
2024-09-14,739142.6301151923,0.6892719589917774,9.542530377220446,0.6579589457216868,-0.018937702546248318,-0.0004112929163022625,-0.00021811304224221247,0.0003486955173274625,2024-04-11,2024-09-13,738986.0,739141.0,6.933411127072217,3.3258535435691305,0.6258500369832943,0.3891518915368509
2024-10-15,739173.1147584881,0.7130579430260248,14.55238098733677,0.8282660348648527,-0.01939791531658988,-0.0002907635017170277,-0.0002774050466897924,0.0000871197681458238,2024-04-18,2024-09-13,738993.0,739141.0,3.993572765741215,3.268932359972366,0.6258500369832943,0.3910699772050013
2024-10-27,739185.8224701558,0.36754843255370867,10.069460303806324,1.498268780117222,-0.21239979350094285,0.005157808302049959,0.004471666659784688,0.0025704442737522113,2024-04-25,2024-09-13,739000.0,739141.0,2.27903512746612,1.5031325316561692,0.6258500369832943,0.26953840552581176
2024-10-19,739177.6031025398,0.5093297257691513,8.152808370519907,1.1750143292874462,-0.08346946790618993,-0.005510562844848173,-0.0054176105584242545,0.0010078683963054042,2024-05-02,2024-09-13,739007.0,739141.0,1.9972128138937595,0.9462883084328886,0.6258500369832943,0.1898906205266054
2024-09-16,739144.4086002622,0.9768312690636842,13.628257994541888,0.6132023763895526,-0.004752657868974248,-0.0003534343464031992,-0.00025234895456462326,0.00024745876898505406,2024-05-09,2024-09-13,739014.0,739141.0,7.904657281893772,0.9638445741374668,0.6258500369832943,0.37509489181107614
2024-10-28,739186.0984688734,0.23113344703560373,12.57284542940448,2.2584533094460126,-0.6626629422427043,0.007665981482126042,0.005281663854334566,0.005556194652288123,2024-05-16,2024-09-13,739021.0,739141.0,2.5967248331255344,1.5891106508478907,0.6258500369832943,0.23398321110498901
2024-10-27,739185.0964680533,0.008480312725276386,3.2084411847830614,2.125888092472984,-1.6578429678901305,0.20185391779072528,0.2015784828304645,0.010541318097515462,2024-05-23,2024-09-13,739028.0,739141.0,0.6487571755779394,0.02170820898049088,0.6258500369832943,0.10625091898633027
2024-09-13,739141.0491430326,0.512186576959773,8.253247068960933,0.7778554060221405,-0.05847544528446202,0.0035692842148599357,0.002010533257866142,0.0029491601898612536,2024-05-31,2024-09-13,739036.0,739141.0,10.071539117575497,1.0167068568710813,0.6258500369832943,0.219068154182094
2024-10-03,739161.5310444786,0.6461325937451273,11.470185053517685,0.9292190054006139,-0.03697508566510851,0.0012256248538214667,0.00018210904734818263,-0.0012120200399245995,2024-06-07,2024-09-13,739043.0,739141.0,3.200598032690994,1.6994283320392243,0.6258500369832943,0.15589140674970015
2024-10-11,739169.4507738249,0.5249513789652639,14.13609819970147,1.1593328441232778,-0.0825112886361516,0.002148407641137783,0.0017892436283606546,-0.001189227745585349,2024-06-14,2024-09-13,739050.0,739141.0,3.2278961917755797,1.4262189709614403,0.6258500369832943,0.1352821240380905
2024-10-02,739160.968702127,0.5590470041074497,4.876482645794834,0.9797758073982293,-0.05768942410602945,0.004921247525489576,0.003989229083145808,-0.002881792589573532,2024-06-24,2024-09-13,739060.0,739141.0,1.2578085914213875,1.3438866371964855,0.6258500369832943,0.09324231204694731
2024-09-21,739149.611590382,0.9860794754982802,7.400591550871275,0.7392211063882139,-0.007352997211658479,0.0004366449131924613,0.00032412487522053365,0.0002925779306101634,2024-07-01,2024-09-13,739067.0,739141.0,2.6631461464600967,2.2437862381213716,0.6258500369832943,0.1041598137029162
2024-10-06,739164.7671061493,0.7541667648262356,3.1144067531837725,0.6916365918088134,-0.010369794868283521,-0.004785710198706505,-0.0006035057546668675,-0.00474750491417201,2024-07-09,2024-09-13,739075.0,739141.0,0.6587081236284937,0.5247057537296987,0.6258500369832943,0.09089066487877612
2024-09-30,739158.4158854511,0.3257828592065091,12.058859859809631,1.3449703926414551,-0.2525805102534694,-0.006048800050086637,-0.00148531797165552,0.005863600648833891,2024-07-16,2024-09-13,739082.0,739141.0,2.8381681873960747,1.1281129639425052,0.6258500369832943,0.13338505235729115
2024-10-07,739165.3314218835,0.7072215301468391,12.92133145616498,0.9368377736796138,-0.027331242710944507,0.0024824461952159217,0.0018944959867628701,0.0016041895362710055,2024-07-23,2024-09-13,739089.0,739141.0,2.3512223926065805,0.6025980764202042,0.6258500369832943,0.08963747423636113
2024-10-04,739162.5895882421,0.352471467390116,12.893590108871322,1.239677595582906,-0.1891398335989206,0.010974421878867161,0.010674142541334938,-0.002549630675729711,2024-07-30,2024-09-13,739096.0,739141.0,2.311332177190181,0.47114160610363687,0.6258500369832943,0.09598992768715389
2024-12-02,739221.8987709599,0.5174247397760044,5.7311338785143295,1.3183828497987005,-0.07510683832613044,0.005753160815456931,0.005024215474520551,0.0028028767782578854,2024-03-28,2024-09-16,738972.0,739144.0,1.0632301114411953,1.1786357311607292,0.5864083049319977,0.18466785568365346
2024-11-15,739204.2469518237,0.548156941505645,10.59534245294139,1.156786453940347,-0.05824527724304305,0.0011955791092374002,0.0007497400727267112,-0.0009312890151787687,2024-04-05,2024-09-16,738980.0,739144.0,2.216298704061453,2.520416528105649,0.5864083049319977,0.46500804324338213
2024-11-10,739199.8315125381,0.9989157890249933,9.794561949844386,0.8101511645145554,-0.003915883966966085,0.00034888291538270547,0.00024138253811285414,0.0002519002956332774,2024-04-12,2024-09-16,738987.0,739144.0,2.0859983747430046,1.1447060338721795,0.5864083049319977,0.444184459529024
2024-10-02,739160.6118638203,0.160791837619803,8.875228842512055,2.1671604472368435,-0.9196114912327038,0.007603828444000579,0.0069692919988430056,-0.0030409169736536922,2024-04-19,2024-09-16,738994.0,739144.0,3.2566733553028593,2.1910713408124214,0.5864083049319977,0.2730283251956261
2024-11-15,739204.1712446588,0.06206663400420888,5.336941809834923,7.178252086628733,-5.081173917846039,-0.04611887674568749,-0.019138934353853478,-0.04196012373769651,2024-04-26,2024-09-16,739001.0,739144.0,1.0335971282502834,1.2813007037902564,0.5864083049319977,0.166062822217056
2024-09-26,739154.033226035,0.6715090771025832,13.90240398031971,0.7657023976398776,-0.024541888938851744,-0.0007775518184360914,-0.0005198888905675692,-0.0005781888720977727,2024-05-03,2024-09-16,739008.0,739144.0,5.925289551913456,1.5245463356320894,0.5864083049319977,0.3127165967099888
2024-09-19,739147.4998983454,0.4901964704317886,9.571447549186168,0.8510070978647508,-0.06904089681676792,-0.004852877542225643,-0.0003727032929518884,0.0048385444810666745,2024-05-10,2024-09-16,739015.0,739144.0,5.535597534681693,0.7286175834905916,0.5864083049319977,0.23263999832001755
2024-10-29,739187.9208960659,0.31794431729901823,13.495782382328544,1.7723016550373243,-0.3298864275802334,0.006117912103096953,0.004069626362246774,-0.004568040036265693,2024-05-17,2024-09-16,739022.0,739144.0,2.8548460960212374,1.2703231574775387,0.5864083049319977,0.23553290585700742
2024-10-28,739186.2740669588,0.05431850865706857,4.231258120246288,4.67819467388962,-3.3568790506331125,-0.08991760248137566,-0.007579233908206,-0.08959760292197226,2024-05-24,2024-09-16,739029.0,739144.0,0.8847574611266866,0.4792579142678409,0.5864083049319977,0.10439089360442545
2024-11-04,739193.7285087041,0.30578001698002605,5.122023525293777,1.3937947846264138,-0.2450810220642824,-0.02507338550662899,-0.021953646407826315,0.012112475806546211,2024-06-03,2024-09-16,739039.0,739144.0,0.9253230715213117,0.5835314078246342,0.5864083049319977,0.09988964727620978
2024-09-24,739152.0939134632,0.6971903043608555,6.594717516759843,0.8220274404120468,-0.02715647270105085,0.0015349942079674152,0.001074913329148015,-0.001095795853849358,2024-06-10,2024-09-16,739046.0,739144.0,2.7007970561597214,1.8703451595923204,0.5864083049319977,0.1512614920044744
2024-10-02,739160.0009508623,0.9338673166659186,8.116293170010845,0.7959130612135434,-0.008646422184755287,0.0004818394135645919,0.00046999428534380777,-0.00010618188267512135,2024-06-17,2024-09-16,739053.0,739144.0,2.4545664162135328,2.0647219089742284,0.5864083049319977,0.13201850388966418
2024-09-26,739154.9337478923,0.7656509900212318,5.2446234817471264,0.8021694522689022,-0.01854368884538579,0.001771894905754645,0.0017258654386041843,0.00040124810886887674,2024-06-25,2024-09-16,739061.0,739144.0,1.795235661597177,1.5278288452815085,0.5864083049319977,0.1159069788854726
2024-09-23,739151.0553024098,0.11637924672982551,13.593052925940958,2.3246391514103872,-1.2293142974464604,0.021733378008557687,0.019217084553425235,-0.010151028565094476,2024-07-02,2024-09-16,739068.0,739144.0,5.334358150143294,0.48427743438520476,0.5864083049319977,0.2310665765078511
2024-10-11,739169.0347963945,0.8355570979140112,14.964440570122502,0.9242647727334161,-0.01548282110180886,-0.0007384551615552556,-0.0007264469356595471,-0.00013263059714278735,2024-07-10,2024-09-16,739076.0,739144.0,3.1264275852917396,1.1706892011251706,0.5864083049319977,0.11678793541135833
2024-09-23,739151.8767703635,0.38829929798673757,11.470988721741668,1.0156060052732292,-0.132074883837037,0.003071805889368566,0.0007110003358308562,-0.002988389188912283,2024-07-17,2024-09-16,739083.0,739144.0,3.9587728581711197,1.4554330119026055,0.5864083049319977,0.16191391427085355
2024-10-08,739166.6714404776,0.7981339348189858,12.363265122491004,0.8601055216307059,-0.015418244485664196,0.001999736178222675,0.0002604611799152349,-0.0019827013784858767,2024-07-24,2024-09-16,739090.0,739144.0,2.3974607348935244,0.4977426069796199,0.5864083049319977,0.09116385905802853
2024-09-17,739145.6424229263,0.6819813562119886,2.76444793312488,0.7008872900175239,-0.02118824260919755,-0.007518735010416926,-0.004875346987157649,0.0057238420585898455,2024-07-31,2024-09-16,739097.0,739144.0,1.490779509138175,0.6952071751168815,0.5864083049319977,0.08410916222478035
2024-10-07,739165.873388122,0.4337208358001957,5.72856370137978,1.0881869012913752,-0.11137316344708297,-0.007854183489241703,-0.005408250223635644,-0.005695526999428763,2024-04-01,2024-09-17,738976.0,739145.0,2.012990938190604,1.0736038290042489,0.6046320438884492,0.2664883687149215
2024-09-18,739146.6811140043,0.552465690781799,2.3276267540149798,0.7375688410486275,-0.037782210349761466,0.008127865090010733,0.00652572042515842,0.004845323916322354,2024-04-08,2024-09-17,738983.0,739145.0,1.6961069054141247,1.1033234467416893,0.6046320438884492,0.18994606689240018
2024-10-14,739172.4778312099,0.001711411396450924,7.090594531953879,203.59500522658783,-201.72470432688516,-0.03800959708117196,-0.03033401081413836,-0.02290365163463619,2024-04-15,2024-09-17,738990.0,739145.0,2.1365376671127523,1.2809659624602008,0.6046320438884492,0.2331798430321953
2024-09-26,739154.075210281,0.40080627216712117,10.771195499655267,1.002625008069943,-0.12297068671717483,-0.0046883579447370635,-0.00108667332453681,0.0045606843021326615,2024-04-22,2024-09-17,738997.0,739145.0,4.887743420081539,0.9760036399314664,0.6046320438884492,0.27087234288261736
2024-11-04,739193.8755957577,0.375967619627935,13.861747441124567,1.5499811209178807,-0.20719508623752822,-0.004367935729192043,-0.0019316692695222903,0.003917590632970173,2024-04-29,2024-09-17,739004.0,739145.0,2.993967273690577,1.2865766736243331,0.6046320438884492,0.28841920357417355
2024-10-23,739181.9584353701,0.8272920339555028,2.5151715454079415,0.5949316571065622,-0.0027385925118927424,-0.004688976854783574,-0.0042260275391932,0.002031549945897646,2024-05-06,2024-09-17,739011.0,739145.0,0.6131131454312712,0.19210583606235437,0.6046320438884492,0.17754554521499225
2024-10-11,739169.7265826822,0.8313680016258258,12.740227278419873,0.7968949393673838,-0.011255584200610246,0.0010884907575203294,0.001086562677979159,0.00006475859811591832,2024-05-13,2024-09-17,739018.0,739145.0,3.67860164729326,0.6747756850891438,0.6046320438884492,0.2724543905689946
2024-09-27,739155.4290294591,0.4763308057496022,5.5830635103529325,0.9703732525348885,-0.08517164622797045,-0.00640975791418977,-0.0029233551402559825,0.005704295858601422,2024-05-20,2024-09-17,739025.0,739145.0,2.2447429951392546,1.1336774694478768,0.6046320438884492,0.17408748039953786
2024-10-17,739175.9138375394,0.8543232629367665,6.745749676949679,0.8855835980880695,-0.011698482766634667,-0.001328212058262954,-0.0007564655720880345,0.0010917449839411377,2024-05-28,2024-09-17,739033.0,739145.0,1.6437521225375347,1.1154603355911483,0.6046320438884492,0.11505641188197831
2024-09-19,739147.8787312303,0.6848399139956326,11.68861374038996,0.765232820353919,-0.02620195352542042,-0.0022690341556500645,-0.001462768181925933,-0.0017345965656174064,2024-06-04,2024-09-17,739040.0,739145.0,6.741093508273735,0.6765792829642254,0.6046320438884492,0.17199016585923332
2024-09-20,739148.8232244778,0.12020662496455663,10.57369800702389,2.0943613573803272,-1.0820788749588661,0.01645975590175033,0.016093842019920857,-0.0034513495017216987,2024-06-11,2024-09-17,739047.0,739145.0,5.5233767998112215,0.7473723549538672,0.6046320438884492,0.3448597929710123
2024-10-01,739159.2474157416,0.9227519239624868,9.709913528767157,0.7851556175822832,-0.008929831225243559,0.00019805164666855432,0.00019657427684338196,-0.000024145567535829703,2024-06-18,2024-09-17,739054.0,739145.0,3.090357167592409,4.2848378352059635,0.6046320438884492,0.14728594525860475
2024-09-24,739152.3487846181,0.5525655905840064,6.657659282020488,0.9031735135408114,-0.05809195585338277,0.0019000612750610124,0.0015517094418678616,-0.0010965539918328733,2024-06-26,2024-09-17,739062.0,739145.0,2.6586859786712194,2.537526949617449,0.6046320438884492,0.18040045245032948
2024-10-02,739160.6089900214,0.41989736242419073,3.2338218149349043,0.9598585213720418,-0.09768122561142788,0.014851855075069595,0.006821657094238861,-0.013192520367977117,2024-07-03,2024-09-17,739069.0,739145.0,0.9108178741491917,0.8539991877063445,0.6046320438884492,0.0926590467560549
2024-10-12,739170.6501862028,0.992870746478075,8.34016360826362,0.816226361420573,-0.005900057128318057,-0.0006314226296289495,-0.000029482783326655476,0.0006307339397042548,2024-07-11,2024-09-17,739077.0,739145.0,1.7189755412624668,1.1123826820613083,0.6046320438884492,0.1035994215273225
2024-10-01,739159.3234401267,0.10167689165737406,12.362150221750406,2.696966492694072,-1.508482872666473,-0.019203814285772846,-0.013496050053521192,-0.013661739130700162,2024-07-18,2024-09-17,739084.0,739145.0,3.2658370103478562,0.6460723136363818,0.6046320438884492,0.17136465146706398
2024-09-19,739147.7973828271,0.3675732327213009,9.187035546867367,0.8479516359710287,-0.09804086920616392,0.014203545642454749,0.006576494433563187,0.012589298224389141,2024-07-25,2024-09-17,739091.0,739145.0,4.402286442145168,0.27617150256875345,0.6046320438884492,0.14840238820920804
2024-09-25,739153.9401618482,0.3756913525536433,2.4151538191927857,1.1141834937454924,-0.1785040516625054,-0.03345192061922203,-0.017065196975420558,0.028771688259551773,2024-08-01,2024-09-17,739098.0,739145.0,0.704855437346868,0.8300675258355518,0.6046320438884492,0.07832901863212756
2024-09-30,739158.8862753853,0.48253326386787265,12.29441553462098,0.886570565262067,-0.06778670627947125,-0.0021773578620373313,-0.0001247661928948939,0.0021737802686762745,2024-04-02,2024-09-18,738977.0,739146.0,5.179858060600305,1.2218955636881421,0.6214203508917062,0.3979813803318722
2024-09-26,739154.0448215433,0.2354167078697918,10.59611625792538,1.354106161531706,-0.3793139261361419,0.004766345508528589,0.0041960372144064,0.0022608231248789066,2024-04-09,2024-09-18,738984.0,739146.0,5.145336907046636,1.7680878280847114,0.6214203508917062,0.3501374579123477
2024-11-29,739218.3188987033,0.18264399331641726,14.720795485270056,3.2119944329511187,-1.173079037602333,-0.002922406468814092,-0.002919489318761453,0.00013054381105298522,2024-04-16,2024-09-18,738991.0,739146.0,2.683234829197009,4.980360368386443,0.6214203508917062,0.3427755355148741
2024-11-11,739200.6080157704,0.24386554222952156,9.84379626040823,2.3665812162262516,-0.6372960452240208,0.014916961128757351,0.01428397751233715,0.0042992692104477925,2024-04-23,2024-09-18,738998.0,739146.0,2.054073939797183,1.058397215495615,0.6214203508917062,0.21441037463335963
2024-10-11,739169.5164682567,0.07827193480007623,2.6911323095719215,2.543249723998436,-1.5390713083563234,-0.08643139744303836,-0.08018359792531153,-0.032264176538514565,2024-04-30,2024-09-18,739005.0,739146.0,0.8331897904168176,0.517914686050575,0.6214203508917062,0.1649878813113022
2024-11-06,739195.4150482296,0.10654931674322768,4.464880520056845,3.2486014583819323,-1.752307953707058,0.05697836542974522,0.05650006554579041,-0.00736727360473147,2024-05-07,2024-09-18,739012.0,739146.0,0.9319597274273275,0.7339074113080734,0.6214203508917062,0.14639498640224702
2024-09-29,739157.1795094135,0.15206730491708734,12.555442099319343,2.0887149144753834,-0.9241133656464263,-0.014813181278211043,-0.013814213351646764,-0.005347695677235794,2024-05-14,2024-09-18,739019.0,739146.0,5.024568605476433,0.7555805213584805,0.6214203508917062,0.2765107366865739
2024-10-07,739165.3012024993,0.15003582879091562,5.815813207827984,2.483069829461522,-1.120872830723568,-0.025180293221060204,-0.0208727861511473,-0.014084529278149262,2024-05-21,2024-09-18,739026.0,739146.0,1.8294521401407828,1.148365380336113,0.6214203508917062,0.18023815685548555
2024-10-04,739162.7299934267,0.14996387130799096,2.84673505082939,1.5565798611722834,-0.616084965778035,-0.06000379931306434,-0.050628314590695556,-0.032206050576065105,2024-05-29,2024-09-18,739034.0,739146.0,0.92449967378654,0.5408806633089633,0.6214203508917062,0.1121452725770604
2024-10-02,739160.4421356869,0.8316256737939405,3.9791687354260485,0.7492601141487905,-0.0106150049577545,-0.002347427337700292,-0.00019094520044750813,0.002339648485608198,2024-06-05,2024-09-18,739041.0,739146.0,1.3379707574384931,0.9450691268092547,0.6214203508917062,0.09999654539578028
2024-10-13,739171.5632591463,0.42708436435002894,5.6403413848242625,1.2281236341214754,-0.13331740073937975,-0.009124040093687873,-0.008662931563562522,-0.0028638652824907853,2024-06-12,2024-09-18,739048.0,739146.0,1.4143949560374074,1.1063892161632025,0.6214203508917062,0.10735330540838858
2024-10-02,739160.9985931603,0.9482147581401876,3.047969691882666,0.6725266162361033,-0.004457836111798363,-0.0019938959052468786,-0.001262954872830497,-0.0015429082507245765,2024-06-20,2024-09-18,739056.0,739146.0,0.9439989287991514,0.6955329080631117,0.6214203508917062,0.09703846071142247
2024-10-02,739160.4899683725,0.2966858229352239,2.84771756241096,1.1414308415267236,-0.21967723127190456,-0.027379859410532014,-0.02191037391697698,-0.016419263569318606,2024-06-27,2024-09-18,739063.0,739146.0,0.8639859458586259,0.8358988215602184,0.6214203508917062,0.09419280640057022
2024-10-09,739167.1252582209,0.8589609216704823,5.227017272066502,0.7976327675147181,-0.010071292492170373,0.001634919253857439,0.0009944745552681337,0.0012976830605190208,2024-07-05,2024-09-18,739071.0,739146.0,1.2604890429634663,1.0122979830499923,0.6214203508917062,0.09236589449122697
2024-10-11,739169.8470847904,0.37184363674190896,2.639321837885848,0.8719271103474786,-0.09583601420239626,-0.029009673084531788,-0.028733511562767905,-0.003993300106890435,2024-07-12,2024-09-18,739078.0,739146.0,0.5664369131661404,0.4654295052414681,0.6214203508917062,0.09345066444956852
2024-09-29,739157.3611202504,0.14640657482042665,3.2871794592695016,1.727030890815736,-0.7250771984614365,0.04378820165243592,0.017240904163838503,-0.04025118417596838,2024-07-19,2024-09-18,739085.0,739146.0,0.9686362608701273,0.7375038717422499,0.6214203508917062,0.0891434049953652
2024-10-10,739168.767545599,0.03486653968007137,2.0450361462785414,19.744745117109456,-17.00038394120926,-0.2945476600342609,-0.18046600467549445,0.23278819812894935,2024-07-26,2024-09-18,739092.0,739146.0,0.3956004232826967,0.9840360572645785,0.6214203508917062,0.07995278481316807
2024-09-18,739146.6096537668,0.17745159921716194,9.268757418922489,0.8954716445847144,-0.20548317939333313,0.023782399931152463,0.02222296697881573,0.008470081767240878,2024-08-02,2024-09-18,739099.0,739146.0,6.428636518616493,0.16541656587298925,0.6214203508917062,0.15630595192618602
2024-11-15,739204.4655983048,0.9053995728992974,2.150353006894399,0.6339525485828815,-0.0011210536496948048,0.003569415013138584,0.0005443708530577168,0.003527659834842404,2024-04-03,2024-09-19,738978.0,739147.0,0.46934923923239996,0.13223909721065275,0.6357456647375183,0.22870807002832427
2024-11-10,739199.4820348959,0.4117362955791689,5.1828482090250905,1.3885940465974893,-0.1473405409172326,-0.009249292458980138,-0.009247221083583043,-0.0001957376383941023,2024-04-10,2024-09-19,738985.0,739147.0,1.161223241032969,1.265506590096084,0.6357456647375183,0.1764965481955263
2024-11-11,739200.5800032179,0.2764782622961515,14.518635327097167,1.992703888338006,-0.4435945229686094,0.003958963201166297,0.003945764609886225,0.00032300351632498145,2024-04-17,2024-09-19,738992.0,739147.0,3.1405974967773296,2.1337321676184904,0.6357456647375183,0.32759008452266036
2024-11-27,739216.9605509259,0.39061353985531755,5.0717552784462985,1.5036721270178481,-0.16980558885954702,-0.010759036586247063,-0.010151710463019683,-0.003563655839053421,2024-04-24,2024-09-19,738999.0,739147.0,0.917282234608498,1.2155353660369357,0.6357456647375183,0.1879921211873904
2024-11-23,739212.6450903006,0.5748076424820169,14.415289392160318,1.2751938765662731,-0.05706934321108149,0.0014069251724592238,0.0014065356465895633,0.00003310461859462852,2024-05-01,2024-09-19,739006.0,739147.0,2.6309248763894586,1.6174506647403322,0.6357456647375183,0.33027196996178665
2024-11-03,739192.7938076154,0.41059786181953684,7.568966363618573,1.5251305246901707,-0.174342807741266,0.009450001795084614,0.00365190523311186,0.00871585463941848,2024-05-08,2024-09-19,739013.0,739147.0,1.6475379421311316,1.0008114217760233,0.6357456647375183,0.12021747954821826
2024-09-25,739153.8373471719,0.2337574892717263,2.7612129768574745,1.1622952334819625,-0.29554435263727674,-0.03784778855567575,-0.03651327872085662,0.009961705456807054,2024-05-15,2024-09-19,739020.0,739147.0,1.3070551675754343,0.6610705109016451,0.6357456647375183,0.11094693023213445
2024-11-13,739202.5892023781,0.018498878824552815,14.158257741838044,27.50700760624178,-24.886865964041903,-0.013311878788421296,-0.009594802968627598,-0.00922745213321835,2024-05-22,2024-09-19,739027.0,739147.0,2.591716711983856,2.442679275710004,0.6357456647375183,0.24447846130951809
2024-11-13,739202.4378475308,0.41749359595140934,13.967455231170074,1.646538758987641,-0.18036569520952941,-0.0018807252123820592,-0.0007053611380343824,0.001743442855226515,2024-05-30,2024-09-19,739035.0,739147.0,2.4571808104333415,2.8665605751796917,0.6357456647375183,0.2264028304089808
2024-10-06,739164.5898977853,0.4938995182415694,8.1588511653202,1.0798543145549335,-0.08821278180106151,0.0027509218861265735,0.0009059901831537904,0.002597451252978417,2024-06-06,2024-09-19,739042.0,739147.0,2.5211052834009817,1.9411667828000485,0.6357456647375183,0.19182952963827518
2024-09-21,739149.2013173479,0.6559651502410974,6.918801239964268,0.7843354245811104,-0.03085361256475494,0.0008973088569708364,0.0008118004387509114,0.00038228684576131674,2024-06-13,2024-09-19,739049.0,739147.0,4.204372334115204,3.2599728235522805,0.6357456647375183,0.2018703543030015
2024-10-22,739180.7027179202,0.586722225682406,7.806645884511509,1.1540696455423947,-0.05757622254767669,0.003046947184736919,0.0017953688291926621,0.002461815978853741,2024-06-21,2024-09-19,739057.0,739147.0,1.6155823430635357,1.4201895157881006,0.6357456647375183,0.12726634417839586
2024-09-30,739158.8147526125,0.1352677041213657,5.705402970119096,2.1246984490398235,-0.9991924105022498,-0.027511981627835014,-0.02507071611324494,0.01132997469809231,2024-06-28,2024-09-19,739064.0,739147.0,1.8910687752815687,0.861063239724772,0.6357456647375183,0.22918507467231714
2024-09-19,739147.3945441543,0.7131453681157979,3.379516595184003,0.6796415510505669,-0.01536228961840871,-0.005276774067671551,-0.0011517694645511293,-0.005149540917574943,2024-07-08,2024-09-19,739074.0,739147.0,2.810823880736477,0.6143430240473297,0.6357456647375183,0.1013406631785922
2024-09-22,739150.280264818,0.7858197078707398,13.224576905502941,0.7478741614971276,-0.01630255008445644,-0.0012335930037889505,-0.0004664984137965289,-0.00114198552045215,2024-07-15,2024-09-19,739081.0,739147.0,6.4200047696692195,0.7852804315645714,0.6357456647375183,0.1459845149109157
2024-10-07,739165.6972325344,0.9079705103620956,13.746997073209391,0.8052074889682087,-0.008781889254807483,-0.0008912383510002704,-0.000314377205038599,-0.0008339501011726064,2024-07-22,2024-09-19,739088.0,739147.0,3.116544902302905,0.6508156577200035,0.6357456647375183,0.11466368342820557
2024-09-22,739150.1486892493,0.7459794641225349,4.870708800380193,0.6957330841605603,-0.013675011580941301,-0.004399145406149791,-0.0032296446917683117,-0.002986950864909159,2024-07-29,2024-09-19,739095.0,739147.0,2.2194263244340804,0.476095517016373,0.6357456647375183,0.08634557332166197
2024-09-22,739150.0028472481,0.8529621769255322,3.5374869818463326,0.6765747285946396,-0.008658470367121909,0.0032324922954924725,0.0016178006731433737,-0.0027985223641048577,2024-08-05,2024-09-19,739102.0,739147.0,1.5604904336484982,0.6458603146083927,0.6357456647375183,0.0858300650846097
2024-09-23,739151.6645036761,0.37323772048554443,12.148016148586532,0.9437812921346826,-0.12753766830118862,0.004085983960336803,0.0038475449998740074,0.0013753771839296115,2024-04-04,2024-09-20,738979.0,739148.0,7.448792852048845,0.9590074546645232,0.6498686588492234,0.37094159674567345
2024-10-19,739177.2927256783,0.13905429787001358,6.899538619843208,2.9734007093408907,-1.4109990516869795,-0.024624541878167722,-0.023783652378444764,-0.006380120864915854,2024-04-11,2024-09-20,738986.0,739148.0,2.060538800887238,1.1548429539997072,0.6498686588492234,0.2344477319970766
2024-10-25,739183.7698988969,0.0346380499608654,11.769368729862924,11.36481907623815,-9.413358275881002,-0.011163567610437955,-0.011136738036730681,0.0007735035190970067,2024-04-18,2024-09-20,738993.0,739148.0,3.135585903026988,2.4816575183618057,0.6498686588492234,0.29779626575165563
2024-11-26,739215.2125255481,0.0009613526706506728,12.919586061517997,544.4150714802868,-541.5387820314434,-0.01525559507063933,-0.010226009136699443,-0.011320862073864098,2024-04-25,2024-09-20,739000.0,739148.0,2.3929550913975683,2.6414022838425693,0.6498686588492234,0.2866417737087324
2024-10-10,739168.6432758004,0.8367403514202423,9.098980786678457,0.7883470285280219,-0.010835316456028119,0.0010006567741883939,0.000513971898139166,0.0008585725756465465,2024-05-02,2024-09-20,739007.0,739148.0,2.9802913918060434,0.9957594237687342,0.6498686588492234,0.2959953608722849
2024-10-04,739162.1297164455,0.25734407570060497,8.25519259597636,1.4797271357846704,-0.37795646645082154,-0.006415415450513258,-0.0045996514735301775,0.004472221117603186,2024-05-09,2024-09-20,739014.0,739148.0,3.0873065968316067,1.8365550862588897,0.6498686588492234,0.28996607833002425
2024-10-11,739169.0884515587,0.021287104920798775,5.24012148015287,15.022916340065036,-13.374960898947382,-0.0574564418955397,-0.0059776288831210585,0.05714464689042363,2024-05-16,2024-09-20,739021.0,739148.0,1.6255191157410145,0.9456469771487623,0.6498686588492234,0.14060028854773415
2024-10-12,739170.9633002194,0.5670031009986037,10.708523366708716,1.0106061367686578,-0.05445165437472411,-0.0017306467323723411,-0.001153794449790671,0.0012899211138295643,2024-05-23,2024-09-20,739028.0,739148.0,3.116663868610714,1.665936708731352,0.6498686588492234,0.24289971702007923
2024-10-10,739168.342353102,0.4896294654621368,12.651269351303453,1.0917689346291635,-0.08830599280135185,0.0037476395258974602,0.0015804923460373268,-0.003398065031777109,2024-05-31,2024-09-20,739036.0,739148.0,3.7706780019036947,0.9119390438159268,0.6498686588492234,0.19946851764753465
2024-09-22,739150.130439789,0.6768400239739901,4.773906522452441,0.758049606398524,-0.025356760116546,-0.003236284462919859,-0.00078426377288744,-0.003139819653972636,2024-06-07,2024-09-20,739043.0,739148.0,2.9766467248758426,1.110859657903239,0.6498686588492234,0.1537739949541397
2024-10-12,739170.0095783067,0.247281987526288,10.172437375166576,1.835235796529519,-0.5097074580334395,-0.002834637266443658,-0.002702681739731022,-0.0008547981317455435,2024-06-14,2024-09-20,739050.0,739148.0,2.7459651991208167,4.371102128237669,0.6498686588492234,0.22560421363381664
2024-10-17,739175.8265068342,0.41124153943816044,5.148130803814194,1.2532599162957323,-0.1430778199600653,-0.01072268249684769,-0.0013097007572480317,0.010642396527787711,2024-06-24,2024-09-20,739060.0,739148.0,1.168479296167609,1.0658995308019608,0.6498686588492234,0.09533935482806587
2024-09-20,739148.8898566893,0.7545363068878079,13.353670565236653,0.7347437854449511,-0.01815978017196814,-0.0017017782189964175,-0.000426251229385581,-0.001647531182132192,2024-07-01,2024-09-20,739067.0,739148.0,9.610767454822113,0.6029580673343641,0.6498686588492234,0.1554404816716503
2024-10-02,739160.2141387814,0.33592938415027823,14.361892690944845,1.2089549875092156,-0.20614056170127446,-0.004579617624595364,-0.001232863650121124,-0.004410549263721528,2024-07-09,2024-09-20,739075.0,739148.0,4.440268122297755,1.0528598229078299,0.6498686588492234,0.20494718767896272
2024-10-03,739161.7252918246,0.921295135530666,12.664223256451836,0.7911144607880307,-0.008774104832359329,0.0005602871502774515,0.0003015231598326239,-0.00047223455490950407,2024-07-16,2024-09-20,739082.0,739148.0,3.546092839952354,1.1392325278783217,0.6498686588492234,0.12778248807556775
2024-09-20,739148.0311699021,0.4786977572344987,5.468325573810061,0.7078133289813906,-0.039327490447804904,0.01334389036840689,0.011830693996963447,-0.006172040968292034,2024-07-23,2024-09-20,739089.0,739148.0,6.56768736722102,0.2580006487773072,0.6498686588492234,0.11564822540198436
2024-10-07,739165.5578541076,0.5438607890461832,11.000048695450062,0.894685594533372,-0.046421354935290406,0.006612480075957187,0.002497057586130428,-0.0061228748285816915,2024-07-30,2024-09-20,739096.0,739148.0,2.4101309098407393,0.34709357664133383,0.6498686588492234,0.09624738182499303
2024-10-02,739160.0639132312,0.04591356376168033,6.24135831221839,2.9255955222695693,-2.0179983149926644,-0.02055253562193951,-0.020380187871517668,-0.0026560615227695155,2024-08-06,2024-09-20,739103.0,739148.0,1.5436086803506188,0.7222994386853752,0.6498686588492234,0.10717607924490695
2024-09-30,739158.8741217286,0.6427531916885784,5.160025231844326,0.8108142338489811,-0.02956496427771617,0.003488997801116314,0.0022827757952050753,0.0026385678549206027,2024-04-05,2024-09-23,738980.0,739151.0,2.5648261990562666,1.0555263500274545,0.6136208684568825,0.25584004394526894
2024-09-26,739154.4460090705,0.5390344552008534,7.414012317793249,0.8244134858034688,-0.04954640223277893,0.0021025015090934155,0.0010006115123680943,-0.0018491320117981103,2024-04-12,2024-09-23,738987.0,739151.0,4.582373699075018,1.7133221554631326,0.6136208684568825,0.3536311409440728
2024-11-09,739198.5547682008,0.7285490890744312,14.083824795939304,0.9714469412355301,-0.019611536595005932,-0.0006454077013769014,-0.00040528304043489837,-0.0005022915071275446,2024-04-19,2024-09-23,738994.0,739151.0,3.2702597800221924,1.5718665970077408,0.6136208684568825,0.3820660682529062
2024-10-02,739160.2267417649,0.5941119247217249,5.123503914781799,0.8833997882488224,-0.042469353930320655,0.004197349534112254,0.003993608717053574,0.0012918330103330153,2024-04-26,2024-09-23,739001.0,739151.0,2.322529462066511,1.1732801272272846,0.6136208684568825,0.17736925495385486
2024-11-21,739210.565983955,0.5122080483232893,9.607312106091879,1.466154033061897,-0.09494736708698202,0.005493333095646178,0.005257180905176499,-0.0015933478684735554,2024-05-03,2024-09-23,739008.0,739151.0,1.8715296431996669,0.9214918340475217,0.6136208684568825,0.15053966408087519
2024-10-31,739189.8283578069,0.2966135406279978,12.862705257608408,1.7817274577380582,-0.36404259496180114,-0.005649742618888826,-0.004935074184711061,0.0027503880546365126,2024-05-10,2024-09-23,739015.0,739151.0,3.0802718322302,1.4858747166385193,0.6136208684568825,0.2865257737085095
2024-11-17,739206.069544045,0.027174101101604016,7.357763336774391,18.147160396200956,-15.636830115562754,0.05682115030164652,0.017498730691656167,0.05405957404367144,2024-05-17,2024-09-23,739022.0,739151.0,1.4130948454800212,1.0163611797731094,0.6136208684568825,0.10623377650252057
2024-11-12,739201.0570069841,0.6905245919244974,11.649234012932965,1.1354420517848065,-0.03017686376813887,-0.0013342488566434822,-0.0009931400370310772,0.0008910066656879454,2024-05-24,2024-09-23,739029.0,739151.0,2.2891068352132438,1.340661208027267,0.6136208684568825,0.22106114632964063
2024-11-17,739206.362420386,0.6469975404669971,4.882775597101855,0.8231082582391958,-0.018929452942151245,-0.006318490672973815,-0.0027624505558207927,0.005682621869445694,2024-06-03,2024-09-23,739039.0,739151.0,0.8596948927794773,0.39697264289260725,0.6136208684568825,0.10449279025699329
2024-10-28,739186.715864737,0.3169025389468639,13.452654560492695,1.797843002972072,-0.3430311463264413,-0.00009920028797717669,-0.00003604825589781352,0.00009241872311106951,2024-06-10,2024-09-23,739046.0,739151.0,2.935704726596885,81.45886412798087,0.6136208684568825,0.21470759727851385
2024-11-08,739197.3162196398,0.31105040876741336,13.437759713022237,2.0601021384049867,-0.40315507456522126,-0.0009088319142101697,-0.0008025853700152451,0.000426417837483862,2024-06-17,2024-09-23,739053.0,739151.0,2.430647827991563,10.268156208723122,0.6136208684568825,0.2001398992159883
2024-10-18,739176.8152299387,0.779855739774729,12.914969914870607,0.9619412236107246,-0.01939433132669451,-0.000568272045183638,-0.0004988252215465141,0.00027222511949903834,2024-06-25,2024-09-23,739061.0,739151.0,3.0853420796746263,2.0608168294648768,0.6136208684568825,0.1570169868978734
2024-10-16,739174.6881646782,0.36182278793839,6.99026178543132,1.3461078743090087,-0.19833742020241787,-0.010842577667050454,-0.010679288796705117,0.0018746416357773145,2024-07-02,2024-09-23,739068.0,739151.0,1.6742920866304312,0.9468356326345744,0.6136208684568825,0.15540198217624013
2024-10-11,739169.1512330769,0.5300744489624137,10.922234998800388,1.0472384300763022,-0.06894997673039067,0.002622200758711044,0.0025865589885808084,-0.0004308705345885227,2024-07-10,2024-09-23,739076.0,739151.0,2.843010318215137,1.2761259477368014,0.6136208684568825,0.17379280846146752
2024-10-05,739163.6613282292,0.26532309153020167,8.422384478629343,1.2642948440343236,-0.2785758505706856,0.01946962912204632,0.01055252726154166,0.016361865008135665,2024-07-17,2024-09-23,739083.0,739151.0,2.482146704435442,0.4507396598655413,0.6136208684568825,0.14396976494777455
2024-10-15,739173.6643049569,0.3809711507964618,5.642776775164234,1.1659548377911253,-0.14295969430358862,-0.013051371176193425,-0.013000761607456876,0.0011482539809849767,2024-07-24,2024-09-23,739090.0,739151.0,1.1729060595998446,0.7395315206258082,0.6136208684568825,0.08969245083836441
2024-10-02,739160.0037831456,0.7290186453697923,2.3727078598634295,0.8368837014088322,-0.027172617312144043,-0.008905483510580247,-0.005663121673809721,0.006872895275271061,2024-07-31,2024-09-23,739097.0,739151.0,0.7346944900098041,0.9374936518412612,0.6136208684568825,0.07871386945728297
2024-10-04,739162.666498772,0.5199951728268001,7.987142990648214,0.7979484065284524,-0.03686796938546304,0.00384044115461893,0.00010793089621904156,-0.0038389242221919502,2024-08-07,2024-09-23,739104.0,739151.0,2.053164614047523,0.6249941549052804,0.6136208684568825,0.08357020730883263
2024-12-11,739230.9119740938,0.7292872890474865,14.205601488766797,1.0767541536354597,-0.01884610715059913,-0.00022773529930404532,-0.00012516633595257046,0.00019025444776223072,2024-04-08,2024-09-24,738983.0,739152.0,2.5881348806337723,4.248448136111167,0.5794878620874239,0.5347877423563265
2024-12-06,739225.585466805,0.13351933020650034,2.2068240107086075,-3.9302470384692407,2.2785493358565256,-0.31729337253165824,-0.298499854740724,0.10757751146164493,2024-04-15,2024-09-24,738990.0,739152.0,0.40869688787562275,0.43448409214804723,0.5794878620874239,0.22372812526020056
2024-11-22,739211.5197317994,0.33658380925738124,6.32581131749253,1.8166557204295763,-0.2890639041610111,-0.011688684403341582,-0.011316700904245327,0.0029253416424024283,2024-04-22,2024-09-24,738997.0,739152.0,1.2907917438368222,1.3158464665998761,0.5794878620874239,0.164265683105917
2024-09-30,739158.4038325851,0.6033107080644443,14.582049590853325,0.8068835121426582,-0.034890365694483984,0.0003662968913208343,0.00016641498227152544,0.00032631191560664007,2024-04-29,2024-09-24,739004.0,739152.0,7.386368474081873,3.9408939785863546,0.5794878620874239,0.35033983116663237
2024-11-20,739209.6088212292,0.5597970109910956,13.049696317669563,1.2760966451985583,-0.06260666515888172,0.001794767929937167,0.00021153286359149127,-0.0017822586147783728,2024-05-06,2024-09-24,739011.0,739152.0,2.5705283988289036,1.4963818792070336,0.5794878620874239,0.31824344305246843
2024-09-28,739156.6579509164,0.3591340804682375,11.757349822040998,1.0489365192509468,-0.1565515712247774,0.006018496471432957,0.0060011112597801895,0.0004571251736563883,2024-05-13,2024-09-24,739018.0,739152.0,6.349931499575672,0.7945415263559596,0.5794878620874239,0.34217850822769796
2024-11-26,739215.4692798291,0.8439593639761345,8.285127835019441,1.0551353552364906,-0.01163156004757692,0.0011905645625497948,0.0011597733847709686,-0.0002690161214059022,2024-05-20,2024-09-24,739025.0,739152.0,1.4490765115815263,0.9951930581058472,0.5794878620874239,0.11086702842549986
2024-10-26,739184.0701484603,0.5885528083911157,9.564874799270104,1.104129397541858,-0.052119780986813496,-0.002319941276993319,-0.002209345020622151,-0.000707758510050921,2024-05-28,2024-09-24,739033.0,739152.0,2.3592844360632643,1.3823936708389557,0.5794878620874239,0.22004978123817348
2024-11-12,739201.280366163,0.13567214727614532,14.04631036267236,4.0429684094879,-1.95360538974067,-0.004758649425599888,-0.0026209599244140765,0.003971814878664098,2024-06-04,2024-09-24,739040.0,739152.0,2.650497270059147,3.9653504192362212,0.5794878620874239,0.2565267771146426
2024-11-04,739193.1747504395,0.5346509129373794,9.23237512490946,1.317733053209592,-0.08199749944505037,-0.002988424656003152,-0.0017843480788357618,0.002397245055926215,2024-06-11,2024-09-24,739047.0,739152.0,1.8616692034924627,1.5889680625707077,0.5794878620874239,0.17105406135641638
2024-11-08,739197.575862256,0.8174412617568907,4.231246893495586,0.7156747115329115,-0.006376605033215398,0.0031671514583021068,0.000440518644026326,-0.003136365999702582,2024-06-18,2024-09-24,739054.0,739152.0,0.7727439867405742,0.3889635216671198,0.5794878620874239,0.10150171535294884
2024-11-02,739191.228526265,0.6267701684331738,5.194286700277344,1.0017277688123567,-0.03463452741201146,-0.004585753765905383,-0.004266427018292731,0.0016812906051891213,2024-06-26,2024-09-24,739062.0,739152.0,0.9855694025816103,0.9113410554213899,0.5794878620874239,0.09780096619000862
2024-09-28,739156.4876759092,0.24130976845523905,14.186082832717501,1.2476883583917375,-0.3238726477484785,-0.008691561083147215,-0.008576895550512574,0.0014071591159768692,2024-07-03,2024-09-24,739069.0,739152.0,6.70599004410926,0.6338535056939769,0.5794878620874239,0.33831627498101796
2024-10-05,739163.1876586551,0.15926063017256611,8.658951359357527,1.7805286263629205,-0.7090431411422424,-0.019609121547891812,-0.012951802815385258,0.014723058503971702,2024-07-11,2024-09-24,739077.0,739152.0,2.8137188931304555,0.6650551357233673,0.5794878620874239,0.25035650801521003
2024-09-26,739154.2013792641,0.708089285264811,9.4500669529582,0.7416715475543818,-0.018876443177912934,-0.0029679625775100365,-0.002626155055104181,-0.0013827911946677908,2024-07-18,2024-09-24,739084.0,739152.0,5.207361020366677,0.4765570312800537,0.5794878620874239,0.15570768111341382
2024-10-21,739179.9959698194,0.35394038176701886,6.995234099239844,1.2428314382211159,-0.1702037671014336,-0.013678670138472212,-0.013022792792880248,0.004184839857251131,2024-07-25,2024-09-24,739091.0,739152.0,1.2875955970873239,0.6295832330028365,0.5794878620874239,0.10505509246494862
2024-10-01,739159.5571970321,0.6313426348285128,14.691718727978666,0.7494097635847647,-0.021757211449201525,0.004543120859314597,0.004511399904277146,-0.0005359272768086688,2024-08-01,2024-09-24,739098.0,739152.0,4.904421107372839,0.205798144739268,0.5794878620874239,0.12760052635665997
2024-09-30,739158.6135312421,0.32391346805628457,13.08247669701813,0.7992749092891912,-0.07622218026792511,0.003822459363788309,0.000869719867279592,-0.003722201356760822,2024-08-08,2024-09-24,739105.0,739152.0,4.357262281266539,0.49371636885811043,0.5794878620874239,0.0839447163496468
2024-11-03,739192.1921874015,0.15305439241279564,9.393416083392378,2.87792119478524,-1.2432539416123058,-0.006860440364067491,-0.003872420554132989,-0.005663038145806087,2024-04-09,2024-09-25,738984.0,739153.0,2.496640752054354,2.9527731903682515,0.5690165622201285,0.39205427117022673
2024-10-06,739164.426984104,0.4932835474360834,8.07929667399266,0.9423045889514914,-0.07006275226746018,-0.0022963106696878596,-0.0017123796556906146,0.0015299668645102087,2024-04-16,2024-09-25,738991.0,739153.0,3.497255140481715,1.8628574573020273,0.5690165622201285,0.36753262962575683
2024-12-08,739227.8103288239,0.7920544517854313,7.331317725051016,1.1025493506249429,-0.014759619956580797,-0.001314297267738773,-0.00072551362669314,0.0010959047793801116,2024-04-23,2024-09-25,738998.0,739153.0,1.3095150603650552,1.2132619229021386,0.5690165622201285,0.15238076385969798
2024-12-03,739222.0364911077,0.4951835374707777,13.409044137781695,1.4602944865770275,-0.09760314064325211,0.002112725745986622,0.0005205616754004526,0.0020475901982230237,2024-04-30,2024-09-25,739005.0,739153.0,2.444480693643003,1.706039355648635,0.5690165622201285,0.34201153641151344
2024-11-14,739203.6046963721,0.46386475007549877,7.873415547691988,1.4650324194554631,-0.1233818724988957,-0.007246339864636275,-0.007136223572752672,-0.0012584731040057844,2024-05-07,2024-09-25,739012.0,739153.0,1.6683554824474536,1.0031383993833134,0.5690165622201285,0.13818294142344414
2024-09-29,739157.7113617123,0.0017501452184005566,4.540670266480508,108.61550182276412,-107.48227928300234,-0.06311900670046723,-0.008684234158019848,-0.0625187418614795,2024-05-14,2024-09-25,739019.0,739153.0,2.4443726044601926,0.6563429610744727,0.5690165622201285,0.44664474632591394
2024-11-20,739209.6910457218,0.5155027858704938,7.0851968067345785,1.3167383300799351,-0.08050024734342973,0.0064165000609562855,0.00640143178251966,0.0004394817015521635,2024-05-21,2024-09-25,739026.0,739153.0,1.3257023447087892,0.9128052104695589,0.5690165622201285,0.11011406010293665
2024-10-24,739182.8836683144,0.23436475974683596,7.312724681999852,2.0373250501697795,-0.5867841560033347,0.0147029434214793,0.008862006213058663,-0.011732066788717624,2024-05-29,2024-09-25,739034.0,739153.0,1.8689822516520715,1.2790489909213774,0.5690165622201285,0.2341721585621041
2024-10-27,739185.5151957449,0.596627181276742,13.789495649331462,1.0952167851111017,-0.04925110921184372,0.0009712927667609013,0.0009620276937190273,0.00013383704748572449,2024-06-05,2024-09-25,739041.0,739153.0,3.2737336511208097,2.193918621722147,0.5690165622201285,0.24743687944156004
2024-10-01,739159.4287486561,0.23085117812663142,12.25124002895518,1.4226365275457258,-0.40865773562270713,-0.010864679128265454,-0.007465167567957169,0.007893828332468815,2024-06-12,2024-09-25,739048.0,739153.0,5.562139646165152,0.7087529281513911,0.5690165622201285,0.3924317805554347
2024-10-14,739172.7666618826,0.5376110812781306,11.68845442425845,1.0646081646756662,-0.0678747497300427,-0.0009040158362177193,-0.0004466464242360256,0.0007859717576666445,2024-06-20,2024-09-25,739056.0,739153.0,3.3041853152894958,3.4533717102002406,0.5690165622201285,0.24758867484442637
2024-10-12,739170.0854369106,0.19155629272246838,9.650020750342104,1.9707931936733851,-0.7055133294240153,0.004399536615451702,0.002375367401082081,0.003703181353995072,2024-06-27,2024-09-25,739063.0,739153.0,2.81889716266345,3.1832185945078986,0.5690165622201285,0.32783036940557286
2024-10-06,739164.6898054079,0.0214489265881781,9.955223781402225,10.547128574253366,-9.28314097031563,-0.022511196267843155,-0.013606084270608292,0.017934002013785467,2024-07-05,2024-09-25,739071.0,739153.0,3.297615782812973,0.8884866506124153,0.5690165622201285,0.35583236050033046
2024-10-16,739174.568646005,0.5309432569334575,14.997455955827498,1.0522214924082345,-0.06632544676333804,0.0017617078923227443,0.00036956608090308717,-0.0017225085223934837,2024-07-12,2024-09-25,739078.0,739153.0,3.5780240030091646,1.3328362575386927,0.5690165622201285,0.21180176423432734
2024-10-20,739178.5205263544,0.7804045492381211,13.65615293245179,0.869752515160528,-0.014936143651023935,0.001497079087194648,0.0014741270909638014,0.00026114194033544487,2024-07-19,2024-09-25,739085.0,739153.0,2.8226473912499777,0.5701447883458741,0.5690165622201285,0.15015527608363452
2024-10-09,739167.9925156359,0.7933757443055012,5.9161834316544955,0.7502900835367822,-0.010623556475104615,-0.0025355800153341397,-0.0024432235707330476,-0.0006781036776012444,2024-07-26,2024-09-25,739092.0,739153.0,1.5282791529150808,0.5618623078397299,0.5690165622201285,0.11646035297346205
2024-10-18,739176.5607206443,0.861864739481679,7.363907213467169,0.7701739033927019,-0.007478891512706942,-0.0014310514147234858,-0.0010674160392277494,-0.0009531690043121598,2024-08-02,2024-09-25,739099.0,739153.0,1.3964174272467604,0.6116638327380839,0.5690165622201285,0.11314773418998436
2024-10-17,739175.1155061394,0.2577761770180394,11.638847952293046,0.9192413345325838,-0.12786672626025905,-0.003613233613205203,-0.000015910546328073627,0.0036131985827119453,2024-08-09,2024-09-25,739106.0,739153.0,2.110787421528487,0.783780200459952,0.5690165622201285,0.06349869754106817
2024-11-18,739207.1963708109,0.8857643246023295,6.192779359715152,0.9153745285696692,-0.00790474609715544,-0.0010393807604723942,-0.0003332342021142805,0.000984513753982864,2024-04-10,2024-09-26,738985.0,739154.0,1.4090019039077644,1.0877919205427988,0.5235541881433712,0.1880249808382402
2024-12-05,739224.1223985238,0.32376643276969946,4.7963613314484554,1.497578810699604,-0.22939509135983002,-0.019623216384495802,-0.017663700007533548,0.008547767153859768,2024-04-17,2024-09-26,738992.0,739154.0,0.9137646553928273,0.7891032916216542,0.5235541881433712,0.2216311431086288
2024-10-14,739172.1702750704,0.7966513761773,4.116807852461811,0.8052015284874048,-0.012795537212518485,-0.001879288585141458,-0.0018231599270033053,0.00045586562363517357,2024-04-24,2024-09-26,738999.0,739154.0,1.4771640244648552,1.3175671604897696,0.5235541881433712,0.18859207603863787
2024-10-08,739166.5303474836,0.6920887348614192,10.728184707277213,0.8095686766466272,-0.02236850900132955,-0.0014470014473737336,-0.0013783551827212992,0.0004403977508650713,2024-05-01,2024-09-26,739006.0,739154.0,4.354543858850131,0.9972489994679063,0.5235541881433712,0.3468786858983316
2024-11-22,739211.8777782896,0.8775155300156161,14.505051651603543,0.9575026332325941,-0.008657273409606779,0.0004493121220761973,0.0004435549964696576,0.00007169622131896259,2024-05-08,2024-09-26,739013.0,739154.0,2.8495755418142283,1.1656509697545898,0.5235541881433712,0.3680336689938846
2024-12-01,739220.7598853735,0.8645265141740106,14.885577467409613,1.023593979675107,-0.00970371711277573,-0.0004404480675104911,-0.00036772475450490505,0.00024243144411984483,2024-05-15,2024-09-26,739020.0,739154.0,2.608410757525783,1.2795464270007826,0.5235541881433712,0.34360258119334697
2024-10-12,739170.0714304488,0.44056074938492673,6.369246749635096,1.0787595862049537,-0.10613303844218733,0.0066974742021223554,0.0057279680315982994,0.0034708130052024397,2024-05-22,2024-09-26,739027.0,739154.0,2.2162468195586165,1.096117915928759,0.5235541881433712,0.2753093377557197
2024-10-24,739182.3152688185,0.04087440289415479,11.34904352897969,9.030011348397705,-7.226825499290984,-0.007807234706412857,-0.003946133591619201,-0.006736537941562564,2024-05-30,2024-09-26,739035.0,739154.0,2.978830661763298,3.333822645786689,0.5235541881433712,0.3863094881614018
2024-10-31,739189.4528228652,0.9041637119945982,12.608716469914446,0.9034592356565881,-0.008661587208499938,0.0002747880050196038,0.00020143002935673162,-0.00018690743959511095,2024-06-06,2024-09-26,739042.0,739154.0,2.860216720880426,2.2603511106029464,0.5235541881433712,0.2475928066542014
2024-11-10,739199.237859981,0.9833541529001513,2.1401349874742293,-0.3277227801813624,0.012675662820253576,0.008991466226603545,0.0013533788720409398,0.00888902866081921,2024-06-13,2024-09-26,739049.0,739154.0,0.40883289402373624,0.647752279623446,0.5235541881433712,0.10548860606887812
2024-10-27,739185.5476544773,0.5826513580572311,5.2410653658900905,0.9836972829881776,-0.04234764308797591,-0.006312798454665968,-0.005289663950869024,0.0034454142880225224,2024-06-21,2024-09-26,739057.0,739154.0,1.1718022937359724,0.7457555719841071,0.5235541881433712,0.11571119971219687
2024-10-20,739178.4500483586,0.020898985376322846,3.621349096614651,12.382469552903098,-10.947999758232488,-0.09609805822134103,-0.011300043430697277,0.09543136702560957,2024-06-28,2024-09-26,739064.0,739154.0,0.8896084998085813,0.6574685395344612,0.5235541881433712,0.1051491832424649
2024-10-26,739184.4864595418,0.40224058208034197,8.41573864803033,1.2469533247710565,-0.14068401230964445,-0.007670493307490099,-0.006363619202394914,-0.004282618150986743,2024-07-08,2024-09-26,739074.0,739154.0,1.7246335370171904,0.8766275093672712,0.5235541881433712,0.22432551706443787
2024-10-10,739168.5918370656,0.8516344920581065,11.745967082062263,0.789116193877498,-0.010383458565020223,-0.0010328792908770915,-0.001029818768955785,-0.00007945396547155398,2024-07-15,2024-09-26,739081.0,739154.0,3.3504379057103932,0.7288814999080729,0.5235541881433712,0.19379641233457984
2024-09-29,739157.1739192216,0.0008027881444323539,8.59564784975937,102.9189411952008,-102.1237548318423,0.06590540298622807,0.05570035447386853,0.035227725647031416,2024-07-22,2024-09-26,739088.0,739154.0,4.2158291932546765,0.14471984536488885,0.5235541881433712,0.2687807089216541
2024-10-08,739166.5595796207,0.7458930797504358,10.931582915775213,0.7415715290148627,-0.012581901103282032,0.0033046238461684656,0.001415537508955012,-0.002986099851881499,2024-07-29,2024-09-26,739095.0,739154.0,3.027360132722262,0.2597872061799979,0.5235541881433712,0.1359873762532423
2024-10-18,739176.3510863974,0.31659607028102693,13.044260712821384,0.9919100277082504,-0.1289311962515196,-0.008834683937520564,-0.007046012561334473,0.005329666712037507,2024-08-05,2024-09-26,739102.0,739154.0,2.495263286397719,0.3542036600797537,0.5235541881433712,0.15708806693509608
2024-10-11,739169.554348462,0.08468043822748773,10.895047002652069,1.0782858117157608,-0.36354430131945875,-0.01384397607568515,-0.007885807835245073,0.011378475661077376,2024-08-12,2024-09-26,739109.0,739154.0,2.3568553995721535,0.20410351774378543,0.5235541881433712,0.06263375775935992
2024-11-13,739202.7051956145,0.47270153934697745,9.353150055854755,1.2769133001011648,-0.09803006397615142,-0.0035146187386510637,-0.0001905814869070007,-0.00350944775925294,2024-04-11,2024-09-27,738986.0,739155.0,2.2529925803269593,1.4096463803351524,0.5725191927713307,0.3999732454116099
2024-10-31,739189.1075453274,0.2277545965484849,6.099363570337575,2.1394856000124953,-0.6297947526342411,0.020525810616081944,0.018928205222313713,0.007939266245015227,2024-04-18,2024-09-27,738993.0,739155.0,1.6979713636879579,1.1457275322517495,0.5725191927713307,0.22168051502846375
2024-12-08,739227.2366089083,0.9950330054706134,13.651095819232596,0.9228102811595883,-0.004085164099684054,-0.0002286382392375211,-0.0002255356014239588,-0.000037538472690922515,2024-04-25,2024-09-27,739000.0,739155.0,2.4899421456736466,1.30235868738583,0.5725191927713307,0.4072334220666831
2024-10-22,739180.4872664557,0.49676639932156663,14.989008396664467,1.0716337327166474,-0.07646680050538625,0.002693016360585524,0.0025817427329477703,-0.0007661211257057709,2024-05-02,2024-09-27,739007.0,739155.0,4.575354059652522,0.9410511662619859,0.5725191927713307,0.36223379471615774
2024-11-01,739190.6329637546,0.660089612145553,9.194272403883797,1.002787682054023,-0.030767345423871797,-0.002089835316095573,-0.0018968427740505426,0.0008771539995534,2024-05-09,2024-09-27,739014.0,739155.0,2.3424769477317335,1.0569720298512535,0.5725191927713307,0.2993217983043283
2024-11-21,739210.0645670369,0.7309946516909088,9.787799034658883,1.109320029809825,-0.022712016077652032,0.0017482208088781626,0.0016236105692456638,0.0006482011385583866,2024-05-16,2024-09-27,739021.0,739155.0,1.9216453873974992,0.970260960416577,0.5725191927713307,0.22114465291816976
2024-11-18,739207.0252991917,0.6586148976736671,5.728116261626061,0.9663299361012662,-0.025113345471653316,0.004421760131287251,0.0043245781772910845,-0.0009219469871631298,2024-05-23,2024-09-27,739028.0,739155.0,1.126624251374896,0.6530239619279274,0.5725191927713307,0.11365517500457643
2024-11-07,739196.5487393022,0.8092293332769234,7.293705488815426,0.9608470885013046,-0.01366289789002143,0.0015700040635616907,0.0015695432532516378,0.00003803597997274037,2024-05-31,2024-09-27,739036.0,739155.0,1.5691282169209266,0.9655292612285972,0.5725191927713307,0.15033728777927408
2024-10-01,739159.9798459768,0.7681937755246944,3.681886356462795,0.7016838941955267,-0.01179923120235578,0.00374045150851101,0.003202304296159458,0.0019329316289825073,2024-06-07,2024-09-27,739043.0,739155.0,1.849738922205596,0.6581578815809885,0.5725191927713307,0.16371834766302026
2024-10-11,739169.2526738816,0.3323880244346709,8.708167011101345,1.2810140467360738,-0.2215723075348247,-0.0019907297485272316,-0.0018918044839224136,-0.0006197424677092454,2024-06-14,2024-09-27,739050.0,739155.0,2.9441689954307244,4.2483647122092325,0.5725191927713307,0.38807231502499073
2024-11-11,739200.9306369146,0.251505640493954,6.708294149656472,2.016691109007653,-0.5049815898397786,-0.025252407455451646,-0.015916994136639304,-0.0196044224589846,2024-06-24,2024-09-27,739060.0,739155.0,1.1969894453574716,0.7497360415823743,0.5725191927713307,0.12420251065204861
2024-10-13,739171.2550747975,0.9662513793509286,4.033885775064903,0.6969992593816596,-0.0040583391187942516,-0.0015894019286061556,-0.0012265744673584241,0.0010107984797581389,2024-07-01,2024-09-27,739067.0,739155.0,1.1931394173929748,0.6116192263949091,0.5725191927713307,0.11356455724380855
2024-11-03,739192.178740628,0.2744467084736069,2.8861791987857917,0.6989805305382634,-0.08596813981256864,0.06208037633367817,0.028319751337905586,-0.05524459077493744,2024-07-09,2024-09-27,739075.0,739155.0,0.5273166078749161,0.13167942539474703,0.5725191927713307,0.1010691401300545
2024-10-11,739169.7578405221,0.492884917475812,3.020697870567372,0.7931098159148182,-0.043755600991362616,-0.014685108034651282,-0.0019528103533746751,-0.014554687551202605,2024-07-16,2024-09-27,739082.0,739155.0,0.8571003653632736,0.4861773776311215,0.5725191927713307,0.10122898419714889
2024-10-03,739161.737848395,0.8777004067082841,7.09175025538317,0.6775725170128234,-0.005979741421554044,0.0021733644365184903,0.0006422168667311899,0.002076311746826404,2024-07-23,2024-09-27,739089.0,739155.0,2.685283444490081,0.34052007061775663,0.5725191927713307,0.13717689216487056
2024-10-04,739162.4907005319,0.41454035445838266,14.18370464576619,0.817445652768803,-0.06287393453975602,0.009526984003611847,0.004348074546130148,-0.008476890464455178,2024-07-30,2024-09-27,739096.0,739155.0,4.928821291447406,0.19288228300732332,0.5725191927713307,0.2023008495747307
2024-10-17,739175.7223432559,0.6162684095368688,11.260620850795856,0.7589997884097548,-0.018620057644212946,0.003190557980099194,0.0014023504981665591,0.0028658460015616068,2024-08-06,2024-09-27,739103.0,739155.0,2.2499719520975616,0.3193904674812718,0.5725191927713307,0.11899630901460573
2024-10-02,739160.885821111,0.5342187890724056,5.2966843235476855,0.6067132959071277,-0.0027859546019857674,-0.0030195766657580684,-0.0020474782286628466,-0.0022193864340268156,2024-08-13,2024-09-27,739110.0,739155.0,1.818369050182804,0.09305571338766132,0.5725191927713307,0.05397887132052847
2024-11-03,739192.7876546653,0.022008559094007788,13.707824375703902,17.30963298024752,-15.322840831884111,-0.009895113373214836,-0.0060343428431126785,0.007842191984423099,2024-04-12,2024-09-30,738987.0,739158.0,3.8780943527174716,2.4862316702311325,0.5887045171923478,0.45599544009642046
2024-12-02,739221.6405623514,0.9669464681331432,9.446050743846468,0.958993189365927,-0.005241996059616832,0.0006106888191845873,0.000603234977215366,-0.00009512305788315666,2024-04-19,2024-09-30,738994.0,739158.0,1.9160903880157858,0.8786762311223899,0.5887045171923478,0.21969441353971164
2024-10-26,739184.8713912801,0.21934492384427778,6.6343573363993,2.0687337933670826,-0.6375434714692169,-0.017141183420904305,-0.011997589681503072,0.012242467516941821,2024-04-26,2024-09-30,739001.0,739158.0,2.030662037844732,1.229695912429589,0.5887045171923478,0.3216914606424438
2024-10-12,739170.6304026009,0.6712732363856487,6.765074313380222,0.8640523976041008,-0.02697021481098407,-0.002659046656797556,-0.0016382966718802758,0.002094400424449029,2024-05-03,2024-09-30,739008.0,739158.0,2.7513577481530485,1.0064337878358887,0.5887045171923478,0.2720951197046789
2024-12-05,739224.1714223428,0.24050175855821992,2.5445383726141246,-3.7181001396445534,1.3200087966214913,-0.23256581356363493,-0.09566938326578735,-0.21197694861484176,2024-05-10,2024-09-30,739015.0,739158.0,0.4660889183130899,0.5364635286823791,0.5887045171923478,0.13788960701935715
2024-10-11,739169.9168314453,0.7977413781596134,9.422221437007495,0.7870182613436897,-0.013021504040394937,-0.0008817134390493782,-0.0006470087931852523,0.0005989976712319047,2024-05-17,2024-09-30,739022.0,739158.0,3.7770227207092355,1.250381392658556,0.5887045171923478,0.3372017500059945
2024-10-29,739187.8797653149,0.35656859867517593,14.508166478206377,1.4582980420676135,-0.2174556074256741,-0.005241869770895315,-0.0028363625305413494,-0.004408202160787,2024-05-24,2024-09-30,739029.0,739158.0,3.8583385453905352,1.0195650690287787,0.5887045171923478,0.34047325800468736
2024-10-30,739188.0653159475,0.41278753995572826,8.918944048878316,1.3271679299802024,-0.14819831303008318,0.004555885362148645,0.002455709509906012,0.0038373926351101297,2024-06-03,2024-09-30,739039.0,739158.0,2.2726274892038183,1.5055098890265541,0.5887045171923478,0.32236022820509647
2024-10-21,739179.7249266193,0.9525104777068751,8.721609916720663,0.8186959410527367,-0.006511251358966688,0.0004908430227806437,0.0002491390936156066,-0.00042291439446397834,2024-06-10,2024-09-30,739046.0,739158.0,2.5226052659012783,1.4487549814544174,0.5887045171923478,0.2233559515413714
2024-11-19,739208.3017114322,0.8663959879315324,3.1061459373172546,0.1595899799717776,0.006682505556469183,0.006380849455124891,0.0063806085965876875,-0.000055441014771758354,2024-06-17,2024-09-30,739053.0,739158.0,0.557305466089969,0.29211604108470696,0.5887045171923478,0.10936484146447258
2024-11-05,739194.1160410581,0.04612960792215116,14.813111092032145,9.114030522120117,-7.086361512571018,0.019817678943406268,0.01045446802649361,0.016835809959338192,2024-06-25,2024-09-30,739061.0,739158.0,3.0754254789862028,1.1135353262974974,0.5887045171923478,0.3742149709868061
2024-10-18,739176.9431497318,0.18146038287597935,10.47863991627373,1.9843567820884715,-0.7259404355084165,0.010387201937852928,0.008944356708383375,-0.0052813300569963355,2024-07-02,2024-09-30,739068.0,739158.0,2.9174952066846407,1.2102617814170618,0.5887045171923478,0.3859609003192656
2024-10-25,739183.5403950727,0.4527430180747457,8.55154560363299,1.0762452381813992,-0.08908229482677835,-0.006642699923274062,-0.0022972039603083145,-0.006232841746379337,2024-07-10,2024-09-30,739076.0,739158.0,1.9566105482702902,0.7099927396991486,0.5887045171923478,0.2445877270024577
2024-11-01,739190.3269248211,0.1944907078722527,6.701328289319183,1.78809465238369,-0.559381787884729,-0.033566279567035215,-0.0267659226031711,0.020255382276654764,2024-07-17,2024-09-30,739083.0,739158.0,1.2798371144704108,0.4836632371800592,0.5887045171923478,0.12136966432706482
2024-10-09,739167.6928831858,0.10671864854045658,13.727713485526163,1.767703128736466,-0.839535547831248,-0.017402856325021768,-0.007098367242380085,-0.015889386103989527,2024-07-24,2024-09-30,739090.0,739158.0,4.547450607766203,0.3750253850257804,0.5887045171923478,0.28707238668363577
2024-10-25,739183.4474961305,0.5214240701492779,5.998725024507907,0.8830456975039654,-0.041496823578204944,0.00828305863622713,0.002116316451518027,-0.008008137426905893,2024-07-31,2024-09-30,739097.0,739158.0,1.1675543237614074,0.4354679924469942,0.5887045171923478,0.11277614452565203
2024-10-14,739172.1236700362,0.5332471818977441,7.680325051126411,0.7282341429321333,-0.02251369883793533,-0.002994351245792518,-0.0005979778501488872,-0.002934035083960404,2024-08-07,2024-09-30,739104.0,739158.0,1.9233526543827602,0.5220271340373096,0.5887045171923478,0.1198188546090221
2024-10-06,739164.399504142,0.36956390003718737,6.288967138711119,0.651723319628788,-0.01959011428421864,-0.0033567679899192144,-0.0029280490603000716,0.0016414688661750946,2024-08-14,2024-09-30,739111.0,739158.0,2.123533244428238,0.34294609385813196,0.5887045171923478,0.039626708395414906
2024-11-05,739194.8154240821,0.6639328091192179,12.180020158642126,0.9510145560913967,-0.026540944504190533,0.0003942980965812088,0.00035788812355883444,0.00016549042263255213,2024-04-15,2024-09-30,738990.0,739158.0,3.326856673638462,3.669169853835035,0.5887045171923478,0.46393408884988435
2024-12-13,739232.6556663606,0.01979751335528546,11.144785873932388,29.56102402910232,-26.4804683618549,-0.04872059272767798,-0.039903834811105314,0.027953177334683957,2024-04-22,2024-09-30,738997.0,739158.0,2.0388969280199665,0.9654994147787568,0.5887045171923478,0.27664791188595916
2024-11-18,739207.2088291905,0.708954295237724,10.401427528550752,1.0339237044056246,-0.022955113870759863,-0.001392940633576301,-0.0012130806358261314,-0.0006846305424472503,2024-04-29,2024-09-30,739004.0,739158.0,2.3476786399938208,1.1232388976287029,0.5887045171923478,0.3405146713510304
2024-11-17,739206.5640450501,0.7220777131000958,8.309313392754287,1.0788543883420756,-0.023228091941112625,0.0021254539367258534,0.0015243202488946616,-0.0014812164649210273,2024-05-06,2024-09-30,739011.0,739158.0,1.8422042649470827,0.9496873228673564,0.5887045171923478,0.19270181813212808
2024-11-13,739202.7815727091,0.29103394310423086,13.799454077750433,1.8420925717513539,-0.376738440635531,-0.0027582356452374064,-0.00030552961481653955,0.002741261667394828,2024-05-13,2024-09-30,739018.0,739158.0,3.112917674346449,2.8806487565221097,0.5887045171923478,0.404346358346162
2024-10-25,739183.8517304434,0.07633392676320484,3.34401745233484,2.795505577333585,-1.7017890415001256,0.09269607787557325,0.08079772501116232,0.04543446364308634,2024-05-20,2024-09-30,739025.0,739158.0,0.9662896713128641,0.4190766199562563,0.5887045171923478,0.12752509184398245
2024-11-17,739206.6835776805,0.5323726716464735,7.002896475760789,1.2328029668898102,-0.06870736925023202,0.006391524436446571,0.005617153511056682,-0.0030494542224662508,2024-05-28,2024-09-30,739033.0,739158.0,1.4175831414088307,0.8172160996011564,0.5887045171923478,0.13276695214107223
2024-11-19,739208.026930355,0.6492869714752466,13.490479664838748,1.1729049566750092,-0.03732183250965975,0.0010696368709290113,0.0009834389855326632,-0.00042067897188389694,2024-06-04,2024-09-30,739040.0,739158.0,2.6013180417637503,1.679329401012335,0.5887045171923478,0.30173146605724044
2024-11-03,739192.349386079,0.056078626260814404,11.217285311407222,7.28690182891575,-5.363683592546904,0.01721690142360982,0.015469602078482008,-0.007557321361681198,2024-06-11,2024-09-30,739047.0,739158.0,2.575376075090726,1.5574630704413648,0.5887045171923478,0.4093924172580485
2024-11-10,739199.1353871392,0.17328740088766617,6.359815252956003,2.5483757190414424,-0.9666647848252861,-0.039614861970463586,-0.026233960307802742,0.029683608532446195,2024-06-18,2024-09-30,739054.0,739158.0,1.276174998458768,0.6648753601173,0.5887045171923478,0.13041879287444652
2024-10-22,739180.3353990389,0.3553945312926113,11.119830531439476,1.3460393921716791,-0.20333674505093924,-0.0019017948876007607,-0.0008301204745862544,0.0017110592602762424,2024-06-26,2024-09-30,739062.0,739158.0,2.950836247717149,3.417155670636533,0.5887045171923478,0.3813843409845779
2024-10-08,739166.3338008145,0.38531522746664437,4.678393739202846,0.8998927887545853,-0.09416727166131965,0.01672612915138504,0.003927247143645444,-0.01625854010240591,2024-07-03,2024-09-30,739069.0,739158.0,1.8300719155725795,0.46368595831836523,0.5887045171923478,0.2563644461327009
2024-11-08,739197.9985436611,0.15772933333718744,13.460193533231035,2.5978194896799733,-1.060361262700852,-0.02435355798189515,-0.024353533433178687,-0.00003457884580070124,2024-07-11,2024-09-30,739077.0,739158.0,2.371339512533805,0.5102142660894294,0.5887045171923478,0.2590576053043649
2024-10-30,739188.553498349,0.5436955470973247,2.8454058289644064,0.74650692287255,-0.030526550569651416,0.0157373580465355,0.0033229926607893723,-0.015382527687646003,2024-07-18,2024-09-30,739084.0,739158.0,0.5571177865991652,0.37064442005187526,0.5887045171923478,0.1033415774381277
2024-10-03,739161.6295562319,0.22272152193911726,10.705935105377522,0.9180403231869794,-0.17835931142386757,-0.026500679819162445,-0.026022109944755806,-0.005013564091622305,2024-07-25,2024-09-30,739091.0,739158.0,5.057759044420481,0.14001557592755934,0.5887045171923478,0.24571218495171862
2024-10-07,739165.2488694665,0.4834155944066588,3.7727950221759134,0.7012736313332417,-0.026725882288107513,0.01255313403388365,0.011551301902008204,0.0049141223470025265,2024-08-01,2024-09-30,739098.0,739158.0,1.3375552083130597,0.2727955810558224,0.5887045171923478,0.131535377250103
2024-10-08,739166.0619318655,0.9958046988132467,5.2370379911620955,0.6219517997133333,-0.001283317538757825,0.0007334002768022962,0.0005915316218914243,-0.0004335508116889942,2024-08-08,2024-09-30,739105.0,739158.0,1.6876179449886597,0.3327219915892723,0.5887045171923478,0.09067633249202217
2024-10-07,739165.0189364343,0.7878694982435785,3.7908913688037593,0.5853391856031613,0.0006964167186928558,0.0026153748269833223,0.001869600827283755,-0.0018288734872149966,2024-08-15,2024-09-30,739112.0,739158.0,1.2199742490417993,0.05534115223128661,0.5887045171923478,0.019814864722036838
2024-10-14,739172.6546899786,0.7534280917877316,10.065974844632121,0.7749165876940087,-0.014695637247388196,0.0006537895742640234,0.0005188949426154524,0.00039772961411546837,2024-04-16,2024-10-01,738991.0,739159.0,4.146143795778721,1.6824276632265824,0.587557070135871,0.4514937919207411
2024-12-01,739220.1490389056,0.4425125145968488,3.093380689855091,0.39030938461314496,0.0047621500381535955,0.029342250411946047,0.024463507633528683,0.01620198918348089,2024-04-23,2024-10-01,738998.0,739159.0,0.6351185230550866,0.023216772322519674,0.587557070135871,0.23603076937073003
2024-11-27,739216.6704026873,0.3553672204774197,5.078419935250387,1.3801812031859582,-0.17938442277507263,-0.01746257411534014,-0.014833907377081868,-0.009213939801295838,2024-04-30,2024-10-01,739005.0,739159.0,1.0509637061480497,0.71882838914326,0.587557070135871,0.18977973440838095
2024-10-08,739166.5571326604,0.7488546685288054,3.8790983119353446,0.7450716320664363,-0.014220690701767314,-0.002916830675573735,-0.0006423141598730391,0.002845229992460103,2024-05-07,2024-10-01,739012.0,739159.0,1.8632902490279306,0.9411876656932178,0.587557070135871,0.22426848118466178
2024-11-24,739213.5024859563,0.4615595376729621,14.965578318468465,1.4201538180776927,-0.11524453706589681,-0.0019528171608984408,-0.0012225790340084396,0.0015227591304938668,2024-05-14,2024-10-01,739019.0,739159.0,3.0301809192583744,1.8200905316413578,0.587557070135871,0.3894863142303503
2024-11-21,739210.8777132453,0.14251325157633746,6.714233049935372,3.347621665626067,-1.5067561435355536,0.04378917645965811,0.004014095435725151,-0.04360480492844757,2024-05-21,2024-10-01,739026.0,739159.0,1.3579868550333691,0.7303567223581653,0.587557070135871,0.12272831031611334
2024-11-14,739203.3900905473,0.05408085126597052,7.459619445845683,8.255637706412456,-6.122559475709419,0.05612352224430541,0.009771685180967566,0.05526630001937079,2024-05-29,2024-10-01,739034.0,739159.0,1.5899313072498402,0.7908879165071002,0.587557070135871,0.21888237299347965
2024-10-06,739164.4893872204,0.37566179362133345,9.287327105244245,1.0213634971101386,-0.13521899725632175,0.002285545232034529,5.529920021589424e-7,0.0022855451651353975,2024-06-05,2024-10-01,739041.0,739159.0,4.601900538319754,2.3930632434264836,0.587557070135871,0.5114692654744368
2024-10-29,739187.5638384721,0.115935349669722,4.420567112522412,2.7664205068169254,-1.4066613046856937,0.06114106838486833,0.04314958736753132,-0.043316779119123426,2024-06-12,2024-10-01,739048.0,739159.0,1.1161061670260293,0.6033848551704666,0.587557070135871,0.10867607149912399
2024-10-05,739163.792968867,0.5553708306086381,4.009562979121546,0.7640022953861735,-0.033964378158293104,-0.009728812543423367,-0.005499851223460133,0.008025050157156398,2024-06-20,2024-10-01,739056.0,739159.0,1.9865751481018548,0.48355943186943884,0.587557070135871,0.22280900624124328
2024-10-20,739178.6463462851,0.7671876202881134,13.333616677277911,0.8730979012361204,-0.017092433611882556,-0.00043450796001973395,-0.0002701614476479997,-0.00034030862393604985,2024-06-27,2024-10-01,739063.0,739159.0,3.761750338267114,2.263392046213763,0.587557070135871,0.3012472444900278
2024-10-21,739179.8103741511,0.7194599666473079,12.36220293542512,0.8868016800683359,-0.02106291269483904,-0.00045259424737209813,-0.00007484284562959039,0.0004463631942850811,2024-07-05,2024-10-01,739071.0,739159.0,3.254559518735143,2.7084458841122263,0.587557070135871,0.29524346770490884
2024-10-01,739159.0911550364,0.4877195067867214,10.652269016599975,0.7574629652982958,-0.04609050963004357,-0.0027849583195823035,-0.001927389093032578,-0.002010264690499672,2024-07-12,2024-10-01,739078.0,739159.0,11.512804069316786,0.7577410415904388,0.587557070135871,0.39593888597996296
2024-10-03,739161.139840772,0.3307276458657629,5.603713214452696,0.7922779149290502,-0.08320546058520584,0.02278451063484736,0.0005330948087548183,0.02277827330581377,2024-07-19,2024-10-01,739085.0,739159.0,3.185576641276356,0.2155295004549133,0.587557070135871,0.2029775349031476
2024-10-27,739185.8159641202,0.618980526180532,2.332207108166889,1.1200924824367289,-0.0624030492904755,-0.020554626791273192,-0.019978106100068834,-0.004834041702645733,2024-07-26,2024-10-01,739092.0,739159.0,0.4648455556628683,0.8057607107855862,0.587557070135871,0.08913746529215331
2024-10-10,739168.1187119933,0.722649303494678,14.379491712393515,0.6859552108552625,-0.009518046914664824,0.002561047035828066,0.002509530523004922,0.0005110953666688482,2024-08-02,2024-10-01,739099.0,739159.0,4.635485795441863,0.1867731055274434,0.587557070135871,0.16896093737523152
2024-10-26,739184.8099530326,0.09007778148953129,4.069407947417288,1.5342782809000048,-0.684360611176962,-0.034884551436493424,-0.03436483234836754,-0.0059991854942106106,2024-08-09,2024-10-01,739106.0,739159.0,0.7229764568157705,0.4342484881153917,0.587557070135871,0.05819079213809647
2024-10-06,739164.0932917662,0.07827757682651561,13.065050368475518,0.7398437733906345,-0.11902460376920988,-0.0070983881878596234,-0.007063867189037786,-0.0006992104126659164,2024-08-16,2024-10-01,739113.0,739159.0,4.794457342083712,0.10046233853080495,0.587557070135871,0.038039871802630174
2024-11-01,739190.765240736,0.9699389459504637,9.050104575889279,0.7808001092048356,-0.004654805125411964,-0.0004827763812392654,-0.0004048323229218188,0.00026302818214063065,2024-04-17,2024-10-02,738992.0,739160.0,2.687352288322542,1.0333472525221545,0.6035027382912977,0.3954484071195542
2024-12-06,739225.4217267925,0.8218483719781458,5.693840220035105,0.9375875351402361,-0.009795838161513387,0.001356868406874942,0.001143226113554464,0.000730839193573045,2024-04-24,2024-10-02,738999.0,739160.0,1.1250914765449014,1.0420541661871732,0.6035027382912977,0.21501907505937212
2024-11-21,739210.8021966773,0.28816629553777934,13.146941770386782,1.9612918323150588,-0.4045753181607199,0.006041740818732078,0.003478487698989144,-0.004939914518361079,2024-05-01,2024-10-02,739006.0,739160.0,2.917026424161335,1.4677623311978334,0.6035027382912977,0.40611654272437187
2024-12-04,739223.454198086,0.549783424670247,12.191167657893223,1.321620385400685,-0.06547932139683875,0.002132349900516538,0.0008941080241000722,0.0019358426949193876,2024-05-08,2024-10-02,739013.0,739160.0,2.3263036086098294,1.3848158893652267,0.6035027382912977,0.3719478963800231
2024-10-20,739178.7033387371,0.6693863069976215,13.53410661570879,0.8807645915542119,-0.026202049825208105,0.0015792249845385806,0.0001601635950818532,-0.0015710821667250041,2024-05-15,2024-10-02,739020.0,739160.0,4.606015460175108,0.8206131889974714,0.6035027382912977,0.3648623898667325
2024-10-11,739169.4095476784,0.933608426233993,2.51376290875869,0.6036531531163432,-0.001970364394418585,-0.0032299258488451,-0.0016416819126303472,0.0027816005260964598,2024-05-22,2024-10-02,739027.0,739160.0,1.0870042256596508,0.22656584896612145,0.6035027382912977,0.12121470983328085
2024-10-05,739163.3160970315,0.7929114812713063,13.430640053930599,0.7430987606518148,-0.013165138721400092,-0.0010468323679623367,-0.00009528806865633799,0.0010424865421603182,2024-05-30,2024-10-02,739035.0,739160.0,7.814269191446853,0.7424655262610852,0.6035027382912977,0.32952465024364525
2024-11-23,739212.5714688397,0.12138081867092447,3.7570998217587923,1.0842994520558047,-0.3780325408467181,-0.11005488654121102,-0.10308270009348383,-0.03854912441334692,2024-06-06,2024-10-02,739042.0,739160.0,0.7037886414258789,0.11097296334838755,0.6035027382912977,0.12581001045382395
2024-10-26,739184.5865771836,0.5133500762699384,5.103927316361233,0.9856597739803301,-0.05821550866155923,-0.009876795489009934,-0.003056358447441512,0.009392005226386953,2024-06-13,2024-10-02,739049.0,739160.0,1.3869549824317626,0.592832200630256,0.6035027382912977,0.1379205124233025
2024-11-01,739190.8360417591,0.543859320432943,8.199174716154047,1.0849571502323685,-0.059668365608399415,-0.003360728801997918,-0.002386375349254893,-0.0023663708021032857,2024-06-21,2024-10-02,739057.0,739160.0,1.9155610604026905,1.1776794827910682,0.6035027382912977,0.31655415324889846
2024-10-02,739160.337308974,0.19862788269887882,2.908403806426318,0.887436328078057,-0.19547516152151542,-0.060306157126490026,-0.05561552679213252,-0.02331835686746589,2024-06-28,2024-10-02,739064.0,739160.0,2.6174453079923636,0.22136830238247976,0.6035027382912977,0.2809541979671942
2024-10-10,739168.7085503262,0.02789563063624812,7.878266938594257,5.768780062256459,-4.754027677815908,0.04923822316744834,0.049204143167820735,0.0018316429259129122,2024-07-08,2024-10-02,739074.0,739160.0,2.9923478016871465,0.34187301772058765,0.6035027382912977,0.43004706647615903
2024-10-13,739171.4224980411,0.8095646833586683,12.97700876034583,0.7658120699174926,-0.011156005137869041,-0.0009411075201416882,-0.0008837260342010494,0.00032359181223035266,2024-07-15,2024-10-02,739081.0,739160.0,4.273030053462063,0.7395140306203786,0.6035027382912977,0.2598822931577888
2024-10-03,739161.5569966593,0.37793070522470507,3.2058312866783893,0.701407419824825,-0.04455491480571055,-0.023963554316234648,-0.008247764546041828,-0.02249947367073691,2024-07-22,2024-10-02,739088.0,739160.0,1.9670671164794542,0.21918755825908331,0.6035027382912977,0.15589662202528443
2024-10-28,739186.0027997363,0.7469467436050966,5.947124369644113,0.7696045435916435,-0.010859230262245332,0.0034615346799668645,0.0009116721763085656,-0.003339322713299526,2024-07-29,2024-10-02,739095.0,739160.0,1.1856851928987715,0.39401519686283526,0.6035027382912977,0.10840513772060442
2024-10-05,739163.9298830675,0.2279273746161284,14.273086498619966,0.8033192005492381,-0.11248344808006967,0.012090845139143122,0.0018833895674593782,-0.011943256671273791,2024-08-05,2024-10-02,739102.0,739160.0,6.2637832708392684,0.14856296295971008,0.6035027382912977,0.1981876853345946
2024-10-18,739176.1399429995,0.8912382010959672,10.747048385989766,0.6256103854561713,-0.0014561928696756245,-0.0004467429616409812,-0.00042138388476418087,-0.00014837417375272133,2024-08-12,2024-10-02,739109.0,739160.0,2.4382098252009867,0.27031227668707736,0.6035027382912977,0.06563258756419048
2024-10-07,739165.4194356395,0.026850511961436403,6.858599183774985,0.9745328153965663,-0.3538108472176196,-0.005781327800671415,-0.0039394014560314656,-0.004231414338850941,2024-08-19,2024-10-02,739116.0,739160.0,2.412776059059441,0.23958559150267214,0.6035027382912977,0.037149929289779365
2024-12-20,739239.0975071565,0.35553453748588987,11.83629812488664,1.9713639971473909,-0.2724484567490384,0.0073260352853816895,0.006804173838880393,0.002715513095706449,2024-04-18,2024-10-03,738993.0,739161.0,2.1621746881658033,1.1170722063086413,0.576009597711099,0.3575838598097627
2024-11-14,739203.9241158557,0.11562584514652088,6.298760621254069,4.019010658579906,-2.1239502447248664,-0.03905593917627763,-0.03021850153235229,0.024742848463350384,2024-04-25,2024-10-03,739000.0,739161.0,1.5621770209508696,0.9982908017993812,0.576009597711099,0.23762194262978076
2024-10-21,739179.0238303101,0.11919945081940567,4.103755129392306,2.538508885889098,-1.274921167232736,-0.05561905994896832,-0.046324540670227815,-0.030781760204694936,2024-05-02,2024-10-03,739007.0,739161.0,1.4734275082599564,0.6658133568867158,0.576009597711099,0.23679946983457262
2024-11-20,739209.0877681874,0.006052432090072781,14.418585091076354,69.599332699463,-67.28099660376843,-0.006938211356032192,-0.0047418874896211,-0.005064906697733826,2024-05-09,2024-10-03,739014.0,739161.0,3.2136724505263485,4.070541350562879,0.576009597711099,0.48004418799994364
2024-10-18,739176.704289252,0.6725878443901944,7.142661561241686,0.8707908656508817,-0.02586386571220245,-0.0024507944665081226,-0.0004467798005388662,-0.0024097264008383383,2024-05-16,2024-10-03,739021.0,739161.0,2.6078241540312144,0.9937462141511784,0.576009597711099,0.3073207020815483
2024-11-02,739191.5890336352,0.4091850278493142,7.3438208839846695,1.2945379340193088,-0.1432730417679078,0.006674834538143195,0.006674441258414828,-0.00007245688068889452,2024-05-23,2024-10-03,739028.0,739161.0,1.9597545002378542,1.1959737163834927,0.576009597711099,0.3440474312206175
2024-10-14,739172.1706162774,0.08146968645612264,12.496527354074326,3.2431982838897815,-2.0301047272565893,0.01207735681556397,0.009611990490987226,-0.007312467876963331,2024-05-31,2024-10-03,739036.0,739161.0,4.973447030946411,1.0958553844169079,0.576009597711099,0.6468126492118711
2024-11-24,739213.7360178545,0.15586118805460528,10.012413257010115,3.481110612961609,-1.4841768651731464,0.015501957710984606,0.004391003815169517,0.014867070268493444,2024-06-07,2024-10-03,739043.0,739161.0,1.8721050108656783,1.4903845012804242,0.576009597711099,0.3743628473023428
2024-10-24,739182.9762076478,0.623657789264885,6.28376838134662,0.9124715349613219,-0.03251713272332173,0.003963383933138884,0.0026559312630011797,0.002941843185432631,2024-06-14,2024-10-03,739050.0,739161.0,1.8003768826756579,0.8142772127852094,0.576009597711099,0.2731199702126488
2024-10-15,739173.8138331518,0.6444949496170306,4.6080010737786745,0.7831892131579061,-0.022376600309579376,0.0060821439541903,0.003042649077744259,-0.0052663803194599994,2024-06-24,2024-10-03,739060.0,739161.0,1.6017437810665602,0.514569874093499,0.576009597711099,0.19536160755803655
2024-10-27,739185.0006631445,0.42922212187545383,8.542789360629085,1.1117827500547348,-0.10544149013255824,0.00777395013721798,0.0020334412632087647,-0.007503293767741696,2024-07-01,2024-10-03,739067.0,739161.0,2.165354148370921,0.6814785383469272,0.576009597711099,0.32652536183826375
2024-10-20,739178.3352971149,0.9494342852998245,4.913301966504768,0.6946225476201421,-0.0037632289587145383,0.0016946377364936338,0.0016683730748956252,0.00029720084271681274,2024-07-09,2024-10-03,739075.0,739161.0,1.3960108989993367,0.4291165092088865,0.576009597711099,0.12107826402230944
2024-10-19,739177.2132830176,0.9584086254847552,11.864669682698622,0.7383116405915974,-0.004887972368756783,0.0008414901956816647,0.00030537527473351104,-0.0007841247930079749,2024-07-16,2024-10-03,739082.0,739161.0,3.342872861525991,0.4692180861131327,0.576009597711099,0.21380837163403277
2024-10-27,739185.6254038143,0.8582266156964555,10.493999689879152,0.7583142946024355,-0.006758563161066321,0.0015813140826960001,0.0015809695655756772,0.000033006981930296786,2024-07-23,2024-10-03,739089.0,739161.0,2.2832304082339,0.34954023190871447,0.576009597711099,0.16068421042328956
2024-10-07,739165.8594105429,0.539309241351294,11.288116331520035,0.713759102580789,-0.024385437700275965,0.00850132941892851,0.008491459364225228,0.00040953602387464006,2024-07-30,2024-10-03,739096.0,739161.0,4.788850932834986,0.13704402202111343,0.576009597711099,0.17203644255946274
2024-10-13,739171.919796053,0.5342197094597995,2.0235495398198826,0.9653305943982555,-0.0751471481195559,0.02716868758243924,0.003969015446831156,0.02687721156174882,2024-08-06,2024-10-03,739103.0,739161.0,0.5933485979716576,0.7302135867631273,0.576009597711099,0.08014025398490118
2024-10-09,739167.7711845988,0.049222511361418655,11.963427477438964,0.8516169432652383,-0.225448686597808,0.005304680157216886,0.0021694100457826165,-0.004840794524004096,2024-08-13,2024-10-03,739110.0,739161.0,4.081904773871991,0.17486248774699684,0.576009597711099,0.05994633889844158
2024-10-19,739177.7007349685,0.46360171211294376,13.032971688860178,0.6097290264239673,-0.003495459805551266,0.0029927525032776747,0.002892931145384101,-0.0007664965322435723,2024-08-20,2024-10-03,739117.0,739161.0,2.676841323826842,0.04154656176982668,0.576009597711099,0.031680164624206315
2024-11-10,739199.7413357763,0.4598135780921607,8.265011415302167,1.2609806965295345,-0.10525799999403289,0.0047357932414856954,0.0011629661581946662,-0.004590778511428703,2024-04-19,2024-10-04,738994.0,739162.0,2.2307687800112954,1.2365187729319804,0.576009597711099,0.37753389759493394
2024-11-12,739201.7922262163,0.24496705742760577,6.078055777048364,2.0360748274241685,-0.5305959420104266,0.021731908082988922,0.006384133123894979,0.020773027540150868,2024-04-26,2024-10-04,739001.0,739162.0,1.5657560831872208,0.9840316540993862,0.576009597711099,0.23686865388232742
2024-12-17,739236.3752890708,0.6717386163691766,14.941770068470762,1.2167974477541175,-0.03003343195989671,-0.0009392432353073831,-0.0004305143901622502,-0.0008347665631384058,2024-05-03,2024-10-04,739008.0,739162.0,2.6678620665234662,1.4375572623862303,0.576009597711099,0.40669107413522776
2024-12-09,739228.3200355343,0.4023334475584103,14.298431084307275,1.672967070176918,-0.18145320625916395,0.0033479099982339313,0.0032363933368690905,0.000856889447562564,2024-05-10,2024-10-04,739015.0,739162.0,2.6586639973196373,1.525065948715523,0.576009597711099,0.41407722845304473
2024-10-28,739186.1504936981,0.1089889476945887,3.33457757545767,2.1692363898358424,-1.0822701936665067,0.07732144914579062,0.06558413558411065,0.04095519085158895,2024-05-17,2024-10-04,739022.0,739162.0,1.0171031114786753,0.45748551418963956,0.576009597711099,0.13658589733069332
2024-10-13,739171.1729576938,0.22221536717665052,5.5426965601892615,1.4001642880229395,-0.39524155399008243,-0.024840103982018507,-0.023054588848931388,-0.009247523930448639,2024-05-24,2024-10-04,739029.0,739162.0,2.4177763946590645,0.6379140599026862,0.576009597711099,0.47745639613018853
2024-11-22,739211.6555055651,0.5596356510522621,7.8177219505176785,1.2131371772418649,-0.05787588557549047,-0.005515673944274432,-0.004890310658170454,-0.0025509842661475455,2024-06-03,2024-10-04,739039.0,739162.0,1.5505446579515412,0.751145754839813,0.576009597711099,0.1757046393758049
2024-10-15,739173.0177275169,0.6488835864128714,12.184016172593687,0.8521239221781274,-0.028961126619484776,-0.0009569439318366283,-0.0007440521501364749,-0.0006017707923754975,2024-06-10,2024-10-04,739046.0,739162.0,4.740866027282044,1.61177821508811,0.576009597711099,0.3985964089612394
2024-11-15,739204.2745744325,0.007080307272610444,11.741222788963292,55.89077027986157,-53.71523591115711,-0.02986517426258902,-0.02678124777428143,-0.013217163136897253,2024-06-17,2024-10-04,739053.0,739162.0,2.382392082898251,1.0846040233266603,0.576009597711099,0.4613177488403597
2024-11-03,739192.808458671,0.8723084439328017,14.306811441922262,0.89002219665454,-0.00968805047834348,-0.00023336729528088566,-0.000038677001150906054,-0.0002301399228484466,2024-06-25,2024-10-04,739061.0,739162.0,3.309756941961567,2.5311834562807345,0.576009597711099,0.3167686877165158
2024-10-11,739169.0134471253,0.9994411656786231,8.425691586607034,0.71096709746879,-0.0044702329665556794,-0.0005833288772066393,-0.00046421033462031816,0.0003532440292699238,2024-07-02,2024-10-04,739068.0,739162.0,3.5769905840871683,0.9090093617282424,0.576009597711099,0.2654918109681042
2024-11-06,739195.974244813,0.5066134741951117,11.109494139441393,1.0640067301509568,-0.06405253600205169,0.005381091715412747,0.000549965331723041,-0.005352913803115684,2024-07-10,2024-10-04,739076.0,739162.0,2.2308054331589053,0.5428106840034304,0.576009597711099,0.2707223161427956
2024-10-08,739166.8490753383,0.48181472585848606,13.620380118411488,0.7941595026799109,-0.04792427031621024,0.0021401765798558787,0.0003027504716035658,-0.002118654748869532,2024-07-17,2024-10-04,739083.0,739162.0,6.178589350133059,0.7921305138844418,0.576009597711099,0.3474194133273631
2024-10-22,739180.5167786594,0.381537762470587,14.294909555810735,0.9481616260128651,-0.0927465111852148,-0.009096586977048788,-0.009096559113526349,-0.000022514997986262252,2024-07-24,2024-10-04,739090.0,739162.0,3.6102692934889866,0.2721292483168108,0.576009597711099,0.25018834222671793
2024-10-08,739166.89419996,0.47542275690595803,3.4735616821884507,0.6673109081455688,-0.021825493208182573,0.014665394634914583,0.011679968955634263,-0.008868603328213598,2024-07-31,2024-10-04,739097.0,739162.0,1.4699492897780273,0.20369260548123938,0.576009597711099,0.13268109678151035
2024-10-07,739165.7478808176,0.7759550748335535,10.13369240117132,0.6348291738254146,-0.00460450287087591,0.0014400798863703212,0.0007676692932355605,0.0012184063096322068,2024-08-07,2024-10-04,739104.0,739162.0,4.518930786022067,0.24483022050314465,0.576009597711099,0.12438734511372491
2024-10-26,739184.9083642524,0.18430935684973807,14.468069198806534,0.7469678262821949,-0.08081771660649352,-0.00718125606948959,-0.002430846619447856,0.006757323689768015,2024-08-14,2024-10-04,739111.0,739162.0,2.6971662546429456,0.14336494392457663,0.576009597711099,0.0405330999421237
2024-10-18,739176.5286811162,0.06702337662722836,9.599351766161767,0.6164494039065914,-0.019605276731794748,-0.009191353239004886,-0.009080115762436456,0.0014256479596726035,2024-08-21,2024-10-04,739118.0,739162.0,2.1288027135953764,0.01489285348213818,0.576009597711099,0.03223274625900617
2024-11-20,739209.176204298,0.4515088665325976,3.9163985936273913,0.9734706413495245,-0.06720268013227207,-0.013886747016849835,-0.0072405347305207765,-0.0118497425932427,2024-04-22,2024-10-07,738997.0,739165.0,0.9781238345726077,0.5579116974595378,0.5944220856555513,0.22318484778275055
2024-11-19,739208.0264518667,0.7795920060523107,11.646315996707925,0.9540831266405656,-0.014354810268399427,-0.0008663975706120993,-0.0006282298966500436,-0.0005966338469426816,2024-04-29,2024-10-07,739004.0,739165.0,2.8849584865506053,1.1090702057545359,0.5944220856555513,0.3963435469988953
2024-10-20,739178.4262557784,0.7356831462250154,14.958130981208381,0.8116899289610917,-0.016813869493417267,0.0010721341791037084,0.0007746918005213236,-0.0007411641600937085,2024-05-06,2024-10-07,739011.0,739165.0,6.007193959661475,0.7713154060454015,0.5944220856555513,0.4180511662239571
2024-10-31,739189.2499769097,0.02905126399286396,5.656842178825714,10.90091541069774,-9.234480252929968,0.06534113384516275,0.004093350923455938,-0.06521279207631675,2024-05-13,2024-10-07,739018.0,739165.0,1.7598523601257603,0.7257996609185103,0.5944220856555513,0.35067701789032946
2024-12-13,739232.3774614887,0.6453055124773256,11.399830554925419,1.2776184060060298,-0.03782537025314021,-0.0020143757213378364,-0.00180502083274649,-0.0008942087787907786,2024-05-20,2024-10-07,739025.0,739165.0,2.039734865445612,1.0629422954485968,0.5944220856555513,0.3053551016925319
2024-10-27,739185.5273247318,0.9945698527352287,6.538043150857571,0.768505177839972,-0.004339919168951941,-0.0006540700694107598,-0.00035435109699728974,0.0005497662737525952,2024-05-28,2024-10-07,739033.0,739165.0,2.086937230447154,1.0093571715092222,0.5944220856555513,0.23384404004656853
2024-10-15,739173.6207750214,0.11608019130715545,4.2294492903412575,1.9633010314408172,-0.94975724760716,-0.06042368967087257,-0.04870438560713545,-0.03576178261878691,2024-06-04,2024-10-07,739040.0,739165.0,1.8449566816244458,0.4313995304111757,0.5944220856555513,0.39047098540561764
2024-11-02,739191.474210375,0.5740740721075815,14.987028246851335,1.0466405505839582,-0.04964193767663971,0.0012065249078853494,0.0009015289216802454,0.0008018403561319452,2024-06-11,2024-10-07,739047.0,739165.0,4.0476185031707175,1.5760313046870136,0.5944220856555513,0.39661334495995787
2024-10-28,739186.3718382779,0.7212408405473215,10.46005412621688,0.9100912920895504,-0.021090907471330068,0.000813880480615991,0.00023729715731859264,0.0007785187832391919,2024-06-18,2024-10-07,739054.0,739165.0,3.0357748294005926,1.7868208541916708,0.5944220856555513,0.362393793182225
2024-11-09,739198.2887704435,0.30321248364787073,14.168346774461648,1.6464924207364307,-0.3150465109921672,0.002290300893692317,0.0012405438531941097,-0.0019252348251447501,2024-06-26,2024-10-07,739062.0,739165.0,3.1784954333368236,2.9438117321783177,0.5944220856555513,0.44844129189360193
2024-11-19,739208.385235528,0.7098085664041299,3.003554981864422,0.6224141191574644,-0.00795635051952781,0.007885370317189177,0.007879335947673984,-0.0003084316178680005,2024-07-03,2024-10-07,739069.0,739165.0,0.557920242415662,0.2384500754167197,0.5944220856555513,0.11446088954939566
2024-11-16,739205.2257616917,0.5002133971363417,5.59048193712767,1.0518039245054183,-0.06079886510183221,0.009851874322042565,0.005010175486517255,-0.008482780749944163,2024-07-11,2024-10-07,739077.0,739165.0,1.0314769769494492,0.5521825527811454,0.5944220856555513,0.1004295761615785
2024-11-09,739198.94626413,0.4205167488374656,12.625718660976732,1.0967021352763695,-0.09499702004506765,0.008657158537888421,0.004801054699721817,-0.00720390642085344,2024-07-18,2024-10-07,739084.0,739165.0,2.450892472501509,0.3654784729946767,0.5944220856555513,0.22260837819304524
2024-10-17,739175.5690013587,0.9155659136839183,3.83789198048777,0.6566149291852834,-0.0034425909106273376,-0.0024001019891436988,-0.00021126488997730432,0.002390785792277178,2024-07-25,2024-10-07,739091.0,739165.0,1.270286130782006,0.3421783985354467,0.5944220856555513,0.10091937775426225
2024-10-25,739183.9322266808,0.8766813429929041,3.9995741778156613,0.7336512765303739,-0.0064211402079439655,-0.002846168808133318,-0.0028375651664987503,-0.0002211352759374963,2024-08-01,2024-10-07,739098.0,739165.0,0.9629079708991694,0.49451504231829185,0.5944220856555513,0.09087754239004062
2024-10-23,739181.6434946232,0.16926258773973338,3.5028046982159613,1.2827956644315093,-0.38522448579931023,0.036871301751498525,0.019505067370407286,0.031289698619928114,2024-08-08,2024-10-07,739105.0,739165.0,0.8513662232398563,0.5048594223554698,0.5944220856555513,0.07189272093982216
2024-10-16,739174.2772182749,0.16159040775921543,13.739661336977978,0.7015356932358764,-0.06515381919963219,0.006565032575108798,0.00033493567051956616,0.006556483112832156,2024-08-15,2024-10-07,739112.0,739165.0,4.163617679614018,0.11671926437095669,0.5944220856555513,0.0396698331929239
2024-10-17,739175.0248640244,0.44626046297537914,9.844489848731342,0.5976083390814785,-0.0010236213015727585,-0.0016395949302004768,-0.0014420040210421081,-0.0007803178444951116,2024-08-22,2024-10-07,739119.0,739165.0,2.696034011274935,0.028300749964484707,0.5944220856555513,0.03176793535228576
2024-11-08,739197.8400676677,0.7558586639250644,11.869425776686532,0.8914467051856669,-0.015369868177463445,-0.0005663867253244027,-0.00014531449626111227,-0.0005474281868885447,2024-04-23,2024-10-08,738998.0,739166.0,3.4698427698419225,1.72809639074975,0.5713530118811483,0.45584671783905956
2024-12-03,739222.4795976179,0.458006141861829,12.050050902835928,1.4285016207606218,-0.11483512803374368,0.002808509541915254,0.002391594331659675,0.001472413800465868,2024-04-30,2024-10-08,739005.0,739166.0,2.585660933399302,1.554108284864943,0.5713530118811483,0.4421803844812665
2024-12-08,739227.5768651037,0.23929791298110065,8.325638968368029,2.557225739332222,-0.6794195664938889,0.022375438147853623,0.013808363721790442,0.017606513670660774,2024-05-07,2024-10-08,739012.0,739166.0,1.6603499131022503,0.8727459422860181,0.5713530118811483,0.2138883946361244
2024-11-23,739212.7784615393,0.2509784832908531,5.60107868620624,1.7965257786413675,-0.424285900433017,0.030854254163449408,0.028853579498598743,-0.010929590573337016,2024-05-14,2024-10-08,739019.0,739166.0,1.2669962384010924,0.616181086600854,0.5713530118811483,0.12011858343532283
2024-10-16,739174.9152768115,0.899667939063715,3.0272926889418703,0.6378635172243375,-0.003384315591669807,-0.002975149326157838,-0.0002782076671847684,-0.002962113098255544,2024-05-21,2024-10-08,739026.0,739166.0,1.356585693199634,0.3380569885596991,0.5713530118811483,0.1186561216661114
2024-12-12,739231.7307863882,0.8708518354739392,13.396683407182291,1.0444231424160841,-0.00927510982913579,0.0003811645350303597,0.00011136212431805758,0.0003645337844868152,2024-05-29,2024-10-08,739034.0,739166.0,2.348218244463262,1.581807217482275,0.5713530118811483,0.35108664998075223
2024-11-06,739195.3721989699,0.35581936985789425,14.004306049690381,1.4119385939199447,-0.20406977173888827,-0.0018683191247409214,-0.0018682539228676886,0.000015608701489074433,2024-06-05,2024-10-08,739041.0,739166.0,3.6983783317122754,2.775208469690781,0.5713530118811483,0.4838836822634812
2024-10-12,739170.1495371936,0.9863331948406215,4.623227351373718,0.6741686740175088,-0.0037317177701466807,0.0012920706692285374,0.0005570517711000387,-0.001165821572366454,2024-06-12,2024-10-08,739048.0,739166.0,2.4886910457389977,0.6161705275295873,0.5713530118811483,0.1932249887254354
2024-11-21,739210.1139792076,0.37503962732199236,12.108845754793139,1.5424333282299711,-0.19846784989380667,0.005231409441125862,0.004399848913340726,-0.0028300131237284465,2024-06-20,2024-10-08,739056.0,739166.0,2.4107431047198418,1.1750216382910483,0.5713530118811483,0.4162494495358568
2024-11-17,739206.6500021977,0.4467545252960038,6.757595966148134,1.199556954482927,-0.0966567794275364,-0.01217616089821508,-0.0037204891577058232,-0.011593828299859167,2024-06-27,2024-10-08,739063.0,739166.0,1.3576967306555994,0.5248058657875798,0.5713530118811483,0.14484580409883033
2024-11-23,739212.7330731656,0.20340331390456262,10.685823001012103,2.138283472364615,-0.6616981539055448,-0.014999139920884605,-0.005660487990418913,-0.013890035063908138,2024-07-05,2024-10-08,739071.0,739166.0,1.8869171525616513,0.8397376289032162,0.5713530118811483,0.3749423331982412
2024-11-14,739203.5953605397,0.7629465673467501,9.488968618295821,0.8542391890688247,-0.012164831077962584,-0.0018894008242052243,-0.001469027681547097,-0.0011881890192034861,2024-07-12,2024-10-08,739078.0,739166.0,1.8215996897913158,0.5176748844301351,0.5713530118811483,0.23727163237138735
2024-11-04,739193.4661156123,0.8088782213327321,14.425843977971482,0.7876975296785995,-0.008800933365332648,0.0016812036347609621,0.0016756951047531001,-0.0001359837396160574,2024-07-19,2024-10-08,739085.0,739166.0,3.153444566922429,0.29352853306502785,0.5713530118811483,0.21261111648315004
2024-10-30,739188.4088364147,0.59758700558974,4.122126861847789,0.8554426080505838,-0.02999723143712777,-0.00872757214559025,-0.005421945214246755,-0.006839080760613191,2024-07-26,2024-10-08,739092.0,739166.0,0.9572804541884405,0.4982731875704458,0.5713530118811483,0.09543430374684608
2024-10-15,739173.3755680693,0.15785208127096098,9.996140484539122,0.9407215086245834,-0.21883182885341457,-0.021327676255026157,-0.005807825040719963,0.020521670076667553,2024-08-02,2024-10-08,739099.0,739166.0,3.6765789113501675,0.16202607501341254,0.5713530118811483,0.21099355996665378
2024-10-14,739172.0725570989,0.7950433012003175,6.051269910975043,0.6003782348545283,-0.0008135582126052224,-0.0015731206064813715,-0.0012906801488620965,0.000899362660926967,2024-08-09,2024-10-08,739106.0,739166.0,2.2988693542833047,0.06794709153868235,0.5713530118811483,0.071661588534002
2024-10-15,739173.7080513897,0.713264244514847,3.966072511050787,0.5954714345573486,-0.0007507107178830276,0.002685196476967175,0.0012473651553880742,0.0023778898816052465,2024-08-16,2024-10-08,739113.0,739166.0,1.3027188175937492,0.05027896755950054,0.5713530118811483,0.021898860541731163
2024-10-16,739174.001395523,0.020035474500340825,4.747076866515368,0.3533161827073009,0.2234106980177855,-0.020695457835943464,-0.01663973429117948,-0.012305332899123837,2024-08-23,2024-10-08,739120.0,739166.0,1.4425867255233138,0.045561949166743956,0.5713530118811483,0.02250950319819481
2024-12-16,739235.0072935342,0.4217423728822626,3.486151404049733,0.4417948841150669,-0.0023871812772598895,-0.02946871128207791,-0.02858289906035127,0.007170971059224571,2024-04-24,2024-10-09,738999.0,739167.0,0.6903562183531144,0.009799981331092078,0.5736840152676237,0.24106191325382167
2024-12-02,739221.0192319147,0.18462997840993103,6.193756681039664,2.648705193079723,-0.9291723728951774,-0.03507189751241312,-0.034781841854647534,0.0045012745216769755,2024-05-01,2024-10-09,739006.0,739167.0,1.3617260481637847,0.7897417607521976,0.5736840152676237,0.19240653420644283
2024-12-13,739232.7970741922,0.15079984841671482,14.95536740431619,3.7463327986807236,-1.6091567905528996,-0.0105268759526253,-0.00818338265227111,-0.006621734341429674,2024-05-08,2024-10-09,739013.0,739167.0,2.8708540033846206,1.541354998981147,0.5736840152676237,0.4879657351578068
2024-12-01,739220.537068686,0.15093534683141543,13.727161781322264,3.41314273926161,-1.4718277105955235,-0.011124126791851216,-0.008630809494054493,0.007018213758394714,2024-05-15,2024-10-09,739020.0,739167.0,2.88522934291233,1.454793158323285,0.5736840152676237,0.49572835948114946
2024-11-19,739208.6999011388,0.7194945234377591,6.178477117311654,0.939498536510233,-0.017891166111564192,-0.003206238518010682,-0.00135187387512853,0.0029073015770848926,2024-05-22,2024-10-09,739027.0,739167.0,1.4473294212607437,0.6498137111783743,0.5736840152676237,0.1327329050995152
2024-12-09,739228.1998391523,0.20818456839807437,12.40195876945586,2.763799741404192,-0.8681228769184086,-0.00519281338983371,-0.0036916924362571982,0.0036519471323826222,2024-05-30,2024-10-09,739035.0,739167.0,2.2690800307130385,2.8063170590706084,0.5736840152676237,0.47594275918821116
2024-10-18,739176.6258050101,0.7155302807881937,7.872079610807771,0.8146664236248377,-0.019186678228375064,-0.001732488095886994,-0.00003337503174641031,0.0017321665940798234,2024-06-06,2024-10-09,739042.0,739167.0,3.305163098867318,1.0066258367338754,0.5736840152676237,0.39023788687107014
2024-10-10,739168.6353656092,0.769862797394373,7.056193204884255,0.7348249268873706,-0.013209996388183504,-0.0018005778392294705,-0.0016938061617776299,-0.000610820138378232,2024-06-13,2024-10-09,739049.0,739167.0,4.8206900144093865,0.8004490028076152,0.5736840152676237,0.3838372234145695
2024-11-23,739212.6810002708,0.8556409561288398,6.775091906169249,0.8726492896817061,-0.007826288318723782,0.0017444498686844377,0.0003463312134401643,-0.0017097251343272158,2024-06-21,2024-10-09,739057.0,739167.0,1.3221192547503442,0.5665962857305165,0.5736840152676237,0.12464323593323617
2024-11-29,739218.2532215631,0.5984838677234726,9.063532586372723,1.1129252648943888,-0.0401466018943342,-0.004536817859236966,-0.004383896461810154,-0.0011679760699688554,2024-06-28,2024-10-09,739064.0,739167.0,1.5893777517158747,0.5843222117800874,0.5736840152676237,0.24027903680452778
2024-10-19,739177.541452851,0.8127044781436188,14.878482974323234,0.7676647400741715,-0.010697968686008783,-0.00013729874364321997,-0.00012661852931307723,-0.00005309136502859993,2024-07-08,2024-10-09,739074.0,739167.0,5.410030688825153,4.2560699738401,0.5736840152676237,0.35961653744853167
2024-11-17,739206.8055584137,0.03325401938823936,4.17312911318211,11.030177667378643,-9.135756185044665,0.10974577286345652,0.09067717288115255,-0.06182058702146853,2024-07-15,2024-10-09,739081.0,739167.0,0.7642857346341895,0.6633443331080008,0.5736840152676237,0.10421480488455327
2024-10-17,739175.9274633874,0.7411262968586384,5.731797954156878,0.6753943272928424,-0.007811549309662397,-0.00398501792929187,-0.003984949416363998,0.0000233676228550537,2024-07-22,2024-10-09,739088.0,739167.0,2.0866485332680043,0.2534593104624818,0.5736840152676237,0.16761912744584004
2024-10-22,739180.1146080524,0.4119153319079921,5.186897123920161,0.7620100176504383,-0.043843361102051816,0.014781452135152768,0.007484493014863529,0.01274651683928874,2024-07-29,2024-10-09,739095.0,739167.0,1.5439474930066126,0.23555214416248868,0.5736840152676237,0.1680454793512593
2024-11-08,739197.4595495763,0.8324727463389783,3.6739482832613968,0.9238168848884928,-0.0140635282554954,-0.004750709039939987,-0.004721311334026368,0.0005276889892367123,2024-08-05,2024-10-09,739102.0,739167.0,0.6679354598640199,0.6707687838187751,0.5736840152676237,0.08592506039845285
2024-10-20,739178.2036593867,0.9635351929132212,13.753339855477314,0.6070832627596752,-0.0006466664534909508,-0.0003868184590633601,-0.0003735092409518107,-0.0001005950654642395,2024-08-12,2024-10-09,739109.0,739167.0,3.985600092990091,0.11712040039740167,0.5736840152676237,0.06889097531472559
2024-10-14,739172.039914254,0.7014090977215391,11.757938235357397,0.5937994213179074,-0.00025188180157097775,0.0016996136372867054,0.0013833210279892117,-0.0009874763032973574,2024-08-19,2024-10-09,739116.0,739167.0,4.5074356294293505,0.008840703063085376,0.5736840152676237,0.03236073448145408
2024-10-30,739188.2190795391,0.3008484967815524,11.68263670276392,0.5256155400466123,0.022619015169789616,0.006439765965396267,0.0051120404522162375,0.0039163283958295585,2024-08-23,2024-10-09,739120.0,739167.0,2.171391954422717,0.09045041871669474,0.5736840152676237,0.023041823783915023
2024-12-13,739232.1262072058,0.7871996496630602,10.051009692853635,1.083680981232271,-0.014703203984276289,-0.0012463659617035173,-0.001228136170680714,-0.00021239034054976674,2024-04-25,2024-10-10,739000.0,739168.0,2.057857691860115,0.923935390931534,0.5596157879354225,0.2927203422486362
2024-11-18,739207.1451316234,0.3761600609760928,8.941729476508051,1.4599438559415734,-0.1863452464482927,-0.005436021610738676,-0.004161051817549252,0.00349799638708904,2024-05-02,2024-10-10,739007.0,739168.0,2.3222005519715925,1.442076500026426,0.5596157879354225,0.4823179019495669
2024-12-01,739220.3951773419,0.41136678986044306,10.02240826706858,1.5083791132991407,-0.15676787337187376,-0.005120805984294611,-0.003457803394413385,0.0037770689184036307,2024-05-09,2024-10-10,739014.0,739168.0,2.186868878303804,1.256538740668957,0.5596157879354225,0.43733388592289557
2024-10-15,739173.7838050524,0.08822146715439463,9.975890767756141,2.6223309931881826,-1.5477888301444263,-0.007619087403425683,-0.002126417434723469,0.007316340735254475,2024-05-16,2024-10-10,739021.0,739168.0,5.19810999140827,1.796517050330706,0.5596157879354225,0.9279645715140715
2024-12-06,739225.666618722,0.9804521346491539,12.538566841330157,0.9302672619463971,-0.00467145754568473,-0.0002944419749812918,-0.00028687815097933566,0.0000663099021380757,2024-05-23,2024-10-10,739028.0,739168.0,2.4583554812590322,1.2405982984160786,0.5596157879354225,0.36551986761192146
2024-12-14,739233.8322720638,0.878389045796478,7.277175975293634,0.9178835601223467,-0.006690981660963569,-0.0013772146126450053,-0.0009797174837635017,0.000967922383918796,2024-05-31,2024-10-10,739036.0,739168.0,1.2743767113461437,0.5864246962414283,0.5596157879354225,0.11281285375345664
2024-11-12,739201.6742369783,0.19091216247352866,2.100762549056549,0.01042561159745396,0.1575657176311698,-0.1370852692971389,-0.041554119313359464,0.13063547078171453,2024-06-07,2024-10-10,739043.0,739168.0,0.5182776458846095,0.1044546005710843,0.5596157879354225,0.1721115926030615
2024-11-17,739206.770394541,0.815998823376147,10.768904819279623,0.9360117807085125,-0.012073402302497085,0.0007409580091549656,0.0002666323820499254,-0.0006913218817405336,2024-06-14,2024-10-10,739050.0,739168.0,2.394567277155078,1.2346790225386934,0.5596157879354225,0.365526000630198
2024-10-15,739173.388177556,0.30970385588578925,3.5583605609925315,0.8837553645844103,-0.11922320302530709,0.03423969881198452,0.025299328367736133,0.02307164837797412,2024-06-24,2024-10-10,739060.0,739168.0,1.7253886448311304,0.30305922612213454,0.5596157879354225,0.2600186583713064
2024-11-21,739210.4058780092,0.9540598758410497,14.433723229868976,0.8875210676567948,-0.005539692176316729,-0.0002694286867699236,-0.0002585751746718254,-0.00007570136259011838,2024-07-01,2024-10-10,739067.0,739168.0,2.798887997475234,1.359061334131873,0.5596157879354225,0.34840502775004234
2024-11-18,739207.1804512263,0.8325414235298132,4.021595909039798,0.738699834802867,-0.0064270701716093144,-0.0028527727681292693,-0.0005618240955079966,-0.0027969029572522818,2024-07-09,2024-10-10,739075.0,739168.0,0.7783028242960012,0.4663943517392169,0.5596157879354225,0.10798867822737789
2024-11-06,739195.9409589504,0.23444953093020976,10.123325020654221,1.3753273964159427,-0.320525454596027,0.019278625420779596,0.01909712784625203,-0.002639148752653889,2024-07-16,2024-10-10,739082.0,739168.0,2.2646493251854714,0.38504602756008854,0.5596157879354225,0.3093916704429692
2024-11-17,739206.2674670243,0.19508097833072396,9.625332700703394,1.443153006501436,-0.3919871034946085,-0.022356973150344607,-0.010829584577270705,-0.0195589965573127,2024-07-23,2024-10-10,739089.0,739168.0,1.7155309230791262,0.3553513327499298,0.5596157879354225,0.261120009080715
2024-10-17,739175.8373995821,0.5511430111971344,10.15197537602248,0.6951075569372672,-0.019063915099505908,-0.006361210915200201,-0.006360191861433911,0.0001138586554111269,2024-07-30,2024-10-10,739096.0,739168.0,3.7502630092728175,0.16269943648358087,0.5596157879354225,0.20681128405282154
2024-10-19,739177.0502562796,0.716385746849075,9.188777962849453,0.6547464601964982,-0.00625887686046075,0.0021297281401472614,0.0008274816363979948,-0.0019624005942618368,2024-08-06,2024-10-10,739103.0,739168.0,3.0739759221656873,0.22911916457143666,0.5596157879354225,0.14745053979468684
2024-10-13,739171.5304484507,0.8268867455950568,4.34026032568592,0.5740678434932487,0.0012288876006214726,-0.0018292068173060153,-0.00034628513418892,0.0017961303366734183,2024-08-13,2024-10-10,739110.0,739168.0,1.9743058466798968,0.12799105019069684,0.5596157879354225,0.04383425869638404
2024-10-28,739186.0875198594,0.9439981903303922,2.0401649590514834,0.7470712234231781,-0.008075850536772991,-0.004768229320805657,-0.0014613951260154256,0.004538759207255782,2024-08-20,2024-10-10,739117.0,739168.0,0.435150459916373,0.7836768474733894,0.5596157879354225,0.022614986679570716
2024-10-11,739169.3719135899,0.6190878213041114,6.6295852908608,0.5580523785075995,0.005879390003664844,-0.0035733201052683882,-0.002974113404988529,0.001980723612466621,2024-08-26,2024-10-10,739123.0,739168.0,3.7145763605549993,0.15364776423519005,0.5596157879354225,0.017535772527178067
2024-11-21,739210.9699750419,0.2568455898058833,14.830028712975414,1.9342148012045706,-0.4642376996485485,-0.0022418023533128033,-0.001238829016978738,0.0018684165643694974,2024-04-26,2024-10-11,739001.0,739169.0,3.8000622737873644,3.586519578873029,0.5489331937654512,0.5874728389146946
2024-10-17,739175.5650575344,0.34616138462452645,11.087714806884215,1.0780769783401922,-0.15916650612415895,0.0014920689992792844,0.0013104725467686566,-0.0007133944230059251,2024-05-03,2024-10-11,739008.0,739169.0,5.71682586585744,3.3304226284010925,0.5489331937654512,0.7530629709911103
2024-10-15,739173.5672641428,0.681975811465447,7.2794154767508665,0.7854860650039188,-0.021485591179466315,0.002006262039441674,0.000592377313788523,-0.0019168141508798815,2024-05-10,2024-10-11,739015.0,739169.0,4.109700881520903,1.0033030107196355,0.5489331937654512,0.4723043563393373
2024-11-03,739192.114830126,0.9947086619809917,3.894995489921804,0.6663171810504236,-0.002319500611647136,-0.0014499779057936867,-0.0014344129879693378,0.0002118851274505173,2024-05-17,2024-10-11,739022.0,739169.0,1.2373354886589238,0.40852820647800764,0.5489331937654512,0.12412182490152238
2024-11-12,739201.8750253331,0.4199324304315911,8.620052749242134,1.2610859848400702,-0.12628021797810812,0.005284709580394306,0.003417545510499605,0.00403094753535386,2024-05-24,2024-10-11,739029.0,739169.0,2.277195845561463,1.164082309071671,0.5489331937654512,0.4843672912530925
2024-11-09,739198.0455703686,0.6083485927170079,3.592613896414313,0.7164048307742171,-0.016439067861932357,-0.009276024802644875,-0.0034633877676708722,0.008605206639589235,2024-06-03,2024-10-11,739039.0,739169.0,0.9722155450325688,0.300093956490519,0.5489331937654512,0.13485007454259626
2024-11-02,739191.1083436655,0.39463041822855394,13.384271821641338,1.202763938668251,-0.13934351226816433,0.002711606236724744,0.0025047114424099166,0.0010388594579178476,2024-06-10,2024-10-11,739046.0,739169.0,4.007975032261768,1.515151075969401,0.5489331937654512,0.5712172607158744
2024-11-08,739197.3791862669,0.41927425103004967,7.520386413006644,1.1396783465358427,-0.10925127026360651,0.00894837912170849,0.001869901457238491,0.008750826100777329,2024-06-17,2024-10-11,739053.0,739169.0,1.9471123070223413,0.6806755564583606,0.5489331937654512,0.4383751918357926
2024-10-19,739177.7085947279,0.48409138777271943,4.938036239452591,0.8125669974209248,-0.04696428535938699,0.013168334702965733,0.010323396466268021,0.008175116161228324,2024-06-25,2024-10-11,739061.0,739169.0,2.039734503796788,0.349631010335402,0.5489331937654512,0.3010893685014918
2024-10-24,739182.3047550046,0.2936413272688237,2.195474058074609,1.2235971297027317,-0.24968220121506116,-0.05307369116429957,-0.036805807648254515,0.03823805979862393,2024-07-02,2024-10-11,739068.0,739169.0,0.7515150853888023,0.6292122368046118,0.5489331937654512,0.11370801347063186
2024-11-19,739208.8309517114,0.7644756696690649,4.719489782826628,0.7974609439132904,-0.010191725942977532,0.003425720880224444,0.00039293127554807026,0.003403111599977571,2024-07-10,2024-10-11,739076.0,739169.0,0.9046859047824367,0.48190827075851456,0.5489331937654512,0.10458056399588624
2024-10-11,739169.1712484848,0.6114845086004844,13.477306889367142,0.6992952347198557,-0.01942297505887946,-0.0023587776776265485,-0.0006608123552281696,-0.002264323113790763,2024-07-17,2024-10-11,739083.0,739169.0,13.34386965762167,0.37360362776069356,0.5489331937654512,0.3896132862377854
2024-11-05,739194.369628645,0.21488332197903653,4.333824096310213,1.4420335908094402,-0.3813011377435134,0.0420021762766826,0.02069811653118501,-0.03654819809565178,2024-07-24,2024-10-11,739090.0,739169.0,0.9755720639290005,0.45011940618079715,0.5489331937654512,0.11029642947497438
2024-11-09,739198.4661939616,0.06787165313811717,4.668836352238299,3.829513784309379,-2.493325723525786,0.0774702587179919,0.059886215227368325,0.04914552076816278,2024-07-31,2024-10-11,739097.0,739169.0,0.9187907110678145,0.4678684788500413,0.5489331937654512,0.10855394672007575
2024-10-16,739174.6585188105,0.9409192476129464,12.896667076160098,0.6208420968691598,-0.001692431527537161,0.0006276945834458726,0.00013509658585599723,0.000612984014944387,2024-08-07,2024-10-11,739104.0,739169.0,5.182112072248415,0.19671505101669048,0.5489331937654512,0.1349245037699948
2024-10-29,739187.9854611096,0.4657285623221935,3.508599773376192,0.7080700913048467,-0.02477051255506486,0.009228220417792863,0.00432844721245153,0.008150128637536324,2024-08-14,2024-10-11,739111.0,739169.0,0.781743625810877,0.35630020831801756,0.5489331937654512,0.02405024925967723
2024-10-19,739177.4700458788,0.5227021843504448,10.739991555757088,0.5783970459201833,0.0017654349857851232,-0.0011802377034806349,-0.0004013626572749303,0.0011098959654230885,2024-08-21,2024-10-11,739118.0,739169.0,3.3313620516653493,0.07280020789654264,0.5489331937654512,0.03642712310864065
2024-10-16,739174.6576348571,0.830072645383021,2.380085827430626,0.5842068410130854,-0.0007396598911222752,-0.002330202228390003,-0.0003538653856524094,0.0023031764400563847,2024-08-27,2024-10-11,739124.0,739169.0,0.830366741977221,0.110703649915155,0.5489331937654512,0.022287930903175168
2024-11-16,739205.7685074161,0.030955923621007526,3.96143960690443,8.66683788788929,-7.161408498794475,-0.10050319797969758,-0.03288183301847772,-0.09497198461383881,2024-04-29,2024-10-14,739004.0,739172.0,1.127046075808783,0.5568129064257185,0.5771703639470613,0.19281968642720493
2024-11-08,739197.4680422561,0.5995187176689157,11.80052742328956,0.9840698392607884,-0.03842873800924084,-0.001212590202136578,-0.0010643346602367393,-0.0005810049305611543,2024-05-06,2024-10-14,739011.0,739172.0,3.73901248320505,1.6100649511995209,0.5771703639470613,0.535025593108603
2024-11-30,739219.6916103318,0.6974814917638256,11.562166849645862,1.0453979782734215,-0.023274569462844234,-0.0012634410906688675,-0.0007186784816530869,-0.0010391268592425814,2024-05-13,2024-10-14,739018.0,739172.0,2.6535050049859534,1.1112713409969135,0.5771703639470613,0.4468114829764372
2024-12-19,739238.4881681296,0.17703231344656814,7.133745655989465,2.83830894622822,-1.0169021272204541,-0.04294305801546178,-0.021328590364492875,0.037271939375124796,2024-05-20,2024-10-14,739025.0,739172.0,1.324475310421975,0.587653208568913,0.5771703639470613,0.12215115711863864
2024-11-20,739209.7442154065,0.3505346713708862,4.048926756396976,1.0167291657088198,-0.11426300107862097,-0.026659122220365674,-0.0011390928680727241,-0.026634775482408373,2024-05-28,2024-10-14,739033.0,739172.0,0.994881051525637,0.3710657248349474,0.5771703639470613,0.14157908686150827
2024-12-18,739237.8498035516,0.6461587340335163,4.996599483693426,0.712047782286709,-0.011219795207136915,-0.006879804550545211,-0.004960873227695807,-0.00476670194919229,2024-06-04,2024-10-14,739040.0,739172.0,0.8748616132393809,0.2108985091296431,0.5771703639470613,0.13287086692648253
2024-11-26,739215.9856360178,0.1567009410333269,2.355180861779732,-0.025807711338247958,0.18273329552826487,-0.15836793041687675,-0.1498844090243807,-0.051137709334080156,2024-06-11,2024-10-14,739047.0,739172.0,0.504514337474601,0.07677110405006808,0.5771703639470613,0.17144106135348675
2024-11-30,739219.77751509,0.041707065223206115,14.3573872256998,10.065668347722578,-7.935714216580351,-0.014880097416240187,-0.00219108140718623,-0.014717895956415794,2024-06-18,2024-10-14,739054.0,739172.0,2.842810187845953,1.5492248784277056,0.5771703639470613,0.6072417864670989
2024-11-28,739217.3731956913,0.9173282907269213,4.74996539530252,0.7383304174816835,-0.0038520999804070796,-0.0016704006279803683,-0.0006518701742306117,0.0015379543341418694,2024-06-26,2024-10-14,739062.0,739172.0,0.9305427208047092,0.4453600405488103,0.5771703639470613,0.10902694343459193
2024-10-31,739189.7075750035,0.965116383531673,2.218823200137637,0.6033094761021981,-0.002441667483763858,-0.002805005231013428,-0.0014102282048911454,0.002424729006743268,2024-07-03,2024-10-14,739069.0,739172.0,0.6778029057933438,0.37862547749458175,0.5771703639470613,0.11862293806852614
2024-11-23,739212.2028924786,0.38189797258355596,5.083684512874051,1.2080290233188142,-0.13079552383545864,-0.019076417026852466,-0.018392057361163013,-0.005063784415442286,2024-07-11,2024-10-14,739077.0,739172.0,0.981299052057532,0.515068316064483,0.5771703639470613,0.10511010243628961
2024-11-20,739209.8102813752,0.6528733886025889,7.678667931368604,0.8237162446064963,-0.016341113610660086,-0.004524390023385616,-0.001616014052024182,0.004225944115505041,2024-07-18,2024-10-14,739084.0,739172.0,1.469198843298003,0.3070893064740725,0.5771703639470613,0.15216058103039962
2024-10-14,739172.2264084428,0.04748842450413318,7.620449036390392,1.4750196123438235,-0.792718780476438,-0.048442780368908984,-0.004986684762380713,-0.048185432912354234,2024-07-25,2024-10-14,739091.0,739172.0,7.134673086256834,0.10197583833707212,0.5771703639470613,0.35137092564277683
2024-11-02,739191.0792458786,0.3207261678047562,12.371337250142806,0.86584433721501,-0.08723493718474114,-0.011249488834443084,-0.009363979573073045,0.006234331206419049,2024-08-01,2024-10-14,739098.0,739172.0,3.12050561356401,0.2010367305047418,0.5771703639470613,0.22355376972404217
2024-11-02,739191.1793318917,0.7530331988718253,12.266402860575322,0.6390141098508123,-0.003322914677627668,0.0005134839315829584,0.00015783681358532412,0.0004886238719824523,2024-08-08,2024-10-14,739105.0,739172.0,2.9334582714948265,0.39727316617545844,0.5771703639470613,0.11988567420972072
2024-10-21,739179.9667503338,0.014945885997498468,5.134295371173185,0.3321593273128349,0.23978690544788173,0.023742628456871917,0.02201184790296146,-0.008898930156932083,2024-08-15,2024-10-14,739112.0,739172.0,1.7517554902803156,0.029399333326430525,0.5771703639470613,0.034260526468638114
2024-10-16,739174.6689655506,0.10531026043005712,11.5045592520657,0.4927404657328871,0.0680817148756508,0.009012095454963974,0.006780472012341068,-0.005936586879617091,2024-08-22,2024-10-14,739119.0,739172.0,5.562109731506356,0.06915210505043738,0.5771703639470613,0.03270945545304273
2024-10-17,739175.9965161178,0.2013595170223877,3.6978258238548483,0.5322164600958575,0.028951991320676565,0.009558532170034556,0.009551092006722979,-0.00037706594210818963,2024-08-27,2024-10-14,739124.0,739172.0,1.5100159956380133,0.1649350451088097,0.5771703639470613,0.023619766855795962
2024-11-06,739195.6333928625,0.919295605815379,8.016998234662356,0.803958337364239,-0.006196436278919883,-0.0007027020332956506,-0.0006279417113290894,-0.00031540347932598354,2024-04-30,2024-10-15,739005.0,739173.0,2.7189439001669604,1.0111467121670112,0.5818000018458035,0.37240562389500403
2024-12-01,739220.7200460703,0.6371455439172432,10.915706358464355,1.1000352806034004,-0.03366253195432311,0.0016533991201322497,0.001129565895329861,0.0012073978377327612,2024-05-07,2024-10-15,739012.0,739173.0,2.56361657939477,1.1883814998518538,0.5818000018458035,0.4688583502928167
2024-11-22,739211.1165283791,0.9756473266384482,9.396459942086723,0.8432655721817612,-0.004514009440184566,0.0004685683307573391,0.00017286833662280787,-0.0004355144300502371,2024-05-14,2024-10-15,739019.0,739173.0,2.4188913651136823,1.0002720246019194,0.5818000018458035,0.3637084165134595
2024-12-15,739234.6336506282,0.7163669755068277,9.565214881526426,1.1249413884866335,-0.021838907857944477,0.0018601062540845933,0.0009142383612086107,0.001619927003102057,2024-05-21,2024-10-15,739026.0,739173.0,1.8563122332020854,0.8792937552665198,0.5818000018458035,0.3053675960555024
2024-11-26,739215.0855301622,0.6407363314932829,12.387162570211501,1.0826531513624373,-0.033469658298029586,0.0012640940621584786,0.0005519003205043791,0.0011372509987735723,2024-05-29,2024-10-15,739034.0,739173.0,2.876910018523299,1.3695547554483574,0.5818000018458035,0.47446831174814114
2024-11-07,739196.9560388179,0.6448757018839456,10.54395265550217,0.9509545646229142,-0.029819560692053847,-0.0011971877781486598,-0.001190885971054275,-0.00012267509973357046,2024-06-05,2024-10-15,739041.0,739173.0,3.143716454893158,1.52339151689818,0.5818000018458035,0.5023930158739413
2024-12-04,739223.209652071,0.8092487951115142,5.580398719208354,0.8205637752018196,-0.007883241011565208,0.0024536589675090647,0.0024284648106542915,-0.00035071497295020707,2024-06-12,2024-10-15,739048.0,739173.0,1.1099860950622689,0.465915796514106,0.5818000018458035,0.11074266627603309
2024-11-06,739195.4700035074,0.015458998396541416,6.53329656717315,14.84303008924138,-13.46093373970632,-0.06520144281583932,-0.061553940129741413,0.021502106868197254,2024-06-20,2024-10-15,739056.0,739173.0,1.8983416692762287,0.48850269027744253,0.5818000018458035,0.5850424276595458
2024-10-26,739184.7733714298,0.7234711193096822,3.725097626911898,0.6962707850128628,-0.009829343863535378,-0.005558858247511045,-0.0019358097366088001,0.005210906416313014,2024-06-27,2024-10-15,739063.0,739173.0,1.3851294867915533,0.3434175366107316,0.5818000018458035,0.1279919033918927
2024-11-02,739191.0576717285,0.44505833824156416,13.745209880043273,0.9956287522985101,-0.07929660697180531,-0.0027305016134629738,-0.0023881495507670747,-0.0013237752015712193,2024-07-05,2024-10-15,739071.0,739173.0,4.144227230633287,0.940324460696824,0.5818000018458035,0.5068254524009598
2024-11-27,739216.9689918316,0.9466275242152167,6.740271893591323,0.7618985457697345,-0.003346310703193506,-0.0012265741951474182,-0.000052715269535093124,-0.0012254408825232601,2024-07-12,2024-10-15,739078.0,739173.0,1.2344816388894373,0.3831546944669544,0.5818000018458035,0.10980815890037729
2024-11-03,739192.5972830938,0.17823867347909908,7.376681236347448,1.2179043055153813,-0.33235986248198324,0.03125712638153683,0.022794305482787613,-0.021387556830753815,2024-07-19,2024-10-15,739085.0,739173.0,1.9993873201905341,0.256921498396786,0.5818000018458035,0.28620066564543595
2024-11-23,739212.2875487551,0.33808111409750136,2.600519695384808,3.057790017890237,-0.637459330933104,0.09881015205957333,0.08368082513705259,-0.05254489180137334,2024-07-26,2024-10-15,739092.0,739173.0,0.4631286226177185,0.8387097244583382,0.5818000018458035,0.09206088262153123
2024-10-15,739173.1190917268,0.792311904560052,7.184591939614342,0.6268677644355944,-0.0038791548777608906,-0.0023833065405037836,-0.0018037829963959957,0.0015577281431369198,2024-08-02,2024-10-15,739099.0,739173.0,7.356510631246678,0.17949455932538713,0.5818000018458035,0.1868922135072216
2024-10-17,739175.4303865972,0.2831720770663089,5.120106204116312,0.582492089453721,0.0003585404248416014,0.012912735686841556,0.01071888092476966,-0.007200301010293984,2024-08-09,2024-10-15,739106.0,739173.0,2.7317354977591486,0.0015356467473409373,0.5818000018458035,0.06899625051124807
2024-10-17,739175.4656985466,0.8129346764953047,9.763216877693036,0.5888435893822097,-0.0001435109309206986,0.000610038813669453,0.00008017959440747191,-0.0006047467129500473,2024-08-16,2024-10-15,739113.0,739173.0,5.0223104962495135,0.019588005903318054,0.5818000018458035,0.04147231801622457
2024-10-19,739177.1304262901,0.3342846376663849,8.78213605409066,0.5393810955795086,0.017051772107023272,0.005708075127097117,0.005630948385057515,-0.0009351694720225494,2024-08-23,2024-10-15,739120.0,739173.0,3.671750196644098,0.11370932906458397,0.5818000018458035,0.02727214472767769
2024-11-02,739191.1845773051,0.8184676480516122,13.156940314741263,0.5507003758807542,0.0019777170479165678,0.0009745528021626863,0.0006554361376149254,0.0007212188528536762,2024-08-28,2024-10-15,739125.0,739173.0,2.705173159872772,0.1262424445451805,0.5818000018458035,0.020906017022946435
2024-12-18,739237.98565544,0.9954469128578571,5.365285255563695,0.7681272732558769,-0.002500540655149775,0.0007998704488071034,0.0007048183320403711,-0.00037818494641472203,2024-05-01,2024-10-16,739006.0,739174.0,1.0998524183131295,0.5800154403896857,0.5829540700639102,0.2133849429858415
2024-11-08,739197.2766985035,0.48767930919352753,2.5479743834167885,0.5782790892906987,-0.012724080448306802,-0.021602068787233444,-0.02037858429052397,-0.00716677599778136,2024-05-08,2024-10-16,739013.0,739174.0,0.8390206754781144,0.11273800214914041,0.5829540700639102,0.2196424638927996
2024-11-14,739203.533254091,0.9727501801879344,3.3674022008215934,0.5883983081263261,-0.0011481661002629207,0.001961672376415342,0.0010962427046696688,0.0016267791629012043,2024-05-15,2024-10-16,739020.0,739174.0,0.9790951593783939,0.16907701508174092,0.5829540700639102,0.15173435625822748
2024-10-24,739182.1437429619,0.30187640694217294,14.040524471582106,1.1846300460547816,-0.2156682182301926,-0.006330376146892251,-0.0018324244959225524,0.00605936321966965,2024-05-22,2024-10-16,739027.0,739174.0,6.585650115880946,0.7324913078771418,0.5829540700639102,0.7812451375960102
2024-11-23,739212.7778716319,0.029478945230248195,3.6975875383980386,7.846530426648234,-6.483392894416568,-0.11645139320997502,-0.11366768915674147,-0.025309749550531196,2024-05-30,2024-10-16,739035.0,739174.0,0.8960839370365319,0.44386523164671143,0.5829540700639102,0.17217969549421314
2024-11-08,739197.4995698001,0.26567744989544934,3.812697096681565,1.248429297974661,-0.24702784439962194,-0.03776544569009985,-0.037757640021280396,-0.0007677943704444212,2024-06-06,2024-10-16,739042.0,739174.0,1.1466643248610808,0.45579933224791425,0.5829540700639102,0.12523100842486395
2024-11-28,739217.1574049223,0.08304372584933552,3.4958158167726068,3.6150362483934546,-2.1899891330200334,-0.10038649638742465,-0.0948299090486454,0.03293534585772657,2024-06-13,2024-10-16,739049.0,739174.0,0.7566977106328096,0.518232858353826,0.5829540700639102,0.15048264296110575
2024-12-04,739223.0438487701,0.5582465336026478,12.943306513741282,1.1832096725084669,-0.054105748263264815,-0.0025391744272014577,-0.0004376038024686091,-0.0025011816575008852,2024-06-21,2024-10-16,739057.0,739174.0,2.5122357739179257,0.9190341958702579,0.5829540700639102,0.4787577243920962
2024-11-04,739193.2396837288,0.15592545267198468,3.6888688453452976,1.7915070287404624,-0.6834283714564329,-0.06457481335825668,-0.05068557534320094,0.04001098564622454,2024-06-28,2024-10-16,739064.0,739174.0,1.118248922805057,0.44735638810451966,0.5829540700639102,0.12634584667821397
2024-11-14,739203.6844249769,0.42961292964841113,4.031406718070415,1.037693176947249,-0.08628548551962108,-0.017690097531377465,-0.0028787225137752756,-0.017454297675882885,2024-07-08,2024-10-16,739074.0,739174.0,0.9460543249809416,0.5197903926093844,0.5829540700639102,0.10760677148974321
2024-11-17,739206.3491791136,0.5405290187660209,11.532571689796544,0.9183815731615657,-0.03842654189633734,0.004927816901279833,0.001943617459278439,0.004528325362043588,2024-07-15,2024-10-16,739081.0,739174.0,2.4861652674280412,0.36548502859009474,0.5829540700639102,0.3213244916498177
2024-10-18,739176.6047097493,0.8248527964971835,12.992944438079228,0.6672870741151026,-0.005833826922036135,-0.001955632324644425,-0.0019171705605824198,-0.0003859466683756315,2024-07-22,2024-10-16,739088.0,739174.0,7.293171011537494,0.18938047568641178,0.5829540700639102,0.2715099973100777
2024-10-17,739175.5300306358,0.6015744873608876,11.36906228833692,0.6622812152150034,-0.012715497182431314,-0.005970616932444227,-0.0025237975128372626,0.005410980749197522,2024-07-29,2024-10-16,739095.0,739174.0,7.171440041904108,0.11268831926270755,0.5829540700639102,0.2334808061308594
2024-10-25,739183.4821489383,0.580070399262688,3.5839585833974636,0.6627274259186366,-0.012504285928955269,0.008473356612151395,0.0049959468684751835,0.006843850317187159,2024-08-05,2024-10-16,739102.0,739174.0,1.2269251572222035,0.23884773828452283,0.5829540700639102,0.11900788948490762
2024-11-15,739204.0348663355,0.3788902776323081,9.330348999846407,0.5773508121199802,0.0017381980925408398,0.005507349110576247,0.003291885679889666,0.00441524437560395,2024-08-12,2024-10-16,739109.0,739174.0,1.710515891042684,0.01281658241021633,0.5829540700639102,0.06381569437781894
2024-11-08,739197.8029172735,0.736660447010646,12.981467663042062,0.576127333846158,0.0006802011042723036,-0.001095515930705053,-0.0009473643786287882,0.0005501416985957785,2024-08-19,2024-10-16,739116.0,739174.0,2.550566762319447,0.035234019607022785,0.5829540700639102,0.033844377921757866
2024-11-03,739192.3529037699,0.4078134359889588,12.12060193781573,0.5179891520528721,0.016160512901843532,-0.00487804179033139,-0.004681692001046405,-0.0013700553695225569,2024-08-23,2024-10-16,739120.0,739174.0,2.6462137308807487,0.11146716748878434,0.5829540700639102,0.02196347671624302
2024-11-04,739193.9886202954,0.3721010081469403,4.518318382300215,0.692143436683318,-0.02821677300957969,0.009942286002284,0.005108833944400605,-0.008529294617947752,2024-08-29,2024-10-16,739126.0,739174.0,0.8803213893364703,0.23372496802058518,0.5829540700639102,0.019962211857974477
2024-12-08,739227.074685547,0.866532674132036,11.317300618687844,0.9465934754725104,-0.00832976858054734,-0.0005963761360597423,-0.0005867816734026312,-0.00010654465458368205,2024-05-02,2024-10-17,739007.0,739175.0,2.596054230639199,1.0694359276985363,0.6147388115582236,0.43932267087615556
2024-12-12,739231.4514901855,0.9710041151050084,10.309706527853585,0.917102067050382,-0.004578104021742759,-0.0004323698624295022,-0.00003322795382115224,-0.0004310911748367926,2024-05-09,2024-10-17,739014.0,739175.0,2.2128281678851067,0.9972522139540075,0.6147388115582236,0.36879879629032913
2024-12-04,739223.7785852327,0.0138514175557134,7.187557730759546,28.73615655390791,-26.51892472872235,0.08681878924673792,0.01086501018484969,0.08613625090490422,2024-05-16,2024-10-17,739021.0,739175.0,1.6299057070200302,0.5886471708691484,0.6147388115582236,0.29612996045779466
2024-12-20,739239.0177500243,0.7215315095506417,9.979120237930555,1.1233577715296763,-0.0208302529422968,-0.001648301909501149,-0.0015887783247979057,-0.00043895628428978486,2024-05-23,2024-10-17,739028.0,739175.0,1.8944075431392875,0.9137361939834888,0.6147388115582236,0.3446131843572481
2024-11-10,739199.2495741931,0.023328631463560793,3.570324618304533,9.980805806068426,-8.609853382129922,-0.1101217293431646,-0.07147942159850539,0.08377044563252796,2024-05-31,2024-10-17,739036.0,739175.0,1.083556223250133,0.5108628134772917,0.6147388115582236,0.1505186348871729
2024-12-01,739220.9101250292,0.5239802106887926,8.854266117557355,1.1776341870388416,-0.06385488548771336,-0.004665576189490341,-0.004639281855333823,0.0004946362771871582,2024-06-07,2024-10-17,739043.0,739175.0,1.9088925079303374,0.8099368505646168,0.6147388115582236,0.43331377758549844
2024-11-01,739190.7663736554,0.9243173929832149,9.465409529073,0.772517557348994,-0.005906710615165983,-0.0005776720422691453,-0.0004496635368853055,-0.00036263989302778415,2024-06-14,2024-10-17,739050.0,739175.0,3.2979903296576465,0.9984953834259517,0.6147388115582236,0.41923308830497197
2024-10-29,739187.0914796012,0.4332461183615298,14.364178320674021,0.9925161209786727,-0.08768707896215461,-0.004019824918089803,-0.004000185883821681,0.00039686933236198613,2024-06-24,2024-10-17,739060.0,739175.0,5.377906116944152,0.6579340417590066,0.6147388115582236,0.6408156102820582
2024-11-27,739216.5516436,0.0032191481880434756,10.40719284374367,90.51038196227331,-88.73490758837951,-0.04635808298944516,-0.03647345258865747,-0.028613967126549233,2024-07-01,2024-10-17,739067.0,739175.0,2.1213031468301273,0.5920745585517235,0.6147388115582236,0.5478500946556735
2024-10-19,739177.7079596078,0.9465167808751258,2.7471653675052456,0.6083449982626121,-0.0020958997996954327,-0.002668158203860918,-0.0024091268174261785,-0.001146811308972986,2024-07-09,2024-10-17,739075.0,739175.0,1.589616197087173,0.27064652454289667,0.6147388115582236,0.11120862977750791
2024-10-28,739186.4589077178,0.04810664049782677,11.515767841248856,2.958490337882213,-2.0192406096091724,0.044707854304888675,0.017241764860911453,-0.0412494094627813,2024-07-16,2024-10-17,739082.0,739175.0,4.050517274678777,0.1886758752268877,0.6147388115582236,0.4308941264278953
2024-11-27,739216.380672677,0.9139925816582442,5.17988212815442,0.7868103915236833,-0.004720607773529484,-0.0016666543050368745,-0.001090152980110835,-0.001260675633322629,2024-07-23,2024-10-17,739089.0,739175.0,0.9269317343557825,0.499775753275125,0.6147388115582236,0.10062445674914557
2024-10-23,739181.9322038847,0.315360223731358,13.885988092396566,0.7745673974137397,-0.06880061534460666,0.014341433287207783,0.004144082771253465,0.013729649912376924,2024-07-30,2024-10-17,739096.0,739175.0,5.563471256074262,0.10895066667226604,0.6147388115582236,0.2621823927705964
2024-10-24,739182.874091139,0.49317060177853234,10.458723291815257,0.6642245332973523,-0.015559413138441282,0.003963007070163033,0.0014517480292133677,-0.0036875266368986805,2024-08-06,2024-10-17,739103.0,739175.0,3.856569629274436,0.1851342932530209,0.6147388115582236,0.17127146039697055
2024-11-13,739202.0339238163,0.4396580644687563,6.288231273425276,0.6034367907846983,-0.0029363814614806684,0.004558747012248444,0.004109985272911217,0.0019723578220335737,2024-08-13,2024-10-17,739110.0,739175.0,1.22604856904008,0.04503534762234573,0.6147388115582236,0.04877139783795455
2024-10-21,739179.8820513095,0.3650674475576086,14.68118861409398,0.5786064411740333,0.0028194561592172233,0.004491598388230541,0.004119039555812597,0.0017910804612876422,2024-08-20,2024-10-17,739117.0,739175.0,5.971596051067201,0.015609044537660429,0.6147388115582236,0.03584852031433876
2024-10-17,739175.6471983545,0.90327312099586,10.89342842067628,0.5778880666744733,0.0007974988089905666,0.0004910082461218163,0.00032766174755873364,0.0003656868564036432,2024-08-26,2024-10-17,739123.0,739175.0,7.626242086594468,0.13467772147116489,0.6147388115582236,0.0284423870860524
2024-11-09,739198.8240277605,0.13000608981598918,4.712174415448599,1.055116896139174,-0.287344226873253,0.02626843617338393,0.024521295124820187,0.00942002252633268,2024-08-30,2024-10-17,739127.0,739175.0,0.8276056361960672,0.3017939966030608,0.6147388115582236,0.01932523084779774
2024-10-29,739187.1279482666,0.962878557817513,10.614943314023247,0.7328186510965661,-0.004561135999386173,-0.00036022154930732796,-0.0003515796426031179,-0.00007843034803209534,2024-05-03,2024-10-18,739008.0,739176.0,4.694292842890559,1.1485692058935468,0.6136208684568825,0.48753637810613776
2024-11-11,739200.8060996918,0.9428865858049134,6.375967590472051,0.7828474287947241,-0.0048800436854020855,-0.0008601316106725227,-0.0006939973333830994,0.0005081280241585338,2024-05-10,2024-10-18,739015.0,739176.0,2.0433486307686755,0.8390196986740645,0.6136208684568825,0.28313488592775127
2024-12-03,739222.3894489595,0.3111492021803562,3.187735032639356,0.5915537365654853,-0.035224888487039745,0.04710606103472264,0.02579942004360038,0.03941282673979228,2024-05-17,2024-10-18,739022.0,739176.0,0.742340700549452,0.07298931921569853,0.6136208684568825,0.22298038738484585
2024-11-29,739218.0377293325,0.259078172742584,7.901895766971973,1.837528494768874,-0.4228583136178349,-0.017488155202682508,-0.0031112279932067623,-0.01720917873599428,2024-05-24,2024-10-18,739029.0,739176.0,1.8906882857700529,0.7927758342084791,0.6136208684568825,0.49100865761109436
2024-12-09,739228.2148523232,0.8231742793272756,8.506717601095971,0.9489601078638236,-0.010032174910107487,-0.0014534911965617884,-0.00027551640761381283,0.001427139575380838,2024-06-03,2024-10-18,739039.0,739176.0,1.7431503211967145,0.6679015728073535,0.6136208684568825,0.27192850078084524
2024-11-06,739195.8486368981,0.7745631544009308,12.968262200147166,0.8520048126819426,-0.01373490309817212,0.00005486313811685256,0.000011107585971818933,0.000053726952806831454,2024-06-10,2024-10-18,739046.0,739176.0,4.172281378941953,14.952713280741811,0.6136208684568825,0.5170100825030975
2024-11-05,739194.1929060956,0.5690327357276891,2.502002727527029,0.7776819160614479,-0.02934522245964809,-0.012097379702380501,-0.010529685157737088,-0.005955864852605291,2024-06-17,2024-10-18,739053.0,739176.0,0.8159622676014695,0.551690577725034,0.6136208684568825,0.15715619307415912
2024-11-10,739199.9184968256,0.10141480891164004,2.6768534910630866,3.804625624201716,-2.2064656522133856,0.1159435930428605,0.05688138438471163,-0.10103180132100552,2024-06-25,2024-10-18,739061.0,739176.0,0.7494948792867059,0.7209865963171755,0.6136208684568825,0.12419686576286382
2024-12-07,739226.1088536609,0.6455821533666731,7.05082304802777,0.960718774366372,-0.023150557053927105,0.004927609183226289,0.003972042443657663,0.0029161980536990474,2024-07-02,2024-10-18,739068.0,739176.0,1.2894737102072087,0.4301668015242014,0.6136208684568825,0.12533553827640215
2024-10-23,739181.0261916798,0.6425334807270909,8.206396212852553,0.7227802341036932,-0.016861776785736818,-0.004559155585401464,-0.0037344450757363086,0.0026153048824575317,2024-07-10,2024-10-18,739076.0,739176.0,3.9699176945365853,0.2895757594036469,0.6136208684568825,0.3574554686897218
2024-10-23,739181.7304423879,0.44778713495256894,3.516862735338561,0.6991172250120102,-0.030276146229199028,0.017632200791778845,0.014371747350714736,0.01021505667379435,2024-07-17,2024-10-18,739083.0,739176.0,1.5933166188641712,0.2186302570373703,0.6136208684568825,0.15759080767050568
2024-10-22,739180.7485133518,0.4057789589266897,13.771104989961646,0.7593645582958531,-0.04748532135692,0.01050149174427031,0.006595744286411067,0.008171749271927842,2024-07-24,2024-10-18,739090.0,739176.0,6.46620227113521,0.13323831151787988,0.6136208684568825,0.31282644392603387
2024-11-08,739197.2164842902,0.3073853542516383,2.017092182896271,2.7900688986500484,-0.7191537490507189,-0.13355995326495307,-0.11860997215947292,0.06139980146926788,2024-07-31,2024-10-18,739097.0,739176.0,0.49841678786683286,0.8205459670456927,0.6136208684568825,0.09200624034308898
2024-10-27,739185.2955331937,0.05688513129155506,7.804133672732338,0.9386471617344747,-0.29513706266394163,0.026264906365509547,0.01746824847661532,-0.019613913468459337,2024-08-07,2024-10-18,739104.0,739176.0,2.693492007312516,0.08190717721279114,0.6136208684568825,0.14070635416896973
2024-10-28,739186.4038783843,0.11494876617489938,2.2767470682416553,1.6933943644984029,-0.7597774182504741,-0.0665371340602483,-0.06266645806324361,0.02236303295081381,2024-08-14,2024-10-18,739111.0,739176.0,0.7177104101220592,0.576516602875182,0.6136208684568825,0.02527916738188401
2024-10-22,739180.6408205908,0.07184009686935001,4.8701458515159795,0.6116509944751407,-0.01797303436870392,0.013905176649498863,0.003683788824425103,-0.013408342088073719,2024-08-21,2024-10-18,739118.0,739176.0,2.017238126437152,0.019066449869093238,0.6136208684568825,0.0327810134226446
2024-10-20,739178.832454177,0.5644897937406698,2.255334172541041,0.6176643117852172,-0.00793408281830217,-0.006881426890314269,-0.0016208184818938228,0.006687823524547557,2024-08-27,2024-10-18,739124.0,739176.0,1.0636114754468065,0.28857813541689237,0.6136208684568825,0.022574906613512545
2024-11-02,739191.0120250134,0.24836780859480517,13.434320360295208,0.46220154225254007,0.05514159187870327,0.0064371891991465875,0.004316023363818582,0.004775913222471868,2024-09-03,2024-10-18,739131.0,739176.0,2.9628044218875034,0.1583662491225591,0.6136208684568825,0.019739577955086147
2024-12-26,739245.2592678203,0.3172544809196572,3.584716594435541,0.4718062390080357,-0.009801938939151085,-0.047594166010791826,-0.04272803914260665,-0.020964715817074306,2024-05-06,2024-10-21,739011.0,739179.0,0.7204897479145581,0.018226832819960872,0.587557070135871,0.2533490791410805
2024-12-10,739229.7882630223,0.8169280330331821,12.559694546497692,0.9774634635979186,-0.011027990140924062,-0.0006746551217551171,-0.0006026149684204418,-0.00030333930366182633,2024-05-13,2024-10-21,739018.0,739179.0,2.854326253921887,1.0632105300805836,0.587557070135871,0.47701143873222424
2024-12-11,739230.0352703827,0.6187307630928228,10.31125470701933,1.1376290962255102,-0.03708235643862973,-0.0019439430811834693,-0.00009753674105263131,-0.0019414946013383372,2024-05-20,2024-10-21,739025.0,739179.0,2.2822025440521903,1.1446533249599717,0.587557070135871,0.47943059704147234
2024-12-18,739237.0794275395,0.4574628914428994,12.125307027421583,1.4426433853413132,-0.11193226047907162,-0.002967404662131078,-0.0008915050953110756,0.0028303196098447346,2024-05-28,2024-10-21,739033.0,739179.0,2.4251785314933296,1.423120340943902,0.587557070135871,0.5432298654851352
2024-12-24,739243.6252966723,0.8235061389172258,8.801300151616648,0.9966218757408599,-0.009787515665357497,-0.0015959886754775335,-0.0008139357818458138,-0.0013728395373398803,2024-06-04,2024-10-21,739040.0,739179.0,1.6076300382411677,0.5738028139573866,0.587557070135871,0.19009773383921855
2024-11-10,739199.208208285,0.6405905537827036,9.876663416325693,0.9184825566164596,-0.028138759580314372,0.0018098332811633286,0.001689021245025814,0.0006501567037706134,2024-06-11,2024-10-21,739047.0,739179.0,3.173958380903557,1.0084088651558363,0.587557070135871,0.5432836989118301
2024-10-21,739179.1739533686,0.4198152898120252,4.5729921863126215,0.7702950074758627,-0.053920787632382096,0.02033397812878773,0.014077601032093075,-0.014672825757952342,2024-06-18,2024-10-21,739054.0,739179.0,4.788051927998664,0.24343984771455965,0.587557070135871,0.38495379633429405
2024-11-24,739213.3797994114,0.4495491999129725,9.040996299946528,1.1167737280373584,-0.08475790203841035,-0.007873529851321216,-0.007796762061825469,-0.0010968015640604074,2024-06-26,2024-10-21,739062.0,739179.0,2.1329427296046926,0.5352684644491651,0.587557070135871,0.4606043389468622
2024-11-09,739198.9597535107,0.420499134888879,6.0553881236714195,0.9089429162996702,-0.06740593320510356,0.015011035771901928,0.013589240177075516,0.006376813181760617,2024-07-03,2024-10-21,739069.0,739179.0,1.8055828106024128,0.31182475349721744,0.587557070135871,0.2912170973748582
2024-11-26,739215.5546249616,0.8475268544375583,7.597110356819221,0.7625137398355907,-0.0053912047533338486,-0.0019042986662676702,-0.0011104427947746373,0.0015470197832871822,2024-07-11,2024-10-21,739077.0,739179.0,1.6110972209274808,0.31583175671702857,0.587557070135871,0.17609671362597748
2024-11-15,739204.7550013723,0.4414682743780377,13.76391182482643,0.9245165607794482,-0.060333547118861415,0.007281333893620961,0.002113970955902227,-0.006967707662351746,2024-07-18,2024-10-21,739084.0,739179.0,3.384764117532517,0.2657697388510163,0.587557070135871,0.31993131775468225
2024-10-31,739189.1104083643,0.24225359599062563,14.638459344513398,0.9285048972931733,-0.15000648574927575,0.019431554261871126,0.018954523764802167,-0.0042791739718772565,2024-07-25,2024-10-21,739091.0,739179.0,5.29449755815884,0.12775483889773934,0.587557070135871,0.3044134408613133
2024-10-26,739184.3879477304,0.6888900953360463,6.123196359308862,0.6449290368164999,-0.006015528884249387,0.0042425491819697205,0.002117615225729283,-0.003676265675545152,2024-08-01,2024-10-21,739098.0,739179.0,2.7040317574568347,0.15952130169372283,0.587557070135871,0.16377749040908335
2024-11-21,739210.9698909915,0.5240730367888872,14.30451209453408,0.6697706923769405,-0.010146982819068574,0.0015416997769043617,0.0015227206663321361,-0.00024116379171006138,2024-08-08,2024-10-21,739105.0,739179.0,2.7282279222696015,0.24113257412051065,0.587557070135871,0.12074361476088137
2024-11-17,739206.9496631102,0.607409139362212,9.287897765014431,0.5820740188966356,0.0004690882732432143,0.0022353248298601375,0.0011553638484168764,0.0019135860243951921,2024-08-15,2024-10-21,739112.0,739179.0,1.8077706331708612,0.01372390900260386,0.587557070135871,0.029705105397288857
2024-11-11,739200.4172954398,0.363213303239812,13.67617134543364,0.5506756033704561,0.009897013819145008,0.005143496389973321,0.004236464874897599,-0.0029168339818075773,2024-08-22,2024-10-21,739119.0,739179.0,2.9066479732383415,0.051102594595793305,0.587557070135871,0.028466586477265427
2024-11-03,739192.5278058253,0.3203440024075375,4.925125245688584,0.6095966623774298,-0.007603850376891322,0.008106721559424572,0.007675161127435468,0.0026097578642361977,2024-08-27,2024-10-21,739124.0,739179.0,1.2718036380937199,0.06100811748432412,0.587557070135871,0.022378936895740262
2024-11-04,739193.6933380279,0.474658151497649,8.446508003111912,0.5417309431702609,0.009246798097228006,-0.0014118577322696818,-0.00006617513567818973,0.001410306033308965,2024-09-04,2024-10-21,739132.0,739179.0,1.9287821368422053,0.368047764334271,0.587557070135871,0.022313196803606175
2024-12-09,739228.9485248114,0.7964855864796141,7.308760370937054,0.9635736730858812,-0.01171675092781351,-0.001561922271479708,-0.0010620504013274254,0.0011452729487701108,2024-05-07,2024-10-22,739012.0,739180.0,1.7319156022422726,0.8174891142304209,0.6046320438884492,0.2626688741905999
2024-10-29,739187.0632049815,0.9328106439167279,13.574120879006427,0.7312637223980499,-0.005248066101259835,0.00039551094334705787,0.00038228226167544396,-0.00010143558899906399,2024-05-14,2024-10-22,739019.0,739180.0,6.847224153633094,0.9118482579481062,0.6046320438884492,0.5026833190712101
2024-10-26,739184.495871434,0.5467192088083582,7.182014493442346,0.8539152626736752,-0.04193277607331869,0.004095813312919941,0.003342809423601932,-0.002366709076285115,2024-05-21,2024-10-22,739026.0,739180.0,4.072205600685016,0.7793481653869719,0.6046320438884492,0.630646429585516
2024-12-08,739227.7880111111,0.10079068028429952,8.647276047410404,4.188747007209038,-2.3366746543720387,-0.03398790816705754,-0.026868210188212893,0.020815311260088072,2024-05-29,2024-10-22,739034.0,739180.0,1.9267457118489086,0.8013363895452509,0.6046320438884492,0.5830929448177906
2024-12-21,739240.8887587951,0.2541829653354269,4.763593108352446,1.576705761932741,-0.33416247282067885,-0.0362411416311883,-0.03623957399429251,-0.00033708076784050306,2024-06-05,2024-10-22,739041.0,739180.0,0.9012216058619941,0.49200281750691993,0.6046320438884492,0.17353270603315996
2024-12-15,739234.4091936806,0.40486385733422614,9.143000294025203,1.4218295065424056,-0.14100474273021762,0.010240693196341128,0.0050950219685873335,-0.00888327351156092,2024-06-12,2024-10-22,739048.0,739180.0,1.7918923821314992,0.6097118560553126,0.6046320438884492,0.4137279137110802
2024-11-13,739202.8876722236,0.8076802214435168,11.66001091549417,0.8465853135295791,-0.010837057308074598,-0.0007374514458516959,-0.0006845292351855943,0.00027432528349567443,2024-06-20,2024-10-22,739056.0,739180.0,3.449965619488512,1.0179312085778551,0.6046320438884492,0.49925919686100567
2024-12-02,739221.7291494762,0.23380150330749655,11.448026372721086,1.8362568353489341,-0.46728403681368635,-0.016326282076215583,-0.01630196781741157,0.0008906917043711758,2024-06-27,2024-10-22,739063.0,739180.0,2.434204201376604,0.5845347402577317,0.6046320438884492,0.5450254485678728
2024-10-31,739189.6999612104,0.047170053373264645,12.200685600552973,3.5401915196425655,-2.519993096598499,-0.026420351967634006,-0.026002619827817316,0.0046796111145760745,2024-07-05,2024-10-22,739071.0,739180.0,4.863192163489296,0.36875921674842377,0.6046320438884492,0.6991403920953964
2024-11-09,739198.5616135981,0.48223979528902594,6.11755763834134,0.8003311503242332,-0.036341928030221037,0.011359573611560888,0.01016445396661752,0.005071862399255705,2024-07-12,2024-10-22,739078.0,739180.0,1.8217431298076698,0.2521917702735055,0.6046320438884492,0.2280089263019514
2024-11-22,739211.9017174791,0.6946223904372945,5.490829586372521,0.7926323692552621,-0.012690560688589179,0.004340177378389089,0.00081538596765376,-0.004262896362760151,2024-07-19,2024-10-22,739085.0,739180.0,1.2066299795060709,0.36989984079545807,0.6046320438884492,0.11055449873788377
2024-11-08,739197.2542444303,0.04264560110140226,6.338613074931835,2.428190104775472,-1.583216061309629,0.05450762160556548,0.03187583241802943,0.044215519003549114,2024-07-26,2024-10-22,739092.0,739180.0,1.8242729188465803,0.19541727492959388,0.6046320438884492,0.25256724469733133
2024-11-27,739216.8291825623,0.014611660126207408,5.812247818545686,13.610487154648998,-12.262527020620267,0.07909949923644784,0.0740457092031609,0.027820203594829132,2024-08-02,2024-10-22,739099.0,739180.0,1.0757803147431382,0.3897280656039398,0.6046320438884492,0.12312574711602867
2024-10-23,739181.0774092122,0.3277824337797222,12.764358759085487,0.6207646163421976,-0.012767446383500579,0.0035815811073819496,0.0026753707983503488,0.002381200184799575,2024-08-09,2024-10-22,739106.0,739180.0,8.621651398582427,0.09154105760029321,0.6046320438884492,0.0927156767846627
2024-11-02,739191.1477196418,0.12803219066894747,2.8968524600505607,1.0646288129940646,-0.3097873879828408,0.03137590135354995,0.014389587658229334,-0.027881659792304905,2024-08-16,2024-10-22,739113.0,739180.0,0.8978299175382719,0.4363754621389125,0.6046320438884492,0.030179300405202402
2024-10-31,739189.6214062477,0.3662465967779854,3.37103136337925,0.6581800087138859,-0.021257612423297396,0.008919468175337623,0.007704100262318086,0.004494858360283565,2024-08-23,2024-10-22,739120.0,739180.0,1.061809572409301,0.25893235961806427,0.6046320438884492,0.026480146080020132
2024-10-23,739181.9567910653,0.7086833946164507,6.606287826958407,0.5848053450687211,0.00043332226803568423,0.0020031576349724984,0.001393974819855588,-0.0014385668952666725,2024-08-28,2024-10-22,739125.0,739180.0,3.5443344980528204,0.02320548481958544,0.6046320438884492,0.02222945889836404
2024-10-31,739189.722464665,0.8864455051970186,14.9859077722213,0.5655084276551443,0.0013524983980203879,0.00043879366848440735,0.0004377082669897026,0.000030844067677191825,2024-09-05,2024-10-22,739133.0,739180.0,4.206642257557906,0.18232465218989685,0.6046320438884492,0.02165062187530082
2024-11-18,739207.1262320754,0.8954233865219603,7.491999698754902,0.8268173945123617,-0.006600748811976565,-0.0007991518023419702,-0.0002679481680219884,0.0007528926765748752,2024-05-08,2024-10-23,739013.0,739181.0,2.391417696358747,0.9871760372584836,0.6169709553421643,0.378381436574426
2024-12-18,739237.6910061234,0.6669325678655081,4.284319373361777,0.7091338094455429,-0.00992559560830858,0.0059856787243209005,0.00557149121758156,0.0021878837727812295,2024-05-15,2024-10-23,739020.0,739181.0,0.9174303608354996,0.25813284150055715,0.6169709553421643,0.200605717641818
2024-12-18,739237.542067807,0.38322012621338686,7.977850838361099,1.5213005937295445,-0.1702470463389322,0.014199035950189278,0.01391993225655284,-0.002801447462963973,2024-05-22,2024-10-23,739027.0,739181.0,1.6692942228162257,0.5759478013354947,0.6169709553421643,0.26226897431213714
2024-11-28,739217.48781631,0.11244723096995515,9.507221340954358,3.440430237048218,-1.7935151063200994,0.025654655425640494,0.025458993572118907,0.003162434395074993,2024-05-30,2024-10-23,739035.0,739181.0,2.4356788849494104,0.826863865557012,0.6169709553421643,0.6897570489090282
2024-11-07,739196.9297782929,0.7663840824790631,8.942844777350217,0.825674281903602,-0.013176382161129948,-0.0012974619581696172,-0.0005854643793053269,0.0011578596605210693,2024-06-06,2024-10-23,739042.0,739181.0,3.2376922261500583,0.8703067114353171,0.6169709553421643,0.49892549928898655
2024-12-06,739225.995579177,0.9068625262529952,12.507751040119585,0.9115609067580259,-0.006523523698456026,-0.0004107898794067265,-0.0003665633164284865,0.00018541752903094725,2024-06-13,2024-10-23,739049.0,739181.0,2.7263435779508076,1.151396054552172,0.6169709553421643,0.4598382352970099
2024-10-24,739182.5049840955,0.06368884172473235,2.847200504372851,1.9912975441363827,-1.1810116754141395,-0.11285596165046645,-0.034674472330389186,-0.10739715568235794,2024-06-21,2024-10-23,739057.0,739181.0,2.0045200947323645,0.2340857539143408,0.6169709553421643,0.326705584624356
2024-11-09,739198.2520917737,0.7857526754437116,5.275494361347798,0.7199451032988474,-0.00736113340679033,-0.003407490019664229,-0.0033967822228951586,-0.0002699236268553589,2024-06-28,2024-10-23,739064.0,739181.0,1.722722552622387,0.3217605542517846,0.6169709553421643,0.1783478508210497
2024-12-10,739229.3578407625,0.919504406572961,6.634970620346207,0.7957127395693923,-0.003998957786536032,0.0013137582650785758,0.0004498731109884939,-0.001234331788082849,2024-07-08,2024-10-23,739074.0,739181.0,1.2324469119175594,0.4218384563969085,0.6169709553421643,0.10708118878712938
2024-11-02,739191.0240634753,0.6995198579706409,2.3606903708158593,0.7655914841348935,-0.018524300110327525,-0.009062284258034427,-0.009060513021192245,-0.0001791640762663132,2024-07-15,2024-10-23,739081.0,739181.0,0.9001056871802477,0.6057105623003138,0.6169709553421643,0.11638340057273974
2024-11-08,739197.057951095,0.8787345925108874,9.03771407365014,0.6833351861599826,-0.003716526295981663,0.0015323932865171123,0.00109056499832522,0.0010765208632398302,2024-07-22,2024-10-23,739088.0,739181.0,2.7555013251007447,0.23581210505687714,0.6169709553421643,0.21879602350992286
2024-10-23,739181.3713547969,0.4122292664080355,12.064742813414927,0.6850368446245508,-0.03014385452925963,0.011176245436167425,0.010604138560672733,-0.0035299727244706616,2024-07-29,2024-10-23,739095.0,739181.0,10.463457291547389,0.09215599824148787,0.6169709553421643,0.2707084798409875
2024-10-28,739186.17657992,0.5236515625455801,7.077839756487167,0.6538371008954441,-0.011761252917348428,-0.006573752411502917,-0.0064936169853536665,0.0010233079767434541,2024-08-05,2024-10-23,739102.0,739181.0,3.1414770346819383,0.13236766991920068,0.6169709553421643,0.16778104650031544
2024-11-27,739216.8629994825,0.6034433052171214,7.093746269004508,0.647850227923296,-0.005001211427029181,0.0023842951287133284,0.0018272201521110335,-0.0015317081238034353,2024-08-12,2024-10-23,739109.0,739181.0,1.2432101541549017,0.17843334880640593,0.6169709553421643,0.057497153156888824
2024-11-22,739211.5563528314,0.6167402440249058,2.806185903148167,1.2154867378140992,-0.05612694975995559,0.015625631753284342,0.015612875122099733,0.0006312670678620741,2024-08-19,2024-10-23,739116.0,739181.0,0.5092090366542349,0.7894410500539962,0.6169709553421643,0.02566744437952771
2024-11-20,739209.7540467224,0.10883704661400209,7.183469404014945,0.6555441714727844,-0.04313045000907668,0.015381019081688051,0.006233330258217369,-0.014061342108178852,2024-08-23,2024-10-23,739120.0,739181.0,1.3013947621267064,0.04248556327146249,0.6169709553421643,0.024416008327922956
2024-10-25,739183.5209738858,0.9749318584387812,2.1357091960073005,0.6258472392812118,-0.002802738390291335,-0.002353334763213361,-0.0002795382924500305,0.002336673458316887,2024-08-29,2024-10-23,739126.0,739181.0,1.0630658631051615,0.5436645265465481,0.6169709553421643,0.02231200885383358
2024-11-04,739193.1261292101,0.8793763641448171,5.379541279608633,0.594678367860252,-0.0003214414098396481,-0.001005067923299164,-0.0006202512066040237,0.0007908539505819941,2024-09-06,2024-10-23,739134.0,739181.0,1.3564557916978564,0.05228004534453725,0.6169709553421643,0.018885368922165895
2025-01-02,739252.3379634212,0.4318938079872937,5.535577892627423,1.1768066927457663,-0.08675995560798035,0.013673973217099405,0.007641500200644766,0.011339533421860788,2024-05-09,2024-10-24,739014.0,739182.0,1.0751708231923327,0.49503808003372657,0.6214203508917062,0.1901014091438003
2024-11-29,739218.4005422121,0.9663076746066579,5.333366017793237,0.7524869946141794,-0.0031252516038565406,-0.0011584794416875214,-7.447861181641489e-6,-0.0011584555003004721,2024-05-16,2024-10-24,739021.0,739182.0,1.4350781068478424,0.4887769250625076,0.6214203508917062,0.12800204385600328
2024-12-21,739240.2382950602,0.9212167824627044,8.4094326214949,0.9173841458822517,-0.005363928560183377,-0.0009114650699047456,-0.0004399373655134727,0.0007982629191447686,2024-05-23,2024-10-24,739028.0,739182.0,1.730777689833151,0.6446709508855905,0.6214203508917062,0.2235064731738516
2024-12-27,739246.4937854571,0.7611109444019408,5.546099893821156,0.8430864846025647,-0.009223543753803668,0.0028011189412502557,0.002178834188968784,0.0017603831685209035,2024-05-31,2024-10-24,739036.0,739182.0,1.0441218248065867,0.4518835597883717,0.6214203508917062,0.1618913272289375
2024-12-11,739230.4534604502,0.7981174510232594,9.612650041812781,0.9491815721775426,-0.011362449110416693,0.001239396640521795,0.0004370731819067861,0.001159771988881689,2024-06-07,2024-10-24,739043.0,739182.0,2.069843822051989,0.7611763947762351,0.6214203508917062,0.4081968166945191
2024-11-09,739198.6557310995,0.37555853528886785,4.876581016688755,0.9573622412739196,-0.09445935519366955,-0.022279743290444777,-0.00011845300270230294,0.02227942840322128,2024-06-14,2024-10-24,739050.0,739182.0,1.6988587743619903,0.3265103759411204,0.6214203508917062,0.27118193417498937
2024-12-22,739241.2355228065,0.8808101389002854,5.515810746629057,0.8621162942226035,-0.005759563678511046,0.0015186573582710156,0.00127342578638642,0.0008274702039329435,2024-06-24,2024-10-24,739060.0,739182.0,0.9816993317450537,0.60562352122553,0.6214203508917062,0.12170737612257115
2024-12-07,739226.1767919335,0.26923870150082624,10.673460278140109,1.5953080849493133,-0.3217384644989973,0.016106914432229686,0.01398938332004149,-0.007983097572503664,2024-07-01,2024-10-24,739067.0,739182.0,2.177464206674661,0.5038750827437589,0.6214203508917062,0.494271618015259
2024-11-06,739195.2270357782,0.07797145262447239,8.386620094904618,2.272867541223684,-1.2837821935855107,-0.0438862171495692,-0.004031211590214928,-0.04370067950059885,2024-07-09,2024-10-24,739075.0,739182.0,2.9460007656868994,0.2719642722605925,0.6214203508917062,0.5195850408203044
2024-12-05,739224.3745371795,0.5583926761401655,3.5691485982256763,1.3072967060956928,-0.0706497194781435,-0.014344357958035911,-0.010898301508351756,-0.009326715899035738,2024-07-16,2024-10-24,739082.0,739182.0,0.6884246216063672,0.7705563630970433,0.6214203508917062,0.11640815906213749
2024-11-14,739203.1124153844,0.3691092961554117,6.790046766772361,0.8263165884730591,-0.06029457149976994,-0.015789566573703485,-0.014541058279522016,-0.0061537010568404014,2024-07-23,2024-10-24,739089.0,739182.0,1.8234382851546942,0.20758225337088654,0.6214203508917062,0.20980925517624688
2024-11-11,739200.7387351897,0.5311500098908849,13.67249269800872,0.7521713492584253,-0.02259134511851051,-0.004261312921728137,-0.0040321992069255,-0.0013784619590531172,2024-07-30,2024-10-24,739096.0,739182.0,3.74470376939479,0.20595301636099636,0.6214203508917062,0.253802974379078
2024-11-10,739199.7056524183,0.04484829983688244,2.8802881868885155,5.467131859978203,-4.140540262384786,0.10804857611949148,0.09821008021970587,-0.04504747434305817,2024-08-06,2024-10-24,739103.0,739182.0,0.7782865297855694,0.5966889629663331,0.6214203508917062,0.10538500593232772
2024-10-27,739185.6329971076,0.1304586480287007,13.69543994689632,0.657300342948991,-0.043956303005961095,0.006717705831833579,0.0014340579778702937,-0.006562853751163245,2024-08-13,2024-10-24,739110.0,739182.0,6.617199684147461,0.062329990670894585,0.6214203508917062,0.06452831284527338
2024-11-23,739212.277319432,0.5145211008090932,6.179769411556749,0.6826443601805651,-0.012073083723822183,0.004252537906553773,0.001188757830314468,0.0040830054454461355,2024-08-20,2024-10-24,739117.0,739182.0,1.127524238737085,0.2363746716565234,0.6214203508917062,0.025350190015763715
2024-11-17,739206.2701727066,0.17622835597111244,14.852925686072352,0.5264846053646925,0.034275382882831475,0.008093163129672884,0.0045064565315965375,-0.006722435494099404,2024-08-26,2024-10-24,739123.0,739182.0,2.9143362562964104,0.05024904383038054,0.6214203508917062,0.02810480728503416
2024-11-06,739195.2919219304,0.3076092321681985,14.53441143452137,0.546314578051822,0.015937379900122076,0.0056907633806136115,0.004654804504613179,0.0032737719648695323,2024-08-30,2024-10-24,739127.0,739182.0,3.7859024409962005,0.059271826788782435,0.6214203508917062,0.02452239567021735
2024-10-29,739187.0042027447,0.44441296119824625,2.6128657204240335,0.608353191370359,-0.0032792496147246173,-0.006358350248203486,-0.0012961039204870976,-0.006224847990604056,2024-09-09,2024-10-24,739137.0,739182.0,0.9572167077250746,0.08772020830788421,0.6214203508917062,0.018515572135182554
2024-10-26,739184.4625542429,0.6850354675945184,4.930607258305391,0.742461896671464,-0.016184630824780805,0.004252361530933265,0.000603219114503704,0.004209359249298929,2024-05-10,2024-10-24,739015.0,739182.0,3.3205345000726334,0.528792471923535,0.6214203508917062,0.37659051881144623
2025-01-02,739252.484196541,0.4255514492013629,5.187353648944702,1.1084618156638317,-0.08113219660905871,0.015026935465157673,0.010495129928805556,-0.010754582151413571,2024-05-17,2024-10-24,739022.0,739182.0,0.9781574182869128,0.4429238128637847,0.6214203508917062,0.20084428126299586
2024-11-18,739207.8741369176,0.6800434384370543,8.187765996135496,0.9148034195393956,-0.021850590752063068,0.0023320904834855894,0.0015947809509008497,-0.0017015639105857389,2024-05-24,2024-10-24,739029.0,739182.0,2.519509035023144,0.7781960440010988,0.6214203508917062,0.47045643169912305
2024-12-20,739239.2531171691,0.5766589761133508,5.110125990012848,0.9592144080090291,-0.03112376428528875,-0.006926300319913082,-0.0006917954918904069,-0.006891665627337721,2024-06-03,2024-10-24,739039.0,739182.0,1.0183352488710906,0.5070820622972056,0.6214203508917062,0.17232470849937914
2024-11-02,739191.7841858949,0.5715568438434159,5.39618190474873,0.8049889348880646,-0.029205262717014797,-0.008460927324932956,-0.007115116367192887,-0.004578472483165212,2024-06-10,2024-10-24,739046.0,739182.0,2.32000633029149,0.36560826147272235,0.6214203508917062,0.3273460032774841
2024-11-29,739218.9059721878,0.13336842300078947,9.8447154927349,2.7611366514911326,-1.2537688333892072,-0.02977924096967756,-0.00029318178640690937,0.029777797721964837,2024-06-17,2024-10-24,739053.0,739182.0,2.3550281158715096,0.570366082745656,0.6214203508917062,0.6400877114047677
2024-11-19,739208.7435334179,0.682118079578243,3.8383647122582905,0.8252734383668505,-0.01711842870544294,-0.005519795566086586,-0.004129626206400648,-0.0036625579158285158,2024-06-25,2024-10-24,739061.0,739182.0,1.044132200813468,0.5511302233005366,0.6214203508917062,0.11816879178710057
2024-10-25,739183.3316680739,0.8766907949796168,13.435368782355651,0.7094245688110432,-0.006427400768022758,-0.00016431471624437494,-0.00016090668422571005,-0.000033292115372218146,2024-07-02,2024-10-24,739068.0,739182.0,9.539792099326542,2.55244136410723,0.6214203508917062,0.5112947153440972
2024-11-24,739213.240492902,0.24392880193202188,4.006587551576205,1.6907696682860622,-0.4162518949870302,0.0440881298379898,0.013928460948977385,-0.04183014664335113,2024-07-10,2024-10-24,739076.0,739182.0,0.9437615227429643,0.5748082490264582,0.6214203508917062,0.1152045312907642
2024-11-22,739211.4986828814,0.722080258296263,4.216639584430748,0.8303519936703323,-0.0141105499368439,0.004555965026332837,0.003847955744166891,-0.0024392732344083565,2024-07-17,2024-10-24,739083.0,739182.0,0.9875712443275786,0.5303743939757899,0.6214203508917062,0.109708912581983
2024-11-14,739203.8222532212,0.027688301633460817,9.955695767598455,4.391931958405591,-3.433163107622435,0.03963091811077391,0.02721115931087318,-0.028812540312529666,2024-07-24,2024-10-24,739090.0,739182.0,2.6171280412205586,0.24092674002050296,0.6214203508917062,0.3374235360372561
2024-11-22,739211.170553999,0.3418556345793003,3.6146052834123887,1.5112469611652584,-0.23968495015548225,-0.03701807133562366,-0.036459720261523054,-0.006405185700727764,2024-07-31,2024-10-24,739097.0,739182.0,0.7849920496878754,0.6123628574489252,0.6214203508917062,0.10400128929703693
2024-11-29,739218.9874197514,0.6427017706347186,6.149494340340918,0.7558822120466496,-0.011907252874452472,-0.003677137209751052,-0.001244268538585574,0.003460221649435463,2024-08-07,2024-10-24,739104.0,739182.0,1.1101108966332125,0.3384323203281835,0.6214203508917062,0.08729569768692252
2024-10-26,739184.1101517758,0.23680823764896936,5.257678960722599,0.630747594688906,-0.019474704680255972,0.010917407769358144,0.008612678520368122,0.006709065591215452,2024-08-14,2024-10-24,739111.0,739182.0,2.9665784493798104,0.0803441185683948,0.6214203508917062,0.03678415928368696
2024-10-26,739184.4814956937,0.15173610649064687,9.980077184910641,0.6307330612449534,-0.02274848519194924,0.008252963076878792,0.008230913342416508,-0.0006028806664295777,2024-08-21,2024-10-24,739118.0,739182.0,5.222687637137333,0.04190806572299168,0.6214203508917062,0.03569932363639724
2024-11-17,739206.1286438582,0.27679042629833656,10.604934955033656,0.5972944013676699,-0.0009079937008709479,0.003470217323506386,0.00346641058725132,-0.00016249896293756095,2024-08-27,2024-10-24,739124.0,739182.0,2.0673986391321346,0.006829190343945929,0.6214203508917062,0.03176516238872168
2024-11-13,739202.8830523572,0.36668440589561874,8.98386308385285,0.5837905421013796,0.0028465732254179567,0.002630890161622627,0.0011218891290706602,-0.0023796949015778917,2024-09-03,2024-10-24,739131.0,739182.0,1.7674118877340934,0.04416202300504405,0.6214203508917062,0.02682909856530256
2024-11-10,739199.4752101162,0.6794274332796592,8.498303239115465,0.6011290421455877,-0.0007193417622438801,-0.0011117550755030433,-0.000925154661301732,0.0006165129362620506,2024-09-10,2024-10-24,739138.0,739182.0,1.7013021430619175,0.05172934846389569,0.6214203508917062,0.024897695188530983
2024-12-05,739224.3978155387,0.8818576339705275,8.734135329000978,0.885338008816061,-0.0070107299801377525,-0.0007816932152871314,-0.000737710491310004,0.0002585101813025669,2024-05-13,2024-10-25,739018.0,739183.0,2.2332723255076834,0.9055354568512645,0.6136208684568825,0.39041336597324394
2025-01-02,739252.8043672778,0.7525350023703952,7.099540932654898,0.983616203263397,-0.01275110825150802,-0.0024917310914224057,-0.002005669895553186,0.0014785168588936565,2024-05-20,2024-10-25,739025.0,739183.0,1.3364671255590406,0.5424293729805204,0.6136208684568825,0.12446503380817685
2024-12-03,739222.8126410374,0.502677314528121,2.078586154048941,0.2961354260894595,0.014544904196866023,-0.029387613339431046,-0.011317217481386976,0.02712106941598902,2024-05-28,2024-10-25,739033.0,739183.0,0.5166879349368879,0.1196927386883989,0.6136208684568825,0.2984884780053759
2024-11-26,739215.5540083064,0.06639832283965032,7.897940923363232,4.712517531106253,-3.1573848551400876,-0.04726281369417085,-0.0051135393322028315,-0.04698537297700121,2024-06-04,2024-10-25,739040.0,739183.0,2.118096942161604,0.5616311371568355,0.6136208684568825,0.6818423456261216
2024-12-10,739229.9182587042,0.8555637103591109,8.977293500486436,0.8866900218671588,-0.007519689232412997,-0.0011672689471465443,-0.0005033260851091212,-0.001053175981031341,2024-06-11,2024-10-25,739047.0,739183.0,1.9440453235691744,0.6139540828315728,0.6136208684568825,0.36000499753017007
2024-11-28,739217.4746216793,0.1546819898265517,4.552311629647869,2.300984037974105,-0.9116845135255636,0.05942205013561592,0.01620222845738303,0.057170515437018954,2024-06-18,2024-10-25,739054.0,739183.0,1.1276722969090014,0.5213203909419069,0.6136208684568825,0.12691026645806927
2024-12-05,739224.8331670377,0.12941346987923444,14.855381436527438,2.8846566420869775,-1.3333659007205172,-0.014351028186484644,-0.001857530548569901,0.014230305347054446,2024-06-26,2024-10-25,739062.0,739183.0,3.2131804308262697,0.8093977657445619,0.6136208684568825,0.6951740445315823
2024-11-12,739201.3599044142,0.5073864323157252,12.71108403832488,0.9081082556018607,-0.047471628074472444,0.003919434175673586,0.0029923697349089552,0.002531341072838466,2024-07-03,2024-10-25,739069.0,739183.0,3.9962072706229335,0.4834671951456731,0.6136208684568825,0.551533845463729
2024-12-11,739230.3403364995,0.2745996316759854,12.362588894285254,1.468617384569425,-0.27109991780929277,0.015197770947922561,0.0035042105474060044,0.014788263935464755,2024-07-11,2024-10-25,739077.0,739183.0,2.3124760630460406,0.3962233030254296,0.6136208684568825,0.3978428819344199
2024-11-17,739206.0031741488,0.8136988253420878,7.1152265315886325,0.6962895926870992,-0.004762673343721778,0.002375322888316683,0.0014205168503791461,-0.0019037569964546466,2024-07-18,2024-10-25,739084.0,739183.0,1.8893521390587973,0.22929949572631342,0.6136208684568825,0.16815213391362188
2024-11-18,739207.5892189363,0.19911557040068,8.481475342878682,1.1516442807531992,-0.2605438281760994,0.024861279546314483,0.013457757739142956,-0.020903874696202442,2024-07-25,2024-10-25,739091.0,739183.0,2.100866456985832,0.2460317362370419,0.6136208684568825,0.25817245842979814
2024-11-09,739198.1140553537,0.21822245090093811,11.871602453595177,0.886621205007247,-0.13726228554660938,0.012706820027646,0.009444069045860837,0.008501343133411254,2024-08-01,2024-10-25,739098.0,739183.0,3.572305943516784,0.19856579156562715,0.6136208684568825,0.2592412111242221
2024-11-17,739206.5575255638,0.8026662801037132,9.225761912976472,0.635136357274035,-0.0019044791198203374,0.0009836322731733703,0.00016440478874751822,0.0009697956043750131,2024-08-08,2024-10-25,739105.0,739183.0,2.1454881149977196,0.16845201952135405,0.6136208684568825,0.1017275776481919
2024-11-07,739196.081830907,0.790859440693036,13.589790585057793,0.610951922215181,-0.0010910596391599013,0.0004346450030534238,0.00019918293088935218,-0.00038631908925348024,2024-08-15,2024-10-25,739112.0,739183.0,4.02418576439869,0.14608322173843566,0.6136208684568825,0.04599876724772347
2024-11-02,739191.0860213048,0.6906003691360886,14.496171816082228,0.6025014099819919,-0.000838179948909466,0.00029952761572219996,0.0002578539342287719,0.0001524078120798604,2024-08-22,2024-10-25,739119.0,739183.0,5.047378340061799,0.1333134219342634,0.6136208684568825,0.03970402007879237
2024-10-29,739187.5247032813,0.9682006043182376,10.775332763490427,0.5888052319271414,0.0002543714143436316,-0.0005820637912720357,-0.000581130552733827,-0.00003294750050083614,2024-08-27,2024-10-25,739124.0,739183.0,4.530680038389019,0.0392674210696966,0.6136208684568825,0.026697942967822304
2024-11-01,739190.3804908101,0.7697996994187626,14.647409185525529,0.5838499275126576,0.0010163276860622823,0.0006588812110455229,0.0003913557710403357,-0.0005300614216694507,2024-09-04,2024-10-25,739132.0,739183.0,4.821267436446677,0.08106689823031922,0.6136208684568825,0.026842316025778187
2024-11-06,739195.8114113008,0.3340246714660718,5.932526080717013,0.6177732349747004,-0.008135752227655793,-0.007296764529225749,-0.001070020299189017,-0.007217882594936721,2024-09-11,2024-10-25,739139.0,739183.0,1.4062787284823492,0.06277782594498747,0.6136208684568825,0.018138769057605943
2025-01-14,739264.4925003251,0.9374042142829788,10.15706223943542,1.0160488873918554,-0.005171190517270946,0.000614980722561226,0.0005978868457055936,-0.00014398822470654808,2024-05-14,2024-10-28,739019.0,739186.0,1.8432888568316754,0.7760466417751716,0.6412012156390553,0.25980015024309944
2024-12-02,739221.1483043701,0.929959150248429,4.445231516378078,0.7154071768640808,-0.003056555239993257,0.001501949735830575,0.0013284122191120687,0.0007008380590944548,2024-05-21,2024-10-28,739026.0,739186.0,1.2127514666685364,0.42574184450336067,0.6412012156390553,0.16573722409600486
2024-11-12,739201.2967476319,0.48622379370674473,10.658263992733836,1.0156272594463358,-0.06796377225055919,-0.002219936431514093,-0.0006702083882868833,-0.0021163502725762167,2024-05-29,2024-10-28,739034.0,739186.0,4.05780514893713,1.3966470613698863,0.6412012156390553,0.7214413787653624
2024-12-10,739229.8701363633,0.609874710226029,5.417904240649808,0.9488719540100775,-0.02693755385761959,0.006042463010062402,0.0051117125242183935,-0.00322207298143931,2024-06-05,2024-10-28,739041.0,739186.0,1.2587877415600401,0.501826342746117,0.6412012156390553,0.12931421331046594
2024-11-13,739202.6587612282,0.7388881067946552,9.677854019512509,0.8397453026422212,-0.014724957173972505,0.0015037833122540053,0.0014446897696746475,-0.000417415523921956,2024-06-12,2024-10-28,739048.0,739186.0,3.4321788466736907,0.747598443529822,0.6412012156390553,0.5386211020716019
2024-12-14,739233.4734408747,0.1668791721734875,7.792370747581187,2.295838886598138,-0.8311060790458894,-0.04439388149829685,-0.002829421885982962,-0.04430362385037985,2024-06-20,2024-10-28,739056.0,739186.0,1.6353829305158072,0.40092752207711224,0.6412012156390553,0.3466200704509102
2024-11-18,739207.921594093,0.84880893249597,5.891126205836418,0.7300263612316303,-0.005342273586352136,0.0023090862572288824,0.0021747724885495187,0.0007760437915294618,2024-06-27,2024-10-28,739063.0,739186.0,1.7708680180333696,0.3333477922310842,0.6412012156390553,0.17965933501812406
2024-11-12,739201.7361593307,0.25578289167726737,4.099726872665743,1.1202177822951145,-0.20936230193281918,-0.0381735309117245,-0.011180757644988841,-0.03649944000601119,2024-07-05,2024-10-28,739071.0,739186.0,1.3814687055774642,0.3421785018334112,0.6412012156390553,0.17798870188844285
2024-10-31,739189.3598310302,0.4122207843083293,11.453016307986159,0.7994595933325769,-0.054712105650345115,0.01093677784886883,0.006828488647748093,-0.008543117259120544,2024-07-12,2024-10-28,739078.0,739186.0,6.381411323172901,0.18005452691125706,0.6412012156390553,0.43969370523446016
2024-10-30,739188.4860087096,0.35322693750547157,11.663331466681031,0.780700161144844,-0.06239848420283999,0.014467836731313905,0.012615927906777225,-0.00708213687632168,2024-07-19,2024-10-28,739085.0,739186.0,6.921607038063497,0.13061758158394213,0.6412012156390553,0.34395446984520245
2024-12-12,739231.527956582,0.722628058981334,5.728425075899393,0.9511891360202828,-0.01624585817626068,0.004006704105182354,0.0016519194773562695,0.003650320510149227,2024-07-26,2024-10-28,739092.0,739186.0,1.0210558832874195,0.5114874358970631,0.6412012156390553,0.10012629129189986
2024-10-28,739186.7115221582,0.22520131789008785,14.589433284690294,0.7457955458699956,-0.08074665244325209,0.015198044120286684,0.0024288761916517244,-0.015002703274003912,2024-08-02,2024-10-28,739099.0,739186.0,11.178947177655774,0.08201047569099117,0.6412012156390553,0.23924922234946766
2024-11-03,739192.2817281178,0.23402820183887935,9.407246156828863,0.6848238071050836,-0.04100025347040416,0.00832838867408418,0.008255829948769706,0.0010969638843694174,2024-08-09,2024-10-28,739106.0,739186.0,3.9226486549687345,0.12247043043269655,0.6412012156390553,0.08521222450132693
2024-11-11,739200.718855359,0.23174145385196848,7.395319415948722,0.6675780960642713,-0.03145610332017183,0.009037019108156834,0.000851530508603485,-0.008996811110282872,2024-08-16,2024-10-28,739113.0,739186.0,2.100956786128733,0.10907532424128911,0.6412012156390553,0.03441005097728367
2024-11-05,739194.6062039756,0.5204003367538884,2.331351847872182,0.7497197009901155,-0.027454686617372877,-0.009625751769622725,-0.00939322989480911,-0.0021029334924479817,2024-08-23,2024-10-28,739120.0,739186.0,0.8013633795702678,0.6366658854883123,0.6412012156390553,0.028584796916071038
2024-11-21,739210.6499238088,0.456588147544179,5.727174073111125,0.7021084570781971,-0.01887926431095191,0.005454634303143801,0.0037185769123582162,-0.003990641693751708,2024-08-28,2024-10-28,739125.0,739186.0,1.1352783033975196,0.2759330221086809,0.6412012156390553,0.022086413718000582
2024-11-15,739204.5514665641,0.4763830253958955,14.606752434151122,0.6059406938551989,-0.0015275138907355243,-0.002433338134826583,-0.0017386591332397513,-0.001702409732350973,2024-09-05,2024-10-28,739133.0,739186.0,3.138088250150129,0.02047318050697191,0.6412012156390553,0.02770545749587213
2024-10-28,739186.1154295201,0.3474101136545327,2.3238910038640377,0.6213374525402188,-0.007952908811528452,-0.010407431500140353,-0.010010641028211137,-0.002846347946827573,2024-09-12,2024-10-28,739140.0,739186.0,2.215543635401472,0.11423761940640018,0.6412012156390553,0.015013195054311307
2024-11-04,739193.8944033077,0.8017543140772576,4.876497459667992,0.727097650621578,-0.008008445311604934,0.002794122155849951,0.00015024181800571854,0.002790079930384423,2024-05-15,2024-10-29,739020.0,739187.0,2.5051079514047756,0.471233468971743,0.6401124839038588,0.2366432057739314
2024-11-25,739214.1270823638,0.09513438905750607,5.67648047345882,3.054743109133105,-1.693114762885473,0.06706654456900965,0.06697644929096828,-0.0034751461553886947,2024-05-22,2024-10-29,739027.0,739187.0,1.7447732305290984,0.4230959330534054,0.6401124839038588,0.4264870641057598
2025-01-11,739261.9655492965,0.7985312474206994,7.698030771889166,0.9877994212415165,-0.009704665234242633,0.0018994220922496782,0.0017897149926391152,-0.0006361796363048073,2024-05-30,2024-10-29,739035.0,739187.0,1.3572167400971056,0.5299944799158315,0.6401124839038588,0.1187252903576157
2025-01-05,739255.5941413215,0.2474918911975595,3.56046039078629,1.6875410926986314,-0.384152565877029,-0.04642325807671848,-0.02187316461436802,-0.04094732665523315,2024-06-06,2024-10-29,739042.0,739187.0,0.6436579390195493,0.5752053768927646,0.6401124839038588,0.24876697461386416
2024-12-13,739232.5445855958,0.05383797468910735,11.342387879383692,7.010816279649737,-5.093959415995888,-0.035956831612510884,-0.028563005377721547,-0.02184143913304964,2024-06-13,2024-10-29,739049.0,739187.0,2.516022088427462,0.6724473452158137,0.6401124839038588,0.7042450167918596
2024-11-14,739203.684487791,0.05166551230995499,13.383638843246807,4.602217953439409,-3.312813363830596,0.013064730024697263,0.007530060455150116,-0.01067639265669873,2024-06-21,2024-10-29,739057.0,739187.0,4.630360758697996,0.9788655880761596,0.6401124839038588,0.9180505302240414
2024-11-25,739214.5443240693,0.7372370045963618,5.258974496563212,0.7893128221520612,-0.01060606125033285,-0.0038663949352598435,-0.002178791182710833,-0.0031940380050250656,2024-06-28,2024-10-29,739064.0,739187.0,1.421597958490518,0.3845510299092668,0.6401124839038588,0.12696694135189676
2024-11-27,739216.6914470615,0.8852025605125089,5.100173113010365,0.7509649340010409,-0.0045841934726316615,-0.0018420663021111994,-0.0017268404473473199,-0.0006412724310142585,2024-07-08,2024-10-29,739074.0,739187.0,1.2742552892614354,0.4319320441440424,0.6401124839038588,0.11025539262328403
2024-12-15,739234.0663246542,0.36595313058321804,7.473973167112436,1.1441320341959726,-0.11413875401104628,-0.016913909114599543,-0.016157339197903263,0.005002070729291243,2024-07-15,2024-10-29,739081.0,739187.0,1.4028167900929345,0.33041751989498785,0.6401124839038588,0.15378043943492145
2024-11-23,739212.2982960894,0.2852971223991783,3.046579536332189,1.8466730060958605,-0.4116573907186193,0.05517463139004323,0.03159605458286181,0.045231949812316964,2024-07-22,2024-10-29,739088.0,739187.0,0.7719005031508072,0.6986848835556145,0.6401124839038588,0.11907770333643251
2024-11-03,739192.2684517498,0.08688396565379145,13.367692070641786,1.2951016133061068,-0.5337447435278443,0.03478207791022309,0.021230734227845723,0.027550841509823426,2024-07-29,2024-10-29,739095.0,739187.0,6.203332872642627,0.09973814572671638,0.6401124839038588,0.3015740779127436
2024-12-01,739220.8459041393,0.10151844731475726,2.6848345460436374,8.339102938021806,-5.110650777486897,0.2373923931271045,0.2373585021107045,0.004011208094380708,2024-08-05,2024-10-29,739102.0,739187.0,0.5366988514127555,0.8140233198095266,0.6401124839038588,0.10658416317372452
2024-11-20,739209.7517321898,0.5319037124397145,9.254881711509082,0.6383507166905621,-0.005384080093061346,0.002404439743581404,0.0006170442273324038,0.0023239162855037527,2024-08-12,2024-10-29,739109.0,739187.0,2.1917914127757308,0.128694433663434,0.6401124839038588,0.06836797527445346
2024-10-29,739187.8680868178,0.2193394200222239,12.949580610935826,0.6565990672116685,-0.031063654208863273,0.0011812286343060724,0.0011809011889132768,0.000027811302159346364,2024-08-19,2024-10-29,739116.0,739187.0,9.101940567366801,0.44543010312615045,0.6401124839038588,0.04586704193018689
2024-11-05,739194.8728182277,0.385636661067872,13.639401083161685,0.6035156666336012,-0.00187446495358065,-0.004366311550420354,-0.0038629503422474803,-0.002035261950871256,2024-08-23,2024-10-29,739120.0,739187.0,4.889405942205501,0.012137957642138581,0.6401124839038588,0.03268256046300977
2024-11-02,739191.746351244,0.9289837935030971,6.392697740282485,0.6130458972287424,-0.0008035767056458798,0.0008691817428890962,0.0008347835471225782,-0.000242101903390232,2024-08-29,2024-10-29,739126.0,739187.0,2.674240053033075,0.1343509403171934,0.6401124839038588,0.02770783231387809
2024-11-01,739190.1776357337,0.10823571422538206,3.988701712772592,0.7209860392341978,-0.08925383077574801,-0.01669886353731936,-0.016673676844203775,-0.0009168118307902089,2024-09-06,2024-10-29,739134.0,739187.0,1.8234496736555088,0.14503705644112067,0.6401124839038588,0.022092566915786677
2024-11-05,739194.1746983479,0.631729404965108,4.026934428467376,0.6366268583654202,-0.005282954700685692,-0.0031070496453535945,-0.0028874226162782174,-0.0011474093139315852,2024-09-13,2024-10-29,739141.0,739187.0,1.283749839609097,0.2667382076657427,0.6401124839038588,0.015269814315963607
2024-11-08,739197.472370216,0.8464770519285738,6.752598176644542,0.7650881551763085,-0.007675491039334545,-0.0013141894781027955,-0.0005585801429721705,-0.0011895722795329793,2024-05-16,2024-10-30,739021.0,739188.0,3.143294040280722,0.7321371847939498,0.6001071492901596,0.4149951171009485
2024-12-10,739229.4430075868,0.7971209600061342,10.451358703045166,0.947800686211859,-0.011655589057946423,0.0009334804024099153,0.0005985321957098753,-0.0007163413099787648,2024-05-23,2024-10-30,739028.0,739188.0,2.6301239161204073,0.9523147209099441,0.6001071492901596,0.4867416262978684
2025-01-05,739255.3810126986,0.5591307693304454,12.344295790169456,1.29107421000417,-0.054035433916229565,-0.002525386984804306,-0.0009552806794898617,-0.0023377378480942575,2024-05-31,2024-10-30,739036.0,739188.0,2.31917139864697,0.9691651258366344,0.6001071492901596,0.5479386000148564
2024-12-15,739234.3160983972,0.7460406451527565,14.350579990745903,1.0031368017335054,-0.01607376814385427,0.00042878276384884393,0.00040061771750079725,0.00015284012234457575,2024-06-07,2024-10-30,739043.0,739188.0,3.2396624908031195,1.9488275720741675,0.6001071492901596,0.5802703094216919
2024-11-27,739216.0593826824,0.9782826802257314,2.2153287496578105,0.661528811173435,-0.0026675121032713046,-0.0018440482473818583,-0.0017665684773848706,0.0005289137485282487,2024-06-14,2024-10-30,739050.0,739188.0,0.6268960561319981,0.6387932230055838,0.6001071492901596,0.22070317110324475
2025-01-01,739251.7099869509,0.9271030124776429,6.553778210275837,0.8839657772810247,-0.004428574224353576,0.0010775939538346852,0.0010580822896349806,-0.00020413377403523053,2024-06-24,2024-10-30,739060.0,739188.0,1.1490859645936284,0.5813598486826166,0.6001071492901596,0.11686283139740956
2024-12-16,739235.4604474292,0.43552390720884293,2.707887928035108,2.0475491476035,-0.23039202341223927,0.04019535997044014,0.036036212242310614,0.01780613294290492,2024-07-01,2024-10-30,739067.0,739188.0,0.5459594030178238,0.9218766822859817,0.6001071492901596,0.14760094619589667
2024-11-18,739207.7412708902,0.22958423278631496,8.281199641906351,1.2451009902328947,-0.2728126244084747,0.026060107565771547,0.005884250456652597,-0.025387099143127142,2024-07-09,2024-10-30,739075.0,739188.0,2.511688358663956,0.2902264992733888,0.6001071492901596,0.4186381609594147
2024-11-25,739214.8836704158,0.1487461898642122,3.610238387819965,2.5214549321104407,-1.0710757592390467,-0.07290996849033451,-0.07143873446941534,-0.014572944886670627,2024-07-16,2024-10-30,739082.0,739188.0,0.9181646438861416,0.6052617792281995,0.6001071492901596,0.13696906457225227
2024-11-28,739217.6542155094,0.9147526880028791,14.417473686968002,0.7301321912735363,-0.0033661837568492877,-0.0008211084806486048,-0.000820932272787179,0.000017010011450224962,2024-07-23,2024-10-30,739089.0,739188.0,3.367398513429076,0.26010686172987174,0.6001071492901596,0.25538806607054365
2024-11-30,739219.8265063402,0.6927626098842897,5.276219930811635,0.8232618884999418,-0.01393473280144177,-0.00439512265647678,-0.001105871463766443,-0.004253722072620938,2024-07-30,2024-10-30,739096.0,739188.0,1.1408508435878215,0.4162834982265885,0.6001071492901596,0.11657355602047878
2024-11-17,739206.5350532857,0.6473369546524116,14.596226867074769,0.6846261590585457,-0.007814797794572375,0.0013350312144175568,0.000010543558973730216,0.0013349895792976814,2024-08-06,2024-10-30,739103.0,739188.0,3.996238737088429,0.2596068338923443,0.6001071492901596,0.17338404958054765
2024-11-05,739194.4322520011,0.36091472553641585,6.109204750812366,0.6281928620631819,-0.009660372087418668,0.005491528134689538,0.0021057290248763945,-0.005071763650632773,2024-08-13,2024-10-30,739110.0,739188.0,2.503333737743571,0.1039251266718654,0.6001071492901596,0.05625096695053437
2024-11-24,739213.2794524668,0.6392980131850806,7.153160543363182,0.6364872278273961,-0.0036394792697648473,0.0022289335707266315,0.0014814063364613735,-0.0016654068959279184,2024-08-20,2024-10-30,739117.0,739188.0,1.5224216018632792,0.1459309827237596,0.6001071492901596,0.02617045809228119
2024-11-11,739200.9480214019,0.8554602468852661,5.23440334682458,0.6249675160375652,-0.0014802626327233676,-0.001145211302015133,-0.0009954712188619157,0.0005661678008159493,2024-08-26,2024-10-30,739123.0,739188.0,1.4954633554354393,0.21124468875709226,0.6001071492901596,0.025651165262925296
2024-11-10,739199.883119437,0.7067660261881535,12.425490923161057,0.607372678619648,-0.0007902850775648509,0.001197941512695256,0.0011087681064657759,0.0004535384811930468,2024-08-30,2024-10-30,739127.0,739188.0,3.5868092998133188,0.037524099182669114,0.6001071492901596,0.029751811668798075
2024-11-10,739199.9183400539,0.5614336957994738,8.591305722411704,0.6206447642881903,-0.0033100436538020498,-0.0019516055432489588,-0.001948257866520927,-0.0001142605880406256,2024-09-09,2024-10-30,739137.0,739188.0,2.2749392397243957,0.11083603446102254,0.6001071492901596,0.028157527767688324
2024-11-17,739206.616952023,0.9040331853785479,5.3367355178635645,0.6268828100408229,-0.0010889069003354591,-0.0009101248036694231,-0.0007211462002111373,-0.0005552254642713574,2024-09-16,2024-10-30,739144.0,739188.0,1.0302521645813711,0.2026742115662681,0.6001071492901596,0.01425685672184853
2024-11-06,739195.0390496763,0.6466836205079601,14.93443898677315,0.8257409930415978,-0.02358445444232935,0.000948208716392512,0.00010714148756006331,0.0009421361215271132,2024-05-17,2024-10-31,739022.0,739189.0,7.975108489660635,1.0770226568390602,0.6147388115582236,0.7183286796391599
2024-12-06,739225.4700591307,0.8950372521194776,3.4197856259715342,0.6635460800817254,-0.002712377477151851,-0.0019759108775021647,-0.0007915744371339406,0.0018104236262011881,2024-05-24,2024-10-31,739029.0,739189.0,0.9165704518081336,0.3592733522197882,0.6147388115582236,0.25382970061873317
2024-11-04,739193.6940637628,0.2337184089245084,5.9922610291900416,1.1700573487158255,-0.26654841442513233,0.03496526965963321,0.031055031403861552,0.016067205944906522,2024-06-03,2024-10-31,739039.0,739189.0,3.3333181061915713,0.2973318405054777,0.6147388115582236,0.6988491640922586
2024-12-11,739230.608892352,0.6850803838225187,4.962301688594638,0.8881028593688346,-0.01657868381978561,-0.004172640657379931,-0.003733530878420639,-0.001863243740228217,2024-06-10,2024-10-31,739046.0,739189.0,1.1767057478713292,0.548526270200565,0.6147388115582236,0.14502908069767922
2024-11-20,739209.3222837215,0.6182948553243254,7.4055153708472545,0.8698084212946919,-0.02509656667980379,0.005178617233637233,0.0001855407940680075,0.005175292365293106,2024-06-17,2024-10-31,739053.0,739189.0,2.404631568301862,0.40461394353715885,0.6147388115582236,0.3998927377792359
2024-11-11,739200.6854664114,0.4886906271008943,8.887672508366471,0.8919223622387566,-0.05087519325699394,-0.007178477392373296,-0.001045248988297709,0.007101971009887122,2024-06-25,2024-10-31,739061.0,739189.0,3.509483676356579,0.38969039460722454,0.6147388115582236,0.6013761022369462
2024-12-15,739234.7422054547,0.9167123595890956,3.1428126737827555,0.9672597192433267,-0.00807111094500553,-0.002583695296010444,-0.001409618681888006,0.0021652844049451832,2024-07-02,2024-10-31,739068.0,739189.0,0.6469649153130421,0.9111851087441836,0.6147388115582236,0.1450496226706774
2024-11-06,739195.0041100903,0.22913479485896332,6.2681317185124215,0.9878460745949896,-0.1845741700593182,0.03296097145787556,0.017460778082045793,0.02795615975445191,2024-07-10,2024-10-31,739076.0,739189.0,2.979558054008383,0.20470283159990144,0.6147388115582236,0.3866400951502082
2024-11-22,739211.3720363615,0.9600614533479586,14.238846794149138,0.7213729999088995,-0.002929627166506373,-0.0007177440225577248,-0.00020444833862565134,0.0006880097083258019,2024-07-17,2024-10-31,739083.0,739189.0,3.9592951504602136,0.2752117587658072,0.6147388115582236,0.28988698686840375
2024-11-12,739201.0408490441,0.8418118200337827,6.088831587347536,0.667852870989079,-0.003537283937412274,0.002284859656358352,0.0021929814834879525,0.0006414170736213565,2024-07-24,2024-10-31,739090.0,739189.0,2.152874077398139,0.214038278880491,0.6147388115582236,0.141939453521305
2024-11-16,739205.9538654742,0.8005312497447303,7.900273943483869,0.6763896815687647,-0.003995754427568371,-0.00201804525926407,-0.0013862316527051167,0.001466583946958587,2024-07-31,2024-10-31,739097.0,739189.0,2.3392428380315033,0.20063376653786047,0.6147388115582236,0.16823411978212924
2024-11-18,739207.6966694699,0.840908361243697,4.058736675369297,0.7037547473968483,-0.004771167315061522,-0.002163420640810582,-0.00011697942320612157,-0.002160255698668945,2024-08-07,2024-10-31,739104.0,739189.0,1.106623674934707,0.4569213724345422,0.6147388115582236,0.09198730215297969
2024-11-03,739192.4685756885,0.2337782490483427,12.369205073493667,0.6713578987126401,-0.03581417182288235,0.0030963173319226646,0.0019414153104660246,-0.0024120712286855874,2024-08-14,2024-10-31,739111.0,739189.0,6.213896928430811,0.21861087408180013,0.6147388115582236,0.05302931783396264
2024-11-01,739190.1390544503,0.5776118984373605,3.2793640250526277,0.6372490953021183,-0.007669252539240636,0.004520421544681314,0.004459771360591423,0.0007380043040982402,2024-08-21,2024-10-31,739118.0,739189.0,2.1651604209002446,0.2988275301982343,0.6147388115582236,0.028741991657611227
2024-11-01,739190.9697087393,0.9688506347199848,3.3729855555491253,0.6260758146301915,-0.0015745131983406224,0.0012417033255955735,0.0009678069803587702,0.0007779311007820334,2024-08-27,2024-10-31,739124.0,739189.0,1.8930435710204339,0.36422588558675195,0.6147388115582236,0.024785928759163658
2024-11-28,739217.8899748189,0.7561420559605292,8.909258537659532,0.625016960458593,-0.00150067590632411,0.0011688813930470123,0.0008530554305848951,0.0007991120968682324,2024-09-03,2024-10-31,739131.0,739189.0,1.5613756244087442,0.10896281048093832,0.6147388115582236,0.022605331057458794
2024-11-05,739194.9652702799,0.6135853497750802,2.1394926132319325,0.5932098659073175,0.003610237136851909,-0.005735885143804892,-0.003367067223464135,-0.0046436232292893015,2024-09-10,2024-10-31,739138.0,739189.0,0.7683583943513411,0.18050925475227342,0.6147388115582236,0.02027343937260203
2024-11-19,739208.3827088953,0.5876004366666635,2.69486490190121,0.34204216662372905,0.03650849755406917,0.013189964886730974,0.004115513309927634,0.012531469343576775,2024-09-17,2024-10-31,739145.0,739189.0,0.5081661564820835,0.6035252337908339,0.6147388115582236,0.012785080903215413
2025-01-12,739262.8452980749,0.11483175559762218,11.806745689198502,4.511545446940771,-2.3057912495390265,-0.02000876462699783,-0.0109204612986231,0.016765863739273162,2024-05-20,2024-11-01,739025.0,739190.0,2.2235083758121954,1.1208087350029563,0.6057600755929478,0.7073802481700474
2024-12-08,739227.6930643884,0.23686742380575537,10.259619052237012,1.9066573639262008,-0.4861165525154726,-0.013412759801956038,-0.00387215188728001,-0.012841672993298095,2024-05-28,2024-11-01,739033.0,739190.0,2.6810864256600597,0.8367512374636156,0.6057600755929478,0.7470855656828818
2024-11-18,739207.674119979,0.6313848466749871,12.27857612489544,0.9087749824621955,-0.027621616446020306,0.0008956804438313652,0.0007963342349019179,0.00040999419969693277,2024-06-04,2024-11-01,739040.0,739190.0,4.396786636609294,1.5857771139842962,0.6057600755929478,0.697752073025895
2024-11-25,739214.1749234372,0.8839856827942278,11.47080170983764,0.8261197695178248,-0.006673490747006163,-0.0005202612321085108,-0.0005189613740752284,0.00003675380052479805,2024-06-11,2024-11-01,739047.0,739190.0,3.530275340723168,0.9885145276383455,0.6057600755929478,0.5431627836097112
2024-12-23,739242.4041602715,0.7884388181984652,2.3298888271070775,0.8855692294269295,-0.013219449033069212,-0.005486663634905288,-0.0012604428054140266,-0.00533992151411162,2024-06-18,2024-11-01,739054.0,739190.0,0.474494012506364,0.8153382524066339,0.6057600755929478,0.21471117164332357
2024-11-09,739198.9559764082,0.817090443825988,10.277781803246878,0.7558093944609493,-0.00822146069974029,-0.0013511492620712309,-0.0004081211603848781,0.001288037828187407,2024-06-26,2024-11-01,739062.0,739190.0,4.461270569511169,0.4837448946953749,0.6057600755929478,0.5171991024929276
2024-11-30,739219.9656087632,0.779409349413448,4.19506790190724,0.8260130941736149,-0.010237397900765338,0.0033141508630637703,0.0031871606976027972,-0.0009086267830096054,2024-07-03,2024-11-01,739069.0,739190.0,1.0796167258512945,0.57391017668048,0.6057600755929478,0.12699543154764048
2024-11-19,739208.3211002827,0.750450040467525,7.543188997633638,0.7384129851245936,-0.008201199618529099,0.0030959605779576817,0.00039444502508480863,0.0030707303728028453,2024-07-11,2024-11-01,739077.0,739190.0,2.364565803878671,0.2635413442962381,0.6057600755929478,0.23566326190102047
2024-12-21,739240.0203360416,0.9847326346503986,4.585982922313541,0.9056981059126921,-0.004375635443492869,-0.0012951295290493394,-0.0011599393379891029,0.0005761086956477616,2024-07-18,2024-11-01,739084.0,739190.0,0.8302820003648244,0.7254605886112314,0.6057600755929478,0.12217545754740601
2024-11-30,739219.2476617778,0.8216521894447446,3.783911471811894,0.8758867276498878,-0.010652008466948693,-0.0036810327163800086,-0.0015407844438148038,-0.003343050277330314,2024-07-25,2024-11-01,739091.0,739190.0,0.890191838817616,0.6283604981169998,0.6057600755929478,0.11704654388009868
2024-11-25,739214.223012602,0.5729322856570856,8.586860583197193,0.7297129693283411,-0.014265957919864628,0.00468875042936471,0.0046033981636722674,-0.0008905649530306848,2024-08-01,2024-11-01,739098.0,739190.0,2.143177493349054,0.20300779128858007,0.6057600755929478,0.175721409926369
2024-11-18,739207.1294966993,0.18398078785161112,5.794726953419158,0.7992988435691725,-0.10613965126866713,0.0188214511872516,0.012132853569295481,-0.014388915492841303,2024-08-08,2024-11-01,739105.0,739190.0,1.6466385717454546,0.17904576294776545,0.6057600755929478,0.08959565687835624
2024-11-11,739200.7141592687,0.0432733763837947,2.2676784915734665,2.1380649630746014,-1.3277159126572031,-0.03264455021062328,-0.03245944295171712,-0.003471486960673487,2024-08-15,2024-11-01,739112.0,739190.0,0.7629155483830227,0.7761287521602377,0.6057600755929478,0.04580830325496557
2024-11-04,739193.5927774853,0.7781897707784169,8.832628545404372,0.6060323876361545,-0.0006229750605789091,-0.000858262009114572,-0.0007734260137009405,-0.0003720562828659857,2024-08-22,2024-11-01,739119.0,739190.0,4.263825478428607,0.06395085027866539,0.6057600755929478,0.03578730873828393
2024-11-04,739193.6058171673,0.11717700892182029,9.359125124093442,0.6630910687560884,-0.044901800795731875,0.00818205424305846,0.0060798634455172095,-0.005475515694454226,2024-08-27,2024-11-01,739124.0,739190.0,4.409517490730362,0.06870819806831269,0.6057600755929478,0.033210947293024644
2024-11-17,739206.1126418748,0.7451546182573346,5.820100595960016,0.6300509354049463,-0.0022811110844247555,0.0016366235702618044,0.0012097424489242422,-0.0011022975632773906,2024-09-04,2024-11-01,739132.0,739190.0,1.4135136911598831,0.17844876211292818,0.6057600755929478,0.01973020268284148
2024-11-23,739212.85958375,0.9232231155773465,10.689044310079645,0.6156637387460723,-0.0005160394078593231,0.0004251512135123137,0.00013414324076444991,0.00040343418956281297,2024-09-11,2024-11-01,739139.0,739190.0,1.9951761048289602,0.1048352264384721,0.6057600755929478,0.026092755553881856
2024-11-02,739191.0842653026,0.6420217124825215,6.347233154278055,0.6246463532564926,-0.004218786273980265,0.0019510758798023124,0.0005889939485236148,-0.0018600492513234505,2024-09-18,2024-11-01,739146.0,739190.0,3.7656284044392105,0.2187150299101552,0.6057600755929478,0.01970429777911717
2024-11-16,739205.8193511282,0.42693500062981016,4.152173387434788,0.8778309743785727,-0.06141505821964351,0.01857808532094906,0.004123930485428827,-0.018114592226815766,2024-05-21,2024-11-04,739026.0,739193.0,1.7452735408739293,0.33990706728986925,0.6068868362755383,0.23001955749718084
2025-01-08,739258.0437864757,0.40110111900554435,13.35102806221903,1.614561208289599,-0.1624286111747753,-0.004707846715427712,-0.004492251700845045,-0.0014083661996151051,2024-05-29,2024-11-04,739034.0,739193.0,2.628013454876374,1.036524046351348,0.6068868362755383,0.6525968352513234
2024-12-08,739227.3696544833,0.5352529306499861,14.84710851456098,1.1112792246418692,-0.054824133950521235,-0.0007203501432918052,-0.00043433551525450225,0.0005746799014487372,2024-06-05,2024-11-04,739041.0,739193.0,3.9947729756548145,2.7437548429307976,0.6068868362755383,0.7204181923029883
2024-11-07,739196.1739548551,0.5448077412993709,6.299043272555731,0.8022973900279867,-0.032307940805252906,-0.008657127017489271,-0.0029537106411766092,0.008137655783156643,2024-06-12,2024-11-04,739048.0,739193.0,3.8531088328508942,0.3227781789501084,0.6068868362755383,0.49168824651443704
2025-01-09,739259.229406665,0.19809553848650846,5.424563206108516,2.7682656411557254,-0.880111681645246,0.04510328177194885,0.017409378896285976,0.041607926565083296,2024-06-20,2024-11-04,739056.0,739193.0,0.9679929561473887,0.712589736875334,0.6068868362755383,0.15292200930268166
2024-12-28,739247.003754607,0.2513308641687642,9.159430729889644,1.6358140334329379,-0.345481178426282,0.025207503238174705,0.023405962371236093,-0.009358372987804467,2024-06-27,2024-11-04,739063.0,739193.0,1.787082394721093,0.37607278181298054,0.6068868362755383,0.41939728810049565
2024-12-29,739248.7789414708,0.05121605625727012,9.721928331206247,5.383631847890717,-3.8250942009404363,-0.05920735079144151,-0.040481644894350584,0.04320586550907769,2024-07-05,2024-11-04,739071.0,739193.0,1.7935360691017623,0.34034566590262627,0.6068868362755383,0.4147122466227847
2024-12-20,739239.4899003791,0.98070741888865,4.159743069877326,0.9054565229802761,-0.004606300716001359,0.0014118489682407704,0.0011155108098003191,0.000865420789177822,2024-07-12,2024-11-04,739078.0,739193.0,0.8243817527719737,0.7691959694288406,0.6068868362755383,0.12954982506387588
2024-12-12,739231.5445672281,0.3832160276963298,5.12998883181879,1.2165367965641378,-0.12368649895247197,-0.01793926189667242,-0.0036259260993997708,-0.017569000464428657,2024-07-19,2024-11-04,739085.0,739193.0,1.0903982283133913,0.5150447582309189,0.6068868362755383,0.1434882451883686
2024-11-11,739200.8086211013,0.9977769041013329,6.966652723529136,0.6491507607892769,-0.0014896585538956533,-0.0010731306313350494,-0.000586621983986716,-0.0008986011349943036,2024-07-26,2024-11-04,739092.0,739193.0,2.9209207647408912,0.19881238168911772,0.6068868362755383,0.15575395019058197
2024-11-10,739199.0548110895,0.9664107483186339,6.236549814698401,0.6377932924847329,-0.0014291927765465698,0.0011779881545803744,0.000952104939805323,0.000693651408078999,2024-08-02,2024-11-04,739099.0,739193.0,2.7840465065566047,0.1880040673237832,0.6068868362755383,0.13235835735973342
2024-11-16,739205.63024265,0.9313232244482563,9.789393111032046,0.6197803225726273,-0.0007080627329206432,-0.0004818992846086112,-0.0004484897865028623,-0.0001763060745093834,2024-08-09,2024-11-04,739106.0,739193.0,3.217911558204326,0.13978485483661554,0.6068868362755383,0.0798861501104105
2024-11-17,739206.0168799856,0.8395099860264357,13.715774832589467,0.6149254573807795,-0.0007767439398992869,0.0005370236373975968,0.00012074726714084249,0.0005232728586519308,2024-08-16,2024-11-04,739113.0,739193.0,4.2928126916790745,0.0885299036178728,0.6068868362755383,0.04145332010132322
2024-11-11,739200.1692357175,0.5156656239896286,5.021878777166204,0.6430366445979477,-0.008133449070934478,-0.00427246787814651,-0.00017831672558202413,0.004268745121832817,2024-08-23,2024-11-04,739120.0,739193.0,1.9296783705913,0.19547800636450643,0.6068868362755383,0.026249570722131427
2024-11-10,739199.3452713658,0.08403607372722922,8.689319347443377,0.7394252981830163,-0.10621649076739206,-0.009919942091066976,-0.008903670255588362,-0.0043737749221780175,2024-08-28,2024-11-04,739125.0,739193.0,3.4034494482651705,0.1035530289913296,0.6068868362755383,0.03271193774269569
2024-12-03,739222.023277931,0.3676673342165578,6.01468861196726,0.6124384375236108,-0.002827635447772954,-0.005444082055177996,-0.0036207120749703644,0.00406552253636293,2024-09-05,2024-11-04,739133.0,739193.0,1.0729050318264917,0.03174977507422336,0.6068868362755383,0.021092652304453487
2024-11-25,739214.1548927844,0.4729292440731635,8.312594538527822,0.6574326643190097,-0.010158902500848275,-0.003730943934577355,-0.0028414074126600812,-0.0024179219504028454,2024-09-12,2024-11-04,739140.0,739193.0,1.659406934847515,0.1549129205532835,0.6068868362755383,0.01807506864852466
2024-11-13,739202.9996613158,0.7518112777169268,9.531773797733143,0.6310167106894237,-0.0026153527566485767,0.0007106590599058493,0.0006573194627025695,0.0002701248292524603,2024-09-19,2024-11-04,739147.0,739193.0,2.6135289502082397,0.2902712921236073,0.6068868362755383,0.020466158025124335
2025-01-25,739275.1397495418,0.25775086177158696,4.420196559915745,1.4406214578317087,-0.2749567019236453,-0.038421377909558636,-0.028817260922301642,0.02541196083353481,2024-05-22,2024-11-05,739027.0,739194.0,0.786381428995258,0.41730147294823067,0.5932811842197597,0.29225140126002425
2024-11-14,739203.1667490255,0.7965205172789067,6.705766152898439,0.7639768193915429,-0.008919739464538095,-0.0022153282737035524,-0.0008130198827730544,-0.002060746959353828,2024-05-30,2024-11-05,739035.0,739194.0,3.1050456604083854,0.47825843864634554,0.5932811842197597,0.405625318251808
2024-12-18,739237.1261792294,0.7833552726495145,4.010875963915975,0.8018385577176926,-0.008136340956903614,0.0026401573053017233,0.0019028185949139704,-0.0018302218421786148,2024-06-06,2024-11-05,739042.0,739194.0,0.9636007787677686,0.6018924216249526,0.5932811842197597,0.21474018612030643
2025-01-04,739254.1844554581,0.9509079021565334,5.10070533243492,0.8221977850345998,-0.0033836833372856492,0.0009770343269885455,0.00048496992818983497,-0.0008481746546941298,2024-06-13,2024-11-05,739049.0,739194.0,0.9956718722927721,0.6456365552108061,0.5932811842197597,0.1772028079423325
2024-12-14,739233.4038764081,0.6212522038653622,5.116239338078074,0.9444897474343313,-0.02540338741503626,-0.005917470217424592,-0.0011576176876212168,-0.005803134934103596,2024-06-21,2024-11-05,739057.0,739194.0,1.2205261757364791,0.5212818938515149,0.5932811842197597,0.15002060660320815
2024-11-08,739197.2641515053,0.5321657920630015,8.74715476879286,0.7886224752886151,-0.03201987227425017,0.006791468588345214,0.005484590557233477,0.004005410341773374,2024-06-28,2024-11-05,739064.0,739194.0,5.163959331716063,0.2868375751455033,0.5932811842197597,0.5914446108200403
2024-12-30,739249.4574003137,0.6760489170029497,10.791775285551877,0.9003921682010936,-0.015385614618126058,0.0030623938327137192,0.00038667321632404736,0.0030378841008867705,2024-07-08,2024-11-05,739074.0,739194.0,1.9782582201781003,0.31473064829002484,0.5932811842197597,0.2970093772221633
2024-12-25,739244.3761438796,0.07934427702872072,9.369113897718648,2.9060772808296034,-1.6435738725279934,0.05087406517263342,0.0507146793882645,0.004023903792946842,2024-07-15,2024-11-05,739081.0,739194.0,1.754382976038026,0.2735960830334718,0.5932811842197597,0.3240744178114019
2024-11-09,739198.3091817895,0.738352905735088,9.433179176235534,0.6773069383621234,-0.006545281942662103,-0.0028065046611989606,-0.0025506251653945925,0.0011708030060549471,2024-07-22,2024-11-05,739088.0,739194.0,4.868144263504228,0.1825443921301497,0.5932811842197597,0.2623580460661219
2024-11-20,739209.7040248113,0.5189291773559034,3.9785424327335104,0.8007308076283797,-0.030583922598406546,-0.009837034821816932,-0.004611976666170946,-0.008688896668526654,2024-07-29,2024-11-05,739095.0,739194.0,1.2590883247104945,0.4055207420145573,0.5932811842197597,0.17581287563586492
2024-12-04,739223.7320116521,0.7261292034883448,10.22330051719958,0.6906702059979114,-0.0049275992748793,-0.0018563549487536776,-0.0003981630038195884,0.001813151929142077,2024-08-05,2024-11-05,739102.0,739194.0,2.2935406537054694,0.1885372372801158,0.5932811842197597,0.1626642989011821
2024-11-19,739208.937585484,0.3723540356834519,12.82588771805166,0.6545009364733055,-0.01452213806498176,-0.003225631321088034,-0.0007956596967532136,-0.003125959543331729,2024-08-12,2024-11-05,739109.0,739194.0,3.8798345826853944,0.1307026718075516,0.5932811842197597,0.07695519287764915
2024-12-01,739220.7233887569,0.743302166955662,9.648086216014965,0.6240892272983273,-0.001393608458597299,-0.001057787713261304,-0.00038683018389594915,-0.0009845187937025915,2024-08-19,2024-11-05,739116.0,739194.0,2.0972157496320274,0.10150010200262943,0.5932811842197597,0.030458121566189645
2024-12-05,739224.3434361188,0.6595267867963842,9.984947962757659,0.6234824295624218,-0.0018182466906754844,0.0013546294711407351,0.001353812218971199,-0.000047047633811977544,2024-08-23,2024-11-05,739120.0,739194.0,1.9627758199422178,0.08865820195931134,0.5932811842197597,0.02866511307522783
2024-11-20,739209.0033952862,0.06862222038945977,14.801515710718336,0.7669514452857763,-0.13114720801125182,0.00931084041938947,0.00905014184173017,-0.002187848705898458,2024-08-29,2024-11-05,739126.0,739194.0,4.029730994564993,0.06530233972241267,0.5932811842197597,0.03384595255427984
2024-11-07,739196.751440232,0.8238906056355093,8.682936774432875,0.6079952276290779,-0.0006373860074193415,-0.0007551534330195341,-0.0007527631581072725,-0.000060036115776701,2024-09-06,2024-11-05,739134.0,739194.0,4.321381145338674,0.08008851411204648,0.5932811842197597,0.029527280299562968
2024-11-17,739206.7569467078,0.8791815641015903,10.54391897666701,0.6181114000760005,-0.0008911595782579453,0.0004546865932419962,0.0003649120839137473,-0.0002712546203988768,2024-09-13,2024-11-05,739141.0,739194.0,2.7519259185495115,0.16342550777173281,0.5932811842197597,0.023244163065318204
2024-11-22,739211.3301390422,0.5564074716209969,14.358898076690764,0.654142799378566,-0.007737681049431855,-0.00022880160376368441,-0.00016595344816087724,0.00015751072004263416,2024-09-20,2024-11-05,739148.0,739194.0,2.961539295602304,1.310459489626495,0.5932811842197597,0.01935008284332629
2024-12-26,739245.9839604772,0.858088366538224,8.655008721881636,0.8984260120180542,-0.006886300140830339,-0.001181371234278164,-0.0009636656650586947,-0.0006833640897551583,2024-05-23,2024-11-06,739028.0,739195.0,2.0013658012822466,0.5779151239169321,0.6091365560095539,0.34455899334641343
2025-01-07,739257.3837332808,0.4066229784249763,13.418052390689853,1.5483822941246486,-0.14964979236166634,-0.004733025367413091,-0.004124391879199272,-0.002321835643487911,2024-05-31,2024-11-06,739036.0,739195.0,2.7048718522883513,0.9581637148990141,0.6091365560095539,0.6894018465306133
2025-01-08,739258.137182411,0.8696924832129702,9.363856778004148,0.9170326811266496,-0.00618488410233431,-0.0011776352796333972,-0.00006964252456750965,0.001175574230156946,2024-06-07,2024-11-06,739043.0,739195.0,1.827062184051835,0.48778867387830316,0.6091365560095539,0.3058999629923375
2024-12-03,739222.0323551863,0.44806924765766254,4.576158911955657,0.9962649985786739,-0.06709743778048832,0.014828218333032972,0.002956184897198897,0.014530555040523,2024-06-14,2024-11-06,739050.0,739195.0,1.3478608856348293,0.4430584306604979,0.6091365560095539,0.19577917186457533
2024-11-27,739216.9606754583,0.3560520747620313,12.699126457089855,1.162402561458705,-0.1403509169631983,-0.006822120908068215,-0.0066232062199474626,0.0016353816228485431,2024-06-24,2024-11-06,739060.0,739195.0,3.975038644558837,0.5768136313900154,0.6091365560095539,0.7937309323569756
2024-12-31,739250.0316853016,0.3533234982940186,6.375569523595086,1.433863335535828,-0.17361441077589157,0.019687112495903422,0.006720510826335356,-0.018504516547574696,2024-07-01,2024-11-06,739067.0,739195.0,1.219419984877381,0.48871681703660075,0.6091365560095539,0.16779669398578073
2024-12-19,739238.4784501996,0.1880821430830047,12.95445379876299,1.790440094716537,-0.535836677546109,0.01869396140462805,0.005831445116477072,-0.017761149761522727,2024-07-09,2024-11-06,739075.0,739195.0,2.7306345343740284,0.4161592516155658,0.6091365560095539,0.534148511754131
2024-12-25,739244.0192786962,0.5007159425973718,3.0397246780918072,1.898290210671261,-0.14993969982245725,-0.028666212864528556,-0.015809141385033493,0.023912816828271895,2024-07-16,2024-11-06,739082.0,739195.0,0.5783684147623183,0.8615956262199002,0.6091365560095539,0.13984341945305076
2024-12-06,739225.7483611688,0.4860261806435301,14.12252042567298,0.8553836592692229,-0.0360644236914738,-0.005344099765244365,-0.004426754025163911,0.0029938689185700813,2024-07-23,2024-11-06,739089.0,739195.0,3.354209296829172,0.23224795139191454,0.6091365560095539,0.30991066091555736
2024-11-15,739204.7086118916,0.36360993721179763,11.480456235341093,0.7647593822655772,-0.04715163792323128,0.009306536721159988,0.009121186472912986,-0.0018481296135954475,2024-07-30,2024-11-06,739096.0,739195.0,4.4138205652569855,0.16046683419307994,0.6091365560095539,0.2789971244937235
2024-12-02,739221.3222163662,0.39079820556509215,4.97526204984153,0.8398473573080198,-0.052043768251955176,-0.00959551556321823,-0.009357084632963104,0.0021257671781098235,2024-08-06,2024-11-06,739103.0,739195.0,1.1901304407068078,0.4260268988455039,0.6091365560095539,0.13886590546625163
2024-12-11,739230.3791917572,0.21128697412356795,11.889760385010794,0.7093547989456245,-0.04641308207254602,-0.0085724208158881,-0.007843624003066924,0.003458895942809496,2024-08-13,2024-11-06,739110.0,739195.0,2.317181897198471,0.0962136183844341,0.6091365560095539,0.055450258304334976
2024-12-11,739230.3820547306,0.7358107994279733,3.2293496392176504,0.8295944543071749,-0.011189428855106043,-0.0030401154246249076,-0.0022991642190356197,0.0019890062063625167,2024-08-20,2024-11-06,739117.0,739195.0,0.5985445219551906,0.8386271837622404,0.6091365560095539,0.040999520435057564
2024-12-03,739222.8122904563,0.939401031982283,10.29130219807791,0.6118818177576411,-0.00031523549716990846,0.00035919163937257357,0.00016253494685815426,0.00032031394731571385,2024-08-26,2024-11-06,739123.0,739195.0,2.092945248141533,0.08011052867313087,0.6091365560095539,0.030579658866032415
2024-11-08,739197.6979804625,0.6857630280109609,11.260625698450262,0.6093262163089388,-0.0010599047871847674,0.0012713184429535831,0.00008530387985275662,0.0012684533225452142,2024-08-30,2024-11-06,739127.0,739195.0,5.853118695618045,0.05077197418448684,0.6091365560095539,0.030546568593006206
2024-11-30,739219.9050535256,0.3305956977844094,13.579175441631682,0.6385395337497275,-0.010853140779241642,-0.002252606988127355,-0.0017486506846661888,0.0014200207836425015,2024-09-09,2024-11-06,739137.0,739195.0,2.599105218413886,0.11729886437088737,0.6091365560095539,0.031084196218832485
2024-11-21,739210.9151271816,0.8277574310183407,10.92135410977771,0.6270821966607084,-0.0014585209101670407,0.0005183755986756202,0.00015072016678968,0.0004959805365386819,2024-09-16,2024-11-06,739144.0,739195.0,2.4963066675580765,0.2132527838950403,0.6091365560095539,0.02212398749976351
2024-11-11,739200.0842510303,0.7519325253848623,2.575903688663662,0.5937890184705923,0.001588739527248578,0.002883941569581989,0.002854874581488106,-0.0004084239228254623,2024-09-23,2024-11-06,739151.0,739195.0,0.929557107033842,0.16081090411475307,0.6091365560095539,0.010326436239535094
2025-01-07,739257.3593627673,0.9616880311025529,10.067235080544576,0.9033532720923128,-0.0038977422225530576,0.0005643279663007153,0.00032291627330777026,-0.00046280788020746006,2024-05-24,2024-11-06,739029.0,739195.0,2.0797315530449563,0.6597897153629645,0.6091365560095539,0.3855806983899899
2025-01-06,739256.5551761041,0.42297003224847807,6.485157543499263,1.3024562533277417,-0.1044704850457543,0.013553647522512272,0.012450104832812291,-0.00535688816538922,2024-06-03,2024-11-06,739039.0,739195.0,1.303102063794068,0.5027203798192353,0.6091365560095539,0.17034826121977986
2024-11-13,739202.4344266679,0.3582671635875377,6.271871769345172,0.9566510676231058,-0.1036835006785128,-0.02058007486422017,-0.011553435258295046,0.017031077920944753,2024-06-10,2024-11-06,739046.0,739195.0,3.0410298865026255,0.28778790428216156,0.6091365560095539,0.602773792020185
2024-12-16,739235.9360954845,0.9026344157798922,9.392446276296065,0.833460659037963,-0.0049919596247227525,0.0010700682168498748,0.0009987987882504245,0.000383988241098285,2024-06-17,2024-11-06,739053.0,739195.0,2.2379831987829895,0.4483248046952108,0.6091365560095539,0.3650289161760522
2024-12-01,739220.6534379061,0.6486592413381275,4.9386303726994925,0.8137951085465844,-0.017032634689021275,-0.005800655557644811,-0.005687174600873353,0.0011417749154788081,2024-06-25,2024-11-06,739061.0,739195.0,1.4370792923826352,0.38566909684089223,0.6091365560095539,0.19268513471073687
2025-01-06,739256.2316391988,0.3152348258869087,6.8154191958074835,1.5805164286675524,-0.23664666140632903,0.02299823812468749,0.008198720764653637,0.021487203974995588,2024-07-02,2024-11-06,739068.0,739195.0,1.2181367742731846,0.4759347689842694,0.6091365560095539,0.17763022264404357
2024-12-01,739220.0160315429,0.15254199935572602,12.332387231544702,1.648142904660955,-0.5799233928359732,0.026134897935003183,0.025100301020955344,0.0072806441150808825,2024-07-10,2024-11-06,739076.0,739195.0,3.4356309798184026,0.2744682420104369,0.6091365560095539,0.5472227202329948
2024-12-13,739232.2930124025,0.9946831471720936,2.239140583031796,1.090286590959573,-0.009159356414030477,-0.004173149346142463,-0.0016480225731300261,-0.003833953190071986,2024-07-17,2024-11-06,739083.0,739195.0,0.49432298796598584,0.9749995832181368,0.6091365560095539,0.13968542681752938
2024-12-17,739236.2144067601,0.9164648000062847,11.481829888490411,0.7282970234407589,-0.002651537271819059,-0.0009366509731093352,-0.0009366191659315079,7.719030796105825e-6,2024-07-24,2024-11-06,739090.0,739195.0,2.313998735191068,0.22595639042970872,0.6091365560095539,0.20484205507296888
2024-11-21,739210.7246402085,0.503147941847018,12.275950773284865,0.7294552379549726,-0.02069007374990068,-0.004518695776349858,-0.002209170339799218,-0.003941849556864577,2024-07-31,2024-11-06,739097.0,739195.0,3.8656502313786745,0.1876676854609564,0.6091365560095539,0.2546548550049456
2024-11-13,739202.8205399074,0.13153789222850112,13.193689376971717,0.8570682018246666,-0.1665851855223898,0.008714257779027132,0.008613513271646143,0.001321240991837088,2024-08-07,2024-11-06,739104.0,739195.0,5.326355342939156,0.1905858253878916,0.6091365560095539,0.16300562799818616
2024-12-04,739223.7203339215,0.05551577593877079,3.7202249343695635,2.179631871726009,-1.267644097638741,-0.025470637030849147,-0.016992208053781932,-0.018974145994332715,2024-08-14,2024-11-06,739111.0,739195.0,0.8095702884533321,0.7426851609630912,0.6091365560095539,0.049062356954461046
2024-12-01,739220.6977435336,0.2330636352274998,4.708651178448405,0.7523653489452229,-0.06199713981262079,-0.005120364473707845,-0.0025904483832076075,0.004416753277866731,2024-08-21,2024-11-06,739118.0,739195.0,1.0382160657259123,0.5993062072831578,0.6091365560095539,0.04113405177687934
2024-12-01,739220.4631461021,0.10103877204617209,2.7198086654540887,0.6112706518147532,-0.0034439683437116624,-0.010402942646663771,-0.002000965443937827,0.010208690072773422,2024-08-27,2024-11-06,739124.0,739195.0,0.5765533747177399,0.0122985143736571,0.6091365560095539,0.03646228139929801
2024-12-06,739225.1432052277,0.32394830186075924,8.01971532583638,0.6649961723330569,-0.018592906280805517,-0.006404149706419219,-0.0022866613562077596,-0.005981999106005907,2024-09-03,2024-11-06,739131.0,739195.0,1.4536119669320564,0.11727422180258978,0.6091365560095539,0.020335775198269675
2024-11-25,739214.7296438271,0.34985066359186084,14.19389707534673,0.6357649038572686,-0.010023313106864178,-0.0028931840325736773,-0.0019755445165009432,-0.002113702370170015,2024-09-10,2024-11-06,739138.0,739195.0,3.068135895990584,0.08539182349106003,0.6091365560095539,0.02946293025697762
2024-11-20,739209.5185568295,0.23356839853092698,8.014498691857524,0.7007994142145001,-0.045655822992706464,0.007422965485546815,0.00020498202408932196,0.007420134700220697,2024-09-17,2024-11-06,739145.0,739195.0,1.9025107110726505,0.17924888183985818,0.6091365560095539,0.018529255406505667
2024-11-22,739211.4466796515,0.7563966055563716,4.632399888360757,0.6156813701103139,-0.0010006090630819493,-0.0012909188262652893,-0.0008303131148764986,0.000988459178352975,2024-09-24,2024-11-06,739152.0,739195.0,0.9473587797077622,0.1265636603352982,0.6091365560095539,0.009404961039665479
2024-12-11,739230.6942746148,0.2991543325501545,2.3586327065182067,1.255338605791039,-0.21506677408071267,-0.04026537240006271,-0.022816684751543685,-0.03317678573135749,2024-05-28,2024-11-07,739033.0,739196.0,0.653230431283314,0.6774489614050282,0.6169709553421643,0.3308929092083871
2025-01-18,739268.7713414959,0.537272985391385,4.896772117145426,1.0986913556047069,-0.044385466129568056,0.00754233743863889,0.00023963195400214982,-0.007538529734962577,2024-06-04,2024-11-07,739040.0,739196.0,0.8926629286769707,0.6456838701478318,0.6169709553421643,0.24211275124951182
2024-12-04,739223.9892228541,0.3335475488904603,2.8878152985947443,1.3472563030843177,-0.2032530400739154,0.03182902622342377,0.030344416630564714,0.009607460105673394,2024-06-11,2024-11-07,739047.0,739196.0,0.8476447618467432,0.7375679534334839,0.6169709553421643,0.2205623421374134
2024-11-11,739200.75965437,0.6813246357303876,5.158332115575761,0.7110296839753715,-0.01148434051960727,-0.005963415433677347,-0.005828699518806151,0.0012603910322158455,2024-06-18,2024-11-07,739054.0,739196.0,2.8148090391470957,0.2543640835223767,0.6169709553421643,0.250143170422604
2024-12-25,739244.0435285008,0.33852987960151,6.482847398888508,1.3243294790332383,-0.1671444215805051,0.021435292954526994,0.009104859383801478,-0.019405497150230308,2024-06-26,2024-11-07,739062.0,739196.0,1.3744700219107102,0.40718678172061745,0.6169709553421643,0.238167177055539
2024-11-26,739215.127290551,0.2307288221264508,14.049152637852684,1.3039268133372381,-0.29396523824445064,-0.014262829536840873,-0.008779336483701123,0.011240620859317997,2024-07-03,2024-11-07,739069.0,739196.0,4.546581244666741,0.3384870079205448,0.6169709553421643,0.7124819989047454
2024-11-24,739213.7422910794,0.5910331244580124,13.43185959078391,0.8133249354462843,-0.022591110349876372,0.0037381057688146346,0.0009324678059649855,-0.0036199362604449397,2024-07-11,2024-11-07,739077.0,739196.0,4.365593209595364,0.26592653194944144,0.6169709553421643,0.45649423621629903
2024-11-10,739199.3295022491,0.5986830996103133,7.881767587694067,0.6940558572823613,-0.013105175085222793,-0.006097422617555796,-0.002796588197541462,0.005418270667884061,2024-07-18,2024-11-07,739084.0,739196.0,4.446889885971649,0.16325628291392935,0.6169709553421643,0.26677208619161347
2024-12-18,739237.4520693291,0.7354096161438061,11.596308835921597,0.7627691706070335,-0.0072226927183957285,-0.0021051447637239237,-0.0017396318507104647,-0.0011854600373812424,2024-07-25,2024-11-07,739091.0,739196.0,2.329455694029404,0.217583873418235,0.6169709553421643,0.21567200032477502
2024-11-14,739203.5002882221,0.18999122507121197,3.7140338042186305,0.8951613892277319,-0.16179535328124506,-0.02636514529465851,-0.021723130158835785,0.014940766463295414,2024-08-01,2024-11-07,739098.0,739196.0,1.5627518484813567,0.31392331112155647,0.6169709553421643,0.23044945198839278
2024-11-10,739199.1560546416,0.8246883883683731,12.029052848755907,0.6266134845635645,-0.001721463538280002,0.0005639588776044428,0.000517552242693143,0.00022402966703577638,2024-08-08,2024-11-07,739105.0,739196.0,6.50087827967875,0.2092708979323828,0.6169709553421643,0.12067715038856075
2024-11-29,739218.112834423,0.8820465648788351,14.453796351637642,0.6202291567211428,-0.0006982717308292499,0.0004076480402231969,0.0003612589588775943,0.0001888620907659602,2024-08-15,2024-11-07,739112.0,739196.0,3.607809659816392,0.10453186116851479,0.6169709553421643,0.04240114512639655
2024-12-01,739220.5686291028,0.745896051124265,9.100748431743032,0.6287978482555739,-0.0016126034513040107,-0.0010869456962008088,-0.00047117126204392095,0.0009795144655968078,2024-08-22,2024-11-07,739119.0,739196.0,2.055703753500598,0.12159646124854402,0.6169709553421643,0.028341950845905673
2024-11-26,739215.977726323,0.16050665131256572,7.577986921546212,0.7745719368821118,-0.09591541453813807,0.012994083436635313,0.0044940600668400945,0.012192195391883834,2024-08-27,2024-11-07,739124.0,739196.0,1.8415888496508632,0.15634425942818872,0.6169709553421643,0.024552379848823302
2024-12-08,739227.4433409583,0.35392498174215553,9.183145145474338,0.6754637970967888,-0.01843524441002659,-0.0055355232226462865,-0.005504778319459154,-0.0005826087899000373,2024-09-04,2024-11-07,739132.0,739196.0,1.6228177124795682,0.12835417285274697,0.6169709553421643,0.021144731767456775
2024-11-20,739209.7715193711,0.7506093803474825,3.781883551489825,0.5784836980008363,0.0022010704227656084,0.0024578408562009116,0.0007510054908261797,-0.0023402932352932534,2024-09-11,2024-11-07,739139.0,739196.0,0.9852313652266781,0.1777403430215408,0.6169709553421643,0.015503304025613885
2024-11-07,739196.4234358851,0.28857609952062774,9.18511620562038,0.6308797361748718,-0.014152446613896266,-0.0026030293680225987,-0.0006698513484774629,-0.002515364995727469,2024-09-18,2024-11-07,739146.0,739196.0,6.9873959000519275,0.17081584797699872,0.6169709553421643,0.023195485431114108
2024-11-16,739205.4373137531,0.7819641218088131,5.557797630525879,0.6364812907117292,-0.0027432076386011157,-0.0009028250590583205,-0.00023531053421654545,-0.0008716203529922781,2024-09-25,2024-11-07,739153.0,739196.0,1.5169580715349504,0.42750300747554054,0.6169709553421643,0.009659385909089317
2024-12-08,739227.5017726634,0.26789880790786574,6.287374690638082,1.349552626042321,-0.2574000122301265,-0.029095899734266413,-0.02584915993759018,-0.013356358480789855,2024-05-29,2024-11-07,739034.0,739196.0,1.8164531874978938,0.376945193856944,0.6169709553421643,0.4924756672321617
2025-01-03,739253.675850349,0.34359208139193115,8.335675909541052,1.436075199291888,-0.18281653855238394,-0.016990891551725763,-0.013135548992956584,0.010777186477747482,2024-06-05,2024-11-07,739041.0,739196.0,1.7312045212274243,0.4435081849839695,0.6169709553421643,0.4545959268839944
2025-01-07,739257.8003877907,0.47683844808511633,10.746431863811164,1.2455862868680097,-0.07577264843467266,-0.006850370338451641,-0.005464224680880923,0.004131564160313842,2024-06-12,2024-11-07,739048.0,739196.0,2.090467245968087,0.4908009480854114,0.6169709553421643,0.5385741534880523
2024-12-01,739220.0764547896,0.255941954473993,2.4742282530550463,1.8494803597948684,-0.4689057628089629,0.06392509638857813,0.006438585481884603,-0.06360002016730393,2024-06-20,2024-11-07,739056.0,739196.0,0.7557133151176669,0.7587800415385619,0.6169709553421643,0.1954176256748101
2025-01-09,739259.0626559354,0.8014145957131358,11.99219525673188,0.9306547771396149,-0.008798619420612329,-0.001406512691895517,-0.0009389872059639059,0.0010471776255723145,2024-06-27,2024-11-07,739063.0,739196.0,2.1649549547287403,0.4180511612595604,0.6169709553421643,0.4039269578198212
2024-12-20,739239.4125916868,0.4634086256428379,5.82425171421991,1.0478381107587305,-0.062495404959530224,-0.011673801848924954,-0.0015985566508493945,0.011563834409139075,2024-07-05,2024-11-07,739071.0,739196.0,1.256647297713131,0.4259511021447782,0.6169709553421643,0.1927223490667076
2024-12-02,739221.3777579963,0.8566342983043294,6.70658894242032,0.7059854833432392,-0.0038245781662618,-0.0019599146038944888,-6.020457291536877e-6,-0.0019599053570652403,2024-07-12,2024-11-07,739078.0,739196.0,1.848297294352232,0.24925286719054157,0.6169709553421643,0.15987903365775955
2024-11-14,739203.8273565926,0.43206062514340593,10.577502491049612,0.7591472241363236,-0.037172867701686436,-0.009063876802399973,-0.0061880901511671286,0.006622794196569355,2024-07-19,2024-11-07,739085.0,739196.0,4.579094903934887,0.16752268516287935,0.6169709553421643,0.35883382344316145
2024-11-13,739202.0650288517,0.7821102536151658,14.125097907756654,0.671370232279534,-0.004924011681525994,0.001784771908587933,0.0016553912904574202,-0.0006671509882795126,2024-07-26,2024-11-07,739092.0,739196.0,6.516129507153181,0.15276113117946843,0.6169709553421643,0.27029715566670726
2024-12-11,739230.2341722521,0.9392408420210976,10.928226997110057,0.6751792722401752,-0.0015909251205629882,0.0007388115182344636,0.0006631884142547838,-0.00032561263285403786,2024-08-02,2024-11-07,739099.0,739196.0,2.337174906259819,0.18507311877192512,0.6169709553421643,0.16662512856555242
2024-12-07,739226.2998183834,0.8042377029981178,14.51886252903994,0.6432537446576868,-0.0016936088589636071,-0.0004616160451292574,-0.00038423062109657776,0.0002558440988815547,2024-08-09,2024-11-07,739106.0,739196.0,3.1861652579356856,0.20322824034493925,0.6169709553421643,0.08815514985168325
2024-11-18,739207.6110232606,0.02807262017078061,3.9771589768299593,1.4476514396267393,-0.7715774715420303,-0.009045993570079168,-0.002566352727530728,-0.008674320339243256,2024-08-16,2024-11-07,739113.0,739196.0,1.327886975031688,0.6020509727004537,0.6169709553421643,0.047241409038120914
2024-12-06,739225.4396027428,0.40531245029511964,3.3453111019992914,0.7317851845451282,-0.025632199585688114,-0.003574271833849068,-0.003503242100882645,0.000709023218837107,2024-08-23,2024-11-07,739120.0,739196.0,0.6792636763919286,0.8688638532716122,0.6169709553421643,0.039911447899800064
2024-11-26,739215.8970679312,0.8390075564317734,4.528327836853824,0.6344962754503822,-0.001471645537051548,0.0005914932345041339,0.0002083155622780607,0.0005535963086735115,2024-08-28,2024-11-07,739125.0,739196.0,1.094864019878003,0.4609793249176274,0.6169709553421643,0.032796907517057244
2024-12-04,739223.027449354,0.704459419498538,11.065569198508713,0.6242950566240597,-0.0015814617372280414,-0.001037794187728016,-0.00042614221992865863,-0.0009462661277232358,2024-09-05,2024-11-07,739133.0,739196.0,2.119112220488026,0.09701294240273925,0.6169709553421643,0.027060720236346616
2024-11-15,739204.3946624378,0.441592045014758,12.320318128458984,0.6264047978553585,-0.005913749155009041,0.0019008514722929101,0.0017707549374056015,0.0006911318769755945,2024-09-12,2024-11-07,739140.0,739196.0,3.9950824389492117,0.11151005619089902,0.6169709553421643,0.026300834652209643
2024-11-30,739219.0163040906,0.4862669539241423,4.85741508315783,0.5303275457002032,0.012255991778435732,-0.0061432869740012,-0.004922410408270019,-0.003675574868981424,2024-09-19,2024-11-07,739147.0,739196.0,0.8818462430910329,0.19971799488677883,0.6169709553421643,0.014369451906081012
2024-11-24,739213.1778093295,0.7741456395240445,10.82547501601572,0.6596157192995036,-0.004088989316534267,0.000584662784753017,0.00029185511915446536,-0.0005066075022129909,2024-09-26,2024-11-07,739154.0,739196.0,2.1311381146725408,0.5001338333245416,0.6169709553421643,0.010162267085210092
2024-11-21,739210.9767381706,0.33251525515826735,13.402971600852254,1.15723957189222,-0.16327123968699658,-0.0025197314798684135,-0.00026312959150714195,0.002505954817771692,2024-05-30,2024-11-08,739035.0,739197.0,5.403176067361823,1.6075552414223713,0.6169709553421643,1.0556105870938473
2024-12-22,739241.413033429,0.7850313393456854,5.691894692595106,0.8365488396906073,-0.008304745153044243,0.002520308513977615,0.0009319789789099924,0.0023416597080912383,2024-06-06,2024-11-08,739042.0,739197.0,1.3605113601003735,0.4544674059788265,0.6169709553421643,0.16615167380231843
2024-11-10,739199.7470451937,0.8422578011073536,7.02641951512785,0.7102654198463163,-0.00611437145203711,0.002003558810436063,0.0014661651778189425,-0.0013655063449970208,2024-06-13,2024-11-08,739049.0,739197.0,4.478835567715448,0.36581430998961006,0.6169709553421643,0.4423273935114435
2024-12-17,739236.1285191902,0.7159181025319267,3.884681197183463,0.9137007527864175,-0.016080268110704666,0.004265103795777743,0.0021492524629189,-0.0036839956893833024,2024-06-21,2024-11-08,739057.0,739197.0,0.9405386790185414,0.6948189290146459,0.6169709553421643,0.16852717035032244
2024-11-23,739212.411360398,0.3947237324156111,7.676415116191102,0.9110686184414785,-0.07366369689018677,-0.014297409965042382,-0.013025981451902846,0.005894042663840858,2024-06-28,2024-11-08,739064.0,739197.0,2.7670967669899373,0.26492987039632315,0.6169709553421643,0.5436382966983113
2024-12-02,739221.8863944549,0.4136536174249489,8.792302712391168,0.9313692308807474,-0.06554508518466826,-0.01268220283076445,-0.00628718723414769,0.01101406125475159,2024-07-08,2024-11-08,739074.0,739197.0,2.493793392946742,0.24315299987662586,0.6169709553421643,0.3839994451538137
2024-11-12,739201.8536119978,0.12423657082357091,3.8764114265326435,1.2525377469670154,-0.4424804304566289,-0.05901561790289156,-0.05854632577774339,-0.007427711248186403,2024-07-15,2024-11-08,739081.0,739197.0,1.9834060469919,0.24029608754348714,0.6169709553421643,0.31545248219270505
2024-11-27,739216.4486825812,0.3928753217487345,12.672138445133793,0.8318305336514875,-0.053898732512007795,0.008062477307932393,0.005062201002633299,0.00627516225685545,2024-07-22,2024-11-08,739088.0,739197.0,3.807277657202712,0.20725971077363817,0.6169709553421643,0.36257164010724496
2024-12-09,739228.4835705368,0.9012310045077043,4.225469450899774,0.7930495397111288,-0.005091950855952575,0.0019607377987367336,0.001937351650331422,0.00030192929363194844,2024-07-29,2024-11-08,739095.0,739197.0,0.9714409826560819,0.5538929535044878,0.6169709553421643,0.14225297558899577
2024-11-13,739202.8956136146,0.0706016787674453,6.007418927715903,0.9972531004786013,-0.3239924169801549,0.03448151659641491,0.030862044180071043,-0.01537885612833996,2024-08-05,2024-11-08,739102.0,739197.0,2.7152367822454315,0.11042708191115291,0.6169709553421643,0.1911909084362822
2024-11-19,739208.6642083833,0.5228770210383059,12.813004090045292,0.6385426498022432,-0.005892773555620043,-0.0017864313672239886,-0.0005800965495424044,-0.0016896227457662756,2024-08-12,2024-11-08,739109.0,739197.0,4.374771759705797,0.1346114518351238,0.6169709553421643,0.07620409069986689
2024-11-21,739210.679830205,0.7973433741139409,13.391285058844025,0.618444196746812,-0.0009696792333110425,0.0005667785622261096,0.0004757845760633031,0.0003080048307727639,2024-08-19,2024-11-08,739116.0,739197.0,4.123146266781829,0.10186800814580729,0.6169709553421643,0.04103585246174952
2024-12-05,739224.7204904199,0.0730635019562207,6.883967064438879,0.9451664676612804,-0.2608147559724047,0.014510433286985935,0.012384166214294822,-0.00756208313580247,2024-08-23,2024-11-08,739120.0,739197.0,1.4562102002467643,0.19077149283579212,0.6169709553421643,0.030696109106526127
2024-11-27,739216.4714213016,0.17335891066334577,6.797311442784159,0.7747357396388597,-0.09150405233174236,-0.011826852503086014,-0.0043824815631463305,-0.010984912174361454,2024-08-29,2024-11-08,739126.0,739197.0,1.6617775505745533,0.1973241075203313,0.6169709553421643,0.025356026483385693
2024-11-22,739211.2186626149,0.1890883546204361,11.246109693111665,0.6657330345040198,-0.032572291278285675,-0.0043652046030427,-0.00363521026342042,-0.0024166624851534434,2024-09-06,2024-11-08,739134.0,739197.0,3.0286202936412674,0.12546025701122415,0.6169709553421643,0.03151619320126409
2024-11-17,739206.8605702207,0.6426667607295175,8.929536783403474,0.6319788640169349,-0.0035224448543689094,0.0013648479704937964,0.0006357409603500548,-0.001207743107574713,2024-09-13,2024-11-08,739141.0,739197.0,2.6988148902057327,0.1857448718090397,0.6169709553421643,0.022321657463229894
2024-11-12,739201.6822984328,0.34871579636231204,4.16753527810511,0.6353425257228938,-0.010575609768044891,0.007384131726189688,0.0044499095004022085,-0.005892682478120747,2024-09-20,2024-11-08,739148.0,739197.0,1.617944424949005,0.11983903901316013,0.6169709553421643,0.012841927505383254
2024-11-25,739214.3557745345,0.20048902566002097,6.74238860773466,0.7576728977144813,-0.07596939152026058,-0.007860189831771797,-0.005629038036040149,-0.005486029072134235,2024-09-27,2024-11-08,739155.0,739197.0,1.3194905699806567,0.2873971375087482,0.6169709553421643,0.005560799799902248
