tc_d,tc,m,w,a,b,c,c1,c2,t1_d,t2_d,t1,t2,O,D,p2,best_cost
2024-06-07,739043.5302691536,0.49040712944090437,8.994730075190082,-0.28526785691526957,0.07532087515681678,0.005350813232984045,0.004968142233685584,-0.0019871499692138933,2023-11-13,2024-05-06,738836.0,739011.0,2.652824827676316,0.7674749429260042,0.24591290169952376,0.6122299264909584
2024-05-11,739016.4365275266,0.48992680383070997,7.117330832232403,-0.09064647945648498,0.06630686396216612,0.006566170169108573,0.0036315573122603544,0.005470501090161636,2023-11-20,2024-05-06,738843.0,739011.0,3.922369788456176,0.6951209875409498,0.24591290169952376,0.4912070710533285
2024-05-23,739028.635832002,0.21539447551090057,2.7387639781636772,-0.39812505464472553,0.3073928546617444,0.0508124844469877,0.046641797255208346,0.020160637997826514,2023-11-28,2024-05-06,738851.0,739011.0,1.0068149299341327,0.47577683308241275,0.24591290169952376,0.3288422467746122
2024-05-13,739018.4619919306,0.9372760139956611,13.492689072325886,0.13048613474393161,0.005140124339211598,0.0007363063755150189,0.0007020516782938128,0.00022196963672742423,2023-12-05,2024-05-06,738858.0,739011.0,6.5888136237855885,0.4849355850620263,0.24591290169952376,0.6522016888867055
2024-07-11,739077.0911204163,0.43435591118449735,8.189203032637547,-0.8351479390278226,0.1523630210767449,-0.00948132126332966,-0.009230237104904093,0.0021675275974526458,2023-12-12,2024-05-06,738865.0,739011.0,1.519684608005788,0.8523438082079712,0.24591290169952376,0.3181228237523888
2024-05-09,739014.3617787623,0.95090970050329,9.789256331201216,0.10633484778396085,0.005788109645035286,0.0011921320871286134,0.000936716855447163,0.0007373875818609931,2023-12-19,2024-05-06,738872.0,739011.0,5.836146237595836,0.47163057193949165,0.24591290169952376,0.3659251288873936
2024-06-02,739038.9349805993,0.2933422213859718,12.480045520633967,-0.8382672646143662,0.3410047373835037,-0.012416573124678648,-0.011992854214014604,-0.00321601243186096,2023-12-27,2024-05-06,738880.0,739011.0,3.4533440541753815,0.6455309492895405,0.24591290169952376,0.42288449025228353
2024-05-24,739029.7620859074,0.569906914930265,12.319737958971261,-0.20099138529032246,0.0519987270128667,-0.004086930143899915,-0.00011587052018458139,0.004085287263298628,2024-01-04,2024-05-06,738888.0,739011.0,3.9652427252247398,0.5885697713575209,0.24591290169952376,0.36159607881133904
2024-05-17,739022.0649879801,0.4186425527319467,12.320153809183475,-0.3158966020791515,0.12678483230197238,0.007857277531420048,0.005155387433653131,0.005929484852387238,2024-01-11,2024-05-06,738895.0,739011.0,4.786174443816124,0.5483053043676404,0.24591290169952376,0.32918689269187834
2024-05-09,739014.7283429618,0.2452939981330618,4.202280480538997,-0.4658741605445873,0.3250845093967891,0.021777385199340093,0.021777366878970278,-0.000028247816999442473,2024-01-19,2024-05-06,738903.0,739011.0,2.274037863183,0.8713495845250832,0.24591290169952376,0.45877452602221847
2024-05-16,739021.024941194,0.5061527602899795,8.76153078240132,-0.222873119691425,0.07810534345421963,-0.002626836395168084,-0.002559595924322266,-0.0005905405584483599,2024-01-26,2024-05-06,738910.0,739011.0,3.353182499790736,1.7177080069169126,0.24591290169952376,0.3422551588454739
2024-06-14,739050.5451256819,0.31880469592220934,12.629138284530221,-1.1019788682268252,0.3563757514903105,0.0031525705318622556,0.001354792754090241,-0.002846618617207237,2024-02-02,2024-05-06,738917.0,739011.0,2.446151535625694,2.853608076875289,0.24591290169952376,0.3082043582200428
2024-06-09,739045.9122047655,0.8565071609824291,8.482508333198524,-0.16930288075195513,0.01204149492165286,0.000459029885576646,0.0004109191420187831,0.000204582244036612,2024-02-09,2024-05-06,738924.0,739011.0,1.6881687442076365,2.648781585937702,0.24591290169952376,0.2256201971661878
2024-05-12,739017.9683220203,0.592661737544485,6.435559869134699,-0.019786867229715413,0.03354558230334817,-0.005045293077545593,-0.0007193948769594518,0.004993741407935933,2024-02-16,2024-05-06,738931.0,739011.0,2.585383535001944,0.6123073757867419,0.24591290169952376,0.18105123319089306
2024-05-06,739011.6509411767,0.9202250609333569,7.5409123705881385,0.09382024653032968,0.007006558823945395,0.001482791632853304,0.0011658933184726954,-0.0009161679957303103,2024-02-26,2024-05-06,738941.0,739011.0,5.625318028146115,0.5766267798606941,0.24591290169952376,0.14300392398622314
2024-06-01,739037.2316867291,0.9766803228771714,8.410218238926138,-0.029202557437679723,0.0055595275364728166,0.0005675004866136526,0.00044567502542557053,-0.0003513268763112915,2024-03-04,2024-05-06,738948.0,739011.0,1.638716908594287,1.1376713461838406,0.24591290169952376,0.14622679884191453
2024-05-18,739023.7313662345,0.3099027302637701,12.977035976512461,-0.3162267403137475,0.18126874999333942,-0.010341264057257238,-0.003208381734004191,-0.009830972940194102,2024-03-11,2024-05-06,738955.0,739011.0,3.4824788007197016,0.4185999826578824,0.24591290169952376,0.1802640452097827
2024-05-18,739023.7166303289,0.5043364060359622,6.820267332775347,0.012038112489535888,0.03306508385018987,-0.004680172273582975,-0.0018653460311797434,0.004292376578817009,2024-03-18,2024-05-06,738962.0,739011.0,1.7146695162830037,0.5224283187641904,0.24591290169952376,0.047497971452396176
2024-07-20,739086.786598342,0.5813721692389048,4.626892032751254,-0.1919853843256249,0.03292824063474164,0.006529105737629753,0.0013286996004951142,-0.006392478322590845,2023-11-14,2024-05-07,738837.0,739012.0,0.8880662575770518,0.6336941490974806,0.24062548701800368,0.38108038992010745
2024-05-13,739018.5801477181,0.08590264191773091,3.0540163620130727,-1.8767514929971552,1.6009618250455373,0.059502678931424344,0.012543125306447852,0.05816561533726709,2023-11-21,2024-05-07,738844.0,739012.0,1.5934693975977787,0.7567973775703642,0.24062548701800368,0.4693532616289693
2024-07-16,739082.4308120783,0.11928232061743718,12.410895038310152,-3.7741931292292206,2.3423057835501613,0.018947939048976493,0.01696355558133693,0.008441692735620083,2023-11-29,2024-05-07,738852.0,739012.0,2.3413092369035393,1.188104357387156,0.24062548701800368,0.591994338651507
2024-06-21,739057.5575365946,0.45187528216499884,9.233453256802683,-0.5425225868934007,0.11609035665333062,0.006007175686257534,0.0036265816250060185,0.004788952436883497,2023-12-06,2024-05-07,738859.0,739012.0,2.1633283384189315,0.9457584772553023,0.24062548701800368,0.5251744228921299
2024-06-30,739066.9113980338,0.33828848850728105,7.065215619380026,-0.9779883976983952,0.27846340629609245,-0.016129985893910143,-0.01612905740184249,-0.0001730672291632313,2023-12-13,2024-05-07,738866.0,739012.0,1.4585906647350366,0.8266010316250042,0.24062548701800368,0.3070428917929657
2024-06-11,739047.8862223618,0.603265739565184,11.284711506683927,-0.2770610685454843,0.043929933097916554,-0.0034724591181077317,-0.001400746089970556,-0.0031774018817835627,2023-12-20,2024-05-07,738873.0,739012.0,2.8445006635692427,0.6763034476284563,0.24062548701800368,0.43908853853966323
2024-06-12,739048.1560693048,0.7077374388969188,9.46067798670024,-0.18473415394177362,0.02351631692129214,0.0018774123549197596,0.0003184970753822077,0.001850199114522094,2023-12-28,2024-05-07,738881.0,739012.0,2.3053727422836534,0.93704304667305,0.24062548701800368,0.45001168475242215
2024-05-22,739027.8014385846,0.06519985701552368,6.997466842500396,-3.9452480314019835,3.3070482695334067,0.02986374185988798,0.013512077826320749,0.02663206395849703,2024-01-05,2024-05-07,738889.0,739012.0,2.4199667584373765,1.0318156365459528,0.24062548701800368,0.5209727109775838
2024-06-09,739045.9825903921,0.7185272735417209,11.96268363169819,-0.2285946763130735,0.024988910960501664,0.0007539829552819125,0.00042417860800719395,0.0006233480611702629,2024-01-12,2024-05-07,738896.0,739012.0,2.8266949217504638,1.990675362667922,0.24062548701800368,0.3422933355712146
2024-05-22,739027.266241401,0.19499495064596634,3.975089104419955,-0.959479158606386,0.5921516519926305,0.03702505782058317,0.03134693606012216,-0.019703413568723065,2024-01-22,2024-05-07,738906.0,739012.0,1.3110792912299107,0.7845374819830365,0.24062548701800368,0.297234050976234
2024-06-17,739053.3430121287,0.8831132103298776,13.312737602467262,-0.21236700232320593,0.010950625930091907,-0.00031904401347963076,-0.0003048611645283467,-0.00009406781011382774,2024-01-29,2024-05-07,738913.0,739012.0,2.589553234309961,2.276865377667676,0.24062548701800368,0.2728421380525411
2024-06-20,739056.7918855613,0.7972359825049335,8.032345891238363,-0.2548077994410422,0.01649163219230614,0.0008130480403299383,0.0007898247823314376,0.00019293503854782317,2024-02-05,2024-05-07,738920.0,739012.0,1.4272349335471537,2.013223183632889,0.24062548701800368,0.2603265591856022
2024-06-02,739038.29735902,0.48691071973438305,11.750620115808399,-0.3752603992341672,0.09081088274401942,-0.0021536250118008534,-0.0006459412924243978,0.002054473299460309,2024-02-12,2024-05-07,738927.0,739012.0,2.6981624345623283,1.7472552766297784,0.24062548701800368,0.27392277963491873
2024-05-20,739025.2595452501,0.45825995453732304,12.53093231365248,-0.19247243719398743,0.082879242441656,-0.005749865389507811,-0.005303937911392384,-0.0022201789634068722,2024-02-20,2024-05-07,738935.0,739012.0,3.8251256268778917,0.527128647048857,0.24062548701800368,0.22359910337603967
2024-05-21,739026.7111794561,0.017763061699288766,7.127963076743915,-10.43814733875748,10.019940254600803,0.03654755593086443,0.03293697921343832,-0.015839168059377223,2024-02-27,2024-05-07,738942.0,739012.0,1.9860143769190486,0.6832178046480435,0.24062548701800368,0.2700562143982589
2024-05-27,739032.3961650525,0.9341482446615195,5.708731104799573,0.046576319814037315,0.005097194861613818,0.0014381428649132913,0.0013340664069653482,-0.0005371421801605001,2024-03-05,2024-05-07,738949.0,739012.0,1.2795025428433524,0.5799698546008639,0.24062548701800368,0.12443165798973199
2024-05-19,739024.0830277452,0.018285406946914055,3.036938840107555,-7.454939594458039,7.22990389969182,0.09177578725614897,0.03457416148247291,0.08501424871319985,2024-03-12,2024-05-07,738956.0,739012.0,0.835665786243951,0.4743216961032774,0.24062548701800368,0.09605095077011415
2024-05-23,739028.3409267948,0.4348955978220729,4.0499663962310235,0.13382990406001052,0.016120556818628406,-0.014078054270288047,-0.003607064138239965,-0.013608111564056143,2024-03-19,2024-05-07,738963.0,739012.0,0.8933420827059848,0.12296202180107649,0.24062548701800368,0.017500480447323014
2024-06-19,739055.4093534525,0.24823753542446308,4.5859591785824225,-0.9160824641145724,0.417282104529552,-0.028163056731550104,-0.025688921696895385,-0.011542836155611285,2023-11-15,2024-05-08,738838.0,739013.0,1.1929222530241523,0.8020237632685931,0.22373599864969324,0.34190265781446233
2024-06-05,739041.6585092,0.40269560036281604,8.179401408248406,-0.4410563155236734,0.1401587510326244,0.008086933786076576,0.0017459177407009704,0.00789621867118005,2023-11-22,2024-05-08,738845.0,739013.0,2.507275617722503,0.8532802516264573,0.22373599864969324,0.535049458680291
2024-07-06,739072.0249592838,0.34969540140863736,11.234637859405716,-0.8997898825961211,0.245753268138421,0.007636115374052515,0.007568966013098591,-0.0010104511360771575,2023-11-30,2024-05-08,738853.0,739013.0,2.3445339699124563,1.0017461083000558,0.22373599864969324,0.5922262502143044
2024-07-09,739075.110501267,0.9428897532675524,5.007915787218497,0.003871784095408109,0.003915718659153593,0.001191770563976971,0.0011875235040606441,-0.00010052365127429917,2023-12-07,2024-05-08,738860.0,739013.0,0.9901056342284698,0.6186182457681917,0.22373599864969324,0.32854957470474083
2024-07-01,739067.7217006707,0.018537542847536285,7.040333492388946,-23.99682954143655,22.35474118183378,-0.07466967286640779,-0.07465326988525571,-0.0015650371930173896,2023-12-14,2024-05-08,738867.0,739013.0,1.456272972655755,0.7882869440054048,0.22373599864969324,0.3076608544041178
2024-06-18,739054.838092314,0.1811308285385305,10.799716953121537,-1.8779984167649586,0.9948242834139753,-0.019583994613698624,-0.017373907161916627,0.00903770960799686,2023-12-21,2024-05-08,738874.0,739013.0,2.5160121356069585,0.851971558911205,0.22373599864969324,0.4829398495913312
2024-06-30,739066.4792480773,0.22311331885617874,3.186055993718194,1.7916330161922447,-0.5139851930685767,-0.13300835819420012,-0.11002729904265725,-0.07473430815157334,2023-12-29,2024-05-08,738882.0,739013.0,0.6278841475603183,0.2706099541144734,0.22373599864969324,0.2523164854086863
2024-06-23,739059.5229862535,0.723494719805864,4.091998232849146,0.1336064381555461,0.00728467735384931,0.005969844942441279,0.0016280774397489917,0.005743553994433417,2024-01-08,2024-05-08,738892.0,739013.0,0.8343796516601458,0.2157482086358092,0.22373599864969324,0.23343628905880145
2024-05-16,739021.3009726898,0.609575112464907,7.761517801776402,-0.0816625355289884,0.03881614647416495,-0.0019270605185150458,-0.0008779770395392789,-0.0017154353849857828,2024-01-16,2024-05-08,738900.0,739013.0,3.3129105936337475,1.5819677796184528,0.22373599864969324,0.4027883916505922
2024-06-14,739050.7276572355,0.8380598324149278,8.34629388613547,-0.20361728741415658,0.013570599500800307,0.0001069417551282111,0.00007612186107838707,0.00007511325619266552,2024-01-23,2024-05-08,738907.0,739013.0,1.7767089798947482,12.741867337969305,0.22373599864969324,0.3193499542620544
2024-05-28,739033.1631124498,0.42507840902887206,7.496087886629679,-0.4323795560967966,0.1346025012167527,-0.003733830514737794,-0.001802173875420682,-0.003270116150160159,2024-01-30,2024-05-08,738914.0,739013.0,2.119599717906556,2.0442448211713016,0.22373599864969324,0.39580218328863653
2024-06-10,739046.7975592387,0.5785073097361112,10.930302581395523,-0.35619034948754363,0.056382646295898745,-0.0006193814249183397,-0.00038927055815966176,0.00048176942834092144,2024-02-06,2024-05-08,738921.0,739013.0,2.286346159923915,4.817968373643091,0.22373599864969324,0.3209325491216075
2024-05-12,739017.2727795098,0.7151151653001423,12.511672596743376,0.018773990663052673,0.020150099046660586,0.0015973222839168126,0.00005993533991495455,0.0015961974294323653,2024-02-13,2024-05-08,738928.0,739013.0,6.052404478421568,0.7210165800246008,0.22373599864969324,0.2721898746641179
2024-05-27,739032.905745989,0.18459345413133613,2.9478668754562722,-0.05744420838337829,0.16864302902949316,0.06577328689998986,0.02861489782823341,0.059222570797865075,2024-02-21,2024-05-08,738936.0,739013.0,0.7425657907473765,0.16055627287525281,0.22373599864969324,0.11771810218558466
2024-05-14,739019.3306913023,0.2067829034365523,4.150058611679708,-0.28234617191550765,0.2632776195437719,0.03141424774798727,0.005644952402522614,-0.030902903972688033,2024-02-28,2024-05-08,738943.0,739013.0,1.6444300008773487,0.4175876794608398,0.22373599864969324,0.2474240131596287
2024-05-19,739024.7910664974,0.8367885843680598,2.2069076700271877,0.19285585647252687,0.0035564330300677524,-0.006139871016468656,-0.0037437031286433487,-0.004866487746153056,2024-03-06,2024-05-08,738950.0,739013.0,0.6488659078629282,0.2196276274412206,0.22373599864969324,0.08962311573501171
2024-05-15,739020.6449900545,0.4570685590860274,4.783004384090608,0.05305101982485436,0.03523581620474533,0.008970392560869574,0.007694068726875565,0.004611859616490903,2024-03-13,2024-05-08,738957.0,739013.0,1.6132705869230328,0.37536472393860587,0.22373599864969324,0.14378289040286735
2024-05-12,739017.1505665053,0.37449989502542175,14.249878583376425,0.07495405807863639,0.041254778692938525,0.004762002936579174,0.004543056808977548,-0.00142734256518588,2024-03-20,2024-05-08,738964.0,739013.0,5.7829802311736165,0.22768013445302426,0.22373599864969324,0.07868218572348423
2024-08-01,739098.9610237919,0.20865733087175703,5.708179689387801,-1.4733446980831595,0.6622288545942625,-0.03605258805959115,-0.003174700771624923,-0.03591253793322353,2023-11-16,2024-05-09,738839.0,739014.0,1.015994315753448,0.6714407037005028,0.20122322399062584,0.3654570190693916
2024-07-19,739085.5301139266,0.10806104643993678,8.283761476375343,-4.565382976231424,2.9346001980140635,-0.04695995434947925,-0.031617638233980776,-0.034721207712438404,2023-11-24,2024-05-09,738847.0,739014.0,1.5878525887342603,0.815197539205417,0.20122322399062584,0.3224473392812158
2024-05-24,739029.767362934,0.16969478873971247,13.634241542867137,-1.1775585718549848,0.7685323970955654,-0.022817343192766796,-0.008907452501803316,0.021006866503708234,2023-12-01,2024-05-09,738854.0,739014.0,5.232241726477115,0.4192128890524378,0.20122322399062584,0.5756673807455319
2024-07-12,739078.28232265,0.027564200319530892,3.512963953238394,4.341960312246415,-3.467181429848772,0.24475304619788227,0.2166523944226283,-0.11386743877897927,2023-12-08,2024-05-09,738861.0,739014.0,0.680941873863352,0.11115273827471775,0.20122322399062584,0.32328357484362613
2024-06-21,739057.288721681,0.3322208363674147,4.769382742466816,-0.49586987313065484,0.18887979603191457,-0.024628252485488,-0.0067427991085237055,-0.0236872429943005,2023-12-15,2024-05-09,738868.0,739014.0,1.1199189557503268,0.5342156407461912,0.20122322399062584,0.2745194365830706
2024-06-23,739059.7623955943,0.38431351933570757,5.074095002578382,-0.42479018515782435,0.13492190360366124,0.019041398028285483,0.017958530105315,-0.0063297737185533795,2023-12-22,2024-05-09,738875.0,739014.0,1.12704734958356,0.536674174176042,0.20122322399062584,0.2694669378792944
2024-06-27,739063.1690882855,0.5498049886122359,2.9483252629410353,1.0253430887056743,-0.05916540164724353,-0.03321010817770317,-0.02436003191828087,0.022572109562800816,2024-01-02,2024-05-09,738886.0,739014.0,0.6014910295727321,0.33222385181603303,0.20122322399062584,0.2458924252565303
2024-06-22,739058.4970139762,0.0708220245895468,4.624456936475253,-3.675430697551235,2.9323661338353797,-0.08331864192522777,-0.05654875132156878,-0.061190152935220656,2024-01-09,2024-05-09,738893.0,739014.0,0.9667656700973517,0.5389936030933776,0.20122322399062584,0.2375844911485016
2024-07-03,739069.5779380187,0.9976063814963634,2.8724644898768297,0.6941481695178364,-0.004438740526668847,-0.004084437719215274,-0.00215434830753761,0.003470074185368133,2024-01-17,2024-05-09,738901.0,739014.0,0.5072778385395096,0.3774261876106489,0.20122322399062584,0.21827205538140482
2024-06-23,739059.1701108307,0.7954773776266473,14.823822294640644,-0.2729718180168582,0.017167008836289733,0.00045197330803426107,0.00020433013073358703,-0.0004031489412733564,2024-01-24,2024-05-09,738908.0,739014.0,2.849945391012499,2.038212573177213,0.20122322399062584,0.3209410026451456
2024-05-11,739016.3278003905,0.8784833576106785,12.680291663081226,0.0627976230825438,0.009430135677140272,-0.0012807657507193657,-0.0002615880595097705,0.0012537673609317058,2024-01-31,2024-05-09,738915.0,739014.0,7.615290609702255,0.5100967202783788,0.20122322399062584,0.26544270318834695
2024-05-27,739032.0571462379,0.066359426843712,14.674638656353236,-3.7082696448594605,3.0919527537363742,0.02655325314343888,0.025991996617012427,0.005430595212383398,2024-02-07,2024-05-09,738922.0,739014.0,4.221393290414161,0.5265629808557503,0.20122322399062584,0.4410732685663425
2024-05-10,739015.19560186,0.06153647846627511,3.3632838418172355,-1.0073264572991885,1.04498783852325,-0.07266559823760652,-0.01127524644605253,0.07178549982280558,2024-02-14,2024-05-09,738929.0,739014.0,2.2899253822248373,0.2631185707380289,0.20122322399062584,0.35250043387021557
2024-05-20,739025.2674794184,0.5268767278731429,6.975245181985303,-0.06013747834389161,0.04528258128802139,0.006751754086039876,0.0008789328434414154,-0.006694300582964294,2024-02-22,2024-05-09,738937.0,739014.0,2.285178675467596,0.5065987313836661,0.20122322399062584,0.2199296721753005
2024-05-30,739035.7094719392,0.6921770702046751,9.464750802730766,-0.07455310713591413,0.021608151263459767,-0.002511131576093064,-0.0010316557567946443,-0.00228942529730151,2024-02-29,2024-05-09,738944.0,739014.0,2.1704821895741153,0.6292977321690644,0.20122322399062584,0.20290536444828397
2024-05-18,739023.1454046567,0.7669530452839635,6.091905328395646,0.06382644574773468,0.01117784589884858,0.0027109398252189126,0.002247422018994685,0.0015160108853487172,2024-03-07,2024-05-09,738951.0,739014.0,2.0025537952342343,0.519103397154963,0.20122322399062584,0.17904880721326283
2024-05-09,739014.2330295006,0.9701104185765261,7.081132298377671,0.1421491872572304,0.0033234782206965113,-0.000555599391053877,-0.000407172650946494,0.00037802263908480867,2024-03-14,2024-05-09,738958.0,739014.0,6.182813205925278,0.8195010914308922,0.20122322399062584,0.11277516810362143
2024-05-29,739034.8958612151,0.1557469800258753,8.049761725384446,-0.22537005914858202,0.23864218890553782,0.021993588832831954,0.004571809342689933,0.021513170595748175,2024-03-21,2024-05-09,738965.0,739014.0,1.546942703960568,0.20993639299118594,0.20122322399062584,0.050964482723789575
2024-07-06,739072.9877982471,0.3860887440801438,4.858860082115113,-0.48824176108257566,0.13876186927198775,0.015481603336213066,0.012165480419096018,-0.009575026267976234,2023-11-17,2024-05-10,738840.0,739015.0,1.0754857915091691,0.712208172916284,0.19971814406271116,0.35864818421704453
2024-07-20,739086.6958420535,0.6333196261904407,10.065513603311182,-0.46155035759563035,0.038631553020408486,0.003277997224777834,0.002780342633914907,0.0017363642024892988,2023-11-27,2024-05-10,738850.0,739015.0,1.9133094264610309,0.7415161129667623,0.19971814406271116,0.47415143061954346
2024-06-11,739047.4209975688,0.45288198555998027,3.519874121482662,-0.07204695779342984,0.05648540676797087,-0.017343944349599086,-0.0028838964998808745,-0.017102501179066313,2023-12-04,2024-05-10,738857.0,739015.0,0.9918050079724765,0.4190311441435493,0.19971814406271116,0.3222984037343222
2024-05-27,739032.8676079321,0.403872134351421,13.093005777964654,-0.34909687271023515,0.13124269232694258,0.009326183892026118,0.009095485727502938,-0.002061515308863304,2023-12-11,2024-05-10,738864.0,739015.0,4.680513708417557,0.43408590712567946,0.19971814406271116,0.5081965122672051
2024-06-09,739045.1122710741,0.9681889373829773,14.278162044795907,-0.0023228875602334513,0.005016851408912448,0.0007894292665838755,0.0007509199717745369,0.0002435523823108376,2023-12-18,2024-05-10,738871.0,739015.0,3.9876041165645613,0.43092910228621234,0.19971814406271116,0.43536858833624176
2024-06-13,739049.9876729565,0.609636039156411,7.337521090801076,-0.27471092556770577,0.042123472477343396,-0.003575725778283924,-0.003537479762063414,-0.0005215858265673486,2023-12-26,2024-05-10,738879.0,739015.0,1.8528307865071805,0.9787713086369256,0.19971814406271116,0.439339452526294
2024-06-09,739045.2794287337,0.4595203412619292,4.195785805830573,-0.16923418788153535,0.06812361281709073,0.015599522690254834,0.006553659623742955,0.01415608186257401,2024-01-03,2024-05-10,738887.0,739015.0,1.1044370493239601,0.4782751241818028,0.19971814406271116,0.26584872860017356
2024-05-16,739021.5319011718,0.4372113239714276,4.265676726931915,-0.13280010080113666,0.08603418982032092,0.0107375655219072,0.009459392857376103,0.005080866078442948,2024-01-10,2024-05-10,738894.0,739015.0,2.0174762501611383,0.8212373798915822,0.19971814406271116,0.4538242911140228
2024-06-15,739051.3056760248,0.08320070641577916,6.690346521991971,-4.4400847189108354,3.323283220574839,0.042215127557091135,0.039661072882184956,0.014460853795522878,2024-01-18,2024-05-10,738902.0,739015.0,1.5056526616127834,0.9789886352597654,0.19971814406271116,0.39605387301639844
2024-05-25,739030.9494663371,0.6852077866150627,11.382853314583599,-0.11782633735214203,0.027876031733157197,-0.001247652821414344,-0.000765480138591531,-0.0009852297804091507,2024-01-25,2024-05-10,738909.0,739015.0,3.6851990055140735,1.3449568384569324,0.19971814406271116,0.37525163739206135
2024-06-18,739054.5820980715,0.0947641431023474,8.507139645500768,-4.112026475487732,2.9351251778436214,-0.010108333112033718,-0.0013170665807004562,0.010022162138273323,2024-02-01,2024-05-10,738916.0,739015.0,1.6966199153140864,3.2345030171514755,0.19971814406271116,0.463994340607408
2024-06-11,739047.0628009555,0.9832437285218123,14.98723042015246,-0.0790093410918249,0.0057464457621316176,-0.00033606884477621835,-0.00012096335321293384,-0.00031354447150078245,2024-02-08,2024-05-10,738923.0,739015.0,3.2275177970424482,1.1217881795362163,0.19971814406271116,0.2767289747907175
2024-05-27,739032.104438154,0.7675134074816594,12.787882695402809,-0.03526998141614446,0.01519005003606209,0.00153946913642611,0.0014066463564774735,-0.0006255487589446575,2024-02-15,2024-05-10,738930.0,739015.0,3.6363046196594353,0.5922097386690017,0.19971814406271116,0.22957056037782836
2024-06-16,739052.6984205556,0.7630172839755651,6.279945017273498,-0.036749518522903556,0.011435554676816487,-0.003032954801315844,-0.0020645089416595312,-0.0022218500526886764,2024-02-23,2024-05-10,738938.0,739015.0,1.1121142330155234,0.4581100620485526,0.19971814406271116,0.10646542582002327
2024-06-02,739038.4727017396,0.827117926352404,4.565529257632246,0.05779238987178528,0.0071621064338176065,-0.002993597601913555,-0.0008367432005337903,0.002874280330542424,2024-03-01,2024-05-10,738945.0,739015.0,1.0040753205710515,0.4334346744871036,0.19971814406271116,0.10071430012342036
2024-05-12,739017.6320530918,0.012341521897578204,11.494238518771578,-5.540381031079395,5.559505734943799,-0.03359509191240364,-0.03326070784822873,-0.004728161803240669,2024-03-08,2024-05-10,738952.0,739015.0,5.883786265808586,0.17768422078504617,0.19971814406271116,0.3272726142323047
2024-05-15,739020.1094670135,0.08506365069993028,2.733683591947744,-0.2462000703495377,0.35128909363025745,0.05177710448688463,0.030088228183524225,-0.04213747825655857,2024-03-15,2024-05-10,738959.0,739015.0,1.0796803706320297,0.21111674346746523,0.19971814406271116,0.024366659536033862
2024-05-15,739020.7214618577,0.007084992122367019,12.55811152534426,-3.8548856853047604,3.9707717091561703,0.01314878544334788,0.007332887657689727,-0.010914179640948686,2024-03-22,2024-05-10,738966.0,739015.0,4.51309516607,0.1703743909293239,0.19971814406271116,0.07762464595717926
2024-05-13,739018.6897697615,0.942254063287338,9.858521369380993,0.14441095071155113,0.004805714214747747,-0.0008462684136407026,-0.0004874320964985149,0.0006917948967931274,2023-11-20,2024-05-13,738843.0,739018.0,8.692623403003294,0.5427577657463989,0.20314309102440056,0.6657006009320239
2024-06-29,739065.9608765785,0.25747827697303066,3.3991431917083776,0.02992478514738003,0.10170794328338914,0.057323309437213886,0.004885717372115903,-0.057114722888186885,2023-11-28,2024-05-13,738851.0,739018.0,0.8115237664596399,0.13439860189124903,0.20314309102440056,0.3552270142900736
2024-06-29,739065.021377895,0.07304225320694503,8.253352613024552,-5.731008789576371,4.359096849738373,-0.04348923849333321,-0.03096849538401364,0.0305330338875838,2023-12-05,2024-05-13,738858.0,739018.0,1.9469872946991884,0.887071194463403,0.20314309102440056,0.49934515896845355
2024-07-27,739093.6707209488,0.9667315528816802,3.3819126350475317,0.6301282167561811,-0.0032056978637712776,0.0032005763361002294,0.0016793465199434505,-0.0027246071550149366,2023-12-12,2024-05-13,738865.0,739018.0,0.5952441534016488,0.2863109165602479,0.20314309102440056,0.33865314557878334
2024-05-13,739018.6270251137,0.887389177978418,3.5084868971386043,0.11469838561308082,0.006311995079417287,-0.002279332724371809,-0.0022346434597141345,0.00044913948429085523,2023-12-19,2024-05-13,738872.0,739018.0,3.0458445872575197,0.7004113821248008,0.20314309102440056,0.345785927326647
2024-06-21,739057.476079238,0.8689569688536509,9.8338754642166,-0.10410901127737701,0.008946358534134976,-0.0008433552540145822,-0.0006391879192309753,-0.0005501698722968904,2023-12-27,2024-05-13,738880.0,739018.0,2.352580743917326,0.937366245392992,0.20314309102440056,0.49533207946421653
2024-06-30,739066.2625700368,0.005083537078200973,14.564888142670581,-89.27631426371964,87.57890547909679,-0.026055828991504392,-0.025875813273512294,-0.003057533625137402,2024-01-04,2024-05-13,738888.0,739018.0,3.0287983427394383,1.1731497704946279,0.20314309102440056,0.5588121023840674
2024-06-18,739054.6664249317,0.6927117699789719,12.919489101745647,-0.25835613787209766,0.027752272256440936,0.0008517275891306143,0.0008200128438864063,0.00023025816369366073,2024-01-11,2024-05-13,738895.0,739018.0,3.025134296511924,1.7470488924682515,0.20314309102440056,0.41204207392369063
2024-06-20,739056.5893672146,0.3352990920051873,8.211454346063835,-0.9706351079442047,0.2971920586881277,0.003438787875969193,0.0010343038296530196,0.003279554488627658,2024-01-19,2024-05-13,738903.0,739018.0,1.8052196612368538,3.528938649446526,0.20314309102440056,0.45648279429749034
2024-05-25,739030.4579067372,0.0003791144134479564,12.810332207307596,-677.9974601650748,677.3225579960532,-0.04026941279243916,-0.005578654736264677,-0.039881126087178344,2024-01-26,2024-05-13,738910.0,739018.0,4.625987635019063,0.49777163689614146,0.20314309102440056,0.6768742351916837
2024-05-14,739019.8876860697,0.6698913293431422,3.1931245508212776,0.08361330563486691,0.016890571757229758,-0.006632769652480699,-0.0008125471095584071,0.006582810984497221,2024-02-02,2024-05-13,738917.0,739018.0,2.0319352635300265,0.5342418843851139,0.20314309102440056,0.2838622589499263
2024-05-21,739026.8503248122,0.41925507817019836,11.221521680489756,-0.21943735774994588,0.10455580919786922,-0.001842070991714742,-0.0005088144379657484,-0.001770404870710238,2024-02-09,2024-05-13,738924.0,739018.0,4.380641084382651,2.120647001726055,0.20314309102440056,0.4277175381256774
2024-06-04,739040.7574933891,0.23566618164616232,10.645525707870771,-0.723535366028469,0.3843715219936393,-0.016701811735938377,-0.011926033527268818,-0.011692743030152893,2024-02-16,2024-05-13,738931.0,739018.0,2.665756974656506,0.5094690097183268,0.20314309102440056,0.2713971368448166
2024-06-13,739049.1972029983,0.6801571594870229,13.24430600497419,-0.15350547779218868,0.024251296177932775,-0.002272982347948994,-0.0013448863720786402,-0.0018324108164614386,2024-02-26,2024-05-13,738941.0,739018.0,2.6214374873123103,0.5479222796783331,0.20314309102440056,0.22277766119258163
2024-06-02,739038.2425024632,0.22975973746068085,9.269308997733795,-0.6019956470774842,0.34755054709316,-0.015511195742811353,-0.013993774243666051,-0.00669114906343579,2024-03-04,2024-05-13,738948.0,739018.0,2.2050893269251017,0.5553915456587541,0.20314309102440056,0.2648595773962369
2024-06-11,739047.4796928732,0.22220147277773267,12.706085713728001,-0.7069521053018739,0.38336254254748786,0.014091288852683211,0.009520296038712168,0.010388858689241833,2024-03-11,2024-05-13,738955.0,739018.0,2.311997407622,0.4757667769372762,0.20314309102440056,0.2242196706471889
2024-06-01,739037.4878699664,0.9842863242732018,2.1178491379682245,0.30776872618369705,-0.001067091677061163,-0.003627170210491564,-0.002396024451832336,-0.0027231288184915107,2024-03-18,2024-05-13,738962.0,739018.0,0.45644817089301803,0.13672887079869184,0.20314309102440056,0.02479412717484508
2024-05-21,739026.501174363,0.3976154677499152,7.092745285967562,0.1264315403696179,0.01888890063604004,-0.007361815687091109,-0.007089539869633935,0.0019836215988871427,2024-03-25,2024-05-13,738969.0,739018.0,2.1579021981375344,0.14383701072365873,0.20314309102440056,0.059047644687989745
2024-05-29,739034.5088266614,0.7828276986782297,4.4080849207442,-0.014054912340065371,0.012956962650975424,0.0024043922915451678,0.0005472995072874193,0.002341274341243413,2023-11-21,2024-05-14,738844.0,739019.0,1.7597367060822575,0.9570047894613553,0.17283389264152837,0.3607686343059694
2024-07-24,739090.1115223153,0.26945706762973126,3.856588870774234,0.28100458360562436,0.024018832004681228,0.05982250458416238,0.006138486240107805,0.05950673105962161,2023-11-29,2024-05-14,738852.0,739019.0,0.7417651946545194,0.028052626441228187,0.17283389264152837,0.36340124741366864
2024-07-28,739094.0935366559,0.2677268337264587,6.444368092198484,-1.1946838050957473,0.42362693665836315,-0.02671033436423342,-0.003896285013821452,0.026424627243165032,2023-12-06,2024-05-14,738859.0,739019.0,1.1705254734418542,0.658894383855286,0.17283389264152837,0.3155411180750558
2024-06-04,739040.5621153362,0.07020443830528757,8.783405657717356,-3.9757323392285855,3.2215541669427035,-0.030526704826828042,-0.016529269141782887,-0.025664430038923342,2023-12-13,2024-05-14,738866.0,739019.0,2.9235349829150947,0.8435039848934226,0.17283389264152837,0.6380921397986821
2024-07-16,739082.7150443395,0.08760773722203342,6.803507174469448,-4.58579439220938,3.2586464574734526,-0.06328095361106434,-0.061392301339389874,0.015344850151735796,2023-12-20,2024-05-14,738873.0,739019.0,1.2899850608348185,0.663092087898685,0.17283389264152837,0.2759153248662168
2024-05-20,739025.463259253,0.7293728205827282,14.689420395670577,-0.003498398868887594,0.01858746507097907,0.0028751375140918392,0.002770634749439338,-0.000768113800251902,2023-12-28,2024-05-14,738881.0,739019.0,7.263582572251825,0.3210010550219989,0.17283389264152837,0.3843813852622008
2024-05-21,739026.285326162,0.30254046360511705,10.740227877022441,-0.42232130410724933,0.23432081859150808,0.00863086049295858,0.008255654965560038,0.0025171241404700604,2024-01-05,2024-05-14,738889.0,739019.0,5.019022549769695,0.7647627939090287,0.17283389264152837,0.6522121813741381
2024-06-03,739039.7506880813,0.8074022436761321,8.200422508767216,-0.07496009283718584,0.013468022023338062,0.0007112384964216687,0.0003995306247829771,0.000588417775609031,2024-01-12,2024-05-14,738896.0,739019.0,2.526095551749885,1.8644137003272259,0.17283389264152837,0.40193028009524645
2024-05-17,739022.3145759685,0.49758874080929505,7.190986315424649,-0.10776252888960167,0.06583892889390458,-0.003920730649573981,-0.001702306840196613,0.0035318947108214645,2024-01-22,2024-05-14,738906.0,739019.0,4.072027616143511,1.161977802466086,0.17283389264152837,0.5481387852158712
2024-06-08,739044.1712991613,0.2886138490110684,10.715439373089815,-0.867846310030026,0.3554302446456167,0.004611197082632717,9.79928870793381e-6,0.004611186670350923,2024-01-29,2024-05-14,738913.0,739019.0,2.8152987612706815,2.0760981400539427,0.17283389264152837,0.5200705377198376
2024-06-17,739053.4208093517,0.9135310510580226,2.5797359541989495,0.28563421122364857,0.000361729014721961,0.0038255862905805533,0.003422470370951752,0.0017093294084626442,2024-02-05,2024-05-14,738920.0,739019.0,0.5562699259403354,0.033483696759337066,0.17283389264152837,0.19800553266413157
2024-06-18,739054.0156544992,0.5953851440221082,5.211292055412615,-0.1064693858112978,0.02972843955043624,0.006425486837143249,0.005898322144914543,-0.0025488579735073245,2024-02-12,2024-05-14,738927.0,739019.0,1.0686981564872793,0.528589651474862,0.17283389264152837,0.1704263975126928
2024-05-20,739025.7087843346,0.4305731919196599,12.988931547916776,-0.10983415828014793,0.07810668187280734,0.006646343953803442,0.00613141978696399,-0.0025650690728099366,2024-02-20,2024-05-14,738935.0,739019.0,5.383614712343081,0.38956410576046197,0.17283389264152837,0.30998055221051546
2024-06-16,739052.5774288364,0.3340555978869733,6.371720944831521,-0.4467569060792651,0.17196920993673506,-0.02027836982553198,-0.0062290038609476355,-0.019297973823211217,2024-02-27,2024-05-14,738942.0,739019.0,1.2086562969512458,0.4446104472759122,0.17283389264152837,0.11124181821922989
2024-05-26,739031.276081687,0.3746299258506219,8.612323591778928,-0.14217672301355835,0.09581660015716578,0.009851456107117042,0.009135935562423985,-0.0036859013591915898,2024-03-05,2024-05-14,738949.0,739019.0,2.6076459215389853,0.4230799625147314,0.17283389264152837,0.25040003825119383
2024-06-01,739037.6654823645,0.04066420581401343,10.622046490113613,-3.1278036077676807,2.877717134501834,-0.023758037025588923,-0.016694358568466475,0.016903926032041317,2024-03-12,2024-05-14,738956.0,739019.0,2.495178289062586,0.4637048568948479,0.17283389264152837,0.2383893129729429
2024-05-22,739027.1321868029,0.12154679446432362,13.450336328753156,-0.24934971880330845,0.3040165768937287,0.011217762738336067,0.004731824919698777,-0.010170940653790029,2024-03-19,2024-05-14,738963.0,739019.0,4.4207691156593985,0.2449071024742275,0.17283389264152837,0.09592600909662075
2024-05-20,739025.7059011533,0.5337633042195583,14.866186819284865,0.13126937079362858,0.011558390107437214,-0.0019683669697233255,-0.0018972289144511738,0.0005243958177447717,2024-03-26,2024-05-14,738970.0,739019.0,5.009111700686484,0.21083388255716715,0.17283389264152837,0.06522411514190495
2024-08-05,739102.4702877433,0.07026397477593817,5.971510355638513,-5.197474969548528,3.9410634597906746,0.07399780623426262,0.0731891495371502,-0.010909799150861781,2023-11-22,2024-05-15,738845.0,739020.0,1.0819930729370324,0.6266760644871486,0.21243969253085157,0.35850791048516134
2024-05-28,739033.8799427646,0.3459613764985377,12.53163869221603,-0.38697557257358484,0.17741468903078805,-0.008869770550979521,-0.00836680882239098,-0.0029443742555225615,2023-11-30,2024-05-15,738853.0,739020.0,5.120585459129428,0.552200684205028,0.21243969253085157,0.659200740287299
2024-05-27,739032.1872131838,0.2817199279345837,7.057277617743692,-0.5550824274906588,0.2878648817461113,0.011871386172539408,0.0012768140168861336,0.011802523273598872,2023-12-07,2024-05-15,738860.0,739020.0,2.9744542946770918,0.9679827546108455,0.21243969253085157,0.6624582373936866
2024-06-23,739059.6378432226,0.43034500722121993,12.336998448261255,-0.5359427357060691,0.12768808439349313,-0.006650577590310162,-0.0022498675029116056,-0.006258456559254688,2023-12-14,2024-05-15,738867.0,739020.0,3.1043387906798703,0.6697277059719288,0.21243969253085157,0.5558459760504023
2024-05-17,739022.2348472418,0.478924423477861,5.360558056831057,-0.07106515856673636,0.06441816486866364,0.008057281355080846,0.005815974446115249,-0.005576219514784893,2023-12-21,2024-05-15,738874.0,739020.0,3.5786833335497437,0.7142936684848905,0.21243969253085157,0.583183540158534
2024-07-02,739068.8860498469,0.915368736211212,7.076245236064375,-0.11664009625569532,0.006536248545116626,-0.00115002817607243,-0.0011456639497271148,-0.00010009455557695027,2023-12-29,2024-05-15,738882.0,739020.0,1.5102681043229413,0.7352131684587008,0.21243969253085157,0.3025151350635042
2024-05-16,739021.8776185847,0.7765326060268136,3.6585091554120566,0.09167281526501503,0.010698413972744299,-0.0037640410364141604,-0.0028322218376545167,-0.002479218503101866,2024-01-08,2024-05-15,738892.0,739020.0,2.4668375196595,0.6032823217992063,0.21243969253085157,0.3391826311476315
2024-05-17,739022.2522841974,0.8694106741537,3.4588892550909813,0.1100754635974524,0.00655253595211804,-0.0025707940987266843,-0.0025426426827409162,0.00037940807312446945,2024-01-16,2024-05-15,738900.0,739020.0,2.198772417152629,0.6406641592330642,0.21243969253085157,0.29472165976989295
2024-06-19,739055.2151283968,0.62958477733131,12.385466222473717,-0.31875144178365955,0.04082477432522888,-0.0008732393846546058,-0.00014101480187065727,-0.0008617783059263754,2024-01-23,2024-05-15,738907.0,739020.0,2.832998729474366,2.376470005364203,0.21243969253085157,0.43217623169606983
2024-05-24,739029.6313785408,0.38757133175393477,5.736415223880579,-0.2710521419752482,0.1289654450858279,0.00879340637717476,0.002516790742138177,0.008425542123473436,2024-01-30,2024-05-15,738914.0,739020.0,2.2691002530183044,0.9908941919223474,0.21243969253085157,0.5405039317371204
2024-05-21,739026.4282253189,0.8699518096617314,12.990113280729652,0.030841181819656668,0.009353131057003798,-0.0009342261151550657,-0.000020875885963400126,-0.0009339928434538321,2024-02-06,2024-05-15,738921.0,739020.0,5.783317918078907,0.6704822328798199,0.21243969253085157,0.33354028145477793
2024-06-20,739056.2982904706,0.3165146281836449,5.831256505539082,-0.507945842575245,0.2001534696993652,-0.021651325425775306,-0.01697296848357921,0.013442404306828868,2024-02-13,2024-05-15,738928.0,739020.0,1.171773559908058,0.5017764518542371,0.21243969253085157,0.15926595432918125
2024-06-05,739041.3691878393,0.7314469064244818,4.473187028546924,0.07525917046148285,0.009096472439075272,0.004641093844047898,0.00042026255253527195,0.004622026769307572,2024-02-21,2024-05-15,738936.0,739020.0,1.1358984156242693,0.3204928968156562,0.21243969253085157,0.11455715678200902
2024-06-18,739054.7044545817,0.6711833448929555,8.196647407576293,-0.10321210024039965,0.020592915976135412,0.0037948084650393566,0.003776526766292448,-0.00037204417723042655,2024-02-28,2024-05-15,738943.0,739020.0,1.5249887365289778,0.4443578986463729,0.21243969253085157,0.1777907097783206
2024-05-29,739034.0102182103,0.5417093899864823,7.86999968252566,-0.03005408686384423,0.03486624066649504,-0.00504882388878315,-0.004849479146696378,0.0014046973573351577,2024-03-06,2024-05-15,738950.0,739020.0,2.2435056515234835,0.47534239539669393,0.21243969253085157,0.23957220042604832
2024-06-01,739037.5539422855,0.8362917661440137,12.15234618738939,0.06688142950521384,0.006362746443518589,-0.0007785606139456765,-0.0006330823731381363,0.00045317031942665253,2024-03-13,2024-05-15,738957.0,739020.0,2.9468976425078828,0.5624059091574976,0.21243969253085157,0.16823674761055252
2024-05-24,739029.3846155087,0.9215959098469169,7.424219752027255,0.15286777727135145,0.0018754241534313242,0.0012033973523624202,0.00021706676572125962,-0.001183658399578272,2024-03-20,2024-05-15,738964.0,739020.0,2.293742460199674,0.19345509568564798,0.21243969253085157,0.05807726404616978
2024-06-02,739038.6107870816,0.01093565105788197,11.843167500740721,-2.7151455399070303,2.797521657610139,0.015308163721756392,0.006420086402575866,-0.013896847380451402,2024-03-27,2024-05-15,738971.0,739020.0,2.4315686033091546,0.1687435305314568,0.21243969253085157,0.06225835669256018
2024-05-16,739021.2744010836,0.7702305345596312,4.879046069019392,0.06675800209693605,0.013161457268337048,-0.00229415908086305,-0.0022620531680549974,0.00038246745377710725,2023-11-24,2024-05-16,738847.0,739021.0,5.011529036429319,0.9056622410086952,0.20218361824362097,0.49039268347380327
2024-06-28,739064.2815684258,0.9272354443584467,14.970910233673461,-0.04110082650831678,0.005519153190585829,0.0006137147273146323,0.0006052952567226449,-0.00010130853227611607,2023-12-01,2024-05-16,738854.0,739021.0,3.7663739771288767,0.5569904149769223,0.20218361824362097,0.6536205112888925
2024-07-03,739069.7948256384,0.38332813365047425,4.995828944318092,-0.44726709944151044,0.13484058116449757,0.017982107581666223,0.0176828023659278,-0.0032672149556091513,2023-12-08,2024-05-16,738861.0,739021.0,1.155874776969949,0.5753646278198948,0.20218361824362097,0.3162718553172568
2024-06-15,739051.8337328366,0.881162385813617,4.659340655464453,0.017073389772991224,0.006153078151851108,-0.0019258412006986077,-0.001814408627828942,-0.0006455893908423144,2023-12-15,2024-05-16,738868.0,739021.0,1.323992659465591,0.6042316134352212,0.20218361824362097,0.2772405263261624
2024-06-12,739048.363211613,0.5051785712852762,5.5996874139881445,-0.282748746181054,0.06847783241974952,0.008843264998693047,0.0013498477542920604,0.008739636541489711,2023-12-22,2024-05-16,738875.0,739021.0,1.6453571105120124,0.6985837857049717,0.20218361824362097,0.35810649993826066
2024-05-21,739026.6358124868,0.9568265909429765,13.825630853832111,0.07403138724879449,0.005499512848673702,-0.0010384064825140408,-0.0004949633086598483,0.0009128523133605345,2024-01-02,2024-05-16,738886.0,739021.0,7.078814223531892,0.36652627198462584,0.20218361824362097,0.3613948476425077
2024-05-31,739036.656800623,0.9639596211792523,2.9456101004104305,0.16727123069742975,0.0020514970177047437,0.0024129348658804674,0.0007244160042325816,0.00230162466961781,2024-01-09,2024-05-16,738893.0,739021.0,1.0391240367837475,0.27823315032218443,0.20218361824362097,0.23679392738625846
2024-06-09,739045.3919806856,0.37024532604808497,5.947449415235867,-0.5101882495342286,0.1743129079230276,-0.011579725761746667,-0.011167267865616977,0.003063033975459278,2024-01-17,2024-05-16,738901.0,739021.0,1.6832567562959992,0.9371089840058814,0.20218361824362097,0.467286083689024
2024-05-18,739023.8126654298,0.6827633085244454,7.2223295767068425,-0.0006820765226953847,0.023604819246373428,-0.001464173342410009,-0.0008500361782867988,0.0011921585767957514,2024-01-24,2024-05-16,738908.0,739021.0,4.273545058850757,1.5240564564893389,0.20218361824362097,0.5039045116273195
2024-05-24,739029.4894648223,0.30667199489539404,3.172133680332414,-0.1980096841175439,0.15222791606511543,-0.035041684183131534,-0.021281722777665484,0.027838963809828213,2024-01-31,2024-05-16,738915.0,739021.0,1.3134744406838252,0.4199832481938359,0.20218361824362097,0.2558919135745805
2024-06-21,739057.8529384575,0.3919861844257265,11.399593840628068,-0.6145186862735423,0.16660360704457947,0.002664723487521801,0.0005382745906622708,-0.0026097915108294987,2024-02-07,2024-05-16,738922.0,739021.0,2.3670062441457973,2.1498770938269187,0.20218361824362097,0.4357270786708894
2024-06-07,739043.3007854543,0.03162275240627422,9.762194130928286,-6.882111597101838,6.302496517174504,0.02942406038246026,0.025749973792009696,0.014237772968462487,2024-02-14,2024-05-16,738929.0,739021.0,2.5390768456136374,0.6938446423424329,0.20218361824362097,0.40721930998315
2024-06-19,739055.4458655135,0.7522415852910205,6.02711549443259,-0.00429295257987115,0.010404674190186232,-0.0033807172275527116,-0.0033459375715060077,0.0004836845462242631,2024-02-22,2024-05-16,738937.0,739021.0,1.184732167438402,0.38412048035205115,0.20218361824362097,0.1096504648985569
2024-06-11,739047.3752798055,0.5490519718271666,10.804906816240406,-0.15901741489840832,0.04382773335774739,0.004034122834546821,0.0021801823543453943,-0.0033942527816904046,2024-02-29,2024-05-16,738944.0,739021.0,2.34894232968585,0.552067679969594,0.20218361824362097,0.26794435737701583
2024-05-16,739021.2352595617,0.7939773742202585,5.732867750342091,0.12824176436493975,0.006949642971930911,0.003168504700543767,0.0010797444943490661,-0.002978854455036504,2024-03-07,2024-05-16,738951.0,739021.0,5.199772401069592,0.30376962249868716,0.20218361824362097,0.20027005462556804
2024-06-14,739050.0068633042,0.44348937390311083,5.383299108829956,-0.05801343840688487,0.04709626148085961,0.010815719371946047,0.010174357654574242,-0.0036690914201605194,2024-03-14,2024-05-16,738958.0,739021.0,0.9890059208082487,0.35872837582554423,0.20218361824362097,0.05889524599935193
2024-05-24,739029.7437672559,0.3540072474823606,2.4062396109242785,-0.08625580784600077,0.09967907026126946,0.02931829748678919,0.020985841211113215,-0.020473324990968402,2024-03-21,2024-05-16,738965.0,739021.0,0.7667326677510297,0.5001940402193841,0.20218361824362097,0.022965254935429065
2024-06-07,739043.8629932821,0.6093324903536353,8.002708292869269,0.18691079656487927,0.00032519030288707533,-0.004538189964515751,-0.003177434738781345,0.003240227867730446,2024-03-28,2024-05-16,738972.0,739021.0,1.4586608491533006,0.005455973655002673,0.20218361824362097,0.02220762252314599
2024-06-10,739046.6403185189,0.5169911820197114,5.680242444064968,-0.27284253338848896,0.06560552679860768,-0.006620819279108223,-0.00020382679345687347,0.006617681056448725,2023-11-27,2024-05-17,738850.0,739022.0,1.8776812515376444,0.9018721095482597,0.20447648011316,0.44808713632968117
2024-06-21,739057.1800425994,0.6749279285618625,14.99083462427168,-0.15559984233002958,0.02438133975067934,0.0020955631705457567,0.0014457858827642913,-0.0015169338096790066,2023-12-04,2024-05-17,738857.0,739022.0,4.148395424041067,0.5238276222516398,0.20447648011316,0.623206700517517
2024-06-26,739062.4188482213,0.457992823168763,8.019337388022024,-0.5083122793348666,0.10785347425877614,0.006420197984654616,0.0029628292427489396,0.005695663705001811,2023-12-11,2024-05-17,738864.0,739022.0,2.0307278212589135,0.9594136779095247,0.20447648011316,0.5461895601301685
2024-07-02,739068.2108835344,0.7598242468525935,4.420878435401711,0.05346677103286626,0.008197425215724434,-0.004022237897285282,-0.004021771550157656,-0.0000612478628232113,2023-12-18,2024-05-17,738871.0,739022.0,1.0209713660817488,0.350279148342292,0.20447648011316,0.28007966362659464
2024-05-31,739036.22732235,0.6886582938083735,8.359460438957981,-0.05286201784171737,0.022304372172419176,-0.0022955847893654396,-0.00012807613160087787,0.0022920091687600452,2023-12-26,2024-05-17,738879.0,739022.0,3.196442650854642,0.8004278668070393,0.20447648011316,0.5402172473450021
2024-06-13,739049.9751010068,0.46841561027196577,9.034029188659012,-0.3719427329495929,0.09306038388244613,0.0049912249638253674,0.004636264034198225,-0.0018486163595277264,2024-01-03,2024-05-17,738887.0,739022.0,2.533828209053311,0.9667352740133792,0.20447648011316,0.5697381070629612
2024-06-23,739059.2344447161,0.8091775242543515,4.065213525819537,0.07456301356336337,0.006396836177964353,0.003374099857422911,0.0014471730892013138,0.003047989484521367,2024-01-10,2024-05-17,738894.0,739022.0,0.964113059028359,0.37737032556796735,0.20447648011316,0.2349669491969739
2024-07-02,739068.6709798805,0.9658835337255229,6.013290385201944,-0.054594245959514176,0.004471976338542209,-0.0009505414846411731,-0.0001904543213244331,-0.0009312659477897247,2024-01-18,2024-05-17,738902.0,739022.0,1.218221609536678,0.7556853572257979,0.20447648011316,0.24111065576639637
2024-05-17,739022.1658610181,0.14480875512953276,10.415761330202777,-0.5566937005114805,0.5341284038412003,0.01902368827496758,0.0005014520251872968,-0.019017078152270772,2024-01-25,2024-05-17,738909.0,739022.0,10.817384281461615,0.3903505115452865,0.20447648011316,1.1902163084177184
2024-06-13,739049.4682242369,0.9787792611177573,3.184061746971481,0.12452633246802801,0.002672563333598812,-0.0017100882110599883,-0.0017100880256367265,-7.963543395621424e-7,2024-02-01,2024-05-17,738916.0,739022.0,0.8011019040299274,0.48041080896707644,0.20447648011316,0.2027533357559193
2024-05-27,739032.9842347254,0.7181782520851553,4.358609382075266,0.05846060326995797,0.012784924336706477,0.004569696842159485,0.003089207499442825,0.0033673322162549655,2024-02-08,2024-05-17,738923.0,739022.0,1.5981854814224439,0.46099378768593124,0.20447648011316,0.2624873742413888
2024-06-16,739052.9955597216,0.9627833354539466,5.091574369317912,0.1017268402195192,0.00252826596396399,0.0014847401553485426,0.0002825094987154967,-0.001457615076774364,2024-02-15,2024-05-17,738930.0,739022.0,1.1169078231470586,0.32199473963952935,0.20447648011316,0.13041048021549695
2024-06-06,739042.8401201575,0.4929200594527,12.825227247340605,-0.16862821898896171,0.05964457158296358,0.005366701918471479,0.0008004194464645223,0.005306676755884693,2024-02-23,2024-05-17,738938.0,739022.0,3.297671287538851,0.42714455304392757,0.20447648011316,0.2953425810184246
2024-06-22,739058.8870253463,0.640273972353309,12.846138526449902,-0.16225001169050837,0.02709729987350409,-0.002286412202124992,-0.002161372960551652,-0.0007457530981646954,2024-03-01,2024-05-17,738945.0,739022.0,2.3048909163800153,0.5906969591366651,0.20447648011316,0.2643402391692327
2024-06-13,739049.3278590019,0.10945468330393851,10.554546609946971,-1.359768846734946,1.027751842532077,-0.018170760360555857,-0.01507498146332656,-0.010145021732904694,2024-03-08,2024-05-17,738952.0,739022.0,2.13365652847822,0.5865566052701731,0.20447648011316,0.281829263424363
2024-05-31,739036.8792250464,0.8692480602700059,9.533531723161973,0.13024997452162215,0.00303928560291192,-0.000999819426100171,-0.0006381959256318862,0.0007696394255195972,2024-03-15,2024-05-17,738959.0,739022.0,2.51143916509764,0.27716593753187163,0.20447648011316,0.07904610036569823
2024-05-31,739036.4764980614,0.5649072467760393,8.041389509361883,0.16088435481833216,0.004703713828017274,-0.005433922977027976,-0.0005457617563186021,0.0054064464323261945,2024-03-22,2024-05-17,738966.0,739022.0,2.025649570586651,0.06080978394020973,0.20447648011316,0.04396589046556026
2024-05-18,739023.2382839351,0.5230793739963492,9.733274468305439,0.20136517950139857,-0.002179889550706799,0.006173610554586124,0.0031207720336216983,-0.005326748463543391,2024-04-01,2024-05-17,738976.0,739022.0,5.64100925412953,0.01897596562611917,0.20447648011316,0.035657066351145024
2024-08-14,739111.1859063259,0.9118717794077809,12.675108042755195,-0.23419986695824205,0.006230742305779045,-0.0005502327228262197,-0.0005440347381154764,-0.00008235443517127975,2023-11-28,2024-05-20,738851.0,739025.0,2.2289008018642846,0.8146582887058553,0.20970948482847782,0.6446178379397087
2024-07-07,739073.2459226064,0.8263812958149985,7.943032925529572,-0.18513549570440962,0.011214974586913565,0.001490389876007723,0.00023632792924799405,0.0014715335851973176,2023-12-05,2024-05-20,738858.0,739025.0,1.8905325770640158,0.7828751683203725,0.20970948482847782,0.39995550767095744
2024-06-23,739059.161975776,0.37687438142868,3.876204980079602,-0.18413786797035345,0.09596377210617953,0.02442316453883047,0.02293101866963722,0.008405911542690379,2023-12-12,2024-05-20,738865.0,739025.0,1.0719426696953127,0.38202805455925365,0.20970948482847782,0.31571831102327713
2024-05-22,739027.5840745126,0.8608495418421864,2.9198669505557624,0.14846728096893227,0.00444751241938128,0.003719250222753544,0.0025561621474834303,0.0027016397419391777,2023-12-19,2024-05-20,738872.0,739025.0,1.9043025477602347,0.35255425619452907,0.20970948482847782,0.28295803149530435
2024-05-25,739030.7160354849,0.459667240541184,7.78378716955563,-0.15220089555665628,0.07825653095273274,0.006423134187133385,0.001632880453148334,-0.006212113506017718,2023-12-27,2024-05-20,738880.0,739025.0,4.05359706837228,0.7194923788519301,0.20970948482847782,0.6634710698220161
2024-05-21,739026.9869009741,0.88767963236867,12.50654025205339,0.06824289909526315,0.007586840629854441,-0.0012324554180460023,-0.000734779358735141,0.000989467357444257,2024-01-04,2024-05-20,738888.0,739025.0,8.455158280339198,0.4369269296326974,0.20970948482847782,0.4325171454425454
2024-07-22,739088.7101527896,0.8247961684608243,12.209067995342284,-0.31592161456172485,0.012882640898376584,0.00013667055637664688,0.00005255857325038281,-0.00012616036365747504,2024-01-11,2024-05-20,738895.0,739025.0,2.160801492638322,6.367868127835858,0.20970948482847782,0.475610841419939
2024-07-19,739085.0625018495,0.9129713341052448,12.984107522372708,-0.2542882356645401,0.007888499554312109,-0.000173189600430707,-0.0000775371999238746,-0.0001548632310308456,2024-01-19,2024-05-20,738903.0,739025.0,2.291658030266741,3.20271012967638,0.20970948482847782,0.42402920136502853
2024-07-15,739081.2087018136,0.6121351222758876,12.37110701768466,-0.5224686794736009,0.04914692237105109,0.0012725532124857946,0.0006292056061796596,0.0011061157189733827,2024-01-26,2024-05-20,738910.0,739025.0,2.1930093065538174,1.9109930613988504,0.20970948482847782,0.4619089161655297
2024-05-26,739031.2746973601,0.9322366861078533,6.097409045995334,0.053664838387890254,0.00613061880279993,-0.0006061412885131574,-0.0005576563623361703,0.0002375429291441459,2024-02-02,2024-05-20,738917.0,739025.0,2.816273514197916,1.546362480791715,0.20970948482847782,0.3972731267572499
2024-05-27,739032.8499236391,0.4645236853878535,8.972032077064213,-0.12505946997132705,0.06875731651600687,-0.0036837498096437497,-0.0034924535817460883,0.0011716572192408837,2024-02-09,2024-05-20,738924.0,739025.0,3.754728640571376,0.9663753364026362,0.20970948482847782,0.4905096359722717
2024-06-23,739059.726096285,0.9288464942847781,8.820499135013764,-0.0020486338836390905,0.00473149637178781,-0.0010499884934317169,-0.0010325732682679718,-0.00019044233247207798,2024-02-16,2024-05-20,738931.0,739025.0,1.8392864225017183,0.47453118255970184,0.20970948482847782,0.20550429677228033
2024-06-18,739054.2206365928,0.2785307744890347,11.286882832944988,-0.5991072852586207,0.2686079446753018,-0.011249688754101473,-0.005374519680207918,0.009882815149096686,2024-02-26,2024-05-20,738941.0,739025.0,2.4331079472586588,0.5892200502859404,0.20970948482847782,0.32966524949899706
2024-06-23,739059.5561390504,0.33099688439751535,9.611602771165876,-0.3698149587962364,0.1520649206622696,0.011750584509443744,0.01122830045067881,0.0034643188800780557,2024-03-04,2024-05-20,738948.0,739025.0,1.7927607526657685,0.44565384857368223,0.20970948482847782,0.2709881973118372
2024-05-26,739031.2899637644,0.5728317221268636,8.228711899611719,0.06762351116242034,0.020683970806543772,-0.004445144981985971,-0.0033430815226902807,-0.0029296962032814744,2024-03-11,2024-05-20,738955.0,739025.0,3.2683197925749092,0.3239240462361297,0.20970948482847782,0.25070924817252366
2024-06-16,739052.3626313243,0.7851229385301641,2.2606279617183627,-0.10292914864803121,0.020166029629710563,0.009182212084138714,0.009178027246161454,0.0002771905965595216,2024-03-18,2024-05-20,738962.0,739025.0,0.4298241776427394,0.7627490096042611,0.20970948482847782,0.03035698098230263
2024-06-06,739042.3585977696,0.43309147423842786,12.657053023406707,0.11217014615517873,0.01761451335667142,-0.003689707637645193,-0.003653719941621236,-0.0005140749356821276,2024-03-25,2024-05-20,738969.0,739025.0,2.9033447944299318,0.16335247874615563,0.20970948482847782,0.0714410031734201
2024-06-12,739048.9373447807,0.25626346551099083,6.529858546389371,0.055082209937448244,0.05238335451737824,-0.017059214852875374,-0.01461732178032193,-0.008794925546421068,2024-04-02,2024-05-20,738977.0,739025.0,1.1435549044406004,0.12050836349696316,0.20970948482847782,0.020601080926224424
2024-08-11,739108.8921346131,0.0031801260797172945,7.466286603589205,-156.77750128385392,154.68394664641514,0.0913291797276858,0.022817416533060034,0.08843293827804646,2023-11-29,2024-05-21,738852.0,739026.0,1.3441012205643037,0.7213987221918532,0.19787552031593383,0.32098411195731735
2024-06-18,739054.2511731413,0.15781908742724296,2.8949414314736446,-0.27734487321581053,0.3128161081371325,-0.08746505227750968,-0.03764187675302165,0.07895077253844847,2023-12-06,2024-05-21,738859.0,739026.0,0.8906885606441055,0.19497291933700417,0.19787552031593383,0.3680251733384859
2024-05-27,739032.2876848044,0.7156091996437047,14.181016521557074,0.008892866570452181,0.017762214241942482,0.002585083515550517,0.00043796409126077167,-0.002547713531215222,2023-12-13,2024-05-21,738866.0,739026.0,7.391891110412445,0.3467297271807836,0.19787552031593383,0.5502820522203709
2024-05-30,739035.1926201344,0.5784304005883328,7.5265228935277575,-0.08797623208083276,0.03970177404861015,-0.0037732008215051087,-0.002741929277578671,-0.0025920779841979544,2023-12-20,2024-05-21,738873.0,739026.0,3.438384691478845,0.8086427854218046,0.19787552031593383,0.6130278987852014
2024-07-18,739084.9704097238,0.3604421227004804,3.699211652695979,0.6212822659989192,-0.05082876628002288,0.04821999113382377,0.04500661762094226,0.017308145922320266,2023-12-28,2024-05-21,738881.0,739026.0,0.7306002164328057,0.10270907089391441,0.19787552031593383,0.2996587444941779
2024-07-28,739094.4979650491,0.9381032759161767,10.702417908378267,-0.24622241445262866,0.006336519564500498,-0.00048812068635326343,-0.00039139930613621974,-0.0002916648549312494,2024-01-05,2024-05-21,738889.0,739026.0,1.8713469716411364,1.137869126779179,0.19787552031593383,0.4488220910430542
2024-07-12,739078.7405919036,0.917449370526719,13.458815610036346,-0.1877545166884116,0.007205477111881006,0.00029910131291207344,0.00013621494819656267,-0.0002662838396777654,2024-01-12,2024-05-21,738896.0,739026.0,2.6618713192372043,1.6421759497236779,0.19787552031593383,0.45200359998064804
2024-05-25,739030.1007404733,0.09742340645945817,13.338221260431322,-1.5574253816650583,1.305338297417422,0.03593672247081357,0.03184296438521421,0.016657540067676762,2024-01-22,2024-05-21,738906.0,739026.0,7.23874063190902,0.26530779349609457,0.19787552031593383,0.9587342292299346
2024-06-09,739045.6162987461,0.08120819411278891,13.582167147069653,-3.163721235513141,2.4927750914091007,-0.022199012192538968,-0.02184157297968113,-0.003967597774189918,2024-01-29,2024-05-21,738913.0,739026.0,4.131163966337323,0.671398286908766,0.19787552031593383,0.7478207591768012
2024-06-05,739041.9124191582,0.9724168585794735,11.963980422238631,0.0028577277096053294,0.005366021852285751,-0.0002183343816022889,-0.000028313595872387427,0.00021649074455604113,2024-02-05,2024-05-21,738920.0,739026.0,3.8771883954178756,1.9975933903164507,0.19787552031593383,0.4023640078356858
2024-06-02,739038.9041338834,0.25252726169902734,5.703063737698612,-0.35636101518877245,0.23428270844079063,0.02534134638436511,0.02019290073841056,0.015311126553623442,2024-02-12,2024-05-21,738927.0,739026.0,1.9606549793552372,0.4093648930428249,0.19787552031593383,0.39244367161915683
2024-06-02,739038.0943825424,0.4004802436514282,6.955163213695815,-0.10877998532915327,0.07762936453951626,0.012475212969031962,0.010658926530510867,-0.006482146545695709,2024-02-20,2024-05-21,738935.0,739026.0,2.3720843862432415,0.35830414592610443,0.19787552031593383,0.29791822791875994
2024-06-27,739063.6980577477,0.24367286530532556,9.27719240520484,-0.6877157676111578,0.33067563073411077,0.02014236775786878,0.015729524158131305,-0.012581615502470075,2024-02-27,2024-05-21,738942.0,739026.0,1.730374164703534,0.43120349864066027,0.19787552031593383,0.2815658009175945
2024-06-22,739058.8440805826,0.05228665149635871,7.242919043648839,-3.220366096156763,2.7759545225265465,-0.06598331554086494,-0.03235314995291285,0.05750714405958343,2024-03-05,2024-05-21,738949.0,739026.0,1.3916995982385352,0.3037074264201426,0.19787552031593383,0.1584473946768046
2024-06-16,739052.7301651076,0.78009832439155,9.068595220585108,0.06605588047507895,0.006582858569502588,-0.0018935641134468334,-0.0018875456095523947,0.0001508529866895943,2024-03-12,2024-05-21,738956.0,739026.0,1.8562902902620488,0.2990500213836032,0.19787552031593383,0.19251820939437875
2024-06-01,739037.8862100923,0.7649284637316189,11.153224802313627,0.13266051316734523,0.0044880748560700975,-0.0012666136211129998,-0.001266609588339039,3.1962347528852213e-6,2024-03-19,2024-05-21,738963.0,739026.0,3.26721599289918,0.24301680324014419,0.19787552031593383,0.08618142832845102
2024-05-26,739031.3393429151,0.5548437745885203,9.111809223281966,0.17273224737988052,0.003973063004255951,0.003515443085723664,0.0019441087177686444,-0.0029289556812041847,2024-03-26,2024-05-21,738970.0,739026.0,3.540374910632541,0.06881949481324498,0.19787552031593383,0.06335053023802496
2024-06-11,739047.0437355982,0.7358051616627482,3.9325125650686124,0.018363037149753604,0.012857407558387015,0.005280259350355058,0.005263202334238204,-0.00042407546012655377,2024-04-03,2024-05-21,738978.0,739026.0,0.7436299219774257,0.45560750289042334,0.19787552031593383,0.019879812259683376
2024-06-09,739045.8467578368,0.16797050931957072,8.914595614495532,-1.3116639706648294,0.8161736976009827,0.014698518096717081,0.008993397019389018,-0.011626058846021905,2023-11-30,2024-05-22,738853.0,739027.0,3.29950194650605,1.0462619590475528,0.20655634775144494,0.820935406926064
2024-06-23,739059.4364164235,0.7110540330227401,7.091866163174728,-0.16070304280435446,0.020692549684175682,-0.0023585607149458738,-0.0021741476283945187,0.0009142706032857456,2023-12-07,2024-05-22,738860.0,739027.0,2.049970510923236,0.8796482015850301,0.20655634775144494,0.4941472863529865
2024-07-31,739097.5576877705,0.9769364834392908,8.288513068059348,-0.1672291879369345,0.0043338203362147144,-0.000713702976660936,-0.00008921479408749933,-0.000708104977676761,2023-12-14,2024-05-22,738867.0,739027.0,1.5619758160555546,0.7157199073638966,0.20655634775144494,0.29483884075414196
2024-07-08,739074.5921353671,0.18933595506434103,5.920936847082075,-1.5305404057421286,0.7770892171873028,-0.04405656579488805,-0.010776951732712437,-0.04271812614090284,2023-12-21,2024-05-22,738874.0,739027.0,1.3556652742147797,0.5640309136656091,0.20655634775144494,0.27595515891495853
2024-07-15,739081.3873206755,0.9176869085271211,2.4999318179864756,1.1319528285269975,-0.013067766323641922,0.008627268413304544,0.007471710633984455,0.004313154353510422,2023-12-29,2024-05-22,738882.0,739027.0,0.5168886174503556,0.556025132034909,0.20655634775144494,0.2878614671901099
2024-05-31,739036.7992374799,0.8052594706497955,12.947072021730897,-0.0010818149405830775,0.011951993763480242,0.0012302428563423229,0.0006852782377939427,-0.0010217099502243018,2024-01-08,2024-05-22,738892.0,739027.0,5.549260168662342,0.6042459988707568,0.20655634775144494,0.49433983111428614
2024-07-17,739083.3808801897,0.057225241889881553,5.573220588123415,-6.232900413221643,5.027834902444979,-0.0833339526249381,-0.08024929367789001,-0.02246327056096668,2024-01-16,2024-05-22,738900.0,739027.0,1.0461656383165097,0.6194987456691232,0.20655634775144494,0.2296111284032357
2024-06-03,739039.575118906,0.8628125308687045,6.569866410170065,0.0004890781153679319,0.008926797295206516,0.0007992045595743442,0.0006785834591614993,-0.0004221994990485367,2024-01-23,2024-05-22,738907.0,739027.0,2.462899746378581,1.4668902611693115,0.20655634775144494,0.46451617419234426
2024-06-24,739060.8090021829,0.9965081052225955,13.070712256512842,-0.07768176265890046,0.004771300501538734,-0.00020733263284514175,-0.0001551769675627081,0.00013750247045249986,2024-01-30,2024-05-22,738914.0,739027.0,3.054677309165978,1.7544891566270662,0.20655634775144494,0.42565551748759844
2024-07-09,739075.9523996484,0.32911845351931995,14.670957725419369,-0.924424183110207,0.2757644170995165,-0.0016363442795733977,-0.0009192207157671374,-0.00135375621032634,2024-02-06,2024-05-22,738921.0,739027.0,2.6904981275118116,3.7805702481173156,0.20655634775144494,0.5176717116297963
2024-06-24,739060.6791560267,0.584123955699095,14.755775876121783,-0.22503615424122805,0.04046875120392982,0.0013032166280639568,0.0009888593885868313,0.0008488407914715619,2024-02-13,2024-05-22,738928.0,739027.0,3.2198598659442426,1.2292668155339235,0.20655634775144494,0.3933943793610562
2024-06-03,739039.2280709959,0.2131692145996376,9.041016705859857,-0.43509037421711355,0.30672500537028535,-0.019178096200199075,-0.018779238802600243,0.003890959246638749,2024-02-21,2024-05-22,738936.0,739027.0,3.0695189894234676,0.37709511226456444,0.20655634775144494,0.3948063176325401
2024-06-11,739047.1766771756,0.9405611332292994,3.5839181975544663,0.10958988062345788,0.0033833967801024352,-0.002100136623767819,-0.00011453723868039463,-0.0020970109821949823,2024-02-28,2024-05-22,738943.0,739027.0,0.9363435612080737,0.42279936188202943,0.20655634775144494,0.10485680017365415
2024-06-10,739046.5454524932,0.7977527687464021,14.34879117015676,0.03682716532560873,0.008358784113420992,-0.0014139528287935646,-0.0004095736882682174,0.0013533336602374493,2024-03-06,2024-05-22,738950.0,739027.0,3.647658089687112,0.32867085358087983,0.20655634775144494,0.2597056404023654
2024-05-22,739027.6063755692,0.8977475832367483,8.227461550447089,0.14732610713736954,0.003166188310163669,-0.0012103637614140517,-0.0011939839679044077,0.00019845079826399746,2024-03-13,2024-05-22,738957.0,739027.0,6.2295042538100915,0.2854363058719788,0.20655634775144494,0.1746828275884715
2024-06-06,739042.5143698329,0.19382771559561746,9.589517294193115,-0.001511878859020542,0.10026999325154176,-0.016907375544144045,-0.01595581559611485,0.005592074432042031,2024-03-20,2024-05-22,738964.0,739027.0,2.474787104001642,0.11987094167579915,0.20655634775144494,0.07699183886859952
2024-06-13,739049.5127235615,0.8464406954012338,12.897994865784362,0.1711734772460656,0.0009138461277825836,0.0008783314565282074,0.000013097939682207204,-0.0008782337909139277,2024-03-27,2024-05-22,738971.0,739027.0,2.5642913806141157,0.06827928657906253,0.20655634775144494,0.05543575679235321
2024-05-24,739029.1455754522,0.4158354932466718,9.175836303841185,0.22250351929630788,-0.009440532500954408,-0.0027062752684427487,-0.002091019439757118,-0.0017180115049506225,2024-04-04,2024-05-22,738979.0,739027.0,4.602419486017155,0.15808855185783088,0.20655634775144494,0.03397840542122714
2024-06-04,739040.7912583838,0.5859514746022273,2.2990391346625314,0.19011364954343246,0.008658273171603892,0.01473356915687866,0.003153172977443553,-0.014392204844110789,2023-12-01,2024-05-23,738854.0,739028.0,0.9810711884280346,0.14977475072784113,0.2039766675324689,0.3801235651103128
2024-08-13,739110.5859572707,0.5700999874897051,10.37268505033101,-0.6831131125885428,0.06112214047152791,-0.004496966207353704,-0.0044385474167159735,-0.000722496989367513,2023-12-08,2024-05-23,738861.0,739028.0,1.825795794636288,0.7470312515441173,0.2039766675324689,0.4036439964109781
2024-06-29,739065.9194794864,0.23460362479326952,10.439573104703852,-1.221877607519722,0.5438299657716982,-0.01297539307047541,-0.00008489958167597799,0.012975115313336411,2023-12-15,2024-05-23,738868.0,739028.0,2.7454708052888215,0.9418778618376359,0.2039766675324689,0.7077608280089376
2024-07-26,739092.0267044741,0.7253527944589845,4.61889647553846,0.170504767828908,0.004706976987796084,0.005455355617056266,0.0015814699038410184,-0.005221097380033479,2023-12-22,2024-05-23,738875.0,739028.0,0.8973760509612391,0.135497121476304,0.2039766675324689,0.2861196556823625
2024-06-30,739066.3835976812,0.5853063175776968,4.799143124792086,-0.10001449818296294,0.029360755675613526,0.00838539337097059,0.0012974494963189965,-0.008284409863739189,2024-01-02,2024-05-23,738886.0,739028.0,1.1819578532166022,0.427034829377422,0.2039766675324689,0.267144992100051
2024-06-14,739050.2202888434,0.08567303294646124,10.799458534476354,-3.1188998753459143,2.4043573616769973,-0.02576328488627356,-0.02164776685250749,0.013968573242488644,2024-01-09,2024-05-23,738893.0,739028.0,3.3630515027307113,0.7403548782210272,0.2039766675324689,0.7929138737939024
2024-05-27,739032.1037357914,0.41994498523900015,10.898133449406842,-0.1672692980436518,0.09600038118837838,0.007147223674937318,0.00019644762089895208,0.007144523398507961,2024-01-17,2024-05-23,738901.0,739028.0,6.008437740076113,0.5175780638894965,0.2039766675324689,0.7623836415896962
2024-06-25,739061.9812879636,0.1398553388677957,9.7694108124168,-2.2522619524290812,1.3958344796307385,-0.014905869633520077,-0.004213676073185859,-0.014297897869328804,2024-01-24,2024-05-23,738908.0,739028.0,2.3494111425208164,1.3405631613559623,0.2039766675324689,0.7144545571311892
2024-06-28,739064.1929666573,0.30212061995179545,5.833659635613747,-0.6987791964908991,0.262728779084618,-0.02590861761974756,-0.025239670712405876,-0.0058494007638060525,2024-01-31,2024-05-23,738915.0,739028.0,1.315042222245093,0.5251733586585088,0.2039766675324689,0.28059079426674355
2024-06-28,739064.6169008623,0.6506541310295347,3.188822819529542,0.01791058038858236,0.017713132622232255,-0.007731970940568488,-0.005353765628814112,-0.005578581201123113,2024-02-07,2024-05-23,738922.0,739028.0,0.6900464456748409,0.46743902069364174,0.2039766675324689,0.19980505517877153
2024-06-17,739053.7181352081,0.5741480383019867,2.9373162706711162,0.07254389866633566,0.02009935730725894,-0.010796785374604259,-0.006198057687099506,0.008840512164612135,2024-02-14,2024-05-23,738929.0,739028.0,0.7380986851179939,0.3638822544874055,0.2039766675324689,0.17802438664628295
2024-06-04,739040.1731331984,0.5307901723319209,6.8519060384989645,-0.005581425942184113,0.03257268390988592,0.00813015081745541,0.005264569451147951,-0.006195454850824969,2024-02-22,2024-05-23,738937.0,739028.0,2.330623137915588,0.3103604817420651,0.2039766675324689,0.26963174214213337
2024-06-23,739059.2149607821,0.11590685626803657,12.017734491082273,-1.564013347595124,1.1181699298276426,0.020357236135924595,0.015903059338879068,-0.012708649289278754,2024-02-29,2024-05-23,738944.0,739028.0,2.4977752731016487,0.5297555512930912,0.2039766675324689,0.3772794942763674
2024-06-06,739042.7582139281,0.3679339346652913,4.630288245546062,-0.028385885946056476,0.06404063793975168,-0.02103419843781883,-0.011355381114456536,0.017705728555102836,2024-03-07,2024-05-23,738951.0,739028.0,1.3466403054070841,0.24193098848333214,0.2039766675324689,0.14008025273556765
2024-06-07,739043.4100015063,0.5219577979820799,11.469462340151226,0.06783956953463005,0.02033538311899871,0.002536534546996662,0.0025056614082659937,-0.0003945483686875909,2024-03-14,2024-05-23,738958.0,739028.0,3.125936802457229,0.3648412271312008,0.2039766675324689,0.15888601419617385
2024-05-24,739029.7019782587,0.1828859426043963,10.801250238126908,0.11242147635827361,0.050750448714263825,0.015506014201306898,0.014153696048684463,-0.006333195447211861,2024-03-21,2024-05-23,738965.0,739028.0,6.253986166376228,0.05541738214894085,0.2039766675324689,0.07964720787593906
2024-06-12,739048.8268869725,0.5928955512580242,5.071104222295029,0.10252627681301195,0.010937728842304312,-0.005827621625365562,-0.0027146378669352547,-0.005156734922393195,2024-03-28,2024-05-23,738972.0,739028.0,1.0535042488625463,0.21943781066435053,0.2039766675324689,0.022855747854038818
2024-06-12,739048.8557897537,0.02778628907824144,5.02756240309953,-1.1167221003457217,1.1833725245496054,-0.03720321068986525,-0.02231981057532092,-0.02976415531333446,2024-04-05,2024-05-23,738980.0,739028.0,0.9556989576688449,0.17579808491337395,0.2039766675324689,0.022998992217232526
2024-07-13,739079.5160367982,0.996789955187293,8.427931423613792,-0.09272313470123485,0.003964419118157087,-0.0006081148685131429,-0.0002924333503743925,-0.0005331851731767911,2023-12-04,2024-05-24,738857.0,739029.0,1.9888262881010033,0.7710394504324942,0.17059646646825738,0.4419744457395603
2024-07-17,739083.2255711026,0.0715857931767019,13.789989439373466,-5.7363920575902965,4.35163452235851,0.02598896848571217,0.0115523619171342,0.02328023662007945,2023-12-11,2024-05-24,738864.0,739029.0,3.065945968543475,0.8692131314400641,0.17059646646825738,0.734033467928529
2024-08-02,739099.3295891276,0.7704768728440676,3.6445415781106716,0.5981039579092844,-0.0069373799935414,0.007250905261282905,0.006637277465081925,0.0029192764445348054,2023-12-18,2024-05-24,738871.0,739029.0,0.6830616954296334,0.20226463298574762,0.17059646646825738,0.3174488163849505
2024-06-17,739053.1694341245,0.3733180136944501,9.629713934041973,-0.4742157464746694,0.16152110370181327,-0.00626216315728998,-0.006118722189536134,0.0013326388017006513,2023-12-26,2024-05-24,738879.0,739029.0,3.0268254724997607,0.9999319731986737,0.17059646646825738,0.7262518882789897
2024-07-09,739075.3915378657,0.2442723486893857,14.86828269414907,-1.3237507617379323,0.5418937202937385,0.011631973198095311,0.01155773637630592,-0.0013120710106631435,2024-01-03,2024-05-24,738887.0,739029.0,3.316230587781682,0.7653749141905325,0.17059646646825738,0.6818684127603192
2024-06-11,739047.7560471162,0.24849462935860284,4.814230818289582,-0.6066295804047006,0.3252392926731531,-0.035537192216007034,-0.019833082504963535,-0.029487978380159274,2024-01-10,2024-05-24,738894.0,739029.0,1.6119888144436278,0.47240011510892516,0.17059646646825738,0.43870353185462496
2024-06-16,739052.581964391,0.27672330381798443,7.005570895651967,-0.7399910562801925,0.32751714355207184,-0.012597097364198982,-0.00887667110138084,0.008938208554347968,2024-01-18,2024-05-24,738902.0,739029.0,2.067184939099379,1.0269889084524357,0.17059646646825738,0.697096931536272
2024-07-09,739075.0864881718,0.8896112229525617,6.554458506771057,-0.09559450157568827,0.006761916727876691,0.001370433860892388,0.0005162894087400807,0.0012694621749005503,2024-01-25,2024-05-24,738909.0,739029.0,1.3373380472128906,0.6696920943002637,0.17059646646825738,0.26381398925733546
2024-06-01,739037.7804037083,0.39014875961131346,7.959818653945962,-0.22650836749281625,0.11397230039876018,0.007052415920066413,0.006646018635198657,-0.002359450489033066,2024-02-01,2024-05-24,738916.0,739029.0,3.3314172252470082,0.792115395001606,0.17059646646825738,0.6940239908673145
2024-06-02,739038.4176168608,0.1580460315969683,12.088923456756666,-0.8321983040728429,0.6108943854545605,0.002037890616022432,0.001782499654637398,-0.0009877718077014772,2024-02-08,2024-05-24,738923.0,739029.0,4.821525652656083,3.9190538588689767,0.17059646646825738,0.7142071493955214
2024-07-06,739072.6405194467,0.9481261334088777,2.6653843927652896,0.47947168039696797,-0.003090831516197053,0.003762342564813033,0.0017600202124100305,0.0033252895252762664,2024-02-15,2024-05-24,738930.0,739029.0,0.5024084651759247,0.29222896704531176,0.17059646646825738,0.18338074018905237
2024-06-29,739065.5662489085,0.6593213040679938,9.671268315266389,-0.08216242588014575,0.01951003702751133,-0.0030983706501752136,-0.00007314754359511588,0.0030975070819504557,2024-02-23,2024-05-24,738938.0,739029.0,1.9232837444391595,0.42927777089443475,0.17059646646825738,0.2744955944240002
2024-06-14,739050.3310733857,0.6318768854898343,2.127822899122302,-0.32461854102262544,0.05831299821995255,0.021040525882631417,0.01900821546041446,-0.00902172236483385,2024-03-01,2024-05-24,738945.0,739029.0,0.5408105964489236,0.8230112502326864,0.17059646646825738,0.10419718160582075
2024-05-24,739029.4201009726,0.06532096900219744,3.7813300490603226,-0.31352325842626877,0.4385895505429601,-0.07204698506879385,-0.05963784773200985,-0.040423943095603786,2024-03-08,2024-05-24,738952.0,739029.0,3.1393842971996606,0.10515998157554898,0.17059646646825738,0.2029519699210814
2024-06-21,739057.8165467316,0.028924135962631776,9.743820952252934,-1.3624719119838429,1.3995163887348552,0.04048536923674505,0.036928504263469344,-0.01659369443790347,2024-03-15,2024-05-24,738959.0,739029.0,1.911046565473753,0.10261503164279509,0.17059646646825738,0.07285260082251084
2024-06-03,739039.4686888779,0.7471789361468856,8.012374411065904,0.17971771657115965,0.0010952543788099835,-0.0028459370456665463,-0.0012196363471234997,0.002571350782890673,2024-03-22,2024-05-24,738966.0,739029.0,2.484707134753478,0.03588831714103671,0.17059646646825738,0.036193869396481726
2024-06-09,739045.7766974708,0.34426845702430625,4.817848363796214,0.0768585803550231,0.03541608971807302,-0.014057341087380089,-0.01341276654908035,0.0042079130155952115,2024-04-01,2024-05-24,738976.0,739029.0,1.0929048639585406,0.18002861177162713,0.17059646646825738,0.025408600248339387
2024-05-25,739030.7955393236,0.4856674419779411,2.0369890656152356,0.16585466973004084,0.010888446772137328,-0.010545389101351306,-0.008040303403674443,-0.006823397429122832,2024-04-08,2024-05-24,738983.0,739029.0,1.0638931919103545,0.24618048114803676,0.17059646646825738,0.02617558475635612
2024-06-09,739045.557145363,0.19007128450854133,2.7073832312435995,-0.42773548059728,0.34007349970757306,0.060818192075182326,0.03921550640035821,0.04648652003599791,2023-12-05,2024-05-28,738858.0,739033.0,1.1650469336550033,0.392560013520813,0.18343636039338365,0.38792239474614976
2024-08-13,739110.776650485,0.3538056383238822,13.181087520247651,-1.135147227118387,0.2591708637166459,0.004824117143355052,0.004350705635561024,-0.0020840985306625143,2023-12-12,2024-05-28,738865.0,739033.0,2.4137313226768713,1.4420550403437118,0.18343636039338365,0.7284794781234831
2024-07-24,739090.6363632906,0.3389804202415119,11.17457236355579,-0.9953274136996471,0.2671613580966409,0.005702560290437175,0.005579389733011728,0.001178814689946739,2023-12-19,2024-05-28,738872.0,739033.0,2.3711807818933948,1.421174670449908,0.18343636039338365,0.7094424847642896
2024-06-12,739048.0175638363,0.7155734793210321,2.0304659064137063,0.3669148889651693,-0.0058388906220474745,-0.012510724777763617,-0.00996041400001333,-0.007570230340834216,2023-12-27,2024-05-28,738880.0,739033.0,0.7803791325684106,0.16447746518491937,0.18343636039338365,0.38844262471930835
2024-05-31,739036.3317766159,0.9265906252231366,2.62712009053281,0.18936425897956177,0.0016126761310983823,0.0033321988551474123,0.003243601399267404,-0.0007632818436961959,2024-01-04,2024-05-28,738888.0,739033.0,1.587157633483151,0.17069634560900127,0.18343636039338365,0.2759747765939181
2024-07-12,739078.6283639407,0.3872445804002723,11.89025087213122,-0.781308348143111,0.1867740788102068,-0.003799568560319586,-0.0031549346561767946,-0.0021173352497475834,2024-01-11,2024-05-28,738895.0,739033.0,2.6349374067642155,1.6009458702168793,0.18343636039338365,0.6345426536247388
2024-06-06,739042.9306573095,0.8035101613975921,4.844812270550685,0.03913985014371156,0.009347547450264504,-0.0027544216277102435,-0.0017502352926959221,-0.002126855642350831,2024-01-19,2024-05-28,738903.0,739033.0,2.03989675697285,0.5628357545650785,0.18343636039338365,0.35894270098780606
2024-06-23,739059.0422323802,0.7150198727468912,14.148283425876535,-0.17052599459088766,0.021480601113810678,0.0008836065838147619,0.0003835811874145805,0.000796006323858306,2024-01-26,2024-05-28,738910.0,739033.0,3.9282343278069347,1.228575494539236,0.18343636039338365,0.5531450018857287
2024-07-18,739084.1843080559,0.46424079859339373,8.089768503063501,-0.5120443077970439,0.09390006127131927,-0.009504845919522295,-0.007932948537350363,0.005235496486257092,2024-02-02,2024-05-28,738917.0,739033.0,1.5239987376052027,0.5669281283993586,0.18343636039338365,0.3411292277233022
2024-07-15,739081.6754611816,0.5298130005023155,10.016108539680122,-0.36814480530048727,0.057867760052670955,0.004032262517761302,0.0009387340072362179,-0.003921469045625751,2024-02-09,2024-05-28,738924.0,739033.0,1.8736630124324622,0.7591217972416159,0.18343636039338365,0.41355316523170194
2024-06-09,739045.5955418526,0.15701008736593838,14.771567505168633,-0.7971961729135305,0.5716222630662686,0.01700082556737371,0.0020626749649152913,-0.01687523161208106,2024-02-16,2024-05-28,738931.0,739033.0,5.191092409429676,0.3573881063065905,0.18343636039338365,0.4476010949339894
2024-06-16,739052.4787251255,0.8404262325793521,4.3507685928981665,0.08146339789355421,0.0053360567787059466,-0.0027644387513623323,-0.0007664318597126458,0.0026560692412757516,2024-02-26,2024-05-28,738941.0,739033.0,1.2079801775185894,0.37286110717346427,0.18343636039338365,0.10810342654708817
2024-06-09,739045.9048853274,0.9418451869432809,9.70057323093061,0.08228210246763909,0.003733716167088861,0.0008676618043683326,0.000826657760158329,-0.0002635791234709705,2024-03-04,2024-05-28,738948.0,739033.0,3.1285325039174525,0.41780433796580424,0.18343636039338365,0.2664938092819247
2024-06-25,739061.0885456672,0.6474954857724279,14.483718406673503,-0.021436467633575106,0.01693026486817065,-0.0016349061926310352,-0.0002699853491575512,-0.0016124596645943053,2024-03-11,2024-05-28,738955.0,739033.0,3.0633491429972826,0.4629430685797867,0.18343636039338365,0.2710879023003103
2024-06-08,739044.9138525028,0.282462588869886,12.090894226736891,0.013881251775574144,0.06800987599280116,-0.005783456380088814,-0.003965976263635366,0.00420944176544478,2024-03-18,2024-05-28,738962.0,739033.0,3.733384732741565,0.2747179467663197,0.18343636039338365,0.10994276670778316
2024-06-10,739046.4477407078,0.7212342073467716,9.735172094217994,0.1695976987159626,0.0017335285678000568,-0.0025245242922117476,-0.002002770698931783,-0.001536923039539561,2024-03-25,2024-05-28,738969.0,739033.0,2.7126788913526467,0.050872623228001686,0.18343636039338365,0.043395374525465526
2024-06-20,739056.34558492,0.1764066645043361,9.31740411462409,0.26803800910343645,-0.03802984258726661,-0.016703388442066987,-0.016701211363391495,-0.0002696746964396493,2024-04-02,2024-05-28,738977.0,739033.0,1.8142005193128543,0.04310622616510628,0.18343636039338365,0.027126627297351984
2024-06-18,739054.4192329803,0.31266281722414485,10.301437195132758,0.2771208698045166,-0.027066007475933573,0.008020183476034927,0.007113426653423616,0.003704389860101955,2024-04-09,2024-05-28,738984.0,739033.0,1.951324801844644,0.10242791004902395,0.18343636039338365,0.02223595670584309
2024-08-08,739105.8318312415,0.8184505601054242,14.97288299366516,-0.26360969624766806,0.010906329424982009,-0.0007864669049948596,-0.0007692786717069468,0.00016352528217064506,2023-12-06,2024-05-29,738859.0,739034.0,2.9415367626350295,0.7580278795723375,0.17990045452180484,0.6619391468666741
2024-06-16,739052.5184359358,0.7592448024328309,5.229820478208505,-0.02568855563427875,0.012709735098314854,0.0028484674228236584,0.00284769367795622,-0.00006638806681799507,2023-12-13,2024-05-29,738866.0,739034.0,1.922535606698442,0.6477691908058706,0.17990045452180484,0.38969879948370734
2024-08-15,739112.4090119008,0.10226693922294164,5.879086007184279,-2.7222119147004893,1.8530764496182242,0.0796187815304219,0.07459544559562913,-0.027832891850804623,2023-12-20,2024-05-29,738873.0,739034.0,1.0444446099479485,0.4048584929206027,0.17990045452180484,0.31336761098517923
2024-07-25,739091.7223301565,0.2897956225807122,10.376320760808325,-1.2481178494680951,0.40120377029240917,-0.008727066588191069,-0.004489655510957944,0.007483627771852758,2023-12-28,2024-05-29,738881.0,739034.0,2.1384485685256633,1.2839412398416639,0.17990045452180484,0.6966641984815414
2024-08-05,739102.9275480206,0.8957803043698942,3.7971435517360828,0.4928842197997738,-0.002515445191355232,0.003583390665447648,0.0012767120039456847,0.003348237614058824,2024-01-05,2024-05-29,738889.0,739034.0,0.6844576796662097,0.16560185385137974,0.17990045452180484,0.30366365416559266
2024-07-23,739089.2395538065,0.3995785791782521,5.159467091112287,-0.48448869208614714,0.12349506533866812,0.01697356331002211,0.00036312663631413015,0.016969678561638255,2024-01-12,2024-05-29,738896.0,739034.0,1.0282920949473229,0.5634740645108952,0.17990045452180484,0.2431769219247722
2024-07-04,739070.3559547954,0.7416777876692676,12.077137458937463,-0.21121039466457986,0.018741642023893997,-0.0006398802561335757,-0.00024938509823827117,-0.0005892824577112902,2024-01-22,2024-05-29,738906.0,739034.0,2.8998816457617407,1.7987060343352883,0.17990045452180484,0.5564993764881055
2024-07-04,739070.1176621048,0.03599176283160444,14.96692207680814,-9.622782189804715,8.47211065749428,0.022386116099795003,0.020013453291927767,-0.010029949220475978,2024-01-29,2024-05-29,738913.0,739034.0,3.502134951440026,0.9100882109029197,0.17990045452180484,0.7882561090406293
2024-06-03,739039.2386466817,0.5627724394602401,11.177036016110147,-0.06685138446329206,0.0393418970087942,-0.0015826913832766268,-0.001379490055459211,0.0007758345194609641,2024-02-05,2024-05-29,738920.0,739034.0,5.559115011842197,1.2515990634882548,0.17990045452180484,0.6400406901551603
2024-06-17,739053.1835274677,0.5794521959158109,2.715785395051136,-0.02740357323677088,0.030337793672382703,0.010590534311717994,0.0004854876709252354,0.0105794006791054,2024-02-12,2024-05-29,738927.0,739034.0,0.8141866232541886,0.6112069533912218,0.17990045452180484,0.19386541058377807
2024-06-17,739053.8847410115,0.45871675463459793,11.22054432263344,-0.15682829804290252,0.06289853141331145,-0.005197455965798998,-0.0009436629343253125,0.0051110711971953755,2024-02-20,2024-05-29,738935.0,739034.0,3.193379893698839,0.49474380439613935,0.17990045452180484,0.37505285647277214
2024-07-06,739072.4214650387,0.7848698018420821,11.08414523866343,-0.04850248106995504,0.009485108833352221,-0.0015524819064437897,-0.0012948856099499974,0.0008564294057187475,2024-02-27,2024-05-29,738942.0,739034.0,2.155999286652909,0.4326245723355597,0.17990045452180484,0.278374845538515
2024-06-17,739053.744542354,0.8999487253943825,4.070449265256656,0.07462672931433911,0.004537582255759203,0.0023150066856582317,0.0014858032151610454,0.0017752872332271788,2024-03-05,2024-05-29,738949.0,739034.0,1.0810033452125538,0.4333588613617459,0.17990045452180484,0.10097565009888622
2024-06-21,739057.3328726573,0.4776745358734943,6.383729830139316,0.013181637223418788,0.02995235790355615,-0.010153589424339778,-0.0035595791777413895,-0.009509194196957726,2024-03-12,2024-05-29,738956.0,739034.0,1.4920475880361161,0.2207338865037316,0.17990045452180484,0.13534888646460524
2024-06-17,739053.2063071182,0.8228140283890149,13.009834729094752,0.12499640174763335,0.003146478345281349,0.0007493927770025014,0.0005828298985967056,0.00047106140101400233,2024-03-19,2024-05-29,738963.0,739034.0,3.2028979138525866,0.2655492947301382,0.17990045452180484,0.09151436042246554
2024-06-18,739054.1740794149,0.4219486190466323,12.552798138134147,0.1404543379585942,0.010785820961949582,-0.005721293034776915,-0.0024728749733938763,-0.005159271591586267,2024-03-26,2024-05-29,738970.0,739034.0,2.853891174599871,0.06336917304721913,0.17990045452180484,0.056091068290204084
2024-06-15,739051.4672842073,0.6000182256068672,14.635008348626707,0.2058400872645529,-0.0018322982788262275,0.0016570759722249378,0.0006057361061759596,-0.001542395716863869,2024-04-03,2024-05-29,738978.0,739034.0,3.3459690702070954,0.04533412329151908,0.17990045452180484,0.038259841346303274
2024-06-07,739043.3971383641,0.29317395277077535,6.320751321514672,0.2225329596529668,-0.012102346188323825,-0.00830639224127263,-0.003945942079286274,0.007309288144052886,2024-04-10,2024-05-29,738985.0,739034.0,1.837784145842807,0.06757931958601021,0.17990045452180484,0.021892161699850317
2024-08-19,739116.4024722166,0.13875260438402306,9.932683974104037,-3.88972948606079,2.1255022127240575,0.04092426440859191,0.006035091337813792,0.040476821638174426,2023-12-07,2024-05-30,738860.0,739035.0,1.813760397488541,0.7255297166260618,0.03439698425718686,0.4136079979645682
2024-08-14,739111.4223074381,0.27809309663891996,2.1895438245669223,6.0529990862090175,-1.459619569271124,0.2857116631586128,0.27936916096669573,-0.05986673839140609,2023-12-14,2024-05-30,738867.0,739035.0,0.40514700469337833,0.6488559239323869,0.03439698425718686,0.44468343360396545
2024-08-14,739111.3446344939,0.06581395537224168,8.68273937253422,-7.650530175655524,5.7752876908431245,0.07158850684895396,0.026120272264031484,0.06665317464093964,2023-12-21,2024-05-30,738874.0,739035.0,1.5674286647370077,0.6114930791903556,0.03439698425718686,0.3084815205516365
2024-07-27,739093.7088094247,0.5450831071574139,8.41797450702171,-0.5038208008671619,0.06132650080186979,0.0062215619942181,0.0019334779597596535,-0.005913501215610153,2023-12-29,2024-05-30,738882.0,739035.0,1.7184085400486488,0.6382691721865905,0.03439698425718686,0.37675382987128
2024-08-07,739104.508874201,0.11853428884721387,13.958969985170857,-4.121143360835735,2.5116032144309024,-0.011892412737506722,-0.007062705553408977,-0.009568054712691508,2024-01-08,2024-05-30,738892.0,739035.0,2.4827467980500972,1.793377356010812,0.03439698425718686,0.6965636690204503
2024-06-29,739065.8971290241,0.3851272253440664,7.334921250263239,-0.5486860318205068,0.1573417957751513,-0.00971844422700151,-0.0024495497080861107,-0.009404672478133098,2024-01-16,2024-05-30,738900.0,739035.0,1.9620360467050653,0.8500728019996737,0.03439698425718686,0.6041537033434531
2024-07-28,739094.0260751361,0.3120466694424456,13.163103294968524,-1.267631045283862,0.3638124178894709,0.004691888060715654,0.0033683071799743866,-0.0032662394761589497,2024-01-23,2024-05-30,738907.0,739035.0,2.416066839177236,1.8381931302337167,0.03439698425718686,0.6464446575390894
2024-07-13,739079.7614614465,0.7506450887537368,13.014400304867943,-0.2628837444143132,0.018287234638073493,-0.0005044193722087736,-0.00047350479023782773,-0.00017387385278219372,2024-01-30,2024-05-30,738914.0,739035.0,2.71175864229642,2.091061309980043,0.03439698425718686,0.5397849506439213
2024-07-20,739086.0640354627,0.7538050242264038,12.847116630936936,-0.26507203599510143,0.017069991550250508,-0.0002091984942474762,-0.000022566981584955313,0.00020797774240902692,2024-02-06,2024-05-30,738921.0,739035.0,2.3989295290074795,4.787713045341645,0.03439698425718686,0.4884399495716465
2024-06-28,739064.802522377,0.8281726031960746,6.78192354528203,0.009593394737206615,0.006721559953832295,0.002173239293137037,0.0013497657446433617,0.0017032620056298207,2024-02-13,2024-05-30,738928.0,739035.0,1.6449111004181636,0.3776856619219595,0.03439698425718686,0.20506725304379325
2024-06-18,739054.1288426286,0.007538077402750478,11.841779155125145,-23.60299665164536,23.14249328370599,0.03075830693387076,0.005700360336807736,-0.030225474975072785,2024-02-21,2024-05-30,738936.0,739035.0,3.4312039302681483,0.4789512986374161,0.03439698425718686,0.4597093486733928
2024-07-05,739071.9023083282,0.13379606059632268,5.278181051559067,-1.9847161484801834,1.2563114534411464,0.05957579395986453,0.019597403239792442,0.05626026139474651,2024-02-28,2024-05-30,738943.0,739035.0,1.0507165923689072,0.5345477717759899,0.03439698425718686,0.1148387255745495
2024-07-05,739071.0076916327,0.7982217215997127,6.732272310924973,-0.008027807372429108,0.007604976699273981,0.0025259394864485417,0.001281585331455907,0.0021766739138871886,2024-03-06,2024-05-30,738950.0,739035.0,1.2987572184241736,0.35697418713017276,0.03439698425718686,0.1137261824623155
2024-06-06,739042.9904941722,0.5583371472432593,10.48720255300145,0.06289071888619405,0.018957303760492223,-0.002245231487107847,-0.001169019898762877,0.0019168872963731974,2024-03-13,2024-05-30,738957.0,739035.0,3.9657316840835883,0.4495234083272769,0.03439698425718686,0.22408278404680915
2024-06-03,739039.6209210376,0.20224965075141293,10.521759826392797,-0.005298982694622968,0.10147548198316632,0.010643436989825181,0.00951205624884581,0.0047753048986606365,2024-03-20,2024-05-30,738964.0,739035.0,4.680711949287885,0.18326461779997383,0.03439698425718686,0.10463553637990536
2024-06-04,739040.4936807032,0.27788756909455975,13.637706922166108,0.10250620668092299,0.03462959708551241,0.006774700067372646,0.0055114344790240955,0.003939625741905357,2024-03-27,2024-05-30,738971.0,739035.0,5.507963369840064,0.10415620133929455,0.03439698425718686,0.07859972413449796
2024-06-09,739045.1830587492,0.014423942399808268,4.126404857548531,-2.131513753087554,2.2109116812417984,0.03746142773378643,0.036850719199448816,0.006736695208860044,2024-04-04,2024-05-30,738979.0,739035.0,1.2292154105174165,0.20629999260954032,0.03439698425718686,0.0372427045018767
2024-06-04,739040.7427355418,0.6935746844253438,14.880603484277017,0.18843223543832083,-0.0008619473909159658,0.0005963347268346486,0.00035157606656069937,-0.0004816735158285761,2024-04-11,2024-05-30,738986.0,739035.0,5.339876036778342,0.0673695035830746,0.03439698425718686,0.05169488221198777
2024-07-05,739071.8710284542,0.47315853621475734,12.583664531400524,-0.4480933206056449,0.09065688326817203,0.00433121981896791,0.003953333375422557,0.001769355911904248,2023-12-08,2024-05-31,738861.0,739036.0,3.547508882536721,0.7870278599065336,0.02890287287977639,0.7007873451492148
2024-08-06,739103.3775499027,0.5180517102282495,3.208963761494677,0.6989353677468815,-0.031152837575534057,-0.025437844362497887,-0.002177461877684918,-0.025344478404218447,2023-12-15,2024-05-31,738868.0,739036.0,0.6388519531719876,0.19770861967127734,0.02890287287977639,0.4643577648981121
2024-07-07,739073.744098201,0.1345803959749359,5.514702516952061,-2.068995235167037,1.2930529685898966,-0.06058055497520899,-0.047806878197553096,0.037208951048217434,2023-12-22,2024-05-31,738875.0,739036.0,1.4580125124490266,0.5208861139132632,0.02890287287977639,0.2865728237880418
2024-07-19,739085.0647837122,0.7383034611186293,8.566558873338078,-0.24986980010161822,0.01789780873674958,0.0020682459054051023,0.0009971987124969492,-0.0018119701578721977,2024-01-02,2024-05-31,738886.0,739036.0,1.909440668940286,0.7458065444652905,0.02890287287977639,0.4574732118207232
2024-06-23,739059.4866131042,0.05116845197086885,13.153218931618866,-5.754384937351185,4.87911920180393,-0.0225363365927788,-0.018048507129021802,0.013495845932607187,2024-01-09,2024-05-31,738893.0,739036.0,4.0998906640579005,0.8422254049225477,0.02890287287977639,0.8770637471774622
2024-07-14,739080.2088681479,0.5227054462339288,6.85587000629056,-0.3961992953991772,0.06307013922243175,-0.008255918149253543,-0.008060585921611978,0.0017852560285529972,2024-01-17,2024-05-31,738901.0,739036.0,1.5271963864318625,0.5824422378615157,0.02890287287977639,0.30411054910909485
2024-06-28,739064.8836276227,0.5965057219870465,11.548738496946594,-0.29340087773317536,0.04363376975310891,0.001538385968548682,0.0004037617520034126,0.0014844554004235355,2024-01-24,2024-05-31,738908.0,739036.0,3.1103833060782633,1.4649995523249775,0.02890287287977639,0.6056361735343184
2024-07-26,739092.6343597504,0.3629730126551907,14.752411106300785,-0.9787382376359207,0.23446060146556585,0.0031323131995798443,0.0025077380807841556,0.0018768685884864502,2024-01-31,2024-05-31,738915.0,739036.0,2.68393318234102,1.8416878536685715,0.02890287287977639,0.6111520461638081
2024-07-23,739089.7130967274,0.21523521454212086,14.654792666588898,-1.6161303723605447,0.7039001149272983,0.003429525840939439,0.00052792560555801,-0.0033886490005115,2024-02-07,2024-05-31,738922.0,739036.0,2.6556460436898455,3.01446749764555,0.02890287287977639,0.5732519370852708
2024-07-21,739087.3810214576,0.7735455183489197,7.817839770899496,-0.11061910111454386,0.010337013461389115,0.002300466599619215,0.0011072439597880467,0.0020164715196293952,2024-02-14,2024-05-31,738929.0,739036.0,1.4006930805087534,0.44460900938458603,0.02890287287977639,0.16626169227673496
2024-06-28,739064.3537655426,0.9961166160954327,11.137169159259312,0.008591488694231817,0.0033015007593437474,-0.0005552716160948676,-0.00031168502546147426,0.0004595421771107481,2024-02-22,2024-05-31,738937.0,739036.0,2.662718683148526,0.5317913829694155,0.02890287287977639,0.28688755791869397
2024-06-26,739062.7054812652,0.9607269347356091,7.613661784453616,0.05785005808058484,0.0029661656745417976,-0.001214850426692071,-0.0005438291292566357,-0.0010863293411327323,2024-02-29,2024-05-31,738944.0,739036.0,1.807663193317714,0.30809097763503424,0.02890287287977639,0.1768578320551228
2024-06-22,739058.7471355583,0.3367818363758622,3.261165517211389,-0.9353096622114422,0.3119397788357628,-0.04697037717222048,-0.004084359317281839,-0.04679246029723146,2024-03-07,2024-05-31,738951.0,739036.0,0.8072731814696243,0.6858395590028935,0.02890287287977639,0.10255989001662293
2024-06-30,739066.9476434155,0.36666603342994125,14.607219397006364,-0.1444029518223425,0.07624545682967379,-0.004052146360305763,-0.0029387314004614643,-0.0027899368955732755,2024-03-14,2024-05-31,738958.0,739036.0,2.9259389371134787,0.4723152580706524,0.02890287287977639,0.17976035747769917
2024-06-09,739045.0398465809,0.8516275427494526,4.049793485030283,0.11326233367328822,0.004155367655032654,0.002478007475390468,0.0024777093160956044,0.00003843947221403382,2024-03-21,2024-05-31,738965.0,739036.0,1.4056760802155488,0.35263357824144426,0.02890287287977639,0.04996327737389482
2024-05-31,739036.348982482,0.30954037570846654,10.88914148361312,0.09690811102377322,0.03296076383318534,0.004456551390880951,0.004288051519839411,0.0012138634448593687,2024-03-28,2024-05-31,738972.0,739036.0,9.041472390529016,0.21024322669242995,0.02890287287977639,0.08622788309175905
2024-06-17,739053.4160628556,0.09915244413347749,2.5821939191924153,-3.6917065561063693,2.696776281504436,-0.142668724096592,-0.012080527901998575,0.14215634238738173,2024-04-05,2024-05-31,738980.0,739036.0,0.5912814681391002,0.7258229775009439,0.02890287287977639,0.03330224513291869
2024-06-20,739056.2612492512,0.8226443617650141,12.419963293769143,0.1650037082405452,0.0005635155119795605,-0.0011894119516449755,-0.0011755693589086597,-0.00018093499692152588,2024-04-12,2024-05-31,738987.0,739036.0,2.429709268055825,0.03138089967739626,0.02890287287977639,0.06211193352053155
2024-06-23,739059.05317482,0.8472469403397638,8.129018130664537,-0.0636012156108,0.009098282154666406,-0.00110345022096869,-0.00010784961235563498,0.0010981670416064162,2023-12-11,2024-06-03,738864.0,739039.0,2.943185388007117,0.859366800860135,0.0,0.5799939338640968
2024-07-19,739085.1441627783,0.042312349313965665,7.5671173942944145,-9.524927935698644,8.090208635999952,0.06889544470876514,0.06517939010135577,0.022321053013552052,2023-12-18,2024-06-03,738871.0,739039.0,1.8485224986300384,0.6566075644352068,0.0,0.46724959091148516
2024-08-11,739108.4697474142,0.08582420144792847,5.716207737408258,-4.2108353872632165,2.988450439015977,0.06543641739797074,0.018028248169786553,-0.0629039505103617,2023-12-26,2024-06-03,738879.0,739039.0,1.0870571230492208,0.6856907827671099,0.0,0.428992828811392
2024-06-28,739064.1619634806,0.5218082086983954,3.937310595053445,-0.14471885886042554,0.04422119756613051,0.010079777607151997,0.007111698995678881,0.007143224342305289,2024-01-03,2024-06-03,738887.0,739039.0,1.2230374165470113,0.5814210896520778,0.0,0.3819705455178287
2024-07-05,739071.6901966404,0.6679547666454037,9.387772834682462,-0.26773136432324046,0.02854927961578434,-0.0011571056807255905,-0.0009151586784088366,0.000708080609606296,2024-01-10,2024-06-03,738894.0,739039.0,2.529478686660586,1.7555233479946466,0.0,0.587534111485197
2024-06-17,739053.0489298112,0.9087574400522307,8.18122462897875,-0.03617329861152826,0.006986181903790797,-0.00042590817538897604,-0.00005864323931995503,0.00042185156672131614,2024-01-18,2024-06-03,738902.0,739039.0,3.09252055796695,1.8220218270057311,0.0,0.518072428729713
2024-07-18,739084.5109039157,0.837308855308359,11.171095861391267,-0.2481486215466942,0.011445027301098275,0.00019105212649281737,0.00016132067259018985,0.00010235504693211884,2024-01-25,2024-06-03,738909.0,739039.0,2.3997665635305303,4.490088103804575,0.0,0.5340432368437941
2024-07-07,739073.1441159844,0.33640362602305346,10.452226427516806,-0.786881131179714,0.24181376513423955,-0.0040162365757715895,-0.00006616888025134773,0.004015691461236987,2024-02-01,2024-06-03,738916.0,739039.0,2.539490144048056,1.9378207023538068,0.0,0.6460562134351825
2024-07-29,739095.9894791876,0.47284468004272273,10.436003520681348,-0.5533085381381995,0.0901617715606854,-0.006495833439391283,-0.0020659384693613213,0.0061585509913555945,2024-02-08,2024-06-03,738923.0,739039.0,1.8442498712815119,0.6288858832097864,0.0,0.3893891530796599
2024-06-18,739054.5448628032,0.9341504881625979,6.668626634353689,0.05360796021386962,0.003828226087789111,0.0013696179417933046,0.0011750502911493448,-0.0007036406183215744,2024-02-15,2024-06-03,738930.0,739039.0,2.2085905586382633,0.3915422068819922,0.0,0.21994534707447178
2024-07-17,739083.3741288927,0.7522783170846048,14.512208678680564,-0.17109708310517976,0.014051951997767735,-0.0011023285188436263,-0.00008592654290742597,0.0010989744276733463,2024-02-23,2024-06-03,738938.0,739039.0,2.7408025801640283,0.6608009273366076,0.0,0.33006197994416564
2024-07-12,739078.6030866306,0.6724885824552999,10.589311645974623,-0.12682502001314966,0.018345014440686466,0.002783219296337263,0.0024728994191622966,0.0012771366857979075,2024-03-01,2024-06-03,738945.0,739039.0,2.0493182221576043,0.4185890049615864,0.0,0.27232696279722607
2024-07-12,739078.7950869633,0.9176878742959189,5.0659716331723255,-0.2456781501405184,0.009040009697202346,0.0023759719689669533,0.001192140768286857,0.0020552477188662986,2024-03-08,2024-06-03,738952.0,739039.0,0.9343340535949347,0.6892230975960925,0.0,0.10958688541299891
2024-06-20,739056.0550562995,0.4043492043012634,10.215027664151407,-0.011999907770600676,0.04198123098865617,0.008483212487865132,0.0012314237744545746,0.008393359851810183,2024-03-15,2024-06-03,738959.0,739039.0,2.8269441312536907,0.19588982096469512,0.0,0.1031319349472183
2024-06-24,739060.7072411823,0.2114543010896595,2.122303502496989,-4.155185003733152,1.932597951728754,0.22038727223033625,0.21103775132444336,0.06351076504853916,2024-03-22,2024-06-03,738966.0,739039.0,0.4975915416009068,0.8737034243434147,0.0,0.041242703172785194
2024-06-17,739053.871729798,0.09437997038572668,6.850623235348607,-0.45897300096052357,0.4498273256711401,0.023520945637036637,0.012022408864375986,-0.020216245169620558,2024-04-01,2024-06-03,738976.0,739039.0,1.8051191314377981,0.2634758470256975,0.0,0.0845132103756378
2024-06-20,739056.7337304223,0.5418103350151603,6.454599442824223,0.025314847259039756,0.020606821574319176,-0.006898350518307695,-0.0030339648536702917,-0.006195344795903571,2024-04-08,2024-06-03,738983.0,739039.0,1.4638676498690388,0.25075161659720835,0.0,0.060144312470340536
2024-06-09,739045.979193648,0.8130770368834788,11.451447129141242,0.1281033021788815,0.0025907901742698142,-0.001224810909262749,-0.0011198106433056648,-0.000496171227086371,2024-04-15,2024-06-03,738990.0,739039.0,3.794643394624626,0.15018775269275028,0.0,0.09267331045201656
2024-06-16,739052.4125996316,0.9043300790203876,3.7004237964383435,0.07580479378178698,0.004200945818625732,0.0020554363303860795,0.0011645765479482383,-0.0016936882748132722,2023-12-12,2024-06-04,738865.0,739040.0,1.5987388505774534,0.49948052880334654,0.04666165918796807,0.3625028815825319
2024-06-30,739066.7502138049,0.2149361328577724,9.50227911788311,-1.2495536238563187,0.607407961615361,-0.011649126499706881,-0.011577967116638282,0.0012856226710103236,2023-12-19,2024-06-04,738872.0,739040.0,3.0022495014576274,1.1794207559303556,0.04666165918796807,0.7916229463284017
2024-08-21,739118.7237533221,0.6717796416933185,7.462988376807344,-0.3788969931567619,0.024587208970416784,0.0032925528307026324,0.00006292755227803547,0.003291951437389704,2023-12-27,2024-06-04,738880.0,739040.0,1.3176686851128923,0.67218768775191,0.04666165918796807,0.3555680585237398
2024-06-22,739058.378465255,0.5880551487929374,5.821504248927313,-0.15475995576220763,0.03557749923898461,-0.006583693550195916,-0.006550981871595966,0.0006554824794853866,2024-01-04,2024-06-04,738888.0,739040.0,2.063216842724644,0.5458692728809328,0.04666165918796807,0.41031753290186906
2024-07-26,739092.338850516,0.43418737208910196,14.939261554507505,-0.7806337032781787,0.14214603573354062,-0.0029406957977844996,-0.0003449027145475608,0.002920399611800606,2024-01-11,2024-06-04,738895.0,739040.0,3.1555872569072507,1.4048589051100135,0.04666165918796807,0.6207149253030619
2024-06-24,739060.2688691905,0.9875863287907032,5.597104542493029,0.01117252710256738,0.0036622328617630074,-0.001006870861643064,-0.0004734229862270835,0.0008886279357175739,2024-01-19,2024-06-04,738903.0,739040.0,1.825148074843814,0.6417765335703346,0.04666165918796807,0.2971473684485087
2024-07-06,739072.8327081883,0.7158099488721633,9.451364884237307,-0.2451129142191238,0.02190183559145948,-0.0007382396242671886,-0.0007187723352676927,0.00016841636764871557,2024-01-26,2024-06-04,738910.0,739040.0,2.4087229837872446,2.2469135482494695,0.04666165918796807,0.5629802553752347
2024-08-03,739100.3212308921,0.599694515581321,9.503278091565512,-0.43458933889811524,0.04150771364622644,-0.004239261765124501,-0.0018532359793187383,-0.0038127230057014385,2024-02-02,2024-06-04,738917.0,739040.0,1.6812211941068627,0.6178673079683685,0.04666165918796807,0.35365251004362935
2024-07-28,739094.0571669593,0.09289384816955827,9.565788949183233,-3.516692729106834,2.458543962656489,-0.049805201480133406,-0.041765735365731506,-0.027132663780697376,2024-02-09,2024-06-04,738924.0,739040.0,1.7448600754297483,0.47936843826231523,0.04666165918796807,0.34281183449487834
2024-06-30,739066.2334734143,0.5776787530482229,4.209724651927621,-0.18591074972363006,0.03752199289625101,-0.006382675254232363,-0.005026357565621246,0.003933735250815975,2024-02-16,2024-06-04,738931.0,739040.0,1.0987750816662587,0.8067070501214554,0.04666165918796807,0.20976155683004183
2024-07-16,739082.7319298554,0.9772805312608319,4.694214406962523,-0.18327838887742168,0.00570614481528272,0.0012961405667160876,0.0012040253273469268,-0.0004798993433984116,2024-02-26,2024-06-04,738941.0,739040.0,0.8957751128377366,0.9165306882753317,0.04666165918796807,0.1693816252865214
2024-07-13,739079.2555565068,0.09489490377036994,7.104182130166717,-2.4602570249097466,1.7747485860614363,-0.059620870915327126,-0.057515816598244895,-0.01570283699651617,2024-03-04,2024-06-04,738948.0,739040.0,1.3647736936293502,0.3976191805257348,0.04666165918796807,0.12747625389945613
2024-06-17,739053.007587279,0.7701502939828855,11.661819165311929,0.016735805154171036,0.009264956400500879,-0.0010561920212202264,-0.0009808921437567254,0.00039165314757525264,2024-03-11,2024-06-04,738955.0,739040.0,3.7482874440497507,0.5793082059561925,0.04666165918796807,0.28934719483849497
2024-07-05,739071.3721767142,0.864931806295411,3.3538190221606436,-0.4733585601481822,0.019815342827092127,0.006063677685880727,0.00540907220032368,-0.0027404607295003127,2024-03-18,2024-06-04,738962.0,739040.0,0.6665993102417548,0.8427673970185442,0.04666165918796807,0.053308066147765024
2024-06-21,739057.6862093956,0.4266156779854545,12.868968669302387,-0.019583230235244865,0.03832591225920247,0.0040846986709247935,0.004082985710552141,-0.00011828321809031635,2024-03-25,2024-06-04,738969.0,739040.0,3.302287647839014,0.31104666195110364,0.04666165918796807,0.1166932056608791
2024-06-14,739050.7902818655,0.14018300656487218,5.109104841430213,-0.3823315747587853,0.3417251587487722,-0.032109463525844054,-0.007714024702943004,-0.031169078760847155,2024-04-02,2024-06-04,738977.0,739040.0,1.5633262629867775,0.2920078050912318,0.04666165918796807,0.05815094500645079
2024-06-21,739057.9867752509,0.4845976277962586,9.580634432119844,0.022434933659538584,0.023905314066850283,0.003833988212446392,0.0014412948471774286,-0.003552764385190449,2024-04-09,2024-06-04,738984.0,739040.0,2.156455301821898,0.3153774920303105,0.04666165918796807,0.09844472363662708
2024-06-15,739051.599058582,0.8182976920203937,8.120699453512884,0.08351158774182468,0.004746981014055231,-0.0017052753753786169,-0.0008518582650973758,-0.0014772615212134818,2024-04-16,2024-06-04,738991.0,739040.0,2.13687831864333,0.28050516513673074,0.04666165918796807,0.08881967748744442
2024-06-14,739050.568440282,0.29165382639232257,14.869799217549337,-0.5771060135780086,0.2660429676994735,-0.012057217741563094,-0.00868939807421289,-0.00835887915783744,2023-12-13,2024-06-05,738866.0,739041.0,7.0040774054624935,0.4327800711653541,0.08224885358506921,0.8176225615968102
2024-06-22,739058.9992995657,0.18590101228991388,5.37214137700389,-1.0545091675031133,0.6143869693100387,0.0433571191841377,0.02034460527124492,0.03828755437873714,2023-12-20,2024-06-05,738873.0,739041.0,1.9967822724762552,0.490360974096064,0.08224885358506921,0.48384270791692136
2024-07-22,739088.0771959262,0.02058018561564934,11.068285971878275,-20.602145580320233,19.014593567902416,0.018635379342981925,0.017985817357402272,-0.004877267395069149,2023-12-28,2024-06-05,738881.0,739041.0,2.6094223931755662,1.8972201349367541,0.08224885358506921,0.8202145018334696
2024-08-19,739116.8735777149,0.9660355152703088,2.374394171254185,0.8793005881346015,-0.006197764200931905,0.004967335198657741,0.0044029340450819805,0.002299693625351466,2024-01-05,2024-06-05,738889.0,739041.0,0.41558135505303223,0.507635350041949,0.08224885358506921,0.49661630053479605
2024-08-14,739111.8600073527,0.15084782756253337,14.221754967926449,-3.411603490520631,1.791867409016271,0.006150581946076554,0.006127884768765714,0.000527907696602374,2024-01-12,2024-06-05,738896.0,739041.0,2.5213250450947253,3.090121314692535,0.08224885358506921,0.6851344590287995
2024-07-21,739087.4090696331,0.7779116443921315,4.431463729211376,-0.21188879597335264,0.014011572139906798,-0.002101248464033339,-0.00019426553045787416,-0.0020922490318502672,2024-01-22,2024-06-05,738906.0,739041.0,0.9614925073566832,1.1705569059729772,0.08224885358506921,0.3080087351024047
2024-06-27,739063.4252768654,0.4235168446377947,4.68452840100603,-0.33448464215240054,0.09952413722497384,-0.016525973436743096,-0.004247359484261525,-0.01597084016084915,2024-01-29,2024-06-05,738913.0,739041.0,1.4190188638297108,0.5444602560022114,0.08224885358506921,0.24251301685363436
2024-06-28,739064.866330388,0.45719207057710454,2.905165454881926,-0.5734848937243275,0.12711836591392434,-0.02055878958764678,-0.019328901947973647,-0.007004097286214269,2024-02-05,2024-06-05,738920.0,739041.0,0.8338141946989994,0.9730576646693814,0.08224885358506921,0.24858678110956595
2024-07-06,739072.3281929843,0.462737991982744,14.953708943498194,-0.4024533471142734,0.08767005283797039,-0.001094064948872979,-0.0008715806565042938,-0.0006613057322902761,2024-02-12,2024-06-05,738927.0,739041.0,3.651986807500245,2.479672913459856,0.08224885358506921,0.48356248113872313
2024-07-04,739070.5667637871,0.72494275388646,13.8406853153336,-0.12731483609287472,0.01594139778314938,-0.0011781743749123747,-0.001171385336218689,-0.00012629826519787972,2024-02-20,2024-06-05,738935.0,739041.0,3.3544737920427625,0.7087008356171682,0.08224885358506921,0.34814480603838777
2024-06-21,739057.6539305507,0.14841622516128508,6.917441784624998,-0.9087352079637228,0.6245253271256265,0.038924711126843724,0.030762297684808454,0.02384982552262092,2024-02-27,2024-06-05,738942.0,739041.0,2.1335832010835443,0.344239360193619,0.08224885358506921,0.27844244263101453
2024-06-18,739054.2413512904,0.48753271107469154,7.201889727711345,-0.07809311012836895,0.04237400554973114,0.008389218557497727,0.00012833197052255555,0.00838823693697346,2024-03-05,2024-06-05,738949.0,739041.0,2.3760052703199546,0.3419285014918482,0.08224885358506921,0.23982173633199172
2024-06-10,739046.0155250052,0.1437825774085111,3.117171941807485,-0.5977212000343257,0.49306829169125105,-0.05489365738364693,-0.04950784966117581,0.023712579844454493,2024-03-12,2024-06-05,738956.0,739041.0,1.432499463930617,0.4143147676433575,0.08224885358506921,0.15330238807231508
2024-07-06,739072.6874723053,0.13678041034314206,5.460337786187498,-1.5619019109366408,0.9977194808474111,-0.04619508207941414,-0.021245420728824564,0.041019723382527115,2024-03-19,2024-06-05,738963.0,739041.0,1.0790986097209807,0.5410247107165963,0.08224885358506921,0.04989535445891031
2024-07-01,739067.9968616543,0.6927998114723303,2.0613562372879626,-1.5637114903295732,0.1198356425369547,0.0419298268844039,0.041446676114764235,0.006346922214263536,2024-03-26,2024-06-05,738970.0,739041.0,0.4229592000072085,0.9605448516609576,0.08224885358506921,0.05228931488942859
2024-06-27,739063.7802361278,0.8406065874438446,4.744490267231853,-0.08632260475780486,0.010219468821649742,-0.0033350095697996765,-0.0003401092632541274,-0.0033176218168598044,2024-04-03,2024-06-05,738978.0,739041.0,1.0011955843821256,0.5429182837324332,0.08224885358506921,0.04140119887716957
2024-06-16,739052.7044333625,0.7330656376480117,11.149406310871766,0.0916228638442278,0.005225252262444219,-0.0015523051105694409,-0.0010083261611308647,-0.0011802243469269298,2024-04-10,2024-06-05,738985.0,739041.0,3.1145443452292376,0.22132032265944662,0.08224885358506921,0.10076787008390395
2024-06-16,739052.1366815796,0.4799202608434886,4.628106201669555,-0.056451925312065485,0.0432457988918614,-0.012044056809497137,-0.011631365776775624,0.0031258014327924188,2024-04-17,2024-06-05,738992.0,739041.0,1.2421606895656971,0.372337602355079,0.08224885358506921,0.038218844564596274
2024-06-17,739053.6806970213,0.6414462209505519,11.618096901016557,-0.12275582321375934,0.028163259798372316,0.0024509903357352674,0.0022797589104768755,0.0009000294083911746,2023-12-14,2024-06-06,738867.0,739042.0,5.124648173058744,0.6344049735486462,0.0931528622233307,0.6727716824726483
2024-08-26,739123.7896961462,0.8613849748919487,14.986068074886568,-0.34677905254870484,0.009015875556390222,-0.0004170445508887638,-0.0003467320931968411,-0.0002317391054037876,2023-12-21,2024-06-06,738874.0,739042.0,2.662895614789143,1.2426105845351254,0.0931528622233307,0.6708972749268584
2024-08-11,739108.0719372648,0.3813531345266977,6.381435350126832,-0.8012924534377776,0.1740154621323071,-0.014001910936662814,-0.005418022588606519,0.01291117892012915,2023-12-29,2024-06-06,738882.0,739042.0,1.2493443402341948,0.7426932468168703,0.0931528622233307,0.39224669642600435
2024-07-23,739089.0224843989,0.7464486355059575,7.070154641196077,-0.21339792149680048,0.015374748325049033,-0.0026975205976800653,-0.0007547608357956766,-0.0025897786499346287,2024-01-08,2024-06-06,738892.0,739042.0,1.6121367329675287,0.6017474538876525,0.0931528622233307,0.2791995639781333
2024-08-09,739106.0967186085,0.7040034979073096,6.129301531155825,-0.3383144711899333,0.021397645357092595,0.0025425630891731904,0.0016996466264078362,0.001890986094017187,2024-01-16,2024-06-06,738900.0,739042.0,1.139347648746679,0.9666251204015794,0.0931528622233307,0.3136534212081149
2024-06-11,739047.1836835577,0.4034875591265007,11.780815511893525,-0.2741379755320242,0.1129435320786836,0.005146717080102576,0.0039643532363017224,0.003282163938691003,2024-01-23,2024-06-06,738907.0,739042.0,6.18261327469729,0.7515984287153266,0.0931528622233307,0.8187433224514523
2024-06-25,739061.2547872633,0.5346903976084493,3.945622748160511,-0.20390180367439972,0.05003802300519684,0.010157717993687657,0.004363530828573434,0.009172722253909972,2024-01-30,2024-06-06,738914.0,739042.0,1.277535634036982,0.6675607854235259,0.0931528622233307,0.23476768263758377
2024-07-20,739086.1733659038,0.6299476888328547,11.373050329658895,-0.3552704715658384,0.03525428944222353,0.000901247980677274,0.0008707664379892362,-0.00023240854792025564,2024-02-06,2024-06-06,738921.0,739042.0,2.387263001580761,2.1666820580553883,0.0931528622233307,0.5124716584192167
2024-06-28,739064.4204778349,0.7891939909520667,14.525044740907063,-0.08914329523039237,0.011730210644492338,0.0005543390017811626,0.0005432899212490219,0.000110126247393468,2024-02-13,2024-06-06,738928.0,739042.0,4.174450877910076,1.1497321257406075,0.0931528622233307,0.4095595590620442
2024-06-28,739064.2015216373,0.2170817966784409,7.126314724058494,-0.5925990384489045,0.3333417386050883,-0.03351667055938593,-0.018833936949542582,0.027724538307554593,2024-02-21,2024-06-06,738936.0,739042.0,1.9887339143695923,0.302961354976773,0.0931528622233307,0.21363685356593545
2024-07-12,739078.5174768895,0.1426857955385177,3.349854464980498,-4.5100261947099884,2.5867906939165555,0.1275417740361153,0.12631277470830551,-0.017663155713754746,2024-02-28,2024-06-06,738943.0,739042.0,0.6991193581092551,0.8639003260685743,0.0931528622233307,0.15362659300168213
2024-06-26,739062.1665325034,0.5830396473707052,5.09104975160685,-0.10174848556138455,0.030215598590692117,0.007941928885849272,0.007283299513256189,-0.003166667432505221,2024-03-06,2024-06-06,738950.0,739042.0,1.3903837830671342,0.435708422833563,0.0931528622233307,0.12200165979643765
2024-06-11,739047.4199554728,0.6725310720731926,5.245924746101323,0.055818907282003234,0.011578437859639962,0.004317606452314429,0.0013557801775681705,-0.004099217679897033,2024-03-13,2024-06-06,738957.0,739042.0,2.3497654883393952,0.3437931451755312,0.0931528622233307,0.14590654323990196
2024-06-10,739046.2449528018,0.3941689254581823,13.8629008118048,-0.0007784704080160779,0.04520757888757839,-0.00436396447972584,-0.0037804050603246404,-0.002180074209787519,2024-03-20,2024-06-06,738964.0,739042.0,6.5395557259143295,0.2945495132130703,0.0931528622233307,0.12671977312702062
2024-07-08,739074.212535351,0.2895154114107355,7.512168784865796,-0.3111588689687637,0.15053113220762157,-0.018658528217972474,-0.0032044120982687614,-0.018381306220324592,2024-03-27,2024-06-06,738971.0,739042.0,1.3921966515801996,0.31092475030518707,0.0931528622233307,0.043496165754482355
2024-07-02,739068.623525359,0.6235664838377993,8.855332667296542,0.016733066168899993,0.012729654119186137,-0.0033900030964483085,-0.0033765772080658002,0.00030140894462454945,2024-04-04,2024-06-06,738979.0,739042.0,1.7107251292241326,0.26442005538311786,0.0931528622233307,0.08076137302420748
2024-06-27,739063.8237319612,0.8576230414549071,13.144007561092282,0.07638781690717852,0.003208778816155467,-0.0011050062296271282,-0.00038303673416817396,0.0010364948759123422,2024-04-11,2024-06-06,738986.0,739042.0,2.659785899697102,0.18947141377815854,0.0931528622233307,0.09687250891796627
2024-06-30,739066.1001022642,0.612755037739619,5.711437883448291,-0.04910218836416997,0.020105128937056543,-0.005998253731023205,-0.005340520982460024,0.0027309125686550313,2024-04-18,2024-06-06,738993.0,739042.0,1.0086427996271468,0.3596031293763166,0.0931528622233307,0.03841547606090356
2024-08-20,739117.3514342067,0.10009261037067343,7.9004444341782,-4.724765065852956,3.076334758759423,-0.059958876179422166,-0.04447581043742418,-0.040211554541370195,2023-12-15,2024-06-07,738868.0,739043.0,1.5215235364682893,0.650025809791538,0.12656558138424423,0.32191055549238917
2024-08-10,739107.6822139827,0.38475688297858956,14.872114765940728,-0.9721440334037822,0.20025023395732813,-0.0045784708701121085,-0.003719374013588956,0.002669953642950437,2023-12-22,2024-06-07,738875.0,739043.0,3.030165841225765,1.131530452147005,0.12656558138424423,0.7114138481154552
2024-07-09,739075.1697402595,0.007382867530733252,12.924044841063587,-48.09452197095425,46.83809076474514,-0.030951223157724073,-0.023475208036110848,0.020171584534204336,2024-01-02,2024-06-07,738886.0,739043.0,3.6440873631034356,0.8644661399873005,0.12656558138424423,0.8885973296007507
2024-07-08,739074.7765514355,0.1369871567659973,7.812591084553484,-2.219121649657801,1.3703438628411793,0.032928150268028276,0.016477438167757468,0.028508895304826868,2024-01-09,2024-06-07,738893.0,739043.0,2.1685729950418464,0.7297044289562633,0.12656558138424423,0.6904555601142409
2024-07-03,739069.0788680505,0.28899368404861253,12.492040525085105,-0.8723220057289787,0.3312052965009657,0.006422961251485676,0.006422961251472857,-1.2832228142923011e-8,2024-01-17,2024-06-07,738901.0,739043.0,3.704573041954516,1.1929354324424124,0.12656558138424423,0.7739263630037735
2024-08-06,739103.6728117764,0.33084662125458625,2.9168759263880912,-2.026902667780381,0.5077415334424704,0.04742392787933905,0.014012513950251293,-0.04530649388662473,2024-01-24,2024-06-07,738908.0,739043.0,0.5435954210493417,1.2143780716346515,0.12656558138424423,0.3193441497021573
2024-06-13,739049.8403138743,0.6698312884760579,3.5288139534149625,0.0016437118589509524,0.01779361402490556,0.006328893308839508,0.0008176470821933793,-0.006275854026636864,2024-01-31,2024-06-07,738915.0,739043.0,1.6743582914459096,0.5336703309873407,0.12656558138424423,0.23019387840487723
2024-06-17,739053.8212789189,0.6097602806799777,9.000817139817869,-0.1166720958876173,0.031192529772906846,0.0018373872373591998,0.00012386959812258166,-0.0018332070757749717,2024-02-07,2024-06-07,738922.0,739043.0,3.581214785021417,1.1500774695373086,0.12656558138424423,0.5528221857221834
2024-06-24,739060.1117366425,0.8064962118989327,7.5794029138244525,-0.017177050912491342,0.008675743254973847,-0.0019161665251013968,-0.0010577881604606194,-0.0015977416435420655,2024-02-14,2024-06-07,738929.0,739043.0,2.4563698516848174,0.4817711393229664,0.12656558138424423,0.2887296674791415
2024-07-06,739072.8554170394,0.7664152955053101,11.920934955943432,-0.09138537392079918,0.011743663057979793,0.0013499328262555582,0.001164486378850041,0.0006828543833607852,2024-02-22,2024-06-07,738937.0,739043.0,2.8747994417691953,0.5593005793112683,0.12656558138424423,0.3255180136493705
2024-06-07,739043.0327472915,0.3063817658310786,2.0704878081894464,-0.1161789583976566,0.1311355297584939,-0.04047753700440496,-0.005833175507885159,-0.04005502547043484,2024-02-29,2024-06-07,738944.0,739043.0,2.640967417242066,0.47939834884518395,0.12656558138424423,0.2711303861424037
2024-07-21,739087.6530255085,0.5289161411310949,12.443976803866322,-0.26267833847273264,0.044882181923354726,-0.0038912501003143646,-0.0035306494615067255,-0.0016359528486966925,2024-03-07,2024-06-07,738951.0,739043.0,2.2152576162942346,0.4902441779001042,0.12656558138424423,0.28296395446605777
2024-06-09,739045.0517354012,0.11784564335997708,11.89682054539005,-0.3975173578507271,0.3927459262465264,-0.008043297019071865,-0.006072671329229015,0.005274209880557493,2024-03-14,2024-06-07,738958.0,739043.0,7.096257662074778,0.4836823096769792,0.12656558138424423,0.21736771141884073
2024-06-29,739065.7670527351,0.11156057390458621,8.676621084898434,-0.7250380089343609,0.5784369750489872,-0.02600583126291357,-0.00497878914284319,0.02552479027036735,2024-03-21,2024-06-07,738965.0,739043.0,2.0541249830083212,0.28598642171444905,0.12656558138424423,0.08773029339807507
2024-07-03,739069.9395974331,0.48462360683772465,4.041094128126554,-0.408658356684623,0.08477502781119714,-0.013913545821008969,-0.007604947047982891,0.011651246187026195,2024-03-28,2024-06-07,738972.0,739043.0,0.8301612917391697,0.7306942964262544,0.12656558138424423,0.07351400530574008
2024-06-16,739052.2193353175,0.9564749316358936,14.172275471594544,0.1121005134405929,0.001568347221564172,-0.0002850153586394983,-0.0002848405366427135,-9.981149507588174e-6,2024-04-05,2024-06-07,738980.0,739043.0,4.642912695419388,0.37137097866663116,0.12656558138424423,0.11398097015775024
2024-06-09,739045.7644199523,0.1368624822187903,4.852622685138362,-0.17976165357800422,0.2232780599104479,-0.01908242866164517,-0.01907286406322944,-0.000604102683612655,2024-04-12,2024-06-07,738987.0,739043.0,2.360751574459564,0.33000482565374895,0.12656558138424423,0.0823355859007879
2024-06-12,739048.059655113,0.227540118655208,10.676931162729991,-0.08699627530877381,0.12016885699511168,0.012633516108946063,0.012161729334630686,0.003420243977581592,2024-04-19,2024-06-07,738994.0,739043.0,4.025252291659736,0.20271189305500512,0.12656558138424423,0.08173775522550514
2024-08-12,739109.8998948275,0.513008282512765,5.770097677345371,-0.4462320886225279,0.061825953819427376,0.00736323651683372,0.0029410394868958824,-0.0067503732296335115,2023-12-18,2024-06-10,738871.0,739046.0,1.2110390896793013,0.7465231607105743,0.10154205651974794,0.4543671752382267
2024-07-25,739091.0774971164,0.6865180091740039,8.302845713842979,-0.2861086294666449,0.023468460373118786,-0.002902384876947228,-0.0010107965450121457,-0.0027206852663480743,2023-12-26,2024-06-10,738879.0,739046.0,2.0463388363485917,0.6685818200807805,0.10154205651974794,0.41629573632025985
2024-08-27,739124.5701402881,0.8077142940983897,4.671786241106185,-0.024663968902478645,0.0058316185692154,0.0023030095962437848,0.0022879375562322624,-0.00026304930939446264,2024-01-03,2024-06-10,738887.0,739046.0,0.8227032241488984,0.43779234951496027,0.10154205651974794,0.5087973786845823
2024-08-14,739111.5819041183,0.9223554733637505,4.536115380570241,-0.09369281715578903,0.00443459371483164,0.0009663999468060274,0.0005716530746724052,-0.0007791929282304082,2024-01-10,2024-06-10,738894.0,739046.0,0.865811204971485,0.9330634472732291,0.10154205651974794,0.41801207711670285
2024-07-06,739072.1902537543,0.6755765326051787,11.934549702675763,-0.24329333066255718,0.02664684361458937,-0.0009689281558200403,-0.0009148369021985282,-0.0003192102966958067,2024-01-18,2024-06-10,738902.0,739046.0,3.554863016411732,1.5567637657292264,0.10154205651974794,0.6148863303005585
2024-06-20,739056.678550746,0.36118375764385463,6.181460334615847,-0.3738856837875743,0.14549510415935502,-0.016519562200781348,-0.0018904991223890628,-0.01641103130134513,2024-01-25,2024-06-10,738909.0,739046.0,2.584272840766657,0.5146203684479673,0.10154205651974794,0.6124109222451845
2024-08-12,739109.239162986,0.9753653779376084,10.501663912828446,-0.19395525784864218,0.004295623176463629,-0.0005316508480022992,-0.0004552142145914266,-0.0002746500373483945,2024-02-01,2024-06-10,738916.0,739046.0,1.8669526292085648,0.7504277513875994,0.10154205651974794,0.38242112099698966
2024-08-04,739101.872289405,0.17345196560453127,6.043482135883212,-2.3455102452810195,1.1604413494433736,0.04127656837729882,0.03777943719762837,0.016627363652614267,2024-02-08,2024-06-10,738923.0,739046.0,1.1192121334694727,0.8068849115781541,0.10154205651974794,0.2535052818190229
2024-06-10,739046.3771809316,0.8375451420697209,8.75683697263602,0.040264847792425854,0.00736544172381702,-0.001314675027402203,-0.0007074243611014526,0.0011081160593526223,2024-02-15,2024-06-10,738930.0,739046.0,7.9884676790389415,0.5358476664112433,0.10154205651974794,0.3422036648295537
2024-07-25,739091.8102432063,0.44887166840550485,2.354511074748915,-2.4209889529370234,0.3796602557408807,-0.06988763993359816,-0.04287583360271605,0.055190081612192486,2024-02-23,2024-06-10,738938.0,739046.0,0.45387996442481027,1.0356576519522833,0.10154205651974794,0.21067216170711206
2024-06-20,739056.4694714384,0.1551699406677969,12.365732952583551,-0.7761375706823272,0.5434908849544359,0.01579366686613515,0.008628015677836491,0.013228652937524024,2024-03-01,2024-06-10,738945.0,739046.0,4.655044952594638,0.4318143018948189,0.10154205651974794,0.43049156707333164
2024-06-26,739062.7351238083,0.7677000311094859,2.3652074267325514,-0.36805800033114433,0.03138580285841296,0.011220352015841505,0.006027366609194978,0.00946399234560975,2024-03-08,2024-06-10,738952.0,739046.0,0.7113223424230044,0.9079231389035568,0.10154205651974794,0.16343402731572879
2024-06-13,739049.6661682207,0.8139570222867931,14.114175926015324,0.07614758741170925,0.005196808859839018,0.0005519812267615533,0.00038342071861398634,-0.00039707911961562974,2024-03-15,2024-06-10,738959.0,739046.0,7.206345163966865,0.542948183187325,0.10154205651974794,0.14480920545555911
2024-06-24,739060.0050950429,0.19361805705969243,2.016607971782403,-1.1949592303834728,0.6696805872640561,0.06087548814303554,0.055925034521905205,-0.02404611341519813,2024-03-22,2024-06-10,738966.0,739046.0,0.6110715772274512,1.0562084340476505,0.10154205651974794,0.1147082969382443
2024-07-03,739069.4558055511,0.7543594239172733,6.8925461733590945,-0.008703011191068897,0.009274537089046193,0.0030517446373990263,0.0003621274941649408,0.003030182999401774,2024-04-01,2024-06-10,738976.0,739046.0,1.5164367860525645,0.332615656720115,0.10154205651974794,0.04704162050767212
2024-06-15,739051.0627012829,0.6744404453239886,14.244477389070404,0.08872221025436501,0.006699735889874312,-0.0007591957633234464,-0.0007579982180203838,-0.00004262520998415278,2024-04-08,2024-06-10,738983.0,739046.0,5.891070874323784,0.4178313221651953,0.10154205651974794,0.11036573060374875
2024-06-16,739052.8834025143,0.4485362583158311,11.578109161435384,0.039288482787713665,0.025553630462579118,0.004471041233336306,0.0034395208036538797,-0.002856554979590908,2024-04-15,2024-06-10,738990.0,739046.0,4.076393574154427,0.2214133744974005,0.10154205651974794,0.09674713435222317
2024-06-15,739051.1949243288,0.39963848117995526,5.994784022631428,-0.05055370231411025,0.05715827497341658,0.009640590654003066,0.0037595303833011687,0.008877326143332046,2024-04-22,2024-06-10,738997.0,739046.0,2.2372729010065715,0.39524758878633987,0.10154205651974794,0.07082055368463996
2024-09-06,739134.2741566148,0.14739757872379358,3.4754219684155774,0.49079657267025045,-0.06725376491093915,0.12335666145625163,0.11012380098590865,0.055584299780138076,2023-12-19,2024-06-11,738872.0,739047.0,0.6086294775399917,0.023122607216849177,0.11415487765618523,0.5807750025047461
2024-07-27,739093.4993210172,0.4480536326598129,6.110643145209992,-0.5086351534847393,0.09748232688849116,0.011724752717998112,0.011701414447038112,-0.0007394093838002643,2023-12-27,2024-06-11,738880.0,739047.0,1.4823400915023124,0.6096285194869733,0.11415487765618523,0.35389312575838333
2024-08-02,739099.872167098,0.6430454773286,7.151785811372477,-0.3215131926414727,0.02859238434747455,0.004351641824001966,0.002716058501190219,-0.0033999724679055127,2024-01-04,2024-06-11,738888.0,739047.0,1.58000069381156,0.5907781435445517,0.11415487765618523,0.3185574563376734
2024-07-28,739094.5501971203,0.3933896366291033,5.117077740097557,-0.700945295202592,0.15820747511843708,-0.01349870338912931,-0.0019209527037338647,0.013361322310973143,2024-01-11,2024-06-11,738895.0,739047.0,1.1680893229720726,0.9010229328944488,0.11415487765618523,0.34153471898290944
2024-07-08,739074.0779965302,0.5747255594428412,9.093788355261964,-0.3308710276239793,0.048272325139054974,0.0019673629703800422,0.0009581479108007382,0.0017182751928171355,2024-01-19,2024-06-11,738903.0,739047.0,2.6679894755740565,1.5507057400489124,0.11415487765618523,0.6601452492340297
2024-06-17,739053.2116937967,0.42198023580280897,5.76900412747702,-0.21106919976394548,0.08666696917622753,-0.014054914335835994,-0.011096882959431563,0.008625532190674703,2024-01-26,2024-06-11,738910.0,739047.0,2.8811026902615224,0.45104167050700583,0.11415487765618523,0.5840713412776166
2024-08-14,739111.2252112756,0.7118611681597576,10.21293584346785,-0.33722005466156646,0.019849336343063646,-0.002223799753968766,-0.00153786691080887,0.0016063158812608207,2024-02-02,2024-06-11,738917.0,739047.0,1.7987476750623241,0.6221498663842739,0.11415487765618523,0.37713258192772525
2024-08-11,739108.4423923255,0.4588130802624407,5.578547947783342,-0.8133747430476479,0.12340535663999315,0.010110312302739222,0.0017294115205903383,-0.009961302658355953,2024-02-09,2024-06-11,738924.0,739047.0,0.975961532326887,1.0038852217043805,0.11415487765618523,0.2694659485794223
2024-07-19,739085.2228261369,0.4250508519130004,9.723497910488295,-0.3512734619575094,0.08727887042563881,-0.011420002746468299,-0.01088043394706481,-0.0034688066900453174,2024-02-16,2024-06-11,738931.0,739047.0,2.1587689093507767,0.3340883059195395,0.11415487765618523,0.21130740120648683
2024-06-26,739062.3732710939,0.7554767688355619,12.142631951848337,-0.0470668913333942,0.012005836257412703,0.001284534421516596,0.0011195372742626663,0.0006298134418996595,2024-02-26,2024-06-11,738941.0,739047.0,3.993133188273155,0.5815070067111704,0.11415487765618523,0.35620097953434465
2024-07-10,739076.2979107364,0.6339772762365979,10.553926191306488,-0.1275999188184622,0.022160101772942496,0.0030734584046234158,0.003072590368041742,-0.00007304105124807084,2024-03-04,2024-06-11,738948.0,739047.0,2.4806601613183323,0.4331158227056826,0.11415487765618523,0.28596966800622226
2024-07-24,739090.8772487115,0.3128029502028436,9.83515266310712,-0.42869714696781086,0.1580289280153028,-0.01801959481465662,-0.00826515541861291,-0.016012276639833997,2024-03-11,2024-06-11,738955.0,739047.0,1.7693610655157452,0.2789210604769896,0.11415487765618523,0.1572714149440329
2024-06-25,739061.0660052655,0.18535111963470532,12.437382709130851,-0.35541285047462884,0.26224107612339687,0.013250635861932876,0.008133719126329179,-0.010460495395512035,2024-03-18,2024-06-11,738962.0,739047.0,3.8639776186163335,0.2949376493661827,0.11415487765618523,0.13426282627328429
2024-07-17,739083.8521634411,0.2958019957418894,11.659154746471463,-0.248851587388147,0.11925896509419179,-0.01193978381529543,-0.001312293213718209,-0.01186744808613966,2024-03-25,2024-06-11,738969.0,739047.0,2.1093326256241487,0.2534128342188473,0.11415487765618523,0.08144070003803285
2024-07-07,739073.4480437972,0.2868267350229084,11.781638398731573,-0.15579907806085658,0.10041068080829593,-0.004283082667392964,-0.004138691910461476,-0.001102735873182134,2024-04-02,2024-06-11,738977.0,739047.0,2.4260538683751736,0.5707387963489176,0.11415487765618523,0.11102022471027322
2024-06-16,739052.2364662344,0.34787056324100646,11.140237143538876,0.021822391275789284,0.0419796730304488,-0.005969469388379829,-0.004689078451856294,-0.003694199243562917,2024-04-09,2024-06-11,738984.0,739047.0,4.55194116729819,0.21959708291341093,0.11415487765618523,0.09852358802260713
2024-06-22,739058.8945124648,0.6561476470004003,12.006354967163695,0.046468865268350014,0.010529474090635116,-0.002972543158419468,-0.0016452243121914663,0.0024757321727603135,2024-04-16,2024-06-11,738991.0,739047.0,3.3285038145580463,0.19358375425293387,0.11415487765618523,0.08842899852542743
2024-07-02,739068.7679306966,0.9134621020698541,11.949055629199421,0.02868023221898565,0.003974895157699654,-0.00048502684429673143,-0.0004652413304143016,0.0001371187228746549,2024-04-23,2024-06-11,738998.0,739047.0,2.242104125675364,0.6264939095387987,0.11415487765618523,0.08996204384251556
2024-07-26,739092.6447785554,0.17345607579352532,8.274504508981163,-1.9536054063580894,1.0079398428410509,-0.03150978098157633,-0.00874539711029836,-0.030271840493932552,2023-12-20,2024-06-12,738873.0,739048.0,2.098227926674532,0.670558617605107,0.1012189174517313,0.5981677865454892
2024-06-29,739065.8730414831,0.8202557723767505,10.911960253701698,-0.08770302317378748,0.010414670807425506,-0.0008738469258729864,-0.000727131268343034,-0.0004846530392512971,2023-12-28,2024-06-12,738881.0,739048.0,4.0575661471523246,0.8958941571856245,0.1012189174517313,0.6504168423282304
2024-08-13,739110.414896864,0.6211718342440152,14.048307158309216,-0.5182992818945502,0.040696811554011274,-0.0006592697683781447,-0.0003571670113960864,-0.0005541374860698024,2024-01-05,2024-06-12,738889.0,739048.0,2.83111954378868,2.7295118564105456,0.1012189174517313,0.6808190911114671
2024-08-04,739101.9797260042,0.6506114934553419,2.583316111505773,-0.1847454091283999,0.024502548347661322,-0.006237383925725783,-0.003613230137039629,0.005084242934173285,2024-01-12,2024-06-12,738896.0,739048.0,0.5505961131924061,0.9893568308374415,0.1012189174517313,0.4343059739137524
2024-07-26,739092.3978417753,0.02193436026823359,12.610922027941394,-18.91353243045736,17.365389942273215,-0.01751500904479418,-0.017458651648223442,0.0014039317879465517,2024-01-22,2024-06-12,738906.0,739048.0,2.879557726649044,1.7244567472464156,0.1012189174517313,0.8698401713952361
2024-08-14,739111.4129506237,0.6656388658508442,10.092182052839336,-0.4043253450379707,0.027785488845690345,-0.002687493117849315,-0.000975912234883812,0.0025040396499040334,2024-01-29,2024-06-12,738913.0,739048.0,1.8321875717705642,0.6819056313842516,0.1012189174517313,0.43670540775954253
2024-08-02,739099.7456477182,0.2892727086193086,6.097856503977851,-1.1590764813494954,0.3703867647923111,0.023651461950383406,0.02133213734784136,0.01021428257702252,2024-02-05,2024-06-12,738920.0,739048.0,1.208473971193189,0.7428955052026938,0.1012189174517313,0.2809213475901145
2024-06-25,739061.858945386,0.3993852709567004,12.304908388830848,-0.3060323610943433,0.1066088414423654,-0.0028377974085708733,-0.0019514086551247795,0.002060363655473388,2024-02-12,2024-06-12,738927.0,739048.0,4.455914957074446,1.2193418943743242,0.1012189174517313,0.5641192464148317
2024-07-14,739080.1425551237,0.6489174964382965,12.154122887554077,-0.1703701942637865,0.023177364542707822,-0.0019272894622743896,-0.0013255701233232332,0.0013990384267584407,2024-02-20,2024-06-12,738935.0,739048.0,2.9161597709414977,0.6420708680674846,0.1012189174517313,0.35859468099676073
2024-07-29,739095.0446662344,0.8965398804844487,5.4949997639856845,-0.20685765947282675,0.00757586059463826,-0.001457442124943546,-0.0012260148799441727,-0.0007880514334200746,2024-02-27,2024-06-12,738942.0,739048.0,1.0316549645286943,0.8480912673403215,0.1012189174517313,0.18497902648406217
2024-07-19,739085.1829531786,0.5042125816238164,7.085253063903276,-0.250985399394916,0.05116592980370646,-0.008146167863181904,-0.006366016458706812,-0.005082704526392578,2024-03-05,2024-06-12,738949.0,739048.0,1.4638614708171405,0.4469776701742062,0.1012189174517313,0.16704647977979278
2024-07-16,739082.3568314529,0.4890969766917993,9.482613505452687,-0.1588185509338684,0.04281077264524564,-0.007865661352525425,-0.0006191505634177545,0.007841255071251768,2024-03-12,2024-06-12,738956.0,739048.0,1.9654510458309442,0.28072736551256927,0.1012189174517313,0.15311354104928415
2024-06-12,739048.1667614139,0.2112626264161484,13.638755154881203,-0.07556966727438302,0.12515414557953541,-0.004689751715154871,-0.00468552360814802,0.0001990971302796978,2024-03-19,2024-06-12,738963.0,739048.0,13.535902206771341,0.4133741648093031,0.1012189174517313,0.17020423275332197
2024-07-04,739070.7254024147,0.7862123429059533,11.261517643103321,0.043932810938631266,0.0052108808355389195,0.0009181237151946628,0.00019457978475228348,0.0008972679999691314,2024-03-26,2024-06-12,738970.0,739048.0,2.668620786960116,0.3962350342848543,0.1012189174517313,0.11443827979111887
2024-07-10,739076.498296327,0.2454832571564523,12.701215979981928,-0.21358022624821354,0.1382013468286637,0.0033669759679862757,0.0000806135467772063,0.0033660107880209155,2024-04-03,2024-06-12,738978.0,739048.0,2.5070060925490067,0.7933207882713376,0.1012189174517313,0.11121871093821768
2024-06-27,739063.1210374702,0.4167771250210318,5.714550439403675,-0.09048365753458111,0.05404452925133367,-0.011710343937948233,-0.0076753212859691665,0.00884429750190424,2024-04-10,2024-06-12,738985.0,739048.0,1.4935540755206276,0.33659207920464984,0.1012189174517313,0.04470801512301647
2024-07-06,739072.0521664829,0.7829813176516309,13.579394959705944,0.03671160549815165,0.00556228782728824,0.0008768415429616737,0.0006119099929629944,-0.0006280264739447191,2024-04-17,2024-06-12,738992.0,739048.0,2.598775815867766,0.3657659893117787,0.1012189174517313,0.10129875572716207
2024-06-17,739053.6075446662,0.6363379641226304,8.347583105583993,0.037159461023837236,0.014502553583035534,-0.0020116214825804013,-0.00026714885822063706,-0.001993803520091781,2024-04-24,2024-06-12,738999.0,739048.0,3.0238790630405705,0.5495728841634447,0.1012189174517313,0.08213368297482285
2024-06-15,739051.5650805443,0.35921150487102654,9.374090418715639,-0.30073514235863913,0.1404684199980173,-0.007933303253266362,-0.0028676663455851816,0.007396877059860112,2023-12-21,2024-06-13,738874.0,739049.0,6.321837556572071,0.6784935780688645,0.0959880294683731,1.0037669860839014
2024-07-13,739079.1813735125,0.37539716572444115,13.551396279930547,-0.645083072068052,0.1744477360769964,0.00512891485028496,0.004810805469633557,-0.001778178358550524,2023-12-29,2024-06-13,738882.0,739049.0,4.048042696940709,0.9422080113234083,0.0959880294683731,0.8044856517757873
2024-07-13,739079.6314941522,0.7045952991485586,9.579865870010556,-0.2397032455604368,0.02191638087884888,-0.0011707486000424358,-0.000995349138350041,-0.0006163865485936192,2024-01-08,2024-06-13,738892.0,739049.0,2.763413548495961,1.3768464371352933,0.0959880294683731,0.6308676233509323
2024-07-18,739084.248916367,0.22868935255400352,9.079299075597113,-1.3492990049628109,0.582235227382767,0.018772438861438923,0.0009486208949263905,0.01874845538182206,2024-01-16,2024-06-13,738900.0,739049.0,2.3898427357839895,0.7812164912308966,0.0959880294683731,0.72148398602528
2024-07-29,739095.9014121689,0.3215694440257973,14.297153644276532,-1.071373697278064,0.30498214448954425,0.0069519742184055815,0.003484635669266266,-0.00601558474180633,2024-01-23,2024-06-13,738907.0,739049.0,3.1701233207866895,0.9867143662260179,0.0959880294683731,0.7142494100122488
2024-06-20,739056.1251985552,0.6609594810032303,11.694345642027656,-0.10485826577491517,0.024663395171760735,0.0015407532453823691,0.0010921200781373534,0.001086827630346949,2024-01-30,2024-06-13,738914.0,739049.0,5.570741946954422,0.9047293536639779,0.0959880294683731,0.669079726351725
2024-08-09,739106.6545229498,0.6899102254386381,5.138427901722441,-0.42481738016258913,0.026879695710612075,-0.0033229454080226147,-0.00294971872578433,0.0015300737313789338,2024-02-06,2024-06-13,738921.0,739049.0,0.9563579814594222,1.0860841011092255,0.0959880294683731,0.2807077161600971
2024-06-17,739053.2941081052,0.027461767584133108,12.199109666206123,-4.743294447566707,4.494855346121164,0.02167805929398391,0.017420626004977575,0.012901939557608433,2024-02-13,2024-06-13,738928.0,739049.0,6.549658823130207,0.4667621931092654,0.0959880294683731,0.7559060868515202
2024-07-31,739097.0476945668,0.809440295830437,3.2139447381122053,-0.4320880016243953,0.01812302102775244,0.003753412659759701,0.003601248862139441,-0.001057881480783067,2024-02-21,2024-06-13,738936.0,739049.0,0.6186809015031405,1.2160479378510183,0.0959880294683731,0.25996204898204
2024-07-03,739069.9141414249,0.085633389700299,2.1716193329452333,-5.897854354920627,4.37089895765174,0.18633675288127607,0.1692192596090941,0.07801427851161453,2024-02-28,2024-06-13,738943.0,739049.0,0.6231894496606953,0.9249785888151901,0.0959880294683731,0.2439990450017585
2024-06-29,739065.8240133026,0.7076157415744352,7.166259052945348,-0.012069522670723308,0.011701878567064878,-0.0037784449070768825,-0.002759374339357828,0.002581181739263778,2024-03-06,2024-06-13,738950.0,739049.0,2.20041425270655,0.30580703712701485,0.0959880294683731,0.15042130672613607
2024-06-25,739061.7329245014,0.17106608950849592,4.772205133640973,-0.5594703238323815,0.392971814394441,-0.03375596112204226,-0.011193245616732565,-0.03184613263547594,2024-03-13,2024-06-13,738957.0,739049.0,1.6004776450185378,0.41730707537579215,0.0959880294683731,0.16451793764762088
2024-07-17,739083.8282515182,0.07356667929730067,12.488108233974247,-1.728242840501082,1.3913477636396976,-0.025599497082818577,-0.010979342529237629,0.023125490016838786,2024-03-20,2024-06-13,738964.0,739049.0,2.455870372316887,0.32017598907010464,0.0959880294683731,0.1101670789121371
2024-07-15,739081.3140418391,0.6625705536865453,9.62016543084869,-0.032926877515676974,0.01268141084570575,-0.0031629186243423133,-0.0009772200659005502,0.0030081713992079645,2024-03-27,2024-06-13,738971.0,739049.0,1.8799256988528295,0.2761398882671248,0.0959880294683731,0.05756693808807812
2024-07-16,739082.962882371,0.8876075875829395,3.1115390112586647,-0.1232299650870901,0.006657918044141627,0.0018863802038161005,0.0014683490758046185,-0.0011842217971870792,2024-04-04,2024-06-13,738979.0,739049.0,0.5540315867767999,1.006827271140875,0.0959880294683731,0.09482646829193835
2024-07-03,739069.444766519,0.7717284242702411,4.338161264131097,0.057056993355599335,0.0043785941915215,-0.0026004113537711204,-0.0009460616036039938,-0.0024222111078533175,2024-04-11,2024-06-13,738986.0,739049.0,0.9710745933075884,0.2995376700629598,0.0959880294683731,0.06506941011810481
2024-06-24,739060.9767573928,0.7637117948544343,4.6826249684856425,0.042221473019689815,0.006663723503401559,-0.003650164842904897,-0.00037264566447557255,-0.00363109330493262,2024-04-18,2024-06-13,738993.0,739049.0,1.293923941710442,0.29774509264623944,0.0959880294683731,0.0442675523744125
2024-06-20,739056.3616765742,0.10852146291448331,8.248956721388847,-0.5499349078185715,0.49189773283841215,-0.008341228734041313,-0.006484345016532085,-0.0052468434796715605,2024-04-25,2024-06-13,739000.0,739049.0,2.6723333583907922,0.7758207746643135,0.0959880294683731,0.08231383539859627
2024-07-15,739081.1682530591,0.8903198228862972,7.7950619416358435,-0.09337618286747364,0.006564769219806711,0.0011646455757214707,0.0003218134949357521,0.001119301296132919,2023-12-22,2024-06-14,738875.0,739050.0,2.343899112094468,0.6438017525551331,0.36522620026089564,0.49829770027734743
2024-06-26,739062.2017020372,0.6927244533175857,7.943576212184485,-0.09721310070625355,0.019816269305785658,0.0022803397222412097,0.0010473307821878644,0.00202559805526982,2024-01-02,2024-06-14,738886.0,739050.0,3.3756408201149877,0.7578212781300282,0.36522620026089564,0.772542273159714
2024-07-23,739089.7351708545,0.871756054752191,5.314245049181574,-0.07640035224375831,0.006207871426961658,-0.0014468698828349477,-0.0007222176756372358,0.0012537280753225411,2024-01-09,2024-06-14,738893.0,739050.0,1.3529415145519676,0.7038281499014758,0.36522620026089564,0.43022237356794224
2024-08-26,739123.2944077804,0.23151825451829772,5.873945959575822,-1.8658834268371332,0.6969040913223564,0.030204300488880943,0.027787628973458323,0.01183838857514118,2024-01-17,2024-06-14,738901.0,739050.0,1.0372526854745698,0.909409579738144,0.36522620026089564,0.42061779575152336
2024-07-04,739070.8428061258,0.5082926043438801,6.112364437589069,-0.20812687016465228,0.05274025777811756,0.010647077138753624,0.004776979505472607,-0.00951528866629199,2024-01-24,2024-06-14,738908.0,739050.0,1.999886130736987,0.4119233379553359,0.36522620026089564,0.4562402267774158
2024-08-07,739104.2804535405,0.7366820038029444,4.506283486958717,-0.31873541097532276,0.018971887538544157,0.002997983453430618,0.0024475642981393007,-0.0017312809689699843,2024-01-31,2024-06-14,738915.0,739050.0,0.8958264699552246,1.0345294574036175,0.36522620026089564,0.3720248937270411
2024-07-23,739089.0627072875,0.316418285366676,2.6803393257196375,-1.3386250475121584,0.4080605216219673,-0.04771743470391469,-0.047717280012158685,-0.00012150293660648499,2024-02-07,2024-06-14,738922.0,739050.0,0.6199199291041159,1.00953013402284,0.36522620026089564,0.3783799677960305
2024-08-11,739108.1391119868,0.5183728480057789,2.891288443925461,-0.7385334334904909,0.09569555747139313,-0.015378884012685601,-0.00270010354797651,-0.015139997169941655,2024-02-14,2024-06-14,738929.0,739050.0,0.5178323170263823,1.115623824711686,0.36522620026089564,0.3624538740631028
2024-08-07,739104.9193063459,0.6251943388547155,12.279173144750539,-0.22957082837935314,0.02480390677013842,0.004109198345645765,0.001000837652616734,-0.003985452927455362,2024-02-22,2024-06-14,738937.0,739050.0,2.184152075049384,0.3073327905143906,0.36522620026089564,0.2830409026079326
2024-07-18,739084.7110776263,0.5898455708788223,8.0487811881768,-0.11297816046437804,0.02505280863344489,-0.006150488109028629,-0.0022939840998113226,0.005706675120340688,2024-02-29,2024-06-14,738944.0,739050.0,1.7929560515551846,0.29850735725343125,0.36522620026089564,0.23091493451473433
2024-07-27,739093.4681696242,0.25012695946907565,3.7052876452280046,-1.76773399771032,0.6674911365721198,-0.05117036762504528,-0.0023281030627796363,0.051117379226749915,2024-03-07,2024-06-14,738951.0,739050.0,0.7000443977083791,0.8805733580287664,0.36522620026089564,0.30243223097591265
2024-07-16,739082.0989273454,0.6368158703542138,4.172703764218127,-0.1456953968108879,0.023191159713961927,-0.0036325724720111655,-0.0035815762200572224,0.0006065431100374736,2024-03-14,2024-06-14,738958.0,739050.0,0.8980421937777069,0.9743264754047279,0.36522620026089564,0.24516228484488173
2024-07-06,739072.3579120373,0.5014670627802483,13.74782779755626,0.0020962249328453646,0.022807850035153343,0.0037831593188776356,0.0035489554013491656,0.0013104235922957426,2024-03-21,2024-06-14,738965.0,739050.0,3.433000180525966,0.21990649029102216,0.36522620026089564,0.18220528567412214
2024-07-20,739086.3697288068,0.4495625827228299,5.0618586176350036,-0.07552820160901039,0.036654916347058204,-0.0013987948581181007,-0.00034651317489028737,0.0013551958067840565,2024-03-28,2024-06-14,738972.0,739050.0,0.9229983324833599,2.327332060912287,0.36522620026089564,0.19026510679666864
2024-06-14,739050.6830071922,0.6733684564371852,9.482072808550276,0.11749760651045589,0.004779592763122907,-0.00224941547050514,-0.0022484498176785473,-0.00006590429674282198,2024-04-05,2024-06-14,738980.0,739050.0,7.001488692643819,0.1508935581949938,0.36522620026089564,0.1639562422851895
2024-06-15,739051.7411619475,0.3408951267249765,5.581867547050136,0.07529490659637336,0.028911838702618792,0.007616102304024223,0.007576805998173926,0.0007726740395527006,2024-04-12,2024-06-14,738987.0,739050.0,3.2122505058322917,0.23183777982959095,0.36522620026089564,0.16336593552644363
2024-06-27,739063.2768605066,0.5617170670356525,11.59542898775068,0.07751254508331153,0.010661478351504773,-0.0017980966266239722,-0.0005358396472003792,0.001716399531334323,2024-04-19,2024-06-14,738994.0,739050.0,3.0488790187388317,0.2872335740100003,0.36522620026089564,0.1651585421003143
2024-06-27,739063.9106633008,0.008940130861924358,2.8079228575642454,39.95793272843747,-38.605864551944386,0.24177422016925273,0.07212278796151889,-0.23076628218851225,2024-04-26,2024-06-14,739001.0,739050.0,0.6743910650942468,0.5083958480694847,0.36522620026089564,0.06840204107044165
2024-08-27,739124.6547991285,0.49718836843641545,5.810038155312962,-0.4330064511099171,0.0626778215864994,0.008783530826269492,0.007890881866577546,-0.003858030215504288,2023-12-26,2024-06-17,738879.0,739053.0,1.1392879367889772,0.6106420951379771,0.3416551794915123,0.5752488143207938
2024-09-03,739131.6729105138,0.8136365077897172,4.380228290154829,0.13134809897544328,0.002780816253129686,0.0029574421065035723,0.0003970513900508503,-0.0029306678431679995,2024-01-03,2024-06-17,738887.0,739053.0,0.7909856488585523,0.17465849861057536,0.3416551794915123,0.5841040807840177
2024-08-01,739098.5100160013,0.9826196478871891,3.0184058800448725,0.15772579874893355,0.0011755756325598158,-0.0015760132271725232,-0.0014728519485279665,-0.0005608251331209428,2024-01-10,2024-06-17,738894.0,739053.0,0.721880951335866,0.24282786577356685,0.3416551794915123,0.5227430041234861
2024-07-16,739082.9652038328,0.6585098376054884,12.27814481257189,-0.24706908610955908,0.027336134757598943,0.0013220058242630712,0.0012599997378321226,-0.00040012505551197916,2024-01-18,2024-06-17,738902.0,739053.0,3.514044709457829,1.109004361857449,0.3416551794915123,0.8810185833670332
2024-08-24,739121.1080220931,0.27473133870791516,10.938240645940308,-1.3281905137705254,0.4255425488315221,0.017855787252454187,0.011854754111305288,0.013352675513371683,2024-01-25,2024-06-17,738909.0,739053.0,1.9776352572626565,0.5985834655446229,0.3416551794915123,0.7999816184143139
2024-08-12,739109.9423609722,0.7734806103091858,14.183816895265155,-0.31171501299135873,0.014747124477206499,0.00013276727199243142,0.00008477988230673938,0.00010217396962224615,2024-02-01,2024-06-17,738916.0,739053.0,2.766522258829525,6.057209981879084,0.3416551794915123,0.7993583179311107
2024-07-16,739082.7221306999,0.8906256169716302,2.07318159782898,-0.012187875431933724,0.007028925159156099,0.003285732152323447,0.0029993651146416602,-0.001341582903097192,2024-02-08,2024-06-17,738923.0,739053.0,0.554837285619406,0.9189980691271615,0.3416551794915123,0.41605543626287356
2024-08-08,739105.1970920037,0.8776013347083798,13.07697235194675,-0.12004346114339692,0.005866915568221691,-0.0009494524133571798,-0.0008423161046849998,0.00043813635436706417,2024-02-15,2024-06-17,738930.0,739053.0,2.5201718904560564,0.4146930004794096,0.3416551794915123,0.4293882000415517
2024-07-13,739079.3514606017,0.001979149473549047,6.489248866614249,-86.58388801863398,86.0915622522988,0.07765607465587528,0.05620246458426952,0.05358870128686461,2024-02-23,2024-06-17,738938.0,739053.0,1.7348140547812942,0.3381188006944733,0.3416551794915123,0.4957071873228635
2024-08-03,739100.5109533422,0.11318663554278266,5.30893744583909,-2.593640248847467,1.6914987404224284,-0.05082215729485698,-0.042153094082159163,0.02839028586336923,2024-03-01,2024-06-17,738945.0,739053.0,1.0018968922652192,0.7095877759792457,0.3416551794915123,0.412654401156813
2024-08-05,739102.583632152,0.1990697608615853,7.52060005397894,-0.9540384170379225,0.4722893770051156,0.020626977063017454,0.018527320642925022,0.009067004607503653,2024-03-08,2024-06-17,738952.0,739053.0,1.3296309347344932,0.6060736362002498,0.3416551794915123,0.436281020690724
2024-08-02,739099.6092461263,0.6720581236012427,3.8850941852939833,0.00737162089613032,0.009769017185555215,0.002044159531152624,0.00016857227483605363,0.002037196990219332,2024-03-15,2024-06-17,738959.0,739053.0,0.6827533540451048,0.8266874997216557,0.3416551794915123,0.25512639944829346
2024-07-02,739068.6896896722,0.11512691664758615,14.627435137689542,-0.2515357800850273,0.27499034329574507,-0.02428991485630389,-0.02398175416087812,-0.0038568680420384377,2024-03-22,2024-06-17,738966.0,739053.0,4.373685808274258,0.08910460373936545,0.3416551794915123,0.2279590989369242
2024-07-09,739075.2475801243,0.6925576480583012,5.728305589431477,0.05849652797033794,0.007261308068356655,-0.001616540710669751,-0.0011755405128643125,-0.0011096433534552319,2024-04-01,2024-06-17,738976.0,739053.0,1.3633241401476273,0.5430726949738846,0.3416551794915123,0.21629233497945563
2024-07-21,739087.596732411,0.7145200373954496,9.859134808067436,0.025801650750377242,0.007513017327787913,-0.0030946341137329035,-0.0027294270457527752,-0.00145841979546107,2024-04-08,2024-06-17,738983.0,739053.0,1.7360118419157338,0.17594652311434963,0.3416551794915123,0.13913485705336529
2024-06-24,739060.9751773502,0.3671874110684988,5.383883866338849,0.061812028431269796,0.028713003661615843,0.011997572842588261,0.008889321916162339,0.0080574009447245,2024-04-15,2024-06-17,738990.0,739053.0,1.8731184445076459,0.16322148722896943,0.3416551794915123,0.17017445805776682
2024-06-17,739053.4678489289,0.3232949862834216,10.739908697491822,0.13589472826470514,0.010925979724504356,-0.005345258896377333,-0.0006188837513421279,0.0053093102726838,2024-04-22,2024-06-17,738997.0,739053.0,8.193201482441415,0.061530440672215914,0.3416551794915123,0.21091258657185671
2024-07-04,739070.9258333101,0.7084354977602946,12.334064412315897,0.09074293793253486,0.005321133792100997,-0.0006717534936403215,-0.00020440585131214836,-0.0006398992140699453,2024-04-29,2024-06-17,739004.0,739053.0,2.5859786623746865,0.45497585230579896,0.3416551794915123,0.20276388699778036
2024-09-08,739136.5914317641,0.033394088825386754,12.251745595184824,-14.859672037385051,12.84172264213495,-0.04999211443776637,-0.04391965917579309,0.023880432237313093,2023-12-27,2024-06-18,738880.0,739054.0,2.210395248792978,0.7001537314567557,0.35431700116054227,1.0375285835594437
2024-07-17,739083.2773500992,0.508368021935066,8.03060128893976,-0.31251287484199236,0.06046879238639524,-0.008473749805708792,-0.007469752080876422,0.0040009048501547925,2024-01-04,2024-06-18,738888.0,739054.0,2.425349858656718,0.4517371613420194,0.35431700116054227,0.7737298293040676
2024-08-17,739114.5459743371,0.38683283979060856,5.4737987585036745,-0.6705963765191663,0.14934447658772937,-0.015837118014589816,-0.010395261090548528,-0.011947922575384105,2024-01-11,2024-06-18,738895.0,739054.0,1.122220820768854,0.6664192313885426,0.35431700116054227,0.55664688982254
2024-07-08,739074.5672242588,0.561102834076682,13.376624640031467,-0.23832082663867693,0.045041119845379035,0.0024522207826605,0.00028418114487616564,-0.0024356986356708697,2024-01-19,2024-06-18,738903.0,739054.0,4.516104009265126,0.7704519038714096,0.35431700116054227,1.0817245225469914
2024-07-31,739097.0686079953,0.3433823676195165,2.816139018946413,-0.7463826221776821,0.2294314318656924,-0.03838713286975735,-0.0358455368393146,-0.013735700151857745,2024-01-26,2024-06-18,738910.0,739054.0,0.6582664416897388,0.7287710972604247,0.35431700116054227,0.46878370074943704
2024-06-23,739059.1771179119,0.24373100793634467,5.716881356055751,-0.2946030066813672,0.20820860580908582,-0.04038976217682093,-0.027493629634646227,0.029587720733660065,2024-02-02,2024-06-18,738917.0,739054.0,3.0142399095377206,0.2197753525169025,0.35431700116054227,0.8441688684405266
2024-07-19,739085.4772874851,0.17322860070619275,8.141593191455184,-0.9366687859238225,0.5512881568270492,-0.04693707254489606,-0.043322659956003186,0.01806200192175147,2024-02-09,2024-06-18,738924.0,739054.0,2.1187191024349645,0.24990380141776877,0.35431700116054227,0.5371108290550045
2024-08-09,739106.6911801854,0.4001430212567577,5.464620394437661,-0.40103309620025235,0.10006570016867543,-0.011723442310741993,-0.011650991508340825,-0.001301344107400329,2024-02-16,2024-06-18,738931.0,739054.0,1.047387775367956,0.6250076544274982,0.35431700116054227,0.4622538428494227
2024-07-27,739093.8341742589,0.761635623832994,10.535264345598522,-0.03354142209237472,0.008175724088113078,-0.0027953462709030385,-0.0003756289143732482,0.0027699934463710023,2024-02-26,2024-06-18,738941.0,739054.0,2.254591265012788,0.2114425681641583,0.35431700116054227,0.33810555379368434
2024-06-30,739066.9491012567,0.059420301434750314,3.472287682789322,-1.488839088862383,1.3475869789427373,-0.046430202587448455,-0.023251854759818235,-0.04018849291202425,2024-03-04,2024-06-18,738948.0,739054.0,1.2255544609668696,0.4966785198375251,0.35431700116054227,0.6342038182790096
2024-08-04,739101.2388543413,0.6044365068111214,3.4159825316338353,-0.23870655225723184,0.03362726876760371,0.008459543916533882,0.008455435068124508,-0.0002636305833846051,2024-03-11,2024-06-18,738955.0,739054.0,0.61436100976975,0.7033632797852234,0.35431700116054227,0.3832696622574173
2024-07-15,739081.7030312218,0.6131743439876601,13.824508634502802,0.059970406594214265,0.009670481770520517,-0.002527574876848798,-0.0018992369303963469,0.0016677931047632609,2024-03-18,2024-06-18,738962.0,739054.0,3.2199882174342767,0.16969863602434804,0.35431700116054227,0.298338693620364
2024-07-17,739083.2526131595,0.26850329365222964,13.372869079153187,-0.02618984043423233,0.06810559327814314,0.006477831181174151,0.006311257691554734,0.001459562661410363,2024-03-25,2024-06-18,738969.0,739054.0,2.899766740419041,0.21109511308877393,0.35431700116054227,0.29737311849346987
2024-07-04,739070.6029599651,0.9941087552499097,5.546558455254603,0.10775840258895554,0.001510187914728164,-0.0006871510401337291,-0.0005040361688682896,0.0004670375706829621,2024-04-02,2024-06-18,738977.0,739054.0,1.5267204583497105,0.3939028169320033,0.35431700116054227,0.24603314260537737
2024-07-05,739071.2140246618,0.17612800974474244,8.883175358080656,0.11506161902903944,0.02905974745999095,-0.01229078151795867,-0.010731921732812138,0.0059907567337515,2024-04-09,2024-06-18,738984.0,739054.0,2.2940914976213587,0.046878372895728146,0.35431700116054227,0.24771459900358309
2024-07-09,739075.7058568427,0.3635067208220482,2.4646401769663746,2.7483852633943426,-0.6548660801025455,-0.1282082217608632,-0.003938617868012058,-0.12814770936841782,2024-04-16,2024-06-18,738991.0,739054.0,0.5341017914875597,0.7533478280084037,0.35431700116054227,0.10634017778200222
2024-06-30,739066.6765646987,0.4075151894246284,7.727301829437412,0.1266110761238962,0.010703730071162713,-0.004935318692225377,-0.0038434736459046757,-0.0030959781858187294,2024-04-23,2024-06-18,738998.0,739054.0,2.077999976646438,0.11437625469455293,0.35431700116054227,0.2392281026313236
2024-06-24,739060.3309724991,0.35546254449721887,2.467700560215121,0.728491952793918,-0.18874424324458453,-0.05699869475491301,-0.0554522659186902,-0.013187016654521112,2024-04-30,2024-06-18,739005.0,739054.0,0.8514274051327859,0.4769910051736638,0.35431700116054227,0.07802824231752908
2024-09-05,739133.7380206364,0.9648123345779613,11.289887898711669,-0.19195442080597863,0.003955152260745024,-0.0005395213483177893,-0.0005005834354461547,-0.00020124489918398115,2023-12-28,2024-06-20,738881.0,739056.0,2.1184922544703397,0.6264808360150239,0.35682308868152546,0.8044724824961853
2024-07-28,739094.159223568,0.7058607901409087,12.613962338260626,-0.2138539256727429,0.01926779498565525,-0.0010959203679035577,-0.0007843828540253609,0.0007653659197383292,2024-01-05,2024-06-20,738889.0,739056.0,3.3767781382750957,0.9838310981724958,0.35682308868152546,1.09063087266982
2024-06-25,739061.7446476584,0.5947018260112095,13.328498543094764,-0.09530767117466979,0.03205463466129034,-0.002698164255080609,-0.0025950657700042497,-0.0007387313427403403,2024-01-12,2024-06-20,738896.0,739056.0,7.1321799071469,0.5300788667411136,0.35682308868152546,1.2545726589142618
2024-07-02,739068.6067603432,0.928325137831562,11.024631078071273,-0.012173617382119415,0.005288555058891727,0.0003802287852062204,0.00003275493396439313,-0.0003788153156887749,2024-01-22,2024-06-20,738906.0,739056.0,4.486753140790566,1.1711919628816472,0.35682308868152546,0.9864253392976915
2024-07-28,739094.7658703655,0.946389534700161,13.652809359911387,-0.10678681836714175,0.004857376957060667,0.0002980817419485925,0.0000665124828994563,0.0002905663684972108,2024-01-29,2024-06-20,738913.0,739056.0,3.3575385808943583,1.1295730855434367,0.35682308868152546,0.9523096772063493
2024-08-03,739100.9002454852,0.7830488064455223,12.158775317277803,-0.17807311725996686,0.011643957084478122,-0.0007091722201943365,-0.00007087650939175574,-0.0007056215404250396,2024-02-05,2024-06-20,738920.0,739056.0,2.6966073446739607,1.0574208752491745,0.35682308868152546,0.9319461922057132
2024-07-25,739091.2748683003,0.3236471066430125,2.431306143814103,-0.2515914878356301,0.14189676795815437,0.046203204093599286,0.019024722321014875,0.042104584181809325,2024-02-12,2024-06-20,738927.0,739056.0,0.5952791374204567,0.4088203359558677,0.35682308868152546,0.46152660296164383
2024-07-15,739081.9870347676,0.9031229874700404,3.9807448895477737,0.08259810847042774,0.0028961768058628273,0.001469981910642523,0.0005470342669761794,0.001364404752399403,2024-02-20,2024-06-20,738935.0,739056.0,1.097790685398114,0.446987760276852,0.35682308868152546,0.496438915778628
2024-07-29,739095.2521172198,0.5844504845717319,13.866552741331086,-0.1317945241127803,0.026182367550696122,0.0022349172554839342,0.0021399338269691773,-0.0006446226454701179,2024-02-27,2024-06-20,738942.0,739056.0,3.0060135813761626,0.49377225326123686,0.35682308868152546,0.7103889969839242
2024-07-20,739086.309818488,0.5401263442215839,10.095512491701744,-0.01892233125007339,0.021758645840505558,0.00784311752672428,0.0005595528855188964,-0.007823131924384073,2024-03-05,2024-06-20,738949.0,739056.0,2.4274277568826657,0.14842605009180584,0.35682308868152546,0.41570550219238583
2024-07-22,739088.7137530275,0.3185787587596541,6.497668232757757,-0.18277069950684366,0.09917238447153362,0.007628213365700181,0.00429196263664239,0.006306242611754847,2024-03-12,2024-06-20,738956.0,739056.0,1.4482030499686933,0.6374222316592987,0.35682308868152546,0.5712892528442699
2024-07-22,739088.2874272469,0.5208982609224045,12.12204414836868,0.0823074964196075,0.011316026898344817,0.004715618246486984,0.003087112305615206,0.003564658898004149,2024-03-19,2024-06-20,738963.0,739056.0,2.6159780690052856,0.10311750056912379,0.35682308868152546,0.3215134650323573
2024-07-30,739096.7740271343,0.02838343922004017,14.510640386392556,-1.0137548523524695,1.05726387529363,0.02823211145322518,0.025629466205491336,-0.011839872428742883,2024-03-26,2024-06-20,738970.0,739056.0,2.619738598615019,0.07325182886685394,0.35682308868152546,0.3182331473038942
2024-07-02,739068.0715762817,0.30991081922178393,12.672410694076785,0.17050469609848903,0.0026352759438410048,0.005800746852660743,0.003413676072201767,0.004689933871893146,2024-04-03,2024-06-20,738978.0,739056.0,4.053420221199905,0.011110143880550349,0.35682308868152546,0.29686830980478607
2024-06-21,739057.5970384208,0.31947340613309866,8.3265475887681,0.22641418883734446,-0.017618829519016745,-0.0037546917218154664,-0.0019916347918124367,-0.0031829390163670783,2024-04-10,2024-06-20,738985.0,739056.0,5.058030622748446,0.18004145406176705,0.35682308868152546,0.28128479115471905
2024-06-21,739057.8078747458,0.5060981369369338,2.684349931763409,0.38737025912048656,-0.051302217364096424,-0.0276152627213847,-0.01829439879861714,-0.020686171897387275,2024-04-17,2024-06-20,738992.0,739056.0,1.5357068603485478,0.35025356622682347,0.35682308868152546,0.09656338049841155
2024-06-30,739066.1422327372,0.4597673063703821,4.095838756063602,0.4461269364473406,-0.06077474572007145,-0.025787824447098737,-0.023303459030637307,-0.01104358125436635,2024-04-24,2024-06-20,738999.0,739056.0,1.2321084394673953,0.2645475111295006,0.35682308868152546,0.08792275184037732
2024-06-24,739060.0228873295,0.2528616939469302,8.819711394377917,0.23786204034494335,-0.025109925643158726,0.005750651450438561,0.003313916274080114,-0.004699782019713052,2024-05-01,2024-06-20,739006.0,739056.0,3.6459832110155905,0.1251863710176408,0.35682308868152546,0.2718607292656783
2024-08-31,739128.1122982387,0.03884222734477661,8.713495595465997,-10.657645530465075,9.057697587670074,-0.06145222702217439,-0.031891898976195814,0.05252887763580125,2023-12-29,2024-06-21,738882.0,739057.0,1.7217454296568548,0.6570401367742936,0.3936452469769737,1.242782115096591
2024-07-28,739094.7586119191,0.4992557194806272,3.545889812486079,-0.043217390568757036,0.03382546597496017,0.014556559960998045,0.014389246627933453,-0.0022006861154279123,2024-01-08,2024-06-21,738892.0,739057.0,0.9485540344626099,0.3271770614019427,0.3936452469769737,0.6299608213709316
2024-08-08,739105.4531154536,0.09572004119859037,9.390408958692952,-3.138136857437869,2.1910843958961657,-0.06186818314758308,-0.0001316450026586913,-0.061868043088302585,2024-01-16,2024-06-21,738900.0,739057.0,2.1590297576965827,0.3610024205140891,0.3936452469769737,1.1044191940904802
2024-08-20,739117.109118606,0.0843298649232911,6.929730775419942,-4.089497444033683,2.917759513524095,0.06775620994251816,0.014835151435967983,-0.06611219454568493,2024-01-23,2024-06-21,738907.0,739057.0,1.3802423848267968,0.5240411984091894,0.3936452469769737,0.9762606564939702
2024-07-26,739092.9309502764,0.3876047361133764,11.962111419679832,-0.5184227403219163,0.1377041072260178,0.003654563502629718,0.0019787418695430044,-0.003072525835281234,2024-01-30,2024-06-21,738914.0,739057.0,3.056409107656714,1.220935194888653,0.3936452469769737,1.3495856556988926
2024-07-23,739089.5464742329,0.3929971333193404,4.319697335680049,-0.2587742175799612,0.0898144609093176,-0.018352893394458294,-0.017876401403119233,-0.00415487290093303,2024-02-06,2024-06-21,738921.0,739057.0,1.1306249008110867,0.44522320273578087,0.3936452469769737,0.6858984679145885
2024-07-03,739069.7247693946,0.7752536202102658,8.076226478684939,0.055241297293221664,0.007025627603699959,0.0026253923470250917,0.0013945211508476938,0.002224409075610047,2024-02-13,2024-06-21,738928.0,739057.0,3.0981775096374626,0.25687759403898097,0.3936452469769737,0.7098121060003144
2024-06-25,739061.2742156029,0.26762605621395813,12.634627417911286,-0.09338192937334107,0.11840202638641684,-0.010450782155954508,-0.010448861158690011,0.00020037005174525533,2024-02-21,2024-06-21,738936.0,739057.0,6.792504470401005,0.23998068842182865,0.3936452469769737,1.037511834302461
2024-08-05,739102.2649492279,0.91090914698846,14.671509392215329,-0.004148338479324047,0.003618809162438955,-0.00046898443200091793,-0.00022950243837424188,-0.00040899269949413634,2024-02-28,2024-06-21,738943.0,739057.0,2.9375688749203914,0.47907942746256743,0.3936452469769737,0.7437350087926647
2024-06-27,739063.502134081,0.4504120450431158,11.25367015425741,0.07168859417130698,0.024976404266014943,-0.009040230834919519,-0.003300458947782195,0.008416219120402824,2024-03-06,2024-06-21,738950.0,739057.0,5.121927794593183,0.11057735806250442,0.3936452469769737,0.6938546768495127
2024-06-26,739062.8508268088,0.7581905714656392,3.2366649012763737,0.15579315526288784,0.002570425836945233,-0.002071938216654255,-0.001995050255892343,0.0005591980419281807,2024-03-13,2024-06-21,738957.0,739057.0,1.4915355639973868,0.29060890499365494,0.3936452469769737,0.5367046692926134
2024-08-02,739099.4803358793,0.6793782914157315,4.341225120988826,0.37394516767742947,-0.008960539580304813,-0.004693918159217524,-0.0035348164023797785,0.0030883556606872385,2024-03-20,2024-06-21,738964.0,739057.0,0.8013274320096426,0.29874318537273575,0.3936452469769737,0.31932233520612563
2024-07-08,739074.7935691632,0.3555964128796592,12.354971082594506,0.18889294775678137,-0.0005867285099661431,0.006679780352593756,0.006675515517344248,-0.00023865903836586125,2024-03-27,2024-06-21,738971.0,739057.0,3.467798108167452,0.0025280790385884162,0.3936452469769737,0.36348556571662155
2024-06-24,739060.0957598044,0.33285123915505516,14.38821109856143,0.24687060664941574,-0.019796909266672696,0.004287954356693576,0.004198496206644753,0.0008713106035605407,2024-04-04,2024-06-21,738979.0,739057.0,7.478070613134411,0.10680476182596998,0.3936452469769737,0.3299875694434161
2024-07-10,739076.7950768776,0.17819215995565466,11.45722597166469,0.3875944546183507,-0.10370113341113782,-0.0038849505693460073,-0.0034917190753688348,0.0017031555492576927,2024-04-11,2024-06-21,738986.0,739057.0,2.777464400412047,0.4151519852678029,0.3936452469769737,0.32150008196663776
2024-07-08,739074.764986094,0.6471158028536866,2.1455204736627516,1.7398139545829159,-0.14820482480168268,-0.05362199712911012,-0.0534341582581718,-0.004484340236305139,2024-04-18,2024-06-21,738993.0,739057.0,0.5212951044855274,0.8336211020626481,0.3936452469769737,0.1124264917916748
2024-07-18,739084.0904035107,0.047653158105259275,11.230663476541839,0.7011413226909745,-0.425996302008632,0.032511724988560406,0.011666066732065253,0.03034658380666239,2024-04-25,2024-06-21,739000.0,739057.0,2.0246287173061988,0.055597093774738246,0.3936452469769737,0.29176783971794346
2024-07-12,739078.7757736845,0.6985493770713799,10.710818317274782,0.2202909127152648,-0.002359055952538535,0.0006217829076351192,0.00004570183161565371,-0.0006201010617747376,2024-05-02,2024-06-21,739007.0,739057.0,2.033254902006076,0.24744228604667398,0.3936452469769737,0.3175906578442885
2024-08-11,739108.6637129214,0.49498498252645506,12.369512693803586,-0.4825559223826966,0.07487465186312353,0.0018613453966561647,0.0015240662473814221,0.0010685638770077366,2024-01-02,2024-06-24,738886.0,739060.0,2.9938121387118777,1.6097086540936913,0.36117588562123387,1.4557914355843526
2024-09-10,739138.7723276404,0.8570595266056205,9.585712210810069,-0.21734291673245548,0.0069987173876352275,0.00098400272155726,0.0005215566369265298,0.0008344099894596078,2024-01-09,2024-06-24,738893.0,739060.0,1.7359099125446507,0.6359291864342445,0.36117588562123387,0.9979307407177489
2024-06-28,739064.991336667,0.7529933501468102,7.382909716311273,0.013301101616699243,0.011136345194140737,0.0024384000446454846,0.00015792371891121276,-0.002433280681863967,2024-01-17,2024-06-24,738901.0,739060.0,4.103321888831687,0.46580195826570914,0.36117588562123387,1.2084171034011022
2024-08-16,739113.5390542278,0.7123328281396483,3.6641270996591833,0.050401607248303455,0.008980180728855355,0.005711865776349997,0.002344538763112507,0.005208507332749107,2024-01-24,2024-06-24,738908.0,739060.0,0.7844865290587156,0.3056465607174286,0.36117588562123387,0.5320196439085455
2024-07-12,739078.6366064992,0.53854431141417,7.668787036133416,-0.08973283476791469,0.033952514567458895,0.009043232332724542,0.008867924718640953,0.0017719938510478337,2024-01-31,2024-06-24,738915.0,739060.0,2.6516162738498297,0.2636592552412087,0.36117588562123387,0.990765299871271
2024-07-11,739077.6991399775,0.8313231287394136,10.646739628091447,0.005096518142822961,0.006855274679885898,-0.0008622146852630408,-0.0004274957294066897,0.0007487733734731002,2024-02-07,2024-06-24,738922.0,739060.0,3.684496114636963,0.6208156774412319,0.36117588562123387,1.0747872082795782
2024-08-21,739118.3922109669,0.7115975604950032,10.218007896096054,-0.06411953441881554,0.010575005250572925,-0.0025131825092845925,-0.002225148589703746,0.0011682465830095254,2024-02-14,2024-06-24,738929.0,739060.0,1.913502653344713,0.2930385655446403,0.36117588562123387,0.7090278756562222
2024-08-23,739120.1655452916,0.3339530728494238,14.810728394210345,-0.465098667349757,0.14405072120605075,0.016030182311378705,0.01580460211695896,-0.0026797941825175875,2024-02-22,2024-06-24,738937.0,739060.0,2.624249101245734,0.2026217218370267,0.36117588562123387,0.7138760336178513
2024-07-26,739092.2418364187,0.19799896725653682,9.89259318705858,-0.34186595513448664,0.23640276937502003,-0.04490495615351704,-0.004971920596438137,-0.04462885941553961,2024-02-29,2024-06-24,738944.0,739060.0,2.4019573668423733,0.1053685632416573,0.36117588562123387,0.48863219538549624
2024-07-18,739084.9808025043,0.28530614850373387,8.944029433984252,-0.032031530549107505,0.072852811156811,0.02886600074944635,0.02241032151274352,-0.018194050922279575,2024-03-07,2024-06-24,738951.0,739060.0,2.390872109783229,0.08050773477330918,0.36117588562123387,0.44934400412816816
2024-07-22,739088.6307164626,0.6440170641668926,10.681151763044115,0.15591927363181646,0.002643124643970472,0.004186259131409946,0.002688309558851887,0.003209011877681153,2024-03-14,2024-06-24,738958.0,739060.0,2.5803566105483307,0.038068943570160794,0.36117588562123387,0.39133110933782417
2024-07-19,739085.633459245,0.9154054421108357,13.49686239721925,0.17501781649054196,0.00037178226413401764,0.0006820959945652448,0.00040686817921078527,0.0005474607114192312,2024-03-21,2024-06-24,738965.0,739060.0,3.32709044608674,0.03696781979241533,0.36117588562123387,0.4056633396454372
2024-07-21,739087.5860314106,0.3221021711074295,3.5758068854842495,0.9701704913709301,-0.20568953867072357,-0.03649446891664333,-0.017802326380227936,-0.03185786303190606,2024-03-28,2024-06-24,738972.0,739060.0,0.8153632619407906,0.5076971810033822,0.36117588562123387,0.2487576102670139
2024-07-16,739082.8951570813,0.1414624129104656,13.28104628631307,0.49015234313661116,-0.17209183784107976,0.0073371483358474834,0.0014215371621888882,-0.007198123213640168,2024-04-05,2024-06-24,738980.0,739060.0,3.176503386493504,0.24982836430657931,0.36117588562123387,0.3562374490571163
2024-07-03,739069.8592809853,0.6413690654517324,10.937789045737368,0.2540931231951701,-0.0063795554916978945,-0.0006026168928315377,-4.139931248550779e-6,-0.0006026026721606753,2024-04-12,2024-06-24,738987.0,739060.0,3.705700878814381,0.6207655163516633,0.36117588562123387,0.3429049958691973
2024-07-24,739090.4099853473,0.37591352071377704,14.994584240055035,0.3974980819820558,-0.04570775843256434,-0.0019665117617898935,-0.0015980191053090018,-0.0011460817808190689,2024-04-19,2024-06-24,738994.0,739060.0,2.75359258450148,0.5827025159567096,0.36117588562123387,0.3405051640587276
2024-07-12,739078.9522343819,0.028749323914167187,7.92781327417722,3.0951869826962235,-2.6143019115455495,0.07321556102616708,0.05558950149323122,0.047647934898696724,2024-04-26,2024-06-24,739001.0,739060.0,1.7843355295403782,0.129487119337629,0.36117588562123387,0.2123772989374854
2024-07-01,739067.0643426958,0.19524478589096544,13.044766369080232,0.50862199769777,-0.16220293257953455,-0.01301343965322792,-0.012875546567850284,0.0018894211249278366,2024-05-03,2024-06-24,739008.0,739060.0,4.408821262231761,0.18655622224036925,0.36117588562123387,0.31185625815737694
2024-08-08,739105.1207075755,0.5062106426021032,3.776738070234704,0.08324048713736222,0.0195340925141895,0.015846997420974097,0.006539765801014316,0.014434638565902626,2024-01-03,2024-06-25,738887.0,739061.0,0.9606080382217677,0.16521925459780706,0.370777546660299,0.6705528822723203
2024-09-16,739144.092043557,0.3339880434621299,5.5317078591348015,-0.5243426474296384,0.156326285789165,0.028201214161038487,0.011865125328597738,-0.025583730789183707,2024-01-10,2024-06-25,738894.0,739061.0,0.9700937277255292,0.33468472099553825,0.370777546660299,0.6128890669932304
2024-08-12,739109.0715818073,0.29954571011424963,8.829718217396916,-0.7022253549676198,0.24270346089463923,-0.022703585248717188,-0.012331191038572975,0.019062909293074505,2024-01-18,2024-06-25,738902.0,739061.0,2.052252887132318,0.3626584366000285,0.370777546660299,1.2247012289771766
2024-08-23,739120.6291790376,0.4157964290963957,13.824920695258662,-0.6778656037797396,0.13123343779703928,-0.0025642826971766963,-0.0011130514382645786,0.0023101216952396576,2024-01-25,2024-06-25,738909.0,739061.0,2.787104879676179,1.5392058680370522,0.370777546660299,1.5371796796945412
2024-07-01,739067.4811093877,0.856792366501024,3.401977521095559,0.12649748656231774,0.0037943162143662013,-0.0027531966971353983,-0.00023074347993176338,-0.0027435104336572605,2024-02-01,2024-06-25,738916.0,739061.0,1.7063904929692757,0.3470886647901772,0.370777546660299,0.8292919707681385
2024-07-24,739090.3681952114,0.14731284433739192,5.3026697518803925,-0.8571418909057804,0.5802520145638852,0.042184673750670185,0.004358106088385535,0.041958951497539365,2024-02-08,2024-06-25,738923.0,739061.0,1.4687057759851239,0.3821272395153256,0.370777546660299,1.149187153497463
2024-08-13,739110.591896213,0.3110090245007669,2.9441687057555486,0.4233106060065431,-0.01994969301734348,-0.05473966335950957,-0.04921301423935807,-0.0239689376942153,2024-02-15,2024-06-25,738930.0,739061.0,0.6055972812555307,0.038498551881034716,0.370777546660299,0.4532536961557621
2024-08-23,739120.1515069428,0.27769712357333615,13.65120689189824,-0.42869095371320765,0.1780434450719399,0.028364458850571,0.02513396901900537,0.013146335125707615,2024-02-23,2024-06-25,738938.0,739061.0,2.4436671921058526,0.12768851005746498,0.370777546660299,0.5779905341698713
2024-07-12,739078.6834820278,0.07979770782460972,11.47016214328818,-0.7194737562804029,0.6838593427242029,0.03172169442007142,0.0032343921552477235,-0.03155637184890658,2024-03-01,2024-06-25,738945.0,739061.0,3.6927683843042285,0.14997928079383818,0.370777546660299,0.9796433107939213
2024-07-21,739087.3703628953,0.15387693940772687,2.019469287097152,0.11574166285852355,0.1340967879212626,0.1301857889963534,0.06032137279812177,-0.11536755020521616,2024-03-08,2024-06-25,738952.0,739061.0,0.5257515995647701,0.07848579879035425,0.370777546660299,0.40357316227464035
2024-07-20,739086.8622081152,0.9501535721824297,13.278220521654415,0.17624914922665907,0.00040899931271932115,0.0006425952342260775,0.000613073509191504,0.00019253443166790266,2024-03-15,2024-06-25,738959.0,739061.0,3.377404666047583,0.04554482171182021,0.370777546660299,0.46605215794132554
2024-07-23,739089.8266185945,0.45207396973961067,13.484736443326126,0.2148070682360782,-0.0027468316820416457,0.004432648252453529,0.0019257941617922616,0.00399245380391385,2024-03-22,2024-06-25,738966.0,739061.0,3.128210204160959,0.02077475050132674,0.370777546660299,0.4445618490396056
2024-07-31,739097.6771761673,0.7404068072607969,4.812380262528711,0.5291541465046887,-0.014499024764119302,-0.004752279023999782,-0.0037856438752965262,-0.002872813319966722,2024-04-01,2024-06-25,738976.0,739061.0,0.9184970503469205,0.46940458347402086,0.370777546660299,0.2748561251010965
2024-07-16,739082.3441057066,0.07059367086578684,3.5656129731064405,3.5840952758053413,-2.5700374293821264,-0.09712401205404192,-0.09034881254147155,-0.03563938537376472,2024-04-08,2024-06-25,738983.0,739061.0,0.8726862791928854,0.5238951750250589,0.370777546660299,0.18794150550155933
2024-07-13,739079.7002947646,0.3296000649183038,4.449510277166509,0.8239694191621862,-0.1837932009163313,0.034349107847806044,0.03286814301495793,0.009977293455065008,2024-04-15,2024-06-25,738990.0,739061.0,1.1103511238093888,0.3963593013454905,0.370777546660299,0.12978219938782604
2024-07-08,739074.7091073098,0.8468803680287738,6.764992490375431,0.2898351482998294,-0.004520686207112384,-0.0027257495437869373,-0.0019065691032602986,0.0019480002130256343,2024-04-22,2024-06-25,738997.0,739061.0,1.8679486019203535,0.20762189997751831,0.370777546660299,0.2836091897822193
2024-06-27,739063.3806648683,0.035505145734342484,9.036148371697127,1.901700424972977,-1.5242554346371402,-0.012642379977333298,-0.012581145207922546,0.0012428019747511886,2024-04-29,2024-06-25,739004.0,739061.0,4.625929807564127,0.47373651309792114,0.370777546660299,0.30656308773930374
2024-07-10,739076.5911242496,0.0037108024597865006,4.120671055678985,25.41748580439101,-24.870669120109802,0.12225014446305926,0.07350757175586684,-0.09768180340163128,2024-05-06,2024-06-25,739011.0,739061.0,0.9422493273928085,0.18320527638747336,0.370777546660299,0.09803502591725988
2024-08-08,739105.1393194561,0.03014909033329883,2.923842441383626,-2.2802076650626293,2.2972155497752396,-0.20078054297608872,-0.18508933484299775,-0.0778123676875962,2024-01-04,2024-06-26,738888.0,739062.0,0.7520444060977948,0.11797782085200349,0.37703437750475566,0.6555500350407718
2024-08-23,739120.6075421509,0.1328701984308536,5.731949940617646,-1.9459143664977026,1.1794820596501856,0.07101428625800187,0.03763668636724585,-0.06022050059595157,2024-01-11,2024-06-26,738895.0,739062.0,1.2296768744183508,0.38500893442338513,0.37703437750475566,0.8385350882302703
2024-08-09,739106.8767414229,0.8137758539258224,10.282182681716716,-0.09933433351439791,0.008271466924493001,-0.001761362653702999,-0.001643497375201553,0.0006334941006554647,2024-01-19,2024-06-26,738903.0,739062.0,2.476939531039032,0.3716663456574943,0.37703437750475566,1.1351525606503936
2024-08-03,739100.8526295705,0.799774828541673,3.462797426337321,0.1398103713505238,0.0038756389147464633,0.004113400556686762,0.003880822840386228,-0.0013635535271075848,2024-01-26,2024-06-26,738910.0,739062.0,0.877234034295835,0.21761205528423647,0.37703437750475566,0.5675200339596205
2024-07-26,739092.5447157448,0.6317919012756713,14.655901734731367,-0.1229712058873429,0.02307877004265492,0.0012593604214991938,0.0010861390219534892,-0.0006374093631478475,2024-02-02,2024-06-26,738917.0,739062.0,4.07895118537869,0.7899946124326552,0.37703437750475566,1.4553154447988088
2024-08-16,739113.7101426189,0.42940546184904005,4.419102602012185,-0.05643397839742314,0.04445718594224424,-0.0189298888403284,-0.002024020450358437,-0.018821371701438796,2024-02-09,2024-06-26,738924.0,739062.0,0.9142084882228434,0.22820617123382397,0.37703437750475566,0.5708247283423964
2024-07-09,739075.3602589854,0.1681521824403527,3.697975181604113,-0.031225522382322648,0.13255031621998392,0.05017175786813803,0.027958587982882945,-0.04165960448182945,2024-02-16,2024-06-26,738931.0,739062.0,1.4007675889136204,0.12013234834092391,0.37703437750475566,0.8699212890791187
2024-07-21,739087.5554780344,0.08479569221576003,6.130074709586074,-0.9925304069020117,0.8622258215832257,0.034106562602273176,0.028880317765210606,-0.01814345221624705,2024-02-26,2024-06-26,738941.0,739062.0,1.7039918219389423,0.3496963469073465,0.37703437750475566,1.0932713502835356
2024-07-08,739074.1614336742,0.6697872693848973,7.642489438081334,0.1583720333181884,0.0040656528008007784,0.005574095196975463,0.001920976368127811,-0.005232627165969254,2024-03-04,2024-06-26,738948.0,739062.0,2.845375016922552,0.06392311760700903,0.37703437750475566,0.5988690059238084
2024-08-04,739101.5651064953,0.758917930831605,3.6750570213107583,0.30580726968270944,-0.0020272539261219813,0.004599838715685346,0.00456970891798754,0.0005256202195339935,2024-03-11,2024-06-26,738955.0,739062.0,0.7659440841855241,0.09101150120711247,0.37703437750475566,0.45617269234768804
2024-06-29,739065.0123787654,0.17528236479419704,10.978266973934032,0.2845003955115144,-0.04040312349881442,0.018134162525254575,0.01743653500440102,-0.004981475437322289,2024-03-18,2024-06-26,738962.0,739062.0,6.171479061506883,0.035573113101438354,0.37703437750475566,0.5224466208618971
2024-06-30,739066.5938478919,0.18800180614628698,10.810210143399994,0.35748543719056297,-0.07820268138487789,0.015236714845100903,0.0019220461075470205,-0.01511499976948004,2024-03-25,2024-06-26,738969.0,739062.0,5.258009015972985,0.08926026864220955,0.37703437750475566,0.4520164147895572
2024-08-04,739101.0380748378,0.47185612117649256,2.1479160614375483,3.042855022152561,-0.3712577415104946,-0.09240351014726864,-0.006775448637417593,-0.09215477189651179,2024-04-02,2024-06-26,738977.0,739062.0,0.3951977634986542,0.8826313256581155,0.37703437750475566,0.23770529145814695
2024-07-01,739067.7580815296,0.4754111737505823,8.053967813297675,0.3049858579160281,-0.01925720232027643,0.002729754526190701,0.0006305309876382556,-0.002655934947788922,2024-04-09,2024-06-26,738984.0,739062.0,3.4318765059349596,0.4164176161751702,0.37703437750475566,0.38247898203137887
2024-07-18,739084.4741020901,0.33037180131462246,7.358313467967791,0.5109423874050534,-0.08834001086609763,0.02216619899818496,0.021255176483791455,-0.006289503213292329,2024-04-16,2024-06-26,738991.0,739062.0,1.6692102221186744,0.17893319090652923,0.37703437750475566,0.22637766704746082
2024-07-26,739092.2843430872,0.4388083345798387,13.741386640596476,0.43934659579842444,-0.04016937687677488,0.001960918528505789,0.0015556428563150704,0.001193807680924025,2024-04-23,2024-06-26,738998.0,739062.0,2.4837524628168497,0.6541537765778389,0.37703437750475566,0.37303535657119014
2024-07-19,739085.6830194547,0.831896734076988,3.2737195193734094,0.9175549223284263,-0.028170740424171413,-0.009698466683680363,-0.0046257243919069985,0.008524255384757935,2024-04-30,2024-06-26,739005.0,739062.0,0.6386611894391632,0.7381134770753309,0.37703437750475566,0.1586469630353977
2024-07-04,739070.5077986832,0.9677529698397667,3.5129414139814097,0.44958507124924885,-0.009400669409168689,-0.005180772387771368,-0.001575556262257719,0.0049353849898822215,2024-05-07,2024-06-26,739012.0,739062.0,1.0780474993850595,0.4998709213303657,0.37703437750475566,0.09226335999402555
2024-07-20,739086.2111762975,0.30297821647788054,13.213791657690969,-0.5002989250350649,0.20972663940742023,0.010202828004604949,0.0027510310270969624,-0.009824944151469815,2024-01-05,2024-06-27,738889.0,739063.0,4.499751617435156,0.47132120799227667,0.4385284624722007,2.0239958465965975
2024-09-06,739134.2843825772,0.11262277870476403,4.26267883964033,-1.2479873096294563,0.9159978355858986,0.11520736976118202,0.0007591467569124128,-0.11520486857546769,2024-01-12,2024-06-27,738896.0,739063.0,0.8187165632241592,0.210066989295773,0.4385284624722007,0.5873370250641557
2024-07-29,739095.9011904004,0.1851315098254163,4.257377571141775,-0.6905028039407659,0.42128612159808093,-0.06455018393647946,-0.06420728338473561,-0.006644622380962427,2024-01-22,2024-06-27,738906.0,739063.0,1.187799090743903,0.2838035629655036,0.4385284624722007,0.9097057925674754
2024-08-15,739112.0758109634,0.9245644397357227,8.294547441364765,-0.004295386934084371,0.0035620647942326334,0.0009914908163410458,0.0008099563260699208,-0.0005718608123905235,2024-01-29,2024-06-27,738913.0,739063.0,1.8485872239301566,0.40045858585926175,0.4385284624722007,1.1813590435497994
2024-07-31,739097.3000236305,0.44734606470968974,8.713351129402447,-0.1244694658966301,0.05110464748183881,0.014821221101484927,0.014394981093691903,0.0035288970304267475,2024-02-05,2024-06-27,738920.0,739063.0,2.2780481082113377,0.17702508699988312,0.4385284624722007,0.9790068056672232
2024-07-15,739081.0432506803,0.659808501781166,7.555463998793648,0.10745560297656555,0.00817556443669003,0.005965028881681421,0.004914162482137146,-0.003381209348509671,2024-02-12,2024-06-27,738927.0,739063.0,2.578692578984422,0.11969112850309854,0.4385284624722007,0.8206944482448029
2024-07-20,739086.3217335016,0.013362079993250568,4.552867345827372,-4.203540514349193,4.192560842457379,-0.09436610864052201,-0.09257282952945624,-0.01830938810733555,2024-02-20,2024-06-27,738935.0,739063.0,1.355039560303682,0.13039243571487497,0.4385284624722007,0.9357697961726394
2024-07-14,739080.7323498165,0.6344265308131395,9.802895156259066,0.1141971374279076,0.008029099000424566,-0.005189120035638231,-0.005142646984449939,-0.0006929276568228918,2024-02-27,2024-06-27,738942.0,739063.0,3.209531875472028,0.10013826772968612,0.4385284624722007,0.8743091335828573
2024-08-22,739119.7092911147,0.18477327949551062,4.72144379115117,0.08481136656423939,0.07337086381345163,0.05815312060802578,0.05504059951985145,-0.01877013161773035,2024-03-05,2024-06-27,738949.0,739063.0,0.8281061435339098,0.04937589157239935,0.4385284624722007,0.48798972185720824
2024-07-05,739071.7805117188,0.2973493927297251,8.806141496584573,0.22319486001329886,-0.0015042635668197184,-0.01841328947588188,-0.017827264170266744,-0.004608457608153285,2024-03-12,2024-06-27,738956.0,739063.0,3.614800553957148,0.002758506126003516,0.4385284624722007,0.7568009524677072
2024-07-13,739079.0280060129,0.5603497506357457,2.093282430073545,0.6361946996548682,-0.043123330618588994,-0.02090562725473209,-0.010476866078564807,-0.018090896276459472,2024-03-19,2024-06-27,738963.0,739063.0,0.6594807984778264,0.5521797148939843,0.4385284624722007,0.27764899805261656
2024-07-13,739079.8083590721,0.293661105877213,4.69497024524317,0.507087148325091,-0.09999574179529713,-0.024925813696985575,-0.009994154544184387,0.02283447094643955,2024-03-26,2024-06-27,738970.0,739063.0,1.402442069034461,0.2509260484857206,0.4385284624722007,0.37554327948091387
2024-06-29,739065.0585818087,0.17903121620809717,8.499798291621342,0.49620618215016726,-0.15843948473160294,0.016408202320148474,0.016096583124792428,0.003182627072965576,2024-04-03,2024-06-27,738978.0,739063.0,5.065589609118497,0.20338670534963096,0.4385284624722007,0.37569231811051607
2024-06-28,739064.2096015501,0.29850936888485774,8.98401920151549,0.407169350610089,-0.07481230363257453,-0.005299514793632429,-0.0002790373973142404,0.005292163563121337,2024-04-10,2024-06-27,738985.0,739063.0,5.979360498353655,0.46905547952394444,0.4385284624722007,0.36680980267446156
2024-07-04,739070.7059087716,0.7981447512510302,11.827208373502799,0.30023033479633177,-0.005371385276159518,0.0003850520498649031,0.0003595447642925386,0.0001378138003793041,2024-04-17,2024-06-27,738992.0,739063.0,4.374094877831881,0.941382841638053,0.4385284624722007,0.4120742478359953
2024-07-08,739074.0577407042,0.4775658102355057,12.92192365577681,0.3963437153301717,-0.0334723232395768,0.0010230532486010173,0.0009282767688743669,-0.0004300467298343984,2024-04-24,2024-06-27,738999.0,739063.0,3.938627241383488,1.2091875711091569,0.4385284624722007,0.39229296490647436
2024-07-07,739073.5129936899,0.9142763364643338,10.579911726915615,0.3121177222146791,-0.003912778113837899,0.0006164969648520377,0.00040843149387841685,-0.00046179240192971926,2024-05-01,2024-06-27,739006.0,739063.0,3.1314606350494847,0.5484660033012343,0.4385284624722007,0.4056171814957018
2024-07-04,739070.892607537,0.22650604603107288,5.6672271129735075,1.1111975380569528,-0.42946032774725174,-0.05734835659467272,-0.05649264703526778,-0.00986989539247463,2024-05-08,2024-06-27,739013.0,739063.0,1.7973168042824148,0.2993031281402732,0.4385284624722007,0.1051341703372354
2024-07-01,739067.752103926,0.9541806047708206,12.218477991213586,0.08289970922258817,0.0036356812189170676,0.0004948892650501991,3.708606797217458e-6,-0.0004948753690552323,2024-01-08,2024-06-28,738892.0,739064.0,7.480525064710283,0.5737084375058962,0.4670489261157008,1.6463586402598807
2024-08-07,739104.7365065141,0.04672148320311376,9.400408653646775,-5.004835401047417,4.270808152890122,-0.09897162523781987,-0.016832283106351834,-0.09752977415970508,2024-01-16,2024-06-28,738900.0,739064.0,2.4156365270317126,0.21447133188020004,0.4670489261157008,1.543067203312762
2024-09-03,739131.0344207268,0.7399274702490747,4.077005835735935,0.24602405195343818,0.0020667997357402316,-0.005666643135542461,-0.005301186962270479,-0.002002064238890448,2024-01-23,2024-06-28,738907.0,739064.0,0.7829291029587235,0.06619426314488697,0.4670489261157008,0.571352748018291
2024-08-11,739108.9052818551,0.38713199663799347,2.822971227058841,0.14438642511989316,0.03958856012152785,-0.043273133182253426,-0.04302835994626165,-0.004596117464119983,2024-01-30,2024-06-28,738914.0,739064.0,0.6595387199212551,0.12545962374021968,0.4670489261157008,0.5242310793281992
2024-07-26,739092.2035417319,0.2078370276809876,8.720747403945953,-0.36173298341087595,0.25000828000261505,0.046837900548165445,0.04410649131947161,-0.015760912132399343,2024-02-06,2024-06-28,738921.0,739064.0,2.5030368879974874,0.12721144553593608,0.4670489261157008,1.1997968156554664
2024-07-19,739085.795416421,0.30312847120798253,2.7236825735562444,0.20823153140514278,0.021686022803731865,-0.04894409626448257,-0.009777974620556918,0.04795743708192379,2024-02-13,2024-06-28,738928.0,739064.0,0.8581318007850763,0.04931168392519314,0.4670489261157008,0.5195447475009506
2024-08-03,739100.3481615045,0.7496899785803705,4.3720677685188,0.2475945881457949,-0.00032373269065929427,-0.004501839481622477,-0.004402723066088751,-0.0009394617190843909,2024-02-21,2024-06-28,738936.0,739064.0,1.049907914726816,0.012330803347194113,0.4670489261157008,0.5994868788421785
2024-07-01,739067.013776676,0.6102903484000889,4.503577023428473,0.19330632040880297,0.004721089476708063,-0.0074654217197552405,-0.007440366662368459,0.0006111181418591044,2024-02-28,2024-06-28,738943.0,739064.0,2.6643636399542787,0.08569723160586296,0.4670489261157008,0.9284739056988383
2024-07-17,739083.5568876266,0.8810700539739458,2.8173192742773336,0.35699615660763884,-0.0029651903433783383,-0.0039209930883623055,-0.00026888057731442417,0.003911763033994776,2024-03-06,2024-06-28,738950.0,739064.0,0.8614474133518758,0.23649985265038645,0.4670489261157008,0.48508276257030053
2024-08-08,739105.6865525428,0.4574357320467063,14.425988711683843,0.22547354921217896,-0.0006713525541088963,-0.005704126929732317,-0.0014945609537140403,0.005504848007541243,2024-03-13,2024-06-28,738957.0,739064.0,2.919694098600302,0.003732037186665203,0.4670489261157008,0.7887695894379558
2024-07-22,739088.935159165,0.471946172019465,2.4828252477405552,0.9025419064500185,-0.09200101966588262,0.03012558005200103,0.02998982621511708,-0.0028567283834132528,2024-03-20,2024-06-28,738964.0,739064.0,0.636796871342109,0.5805017559550252,0.4670489261157008,0.27705981566674476
2024-08-03,739100.6511023168,0.01261404012739398,4.854780487397292,16.30551370183837,-15.252700030801897,-0.10311040750187275,-0.037233595492316605,-0.09615308368386737,2024-03-27,2024-06-28,738971.0,739064.0,0.9761842768567317,0.3843517267160254,0.4670489261157008,0.2703741983054453
2024-07-31,739097.9291055178,0.5705640225908216,10.245884765461396,0.3296569399315563,-0.010383744937380326,0.004527199378920053,0.0045176218305039055,0.00029432501261132665,2024-04-04,2024-06-28,738979.0,739064.0,2.0452915019090896,0.12772599855461392,0.4670489261157008,0.43030476192170874
2024-07-08,739074.6034710774,0.7718093448910612,5.297638199729964,0.38312144766096196,-0.010652890682990863,-0.004465768024338152,-0.0044007713127778465,-0.0007591415545421245,2024-04-11,2024-06-28,738986.0,739064.0,1.7899887383926625,0.34753539985206666,0.4670489261157008,0.3334923976776922
2024-06-29,739065.2319843941,0.7299003742696669,3.83415419803537,0.4163118168248413,-0.02088288454174044,-0.01106221823337619,-0.009999716944691081,0.004730574306455684,2024-04-18,2024-06-28,738993.0,739064.0,2.484380992237388,0.359370378367611,0.4670489261157008,0.1476959351270043
2024-07-06,739072.8201393167,0.8551230401853616,2.747307097337895,0.5507048503459647,-0.01747320325582662,0.007886792612851192,0.005426953443235023,-0.005722733092070926,2024-04-25,2024-06-28,739000.0,739064.0,0.9230097584614869,0.6895940535327545,0.4670489261157008,0.15448791911390478
2024-07-13,739079.4242578615,0.3954440561209075,9.317343489509293,0.5835730822899251,-0.08735992252163581,0.013359222442405299,0.013045941621551507,0.0028761487222908784,2024-05-02,2024-06-28,739007.0,739064.0,2.293454872326177,0.27753899075504296,0.4670489261157008,0.35216861530834964
2024-06-29,739065.2392968178,0.351324314860281,12.496192244441813,0.5034071222054479,-0.09810523087552006,0.003942447405699406,0.002507916728905682,0.0030419147304914717,2024-05-09,2024-06-28,739014.0,739064.0,7.402353761398418,0.6996112201493941,0.4670489261157008,0.31062542824467443
2024-09-23,739151.2148513071,0.21036602682725053,5.536995561664886,-0.5774326055191525,0.31058974467212896,0.06345048377128758,0.03638661739027607,-0.05198055372640893,2024-01-09,2024-07-01,738893.0,739067.0,0.9873597842654032,0.18597458710344766,0.48126242793146967,0.665029410131007
2024-09-06,739134.9793178757,0.033381346373946526,2.844751136187294,2.89853122625145,-2.0389163918357487,-0.3335242343207793,-0.23454853707567394,-0.237118954609123,2024-01-17,2024-07-01,738901.0,739067.0,0.5596198974667347,0.0717350806919829,0.48126242793146967,0.5407114219306123
2024-09-10,739138.833052174,0.9928335869960587,5.069660729687371,0.205058180430802,0.0006605823522466326,-0.0013004278650310395,-0.0009704462169161192,0.0008656481803956962,2024-01-24,2024-07-01,738908.0,739067.0,0.9418898676337616,0.09948056986645294,0.48126242793146967,0.6459326468550721
2024-07-03,739069.1796770169,0.10207698335999375,10.139462064997812,-0.4602514384989477,0.5039322672772488,0.029153286446807543,0.028307409224882916,-0.006971706650786868,2024-01-31,2024-07-01,738915.0,739067.0,6.872848436726927,0.17401935717239403,0.48126242793146967,2.5840483381992145
2024-08-27,739124.5680799278,0.32694607492959143,4.02947089992356,0.10987033154528532,0.044130078359270276,-0.04208815815857406,-0.04199867759343913,0.002743016147144945,2024-02-07,2024-07-01,738922.0,739067.0,0.8068373674887599,0.08507518105164831,0.48126242793146967,0.561025484996832
2024-07-09,739075.2150772335,0.9117573224072608,13.713619792539463,0.1352217518477665,0.0026193094792824664,-0.0006867842009687957,-0.000576442200346933,-0.0003733455883756142,2024-02-14,2024-07-01,738929.0,739067.0,6.283912361741968,0.2535675497402378,0.48126242793146967,1.3582099753195749
2024-08-18,739115.8640990733,0.8122596210282178,3.1348763461533498,0.6062046771459141,-0.006824956939582589,-0.006072830517446097,-0.0024518342644565413,-0.005555877899419809,2024-02-22,2024-07-01,738937.0,739067.0,0.6474046385972476,0.291194524218883,0.48126242793146967,0.45312289367235437
2024-08-01,739098.6404288404,0.43558570278119235,5.1290431210691185,0.22983328737749698,-0.000030035012866978685,0.015980872372932737,0.01529087889922252,0.004645137704016567,2024-02-29,2024-07-01,738944.0,739067.0,1.2952161379920137,0.0001596116566895615,0.48126242793146967,0.8461215194830543
2024-07-25,739091.0266716834,0.7893701538470539,10.794409171746533,0.2196600885338978,0.0003051863360370593,-0.0025372188894667693,-0.0015352165778399452,0.00202004696781842,2024-03-07,2024-07-01,738951.0,739067.0,3.028235334565295,0.00879607602860196,0.48126242793146967,0.855012561295791
2024-08-15,739112.5872013116,0.20909694376972104,3.434022635060552,1.6225411771798224,-0.521267647773676,0.07795028934655496,0.0480512084451053,-0.06137857098513032,2024-03-14,2024-07-01,738958.0,739067.0,0.6673991719868124,0.40718106270695575,0.48126242793146967,0.34425068590015506
2024-07-02,739068.7909324184,0.9330707303919694,5.573265414629242,0.2556795317372305,-0.0009362661970848006,0.001031702908844505,0.00034046251363826206,0.0009739076798779903,2024-03-21,2024-07-01,738965.0,739067.0,3.6009543705853178,0.15193209599230614,0.48126242793146967,0.6303727662335834
2024-07-27,739093.327682027,0.1537209028554172,2.7793983491229257,2.4418907395604053,-1.1532057280061425,0.10053452703383034,0.03178789358846933,0.09537673168610945,2024-03-28,2024-07-01,738972.0,739067.0,0.6758627116398215,0.6344153509943398,0.48126242793146967,0.25147619391765896
2024-08-08,739105.5519583104,0.12244340774425512,12.098330938426969,1.2824892614025105,-0.6284268169607579,-0.03127419928944459,-0.02984827743370568,0.009335731114188797,2024-04-05,2024-07-01,738980.0,739067.0,2.2734732977671293,0.203366052240831,0.48126242793146967,0.43380262700687905
2024-07-16,739082.3545078335,0.41263870598353536,7.553092860158977,0.5315787388269418,-0.06432303782505436,0.008712341554297676,0.00828609212185662,0.002691760150319428,2024-04-12,2024-07-01,738987.0,739067.0,2.1952880441776697,0.4033451069069967,0.48126242793146967,0.4083215869739958
2024-07-20,739086.550126501,0.9703907051770897,3.0344569487034554,0.818807645382895,-0.014064689238295937,0.005592117136493236,0.0024004087878926363,0.005050723880719388,2024-04-19,2024-07-01,738994.0,739067.0,0.7508736889568484,0.8043027037116803,0.48126242793146967,0.17588737163997584
2024-07-02,739068.7141091732,0.6840755128679191,8.06778700440034,0.375718019639917,-0.01535754739182348,0.002621692304888628,0.002209336381792268,0.001411418893738247,2024-04-26,2024-07-01,739001.0,739067.0,4.72060255798597,0.4966949741445583,0.48126242793146967,0.43128524895350034
2024-07-12,739078.4363912385,0.043748754258497564,11.635024953177739,3.7203518984308315,-2.987844841414366,0.00470911674735136,0.001782920843057918,-0.004358551801639474,2024-05-03,2024-07-01,739008.0,739067.0,3.3663535490903196,2.38570617875091,0.48126242793146967,0.3892794210040069
2024-07-18,739084.6997370339,0.7859937932255274,6.821591448156347,0.6505322748893041,-0.023659245195081235,-0.006870848290133772,-0.0067199868183332265,-0.0014318985255463675,2024-05-10,2024-07-01,739015.0,739067.0,1.488097481620508,0.3967563961967605,0.48126242793146967,0.096462797604266
2024-07-30,739096.5337302032,0.000811589486559017,2.888706322670304,-143.36130473163084,143.1854596929448,-0.2212898701039957,-0.22098412891881014,-0.011628472670045261,2024-01-10,2024-07-02,738894.0,739068.0,0.9010307375216456,0.1817901737695935,0.5052825483894204,0.6283646196286629
2024-08-23,739120.5446425091,0.9837719175373958,3.1377029671622285,0.5455987324311263,-0.0021085434621947972,-0.00274000914357051,-0.00043203452979623247,-0.0027057339617770518,2024-01-18,2024-07-02,738902.0,739068.0,0.7117812156596899,0.24127545204231682,0.5052825483894204,0.5642245197064747
2024-07-30,739096.2094406227,0.7883698792473293,7.325801669798467,0.07926340660436385,0.00568519844588451,0.0029707161717183374,0.0029608744740770546,-0.00024161316534448193,2024-01-25,2024-07-02,738909.0,739068.0,2.2066199379588474,0.20594883255105847,0.5052825483894204,1.3934153727188492
2024-09-12,739140.446227556,0.41149925455294245,6.471901417545477,-0.1547375966224634,0.05689655683363511,-0.019694205954245075,-0.019623601241613328,-0.0016661399936301865,2024-02-01,2024-07-02,738916.0,739068.0,1.1647549994130655,0.1836896427514789,0.5052825483894204,0.9288897521563616
2024-07-03,739069.7619980928,0.7056300609358902,2.8220723792089952,0.29158292512011763,-0.0024599802687790997,0.008574077999793631,0.0012692384916737187,0.008479613623143385,2024-02-08,2024-07-02,738923.0,739068.0,1.986290397813384,0.07173863677072655,0.5052825483894204,0.9631836529886335
2024-07-25,739091.0609997665,0.673918625346008,12.082896631232384,0.1167103307736011,0.007367407505890754,-0.002492702490661608,-0.002489457007607308,0.00012715940478569553,2024-02-15,2024-07-02,738930.0,739068.0,3.7377227860909414,0.16484684657373935,0.5052825483894204,1.4319508515654162
2024-08-22,739119.7199749402,0.8549572954878801,11.291096205011506,0.16312681818837946,0.001490011540534913,0.001888609050679037,0.00013815467831721878,0.0018835491581495408,2024-02-23,2024-07-02,738938.0,739068.0,2.2581936731236874,0.05973871551933826,0.5052825483894204,0.8521035536199584
2024-08-14,739111.1580293593,0.12813318876402405,4.498642322540117,0.38656856916543203,-0.07235014296450187,-0.08422070316584128,-0.027038731284814082,-0.07976235861768607,2024-03-01,2024-07-02,738945.0,739068.0,0.9651933270420763,0.024468125542130795,0.5052825483894204,0.558248889154097
2024-08-12,739109.7534426607,0.01199951674521427,6.88249274909951,2.618415136036279,-2.2673544024617907,-0.06888031682834475,-0.04046813883799897,0.05573892522610741,2024-03-08,2024-07-02,738952.0,739068.0,1.4560390626657898,0.05739079833607495,0.5052825483894204,1.0250718327422177
2024-07-02,739068.6002826924,0.2557754347547588,5.547128298725818,0.41299725717253444,-0.06965283025517463,0.018931777901498064,0.0036529714029481636,0.018576006417981593,2024-03-15,2024-07-02,738959.0,739068.0,4.597186736955609,0.1696437984375084,0.5052825483894204,0.6440263153572587
2024-08-20,739117.7944541257,0.2958926620569076,12.463243350330218,0.5158096919227211,-0.07667621738976566,0.019282584812928376,0.01926369393998505,0.0008533304485129324,2024-03-22,2024-07-02,738966.0,739068.0,2.210952873244824,0.09440577241864735,0.5052825483894204,0.5228554467713667
2024-08-09,739106.6147323826,0.4744403896125783,4.684976347003187,0.9828325254418443,-0.09741360147999449,-0.018144355130689443,-0.014603029494229904,-0.010768897469064691,2024-04-01,2024-07-02,738976.0,739068.0,0.9086469525860317,0.5436912124830254,0.5052825483894204,0.25946237489000323
2024-07-26,739092.6837433508,0.31674429490084505,7.896352558818215,0.6812063548683932,-0.1267966851275408,-0.012543671641662422,-0.012540531242957374,0.00028066777202952214,2024-04-08,2024-07-02,738983.0,739068.0,1.8743780751651828,0.4054763174942986,0.5052825483894204,0.4756985654161846
2024-07-11,739077.7286395872,0.08587344223103943,8.298360414583607,1.6501892576132997,-1.0382052755300346,-0.022334027156217216,-0.004334970997770643,0.021909285599104676,2024-04-15,2024-07-02,738990.0,739068.0,2.9045047039360328,0.48104174938886624,0.5052825483894204,0.40497066207975
2024-08-02,739099.1869350087,0.4100887836490542,4.198497174509253,1.381880390684123,-0.2112786747042277,0.030009532188847256,0.022535634968910295,0.01981709309514105,2024-04-22,2024-07-02,738997.0,739068.0,0.7930365586925764,0.6876706112177381,0.5052825483894204,0.18451766123045427
2024-07-17,739083.643876983,0.9827274563905868,3.373980726085925,0.6425185877031803,-0.010186217168601897,-0.004176753074916561,-0.0030652797850328575,0.0028371334280033193,2024-04-29,2024-07-02,739004.0,739068.0,0.8739364929271344,0.7103373040041454,0.5052825483894204,0.1613553818842963
2024-07-30,739096.0042336136,0.8890290318728977,13.285337103400888,0.5239733905023473,-0.008432135997812206,0.0016498249689833203,0.0011725770464947616,0.0011605970439021612,2024-05-06,2024-07-02,739011.0,739068.0,2.3477442937978483,0.34201337883134886,0.5052825483894204,0.4276880382643133
2024-07-06,739072.8461247529,0.4885566994217966,7.723786288665361,0.6641676926339672,-0.08972370769782641,-0.021112550998363122,-0.0012935466178852354,-0.021072886532362865,2024-05-13,2024-07-02,739018.0,739068.0,2.9826632006582625,0.26881359225205387,0.5052825483894204,0.16159768340341651
2024-09-04,739132.694050316,0.9209891123139187,2.5973649264109655,1.1918890402032882,-0.009678706872907847,-0.006523358119967525,-0.0024810838568153767,0.006033110645164432,2024-01-11,2024-07-03,738895.0,739069.0,0.5443818714809455,0.526099198768043,0.5127752903374104,0.5578875748902241
2024-09-15,739143.5624463517,0.7808806692158627,3.7778402688942405,0.6020953275253969,-0.0051544370105393676,-0.006290704362909495,-0.0035902052350440822,0.005165596553331535,2024-01-19,2024-07-03,738903.0,739069.0,0.7042838160853356,0.16936475628824918,0.5127752903374104,0.5596130142582846
2024-07-17,739083.8158775348,0.9950319056849557,2.1374863580767043,0.42434517595860505,-0.0020034549383064083,0.0036102860231280874,0.0013593532193519977,-0.0033445962377888576,2024-01-26,2024-07-03,738910.0,739069.0,0.837652609950929,0.25832808449689204,0.5127752903374104,0.5565758720999284
2024-08-11,739108.6667483912,0.002993587179924707,4.167278219055218,-35.30112314505839,35.1083149033603,-0.17975125997901056,-0.1797434034351843,0.001680590842060741,2024-02-02,2024-07-03,738917.0,739069.0,1.0447700486294977,0.1403063917253343,0.5127752903374104,0.7686532860028419
2024-08-20,739117.4170212316,0.6880508155799899,2.6943180221249037,0.7564312699089625,-0.015323878996178597,-0.013880516160219463,-0.009852683682859392,0.00977718533728547,2024-02-09,2024-07-03,738924.0,739069.0,0.5939062155204448,0.28192575734844,0.5127752903374104,0.4966126244670621
2024-08-30,739127.7247457978,0.56269071862103,5.308605387356423,0.3705840962834509,-0.00781846848410867,-0.011013704250452979,-0.009871512746899591,0.004884149609117731,2024-02-16,2024-07-03,738931.0,739069.0,1.0214259199020426,0.07524498983288332,0.5127752903374104,0.5917001674358489
2024-07-14,739080.6423536623,0.7144232570988388,13.42167694283111,0.19438801863761368,0.0029692266770335435,-0.0028056682657815837,-0.0016564946840255694,0.002264464567929661,2024-02-26,2024-07-03,738941.0,739069.0,5.307066579737084,0.056332086384858523,0.5127752903374104,1.406083586837396
2024-07-19,739085.4912735098,0.13013548874073358,12.401548422404435,0.2963520081737607,-0.02675486710263575,-0.029317366648385964,-0.026366039821652722,-0.01281951369276216,2024-03-04,2024-07-03,738948.0,739069.0,4.185826643050504,0.009576298476135807,0.5127752903374104,1.3414393612779603
2024-07-30,739096.8821098441,0.7296786413429083,5.316935696337049,0.3574100789880918,-0.0056967647978333185,0.004103958933021857,0.003257465377180931,0.0024962768757486402,2024-03-11,2024-07-03,738955.0,739069.0,1.3768039179629503,0.19050023202394975,0.5127752903374104,0.8980142096387745
2024-07-25,739091.6908768328,0.5802337940167025,14.276291288532876,0.3483099979498444,-0.010273725631347833,0.0029452946566133355,0.002446658665089901,-0.0016397017993573005,2024-03-18,2024-07-03,738962.0,739069.0,3.9607776159456445,0.14177081391771387,0.5127752903374104,0.821461396623812
2024-07-25,739091.8938406378,0.18714763576568874,9.581423139464988,0.8104024688412386,-0.26623469123437693,-0.02404998130785476,-0.0187395827985887,0.015074138033167993,2024-03-25,2024-07-03,738969.0,739069.0,2.5625746168204615,0.21622416395581537,0.5127752903374104,0.6215558559631909
2024-08-02,739099.8017890836,0.23236989000864378,3.1294093319816154,2.007095516011132,-0.6550002675505753,-0.07080336837007868,-0.06907410861544042,0.01555263616019475,2024-04-02,2024-07-03,738977.0,739069.0,0.6888177203525157,0.6869182223769691,0.5127752903374104,0.2466682931448972
2024-08-07,739104.7618271445,0.9985438887191611,14.771290391408906,0.41179311589711826,-0.002519739723127331,-0.00045707213358423996,-0.00012234258636617618,0.00044039439921561677,2024-04-09,2024-07-03,738984.0,739069.0,2.860931407698076,0.3726659041109707,0.5127752903374104,0.5827010745701499
2024-08-06,739103.4111809335,0.21440341818133796,11.151109649452742,1.2606046608498378,-0.4179102225288643,0.014788056645137977,0.010373355128684942,-0.010539455522653684,2024-04-16,2024-07-03,738991.0,739069.0,2.1009218683093116,0.5433573019973874,0.5127752903374104,0.47499706503684214
2024-07-22,739088.7004126286,0.6408953693149041,13.587073564522933,0.5245770431048847,-0.0234776802166416,-0.0012899882061063158,-0.00048203270653081147,-0.0011965425365309714,2024-04-23,2024-07-03,738998.0,739069.0,3.301893060219552,0.8584809254870901,0.5127752903374104,0.5176636552561545
2024-07-21,739087.1132744311,0.5489448878881712,3.812565841041905,0.761564079650574,-0.06291224549619173,0.01640357666490074,0.00036121305431837417,-0.016399599157621673,2024-04-30,2024-07-03,739005.0,739069.0,0.9171335868497464,0.5522147800547645,0.5127752903374104,0.16485263973933592
2024-07-22,739088.5848154626,0.4037486243754792,5.743338703659882,0.9563164396778314,-0.15668107458494682,0.026591441045487305,0.026095191829154395,-0.005113286641218219,2024-05-07,2024-07-03,739012.0,739069.0,1.246480979524033,0.41421068234131797,0.5127752903374104,0.12096529554312017
2024-07-03,739069.8713144151,0.24467700850040158,7.10429271838294,0.8869229908409711,-0.3158567518602908,-0.0443440538520359,-0.002213480521766801,0.044288775282367195,2024-05-14,2024-07-03,739019.0,739069.0,4.5985473182314776,0.24531668456675995,0.5127752903374104,0.1551946827290249
2024-09-05,739133.2509812644,0.9329254237002191,4.328305851629873,0.3963047179836896,-0.0009741156639325235,-0.0024045738175434922,-0.00022527920508068211,-0.002393997603126183,2024-01-12,2024-07-05,738896.0,739071.0,0.9216713738958039,0.08731752146966824,0.5375223722677129,0.6467117755986538
2024-07-10,739076.6221776499,0.9005633276384504,7.4934673496945114,0.15647774070085446,0.002768643433015775,0.001846395705040099,0.0016878907420931548,-0.0007484663935987666,2024-01-22,2024-07-05,738906.0,739071.0,4.070101184794304,0.1802078415128984,0.5375223722677129,1.873698873602397
2024-07-31,739097.7879508276,0.5636009884015479,9.904737143862413,0.03212493727497517,0.020608527240160067,0.006375048828490891,0.006348321748400239,0.0005831453887596239,2024-01-29,2024-07-05,738913.0,739071.0,3.0444097514858055,0.1839467981169125,0.5375223722677129,2.2102552770228994
2024-09-03,739131.4169769326,0.5622317768701587,3.279615849869407,0.6504507299567637,-0.01760163477922939,0.020708309783764513,0.017686660406943697,-0.010771078764441715,2024-02-05,2024-07-05,738920.0,739071.0,0.653796245722414,0.14571382668362892,0.5375223722677129,0.5244533675873212
2024-07-29,739095.0840829287,0.6467117303563957,6.977380990162869,0.18039544826386503,0.005127075026888419,-0.005446587653759441,-0.0036869449561121206,-0.004008959211651343,2024-02-12,2024-07-05,738927.0,739071.0,2.157575315574638,0.08724960635635036,0.5375223722677129,1.4374234638117678
2024-08-28,739125.9310840305,0.19925465747960996,6.252039629542878,0.28016321229300784,-0.013215525755844981,0.05490933765703036,0.03769099938343361,0.039930238258890714,2024-02-20,2024-07-05,738935.0,739071.0,1.2396575836861492,0.007670523410971306,0.5375223722677129,0.844585414902179
2024-08-01,739098.4862889149,0.6083075125746525,2.4041515377644194,0.6047984243766766,-0.017830632002166585,0.01926386104536593,0.016911812531088755,0.009224258197192676,2024-02-27,2024-07-05,738942.0,739071.0,0.6655056514518304,0.23419884098491034,0.5375223722677129,0.4312741277008424
2024-07-14,739080.6785570753,0.8786054592329651,3.187314019968736,0.40427197020847344,-0.004847249405970402,-0.00422206101934957,-0.004115928975774866,0.0009407060739083119,2024-03-05,2024-07-05,738949.0,739071.0,1.3242211567684705,0.31647536163563833,0.5375223722677129,0.6834856064434873
2024-07-17,739083.9135795264,0.01263062399656856,8.314994110960253,5.387527617479891,-4.886079289705162,-0.08539396447981613,-0.06942335579960231,0.04972450944053569,2024-03-12,2024-07-05,738956.0,739071.0,3.0345927841251954,0.08691529220318167,0.5375223722677129,0.8553747911245334
2024-08-01,739098.2724822332,0.03220324091836347,14.979295110286921,3.5736955515068582,-2.910543426855321,-0.0172917847571579,-0.01654665807415431,0.005021347096636742,2024-03-19,2024-07-05,738963.0,739071.0,3.8178146053487696,0.3618615730106565,0.5375223722677129,0.8412081294286904
2024-08-14,739111.2320220862,0.8424943373140767,4.2626001029281255,0.7630958109388407,-0.012745233573649041,-0.004226090160670062,-0.0026576633550218546,0.0032858276792136092,2024-03-26,2024-07-05,738970.0,739071.0,0.8519120093698117,0.5960757311326323,0.5375223722677129,0.2981231048819422
2024-08-08,739105.9919463756,0.9437823179462466,6.663209494720412,0.5363484224873059,-0.005591202062680345,0.001938652395865843,0.0019077069705359035,-0.0003450032268908501,2024-04-03,2024-07-05,738978.0,739071.0,1.3752864016822595,0.40850145711131436,0.5375223722677129,0.387025336931154
2024-08-16,739113.9421874138,0.7149369601270091,5.513657924064711,0.9465055496568567,-0.03161711976181124,0.00669421586559876,0.0019262312972837478,0.006411096555551066,2024-04-10,2024-07-05,738985.0,739071.0,0.9648480007658052,0.6124216321959051,0.5375223722677129,0.20276634103019248
2024-07-11,739077.3066914188,0.4326151727667443,12.96398181600015,0.5743023498024217,-0.06958388977972858,0.0008842213753170294,0.0006392508020458499,-0.000610905764133288,2024-04-17,2024-07-05,738992.0,739071.0,5.374109779015648,2.6260985919811346,0.5375223722677129,0.5028435966498406
2024-08-07,739104.0148437243,0.1325170467838688,4.665870493154175,2.850260493252083,-1.4953689463799646,-0.07400670221585183,-0.07261564769867333,-0.014281445380910342,2024-04-24,2024-07-05,738999.0,739071.0,0.8592912399361701,0.5738737687174271,0.5375223722677129,0.18922056199371748
2024-07-05,739071.8131987402,0.5330653029518294,13.03548514849223,0.5016505898265003,-0.04297079145433884,-0.0021332010467179207,-0.00199817591025948,-0.0007468866964788788,2024-05-01,2024-07-05,739006.0,739071.0,9.11523482870708,0.8237487732800886,0.5375223722677129,0.4576566257386707
2024-07-26,739092.0988801655,0.8066166355564237,10.950996034367328,0.6722914756580979,-0.01920072992125,-0.004499803616220418,-0.003630915233865537,0.0026579479206774396,2024-05-08,2024-07-05,739013.0,739071.0,2.3032121218102786,0.31429518766651915,0.5375223722677129,0.2753113470639683
2024-07-19,739085.9491919547,0.774203163346519,6.511840958418885,0.73000227249041,-0.02814561128486582,-0.006830636274594484,-0.004259798660874531,0.005339635501100945,2024-05-15,2024-07-05,739020.0,739071.0,1.538240901752639,0.4898923770473869,0.5375223722677129,0.12828679458953857
2024-07-21,739087.3722809431,0.9761597396053387,8.614931293791724,0.13785860116927284,0.0020856954549498745,0.0010026313026402583,0.000923084766442277,-0.0003913873311648043,2024-01-16,2024-07-08,738900.0,739074.0,3.6196088491322533,0.235710380524514,0.5287091013961563,2.088020491470222
2024-08-17,739114.7841794328,0.27735615524277396,6.406513203742431,-0.2104324351851784,0.14015319963424447,-0.02749300664375345,-0.0077829210378608455,0.026368381718108798,2024-01-23,2024-07-08,738907.0,739074.0,1.6601645141773262,0.22069722008870896,0.5287091013961563,2.4205736981333534
2024-08-30,739127.6496186092,0.9985966329017437,4.586886285192371,0.34082843545709374,-0.00041626496416490277,0.001643666066388463,0.001392274872636551,-0.000873618232880816,2024-01-30,2024-07-08,738914.0,739074.0,1.0087954134451307,0.05513512883077446,0.5287091013961563,0.7232700677520726
2024-09-16,739144.3679952695,0.08170087658371396,2.742848020306801,1.83376029364646,-0.8418271910716663,-0.3120472462093846,-0.2692715309471257,-0.15769060367774435,2024-02-06,2024-07-08,738921.0,739074.0,0.504237008219985,0.08035771278890985,0.5287091013961563,0.4897757388551554
2024-07-21,739087.573633851,0.4885795726708605,7.281585595868468,0.24322915727463787,0.0034148023360249403,0.013282340495721275,0.0016630991450942198,-0.0131778097678584,2024-02-13,2024-07-08,738928.0,739074.0,2.8559664725121277,0.017250445160034746,0.5287091013961563,1.422267677200333
2024-08-14,739111.7794179609,0.2415103000424899,12.25061202771942,0.25253615791749834,0.004899865941172607,0.031590639245916506,0.020038278683365395,-0.02442203667537628,2024-02-21,2024-07-08,738936.0,739074.0,2.9976662734341186,0.0030577618315948372,0.5287091013961563,1.451521258412675
2024-08-09,739106.872336902,0.17175138703195383,7.252174484217067,0.2818538172922089,-0.006461569947402654,0.01796898481542875,0.012069319625423928,-0.01331224770940151,2024-02-28,2024-07-08,738943.0,739074.0,1.8542029515126557,0.008516213034173216,0.5287091013961563,1.6837385737698718
2024-08-21,739118.7602598894,0.9808763662672657,12.35643810394904,0.2986364321972869,-0.0005560567803973679,0.0010120260709878034,0.0010075770458411058,-0.00009479063800355192,2024-03-06,2024-07-08,738950.0,739074.0,2.609974127103481,0.04361625896315256,0.5287091013961563,1.0423200526749636
2024-07-31,739097.3850670233,0.23864174240551211,5.028587572720937,0.8484443253907743,-0.22550252297925247,0.04180686938291546,0.02155206656628313,-0.03582349444600088,2024-03-13,2024-07-08,738957.0,739074.0,1.4344148969511052,0.25597888982928163,0.5287091013961563,0.7042326945342315
2024-08-27,739124.4517587225,0.5660038744218562,10.001101097764163,0.46533170958790115,-0.016667200411209462,-0.0006678081450348607,-0.0006528927281410445,0.00014035242824919636,2024-03-20,2024-07-08,738964.0,739074.0,1.8415868059831162,1.41248073273831,0.5287091013961563,0.9394511832268007
2024-07-21,739087.8319871841,0.6645335532754567,4.683391754409826,0.5658275546256496,-0.024091168643863806,-0.007955072725899091,-0.0066769650811711245,0.0043245022117192975,2024-03-27,2024-07-08,738971.0,739074.0,1.590467424380985,0.42970473615685745,0.5287091013961563,0.4434018791057093
2024-08-05,739102.9900759672,0.16493865807554256,2.1616464085219627,2.944621790834822,-1.2768601430281938,0.13730587581350676,0.08559459072732944,-0.10736139702488558,2024-04-04,2024-07-08,738979.0,739074.0,0.49997065085156334,0.7095647123409031,0.5287091013961563,0.28113059432616144
2024-07-11,739077.8805327306,0.28225998871216423,6.491570466770727,0.7645198724993595,-0.1895616138405353,-0.020786426224910864,-0.007721076488960506,0.019299235556241176,2024-04-11,2024-07-08,738986.0,739074.0,3.269469598903496,0.3965245795035394,0.5287091013961563,0.4071708276557803
2024-07-21,739087.7022137765,0.6257722427239093,7.287214988744084,0.6419901864745037,-0.03620937232788023,0.008719291545148784,0.008672905232918101,0.0008981981240933874,2024-04-18,2024-07-08,738993.0,739074.0,2.2420949479026224,0.3566108152208002,0.5287091013961563,0.34673552776932165
2024-07-08,739074.8767201704,0.21730172633305683,5.8310963567550065,0.9849217127602102,-0.360539917736589,0.045768747717814154,0.005959300215597915,-0.045379125251565774,2024-04-25,2024-07-08,739000.0,739074.0,4.127409517083259,0.2935602737305031,0.5287091013961563,0.22079178394084914
2024-07-18,739084.0019573678,0.335620414795415,13.870662530263585,0.8777980456942887,-0.18150455354467807,-0.004293253202841686,-0.004245682566018523,0.0006373402641578262,2024-05-02,2024-07-08,739007.0,739074.0,4.505790424301862,1.0229447708374133,0.5287091013961563,0.47074787355854225
2024-08-05,739102.245145738,0.46193198694310855,6.018592824191078,0.9762244084330031,-0.11020414357162046,-0.02057449996531936,-0.016562565490209572,0.012206206339622692,2024-05-09,2024-07-08,739014.0,739074.0,1.0912241201735993,0.41110400549183024,0.5287091013961563,0.12448093290997941
2024-07-31,739097.7670961159,0.7499372827293033,4.9278547384972775,0.5722353058349027,-0.013623625269510076,-0.009388974726284471,-0.005923259947898302,-0.007284767532353547,2024-05-16,2024-07-08,739021.0,739074.0,0.9195624982815853,0.22082160743035353,0.5287091013961563,0.1148771754387172
2024-09-13,739141.1695199091,0.7092956368283742,8.515404039488006,-0.0024830178986739605,0.00943532240081308,-0.002455824444262041,-0.00018546659472009456,0.0024488111081253086,2024-01-17,2024-07-09,738901.0,739075.0,1.7471107931888843,0.32002319421378234,0.5000597975155326,2.4178261721514516
2024-09-28,739156.0167715224,0.6685610493451885,12.381745593277126,-0.06333907959205633,0.012751225028955185,-0.0035278087975737895,-0.0005158021634606192,-0.0034898972822145326,2024-01-24,2024-07-09,738908.0,739075.0,2.2048043810140303,0.19516685582381424,0.5000597975155326,2.1104290594464308
2024-07-16,739082.9951927976,0.1633797672883908,8.78554063722721,-0.03235878649880621,0.16771858099123957,0.0474309735091093,0.0432451807960598,-0.019482083716531155,2024-01-31,2024-07-09,738915.0,739075.0,4.257841160927024,0.06575804938632829,0.5000597975155326,2.644122510946156
2024-07-16,739082.4052080825,0.39726104194656064,8.547088671395834,0.203452104812923,0.01495280401378799,-0.019717924648332844,-0.006161657762831675,-0.01873047052401696,2024-02-07,2024-07-09,738922.0,739075.0,4.183664429582711,0.035246760394094,0.5000597975155326,1.9608542054195959
2024-08-30,739127.4512237317,0.85926881321651,2.186849185767247,1.3220317867138545,-0.0156375604757718,0.010489678574369752,0.010310098416160717,-0.0019326735996210338,2024-02-14,2024-07-09,738929.0,739075.0,0.46313325085974577,0.5857563937735784,0.5000597975155326,0.47309567925571094
2024-07-21,739087.6088728437,0.5414984695662083,13.533025193276156,0.2549561963400924,0.0015473355524443894,-0.006083011462850218,-0.005275475878010289,-0.0030285941817448448,2024-02-22,2024-07-09,738937.0,739075.0,5.3421575384946856,0.010178135132826586,0.5000597975155326,1.7138864084262078
2024-08-24,739121.4454749661,0.1272096748179821,14.354022071500662,0.5718597516556279,-0.1710000350925674,-0.04584686799011781,-0.03265564252876023,-0.03217987438659628,2024-02-29,2024-07-09,738944.0,739075.0,3.062126197387915,0.03305468782113914,0.5000597975155326,1.4786740345206728
2024-08-13,739110.3542520329,0.8601757082476618,5.550199463547036,0.43126607429968444,-0.004104854019643524,-0.0027468651456477745,-0.0022705169030146177,0.001545969314540065,2024-03-07,2024-07-09,738951.0,739075.0,1.3300573327382885,0.23160021640083395,0.5000597975155326,0.8678657466016388
2024-09-02,739130.2183707568,0.14276570488038057,12.496127411246341,1.0876905285973961,-0.4326345018305814,-0.03946787241680608,-0.003858339545613485,0.039278825963361484,2024-03-14,2024-07-09,738958.0,739075.0,2.262218756045283,0.12523504735617433,0.5000597975155326,0.8767550824509661
2024-08-10,739107.2688151905,0.1894941594808353,10.63077420377967,1.0408542128094123,-0.3481838191076554,-0.022150648426391834,-0.020002206929399167,0.009516456465676233,2024-03-21,2024-07-09,738965.0,739075.0,2.510191410307751,0.2801902866289001,0.5000597975155326,0.7769261999481136
2024-08-15,739112.4114543283,0.9693011581502831,13.999253622210084,0.44466283427687153,-0.0027748543462896955,0.0007447552128408505,0.0007353807024235821,-0.00011779452260873408,2024-03-28,2024-07-09,738972.0,739075.0,2.946819808534717,0.25797670413503343,0.5000597975155326,0.726302547875177
2024-07-28,739094.8653280672,0.4406472734394188,12.06749967355472,0.6792521192305193,-0.07167407723568608,0.006910113538281092,0.005190473099332362,0.004561650810511776,2024-04-05,2024-07-09,738980.0,739075.0,3.370242970526645,0.37874832303573336,0.5000597975155326,0.5897837998577519
2024-08-03,739100.6317422087,0.3565076341597962,2.8957991456191463,1.2562732332784716,-0.21939855763243818,-0.035759238160788666,-0.01647775559578956,0.03173651972673485,2024-04-12,2024-07-09,738987.0,739075.0,0.6863119821665727,0.7553459568704277,0.5000597975155326,0.2764945314462391
2024-07-15,739081.8063990461,0.1157782594693595,11.629521739744419,1.746822744991077,-0.9813872039138134,0.007154491532377466,0.000990725386391816,0.007085563654051786,2024-04-19,2024-07-09,738994.0,739075.0,4.733242656493076,1.3656102835633002,0.5000597975155326,0.4558310793889608
2024-07-20,739086.9632465623,0.24350732560013572,12.65200159759473,1.1118275950616159,-0.34259443588469146,0.002574976799520397,0.0024294923454051577,0.0008532716224544522,2024-04-26,2024-07-09,739001.0,739075.0,3.9710380393277127,2.5607063456429278,0.5000597975155326,0.48268924429764587
2024-07-19,739085.2642065053,0.7397912095916329,13.386710348338996,0.5570645400102565,-0.018978409726737186,0.001076270176012055,0.0010094251203532736,0.00037338775846671655,2024-05-03,2024-07-09,739008.0,739075.0,4.300682624257437,0.9744819798767079,0.5000597975155326,0.5321487192563725
2024-08-01,739098.5726671143,0.4098048294886011,2.023465247915858,-2.8227745698232054,0.7315235821624089,0.22524454268912641,0.19467410136104685,-0.11330091910705113,2024-05-10,2024-07-09,739015.0,739075.0,0.4075887413644179,0.6577416989138004,0.5000597975155326,0.1452171641540366
2024-07-27,739093.1602147623,0.738406094151074,14.568674336069186,0.8280413538706869,-0.03501971166104558,-0.005012083719170132,-0.0026849431503820406,-0.004232264581425275,2024-05-17,2024-07-09,739022.0,739075.0,3.166618124077027,0.3541355178848433,0.5000597975155326,0.2262558169254082
2024-08-30,739127.4817097763,0.7850797437503796,2.5076520816189607,0.9446519116283867,-0.012484227963152806,-0.010611257307662214,-0.0005680443954893974,0.010596042054190218,2024-01-18,2024-07-10,738902.0,739076.0,0.5894833857749829,0.36833359814698063,0.4954946430832199,0.5518193304764057
2024-09-10,739138.5923503431,0.5096479599897151,10.1053009392844,-0.060503696623519315,0.030699819155976707,-0.007958598546016861,-0.004585780079882377,-0.006504606973185672,2024-01-25,2024-07-10,738909.0,739076.0,2.090258008547683,0.194545082492736,0.4954946430832199,2.380392550547687
2024-08-12,739109.5662765239,0.03853587519755309,2.0479142374438726,-6.994472031405799,6.348037143118496,0.374159645291004,0.3732160443304554,0.026556061805498476,2024-02-01,2024-07-10,738916.0,739076.0,0.5710712685052858,0.3192537266726847,0.4954946430832199,0.5040009720416775
2024-09-05,739133.7733533719,0.3712477464371134,10.249546715301205,0.03329188702438724,0.043211231786460615,-0.01564393299564787,-0.00791005681294321,-0.013496801131687863,2024-02-08,2024-07-10,738923.0,739076.0,2.1112754258336954,0.10004833516754062,0.4954946430832199,1.9693399621398051
2024-09-16,739144.3288262993,0.38709553279436915,2.757649400780382,1.5421966841506507,-0.1572652788080863,-0.06907532258287279,-0.06728027287441159,-0.0156449695388854,2024-02-15,2024-07-10,738930.0,739076.0,0.5017341671452958,0.31958694956797484,0.4954946430832199,0.476165361677136
2024-08-31,739128.132770717,0.6795475704999038,7.556870537178215,0.3312632239636571,-0.0029473472208269374,0.004043983610309471,0.002058429899493277,0.0034809007152350265,2024-02-23,2024-07-10,738938.0,739076.0,1.5562254662226895,0.06553899802446232,0.4954946430832199,1.4942606086738341
2024-07-19,739085.3432254302,0.7959401787779856,2.2622067133825277,0.503044266700415,-0.007878276261746541,0.008424399256620621,0.006181139519045726,-0.0057239861181733525,2024-03-01,2024-07-10,738945.0,739076.0,0.9755103403005456,0.329033718900754,0.4954946430832199,0.45140130441687554
2024-08-25,739122.8977682102,0.7858373651348005,7.8970423015955316,0.3981544200760505,-0.003948142329507274,-0.0017931816874528395,-0.0007267199354684199,0.0016393226343856134,2024-03-08,2024-07-10,738952.0,739076.0,1.6252312979272108,0.21909714374231973,0.4954946430832199,1.3633571555554445
2024-09-02,739130.0633415767,0.8635962991394266,3.4755007330907803,0.978585455180249,-0.012045961595907602,0.004786726869704869,0.00441762364153231,-0.0018431916576768102,2024-03-15,2024-07-10,738959.0,739076.0,0.6371531463345783,0.625311210834483,0.4954946430832199,0.33393239084148885
2024-08-17,739114.8427061839,0.8729624411656314,3.1111165969052,0.8614687482127573,-0.011588706709801225,-0.004842867993769118,-0.0043679714555319386,-0.0020914578094552894,2024-03-22,2024-07-10,738966.0,739076.0,0.665168983517459,0.6714468049157558,0.4954946430832199,0.31635734274364036
2024-08-15,739112.885519801,0.5167875099250993,11.519967387490357,0.6376946629683276,-0.040104061813091736,0.0031265771058719425,0.0014530015088010078,0.0027684419832072634,2024-04-01,2024-07-10,738976.0,739076.0,2.4042632581400114,0.5754134070671663,0.4954946430832199,0.7560942512121829
2024-08-06,739103.9780511854,0.8044481670085692,2.7829582962850328,0.8883582731963638,-0.019914089035003878,0.006976207322177709,0.0006693127177058363,0.006944025423911057,2024-04-08,2024-07-10,738983.0,739076.0,0.6485208087321587,0.8251491069334193,0.4954946430832199,0.2948083043165393
2024-07-17,739083.1842315508,0.10903042930987385,7.726283866829442,1.8518768749685974,-1.0706606628905913,0.03527240485840781,0.01587752008774058,0.031496776031188105,2024-04-15,2024-07-10,738990.0,739076.0,3.151279024136858,0.428345134062168,0.4954946430832199,0.399211072860459
2024-07-28,739094.5417731381,0.12759065974726783,7.380617443753704,2.630609527978617,-1.4452403339506144,0.06600192674276151,0.03304135444326276,0.05713600642599669,2024-04-22,2024-07-10,738997.0,739076.0,1.9502374958137145,0.3785381431474661,0.4954946430832199,0.23887128889062695
2024-07-16,739082.6987178441,0.7366513722600331,10.89610685533531,0.5270286685532939,-0.01782687258913116,-0.001326084246783183,-0.0001226406214322221,0.0013204009646850612,2024-04-29,2024-07-10,739004.0,739076.0,4.272491415723745,0.908855193483617,0.4954946430832199,0.5425124481326445
2024-08-05,739102.6802952839,0.22030864723558247,12.727595242384623,1.902242899331711,-0.6770237866866258,0.03397832668773371,0.028987225967071147,-0.01772758909813496,2024-05-06,2024-07-10,739011.0,739076.0,2.500438242580342,0.3448951824536132,0.4954946430832199,0.343447628218785
2024-08-07,739104.9355201945,0.0666668413442293,5.776649839199516,3.824690147016403,-2.704292115627193,-0.11191273319820887,-0.04174450646890655,0.10383571655052468,2024-05-13,2024-07-10,739018.0,739076.0,1.0114095953623603,0.27887394188911546,0.4954946430832199,0.12737584980921443
2024-07-20,739086.4149947927,0.03276430484085192,5.494164027637336,8.883882317772871,-7.666681425708171,0.08385751890983092,0.0030642099422796914,-0.08380151606708744,2024-05-20,2024-07-10,739025.0,739076.0,1.5515833260800207,0.5452111707447599,0.4954946430832199,0.15386314959496855
2024-08-26,739123.1556128288,0.0805522109816137,4.164894613523736,-0.7715292312320557,0.7508031171141301,-0.15003433988509424,-0.12562402955756302,-0.08202991126702817,2024-01-19,2024-07-11,738903.0,739077.0,1.035602388443396,0.09678517593126464,0.4737197668313966,0.6794851255804767
2024-10-01,739159.2856293984,0.0732190914615647,7.473953040847242,-1.6663303868373587,1.3545951453504579,-0.1212981596965356,-0.11107016720419664,0.0487510154047898,2024-01-26,2024-07-11,738910.0,739077.0,1.318463575178856,0.10940301071484065,0.4737197668313966,1.407590730998762
2024-08-13,739110.7625613717,0.12768070039124482,4.936448852240361,0.22211632997980638,0.032271016238154364,0.09760084595530213,0.09451495584782951,0.024348475358294087,2024-02-02,2024-07-11,738917.0,739077.0,1.3727691733541991,0.008552039039536084,0.4737197668313966,1.3834284407980177
2024-08-03,739100.4394193555,0.43257665600619444,5.207248451839129,0.3450581853777088,-0.009811245847509606,0.01766277902763515,0.008283114998547631,0.015600120797606136,2024-02-09,2024-07-11,738924.0,739077.0,1.6728991021300983,0.04614449549263311,0.4737197668313966,1.7923360287446544
2024-09-07,739135.3025783487,0.6613909469071758,5.441416741558825,0.48958028100562584,-0.009382446499298945,-0.007494824651383237,-0.006829680783281789,-0.003086722688135965,2024-02-16,2024-07-11,738931.0,739077.0,1.085961303503962,0.15216013244798207,0.4737197668313966,0.592282289496613
2024-08-07,739104.7129074226,0.3534737207952437,12.118945484717967,0.3634232674249291,-0.0196812327210988,-0.02052738675783725,-0.014108902763257308,-0.014910146542632716,2024-02-26,2024-07-11,738941.0,739077.0,3.42594790053286,0.02796474936663131,0.4737197668313966,1.5029225799056554
2024-08-17,739114.9810609127,0.3489388758901882,12.28621787693971,0.5008769215298611,-0.04856896786624442,0.02038402445400563,0.01592001935778437,-0.012730335289742782,2024-03-04,2024-07-11,738948.0,739077.0,2.8955603867079724,0.06767060945233216,0.4737197668313966,1.2773800326672453
2024-07-30,739096.4938960101,0.9486916828583556,4.080788630906962,0.4816210322065853,-0.004195304728963915,0.002665696382949827,0.0009858488474498745,0.0024766992663731997,2024-03-11,2024-07-11,738955.0,739077.0,1.2873655568365796,0.36587591494712746,0.4737197668313966,0.6590082131132206
2024-08-23,739120.3797323415,0.14406218181545152,5.459117463270211,1.842103670114054,-0.836144371544755,-0.06764230859057928,-0.04666972269410283,0.04896344447767843,2024-03-18,2024-07-11,738962.0,739077.0,1.1251577262945525,0.3262048381777015,0.4737197668313966,0.35084181076804954
2024-08-17,739114.086790793,0.09285495818703927,6.898080457519214,2.9793293056077053,-1.8282370854578949,-0.0722691035159252,-0.00897702696041642,0.0717093878787671,2024-03-25,2024-07-11,738969.0,739077.0,1.4975641852086787,0.34053102848550193,0.4737197668313966,0.4725295276814933
2024-07-22,739088.93846198,0.6626176775305926,8.16732100666686,0.4785108873576619,-0.01588883037927049,-0.0006821133649006793,-0.0003210465007702391,0.0006018370102605125,2024-04-02,2024-07-11,738977.0,739077.0,2.909347121779515,1.8898126966874245,0.4737197668313966,0.7593552894246508
2024-08-14,739111.0057119516,0.8487887214544978,2.3259150847474905,1.017845179124048,-0.016996877954094148,0.007463486688000121,0.007234452734876181,-0.0018347553430355667,2024-04-09,2024-07-11,738984.0,739077.0,0.48778866447866215,0.8310614515913038,0.4737197668313966,0.3294780337503664
2024-07-24,739090.3170793204,0.7819064278540822,2.2127661716786617,0.6302174816722484,-0.014253509940446728,0.007819662373900133,0.003121475679158765,-0.007169624064496673,2024-04-16,2024-07-11,738991.0,739077.0,0.7076100532594429,0.6440996761291186,0.4737197668313966,0.3009997419410978
2024-07-20,739086.0257511596,0.612594453361824,13.334076962234558,0.5891184983313709,-0.032457038523689516,-0.0016509405273777407,-0.0011783824868967637,0.001156295524298737,2024-04-23,2024-07-11,738998.0,739077.0,4.83337581000984,0.9032075619713005,0.4737197668313966,0.5537733117081819
2024-08-15,739112.5137125229,0.611203363841362,9.249229397639528,1.049445305789778,-0.06059931242428747,-0.009800557113992726,-0.0005850812476486406,-0.009783077209052546,2024-04-30,2024-07-11,739005.0,739077.0,1.6306007779308866,0.40859882890496274,0.4737197668313966,0.16836532483663644
2024-07-20,739086.8010206503,0.5483196876873268,9.35047679413826,0.7849685854356503,-0.07035780835692879,0.013158261661575877,0.0028313401398478632,0.01285003357843799,2024-05-07,2024-07-11,739012.0,739077.0,3.0244842141406516,0.31355509878326154,0.4737197668313966,0.26173853705728267
2024-07-28,739094.5527956097,0.31346259095099455,14.737504416266063,1.3367569035604867,-0.32689014965534124,0.017596116959452058,0.01285384873415053,-0.012016734363806713,2024-05-14,2024-07-11,739019.0,739077.0,3.4236032286615794,0.3951361506111123,0.4737197668313966,0.307348660996354
2024-07-16,739082.5526184548,0.4613893680057749,13.895232067258034,0.8558234509064541,-0.12341025186525087,0.007874351119893722,0.00015881596257774256,-0.007872749395821093,2024-05-21,2024-07-11,739026.0,739077.0,5.132662631360642,0.5204011417008508,0.4737197668313966,0.2584826773585222
2024-07-14,739080.993472732,0.8677563087446385,2.42981494372947,0.4345387687880078,-0.004054516557736103,0.006146075851092046,0.006143445939625958,0.00017977862573217448,2024-01-22,2024-07-12,738906.0,739078.0,1.5732866236525511,0.2355948233544201,0.47822685247794433,0.7313137648107676
2024-09-30,739158.8473834274,0.5204273653410368,8.890813162529238,0.030047091080297583,0.019831195651205634,-0.008016271968038466,-0.006079195942432812,-0.005225322282794406,2024-01-29,2024-07-12,738913.0,739078.0,1.5737077900807446,0.14480884750440928,0.47822685247794433,2.412769399995237
2024-07-13,739079.6886564881,0.4028827125164153,7.640332706677045,0.28724397168545884,0.0012779642805464963,0.023274755388597128,0.02324886161443833,-0.0010975755243840715,2024-02-05,2024-07-12,738920.0,739078.0,5.531925094590281,0.0028953425421338382,0.47822685247794433,2.0542044836893623
2024-09-15,739143.4018645978,0.5385758782409215,2.263152986582895,1.2045332201410823,-0.0419781831453469,0.04210697597627773,0.02250032257953355,0.035591191461986256,2024-02-12,2024-07-12,738927.0,739078.0,0.43100082845895527,0.2372480060015649,0.47822685247794433,0.5203941287383208
2024-09-08,739136.7717433544,0.5222357153433742,2.931976779193432,0.8346318106302641,-0.0325492576029855,-0.027866358953728312,-0.015295362968336458,-0.023293471896754157,2024-02-20,2024-07-12,738935.0,739078.0,0.5755874597005816,0.20804960881412615,0.47822685247794433,0.4894705709934862
2024-09-16,739144.9211785648,0.8524616914095529,7.047888343147065,0.44175354354806945,-0.0030379799603764044,0.0024799323151780015,0.0018586687152436204,-0.0016417718766134203,2024-02-27,2024-07-12,738942.0,739078.0,1.244311156103192,0.14817022259520385,0.47822685247794433,0.8435805455819717
2024-08-11,739108.5865922206,0.8564545812231434,3.351421799184681,0.52724432790699,-0.005112035216492204,0.00443113437711295,0.0013028638242549007,-0.004235268317766901,2024-03-05,2024-07-12,738949.0,739078.0,0.8811824047559909,0.29481811363600136,0.47822685247794433,0.47257660484947556
2024-07-26,739092.5093885359,0.11064142566834836,7.315755651256471,1.1370977153997956,-0.5512894767386487,0.026157529797342455,0.00357270797423635,-0.02591239322852457,2024-03-12,2024-07-12,738956.0,739078.0,2.6099786238652523,0.3187436529895151,0.47822685247794433,1.2553147264545352
2024-07-18,739084.1199877724,0.5329041937852407,6.942792491980705,0.45509058543056236,-0.023775381929541414,-0.004421514652986422,-0.0021344581380802175,0.003872193213587976,2024-03-19,2024-07-12,738963.0,739078.0,3.2986093883831575,0.41273508341748777,0.47822685247794433,0.9354199067255712
2024-08-28,739125.2540309699,0.6484943168941854,4.141509701622498,0.8393277330106298,-0.028999369560260765,-0.0084328018047894,-0.0075104603051590075,0.0038347271458984166,2024-03-26,2024-07-12,738970.0,739078.0,0.7840653967482917,0.5384732762740865,0.47822685247794433,0.33096905661311815
2024-08-29,739126.5798416584,0.9322034392518816,5.644788884952442,0.7524188777041262,-0.007425791722169993,-0.001985865700643272,-0.0019612496622734097,0.00031170874742911735,2024-04-03,2024-07-12,738978.0,739078.0,1.0043293498160566,0.6175269078198159,0.47822685247794433,0.28540176708084153
2024-08-12,739109.7322910572,0.33350429707267987,8.042207029044693,1.2743520912719108,-0.24946953582291528,0.024784282487739777,0.022413150456699366,-0.010578815861779695,2024-04-10,2024-07-12,738985.0,739078.0,1.752049893414504,0.417414329175933,0.47822685247794433,0.3432504382925827
2024-08-20,739117.4964516546,0.4621704152038141,11.724856630077312,1.019743553679209,-0.10260577250634816,-0.008787884990022485,-0.004585914996813845,-0.00749641956135463,2024-04-17,2024-07-12,738992.0,739078.0,2.157300006576697,0.46023753043661725,0.47822685247794433,0.48703335889052746
2024-07-18,739084.6277543965,0.7043197879121387,13.833811897694803,0.5430549489702866,-0.020114264353136343,-0.0012780091606614252,-0.0008394091750765962,-0.0009636906409900165,2024-04-24,2024-07-12,738999.0,739078.0,5.633635400960291,0.8013056605861051,0.47822685247794433,0.5633949591162941
2024-07-21,739087.2429711405,0.3620765543523628,13.043947828395533,0.8503563533994661,-0.15240317363860095,0.0008412699982746236,0.0007791215385001824,0.00031734025625831664,2024-05-01,2024-07-12,739006.0,739078.0,4.512373066714737,5.028633222246949,0.47822685247794433,0.49248457830235587
2024-07-17,739083.8087980463,0.9251095866861989,11.16677493555576,0.5391623655270633,-0.009680107576355972,-0.002015209037485249,-0.0007518369239740484,0.001869708186993753,2024-05-08,2024-07-12,739013.0,739078.0,4.444201959365248,0.39794724272558657,0.47822685247794433,0.42686150619978663
2024-07-16,739082.1122679674,0.5099321816878218,5.456808309029225,0.7282332854317816,-0.07845223955885164,-0.01720633188097397,-0.008507655727303713,-0.014955856739882796,2024-05-15,2024-07-12,739020.0,739078.0,2.3578907409649505,0.42607963159214807,0.47822685247794433,0.17208472915653555
2024-07-22,739088.6399249025,0.8167480881046676,13.990081675290824,0.7458393883144727,-0.025250841756151093,0.003927113319397329,0.0038377653325542683,0.0008329323355666635,2024-05-22,2024-07-12,739027.0,739078.0,3.9114437091029806,0.3753792856512062,0.47822685247794433,0.18465645359585967
2024-08-25,739122.3808412767,0.6225189789373474,5.939096473863045,0.23777163198586565,0.003151087350521881,0.00813546298333001,0.007772780006935193,-0.0024020093498821745,2024-01-23,2024-07-15,738907.0,739081.0,1.5592526026834266,0.04059853716115139,0.49909881041490217,1.9357510831622349
2024-09-25,739153.4607827932,0.4434725312428448,5.443255295653781,0.2613405234489161,0.0059886355854631215,0.023218235685792014,0.000704423552360316,-0.02320754738915487,2024-01-30,2024-07-15,738914.0,739081.0,1.0355517398631269,0.021013901500781012,0.49909881041490217,0.6925829489866462
2024-09-29,739157.5113978257,0.051293593627471226,12.057272366363405,-1.7566370344073863,1.5962680446109971,-0.07275694394786619,-0.0672693480757529,0.02772016778621917,2024-02-06,2024-07-15,738921.0,739081.0,2.165671486956407,0.0933351922022015,0.49909881041490217,2.3288546237845975
2024-09-06,739134.5364899505,0.7323207978142227,5.176697105778593,0.46220136601108563,-0.005541723078201382,-0.0056299056681973466,-0.0038578194268998793,0.004100374019798012,2024-02-13,2024-07-15,738928.0,739081.0,1.1123544768692217,0.13924907392601465,0.49909881041490217,0.6339223093111909
2024-07-22,739088.198946101,0.054899844636095096,14.871050126207905,0.9106544672498242,-0.49726821909972124,-0.037687392299406194,-0.022407890789695687,-0.030302243624629722,2024-02-21,2024-07-15,738936.0,739081.0,7.221711152328536,0.04871066890675994,0.49909881041490217,1.9612186156396438
2024-07-19,739085.9387427416,0.12484986806356814,4.639778363369462,0.8742291388436687,-0.36570183979454834,-0.05670181825430367,-0.05274600472388647,-0.020807575039197414,2024-02-28,2024-07-15,738943.0,739081.0,2.485088421294984,0.17354855900410504,0.49909881041490217,1.4922127490004116
2024-08-21,739118.7034636573,0.9147236560430856,5.03579285985753,0.5087688395439374,-0.003915082902454743,0.002489865114276459,0.002092460578059813,0.0013494580454969753,2024-03-06,2024-07-15,738950.0,739081.0,1.2009170661283226,0.28561906651023067,0.49909881041490217,0.629787071387973
2024-09-14,739142.7144040837,0.2654064216065149,13.381970179131143,0.8666003419663013,-0.17105561844876133,0.0212268920583839,0.012612552233792531,0.017073502060448418,2024-03-13,2024-07-15,738957.0,739081.0,2.346392442167893,0.15982411226191462,0.49909881041490217,1.0966613738691586
2024-07-25,739091.7786837518,0.582216700673892,2.69750803740031,0.6036231321976493,-0.029725940058768923,0.01445797598109102,0.004920047727824752,0.01359507998599976,2024-03-20,2024-07-15,738964.0,739081.0,1.061596431318714,0.4437618979080896,0.49909881041490217,0.3089265448517898
2024-07-24,739090.9596339375,0.04952775083535556,3.4201298162437768,3.795789222268565,-2.9104355616241793,-0.09545186098885204,-0.057745694332723536,-0.07600324040635896,2024-03-27,2024-07-15,738971.0,739081.0,1.3546292038441121,0.44154970976975816,0.49909881041490217,0.2603098226599591
2024-08-08,739105.0882088499,0.11685197817147278,9.311521246646475,2.2107552062939244,-1.1975280836744515,-0.0194960506697405,-0.003738690836998875,-0.019134214970633886,2024-04-04,2024-07-15,738979.0,739081.0,2.453052252235306,0.7708226941755456,0.49909881041490217,0.6090050845121652
2024-08-01,739098.1616498247,0.1356183369292854,8.877139871270174,1.9372331111824175,-0.9744529828548378,-0.029635707873484483,-0.0050417762338521455,0.029203692807079618,2024-04-11,2024-07-15,738986.0,739081.0,2.652274825261392,0.5023321050877826,0.49909881041490217,0.47517850223371777
2024-07-23,739089.6953674881,0.5744703661261593,5.903464331993888,0.7436588193821888,-0.05530266966594236,0.012950751868881848,0.009489909413781231,0.0088126950070664,2024-04-18,2024-07-15,738993.0,739081.0,2.2632020380529334,0.4155390105158199,0.49909881041490217,0.20852749151648828
2024-08-02,739099.2172857111,0.005151397279498982,5.125654198699664,53.555765698551426,-52.21384916670413,0.10980679953056313,0.025434065800991654,-0.10682060437938043,2024-04-25,2024-07-15,739000.0,739081.0,1.3826877267219644,0.47789470395014316,0.49909881041490217,0.17014577687030996
2024-07-23,739089.6044652626,0.07968873650871112,2.1818368500873526,-0.8723406219543735,0.9446530824675448,0.21309870789230106,0.18423224743697283,-0.10709593040676321,2024-05-02,2024-07-15,739007.0,739081.0,0.7854042275095754,0.16190721339035483,0.49909881041490217,0.21308513715450747
2024-07-22,739088.7892127469,0.5964787586749875,3.339009932261379,0.5951014532883921,-0.028368175417006,-0.019047272672510367,-0.018698795351879575,-0.003626795920573299,2024-05-09,2024-07-15,739014.0,739081.0,1.2020367490228325,0.2660577269383056,0.49909881041490217,0.14460163373012966
2024-08-02,739099.4264771797,0.3741252848156383,11.144813695343172,1.3282068203041397,-0.2488123382451843,-0.019706668162143913,-0.007619110520524736,-0.01817421043481355,2024-05-16,2024-07-15,739021.0,739081.0,2.569054748022461,0.4238409911356313,0.49909881041490217,0.20747312833358808
2024-08-06,739103.7127972909,0.8253426118861968,13.153239169963589,0.9049423622766994,-0.024358260336228732,0.00305549860236108,0.002419049234041389,0.0018666206128494034,2024-05-23,2024-07-15,739028.0,739081.0,2.520496346262393,0.500225387496187,0.49909881041490217,0.15037159038174522
2024-07-20,739086.8658737573,0.9726649167239279,3.0114769265172163,0.41194643484118537,-0.002020959178207459,-0.0032255542001209843,-0.0031407265996155793,0.0007348716380329857,2024-01-24,2024-07-16,738908.0,739082.0,1.727553229139123,0.202365702406043,0.501669704983989,0.9207578972913677
2024-09-06,739134.3543837595,0.7134205662953005,2.1502854652133268,0.7496685747204888,-0.0049388200540342805,0.016863452852410078,0.015599017907856599,0.0064067684846439345,2024-01-31,2024-07-16,738915.0,739082.0,0.4902947536416962,0.09716865823374268,0.501669704983989,0.5538845080729731
2024-08-22,739119.3591635925,0.061007335673220364,5.406506017608512,0.8698423391442989,-0.44472594193339915,-0.13037683195439492,-0.12016450128571499,0.05058271385779868,2024-02-07,2024-07-16,738922.0,739082.0,1.4322103088945202,0.03849084167490086,0.501669704983989,1.3627170105472812
2024-08-02,739099.5284093454,0.27791062415845175,2.9612817489986325,0.4996949706700963,-0.055070584552671296,-0.06206940836010365,-0.06194040959186409,-0.003999639204405313,2024-02-14,2024-07-16,738929.0,739082.0,1.0722506889435133,0.08326596128446649,0.501669704983989,0.5014796206509773
2024-08-03,739100.4967185247,0.7457769566223696,4.670466123159647,0.4648903668199123,-0.007777601113917043,-0.005881706620061074,-0.0015266961234454493,-0.005680111945298866,2024-02-22,2024-07-16,738937.0,739082.0,1.619859564759383,0.2111499785984129,0.501669704983989,1.0696880930798753
2024-09-09,739137.0190037267,0.8116199983549306,6.630210954662027,0.4949827824162611,-0.005041764453282268,-0.003270886856071487,-0.003233864758307977,0.0004907336856125781,2024-02-29,2024-07-16,738944.0,739082.0,1.3244307897670242,0.18868719277002596,0.501669704983989,0.8741119560055298
2024-07-30,739096.6458060563,0.3843422158973494,2.419114505121013,0.40094318282272545,-0.00764883268907294,0.04632185189011046,0.0318809239015162,0.033605366442207754,2024-03-07,2024-07-16,738951.0,739082.0,0.8843863433436698,0.02623438645674438,0.501669704983989,0.43323548748323504
2024-08-27,739124.2070513628,0.35729988926241824,3.4039043238438103,0.6425212484561721,-0.05921904948110257,0.0389673651564804,0.03837321816643365,-0.006778766465203593,2024-03-14,2024-07-16,738958.0,739082.0,0.7425455477139207,0.1595202891285294,0.501669704983989,0.39550008263634623
2024-08-22,739119.5916041452,0.8275310226198007,12.955350765385687,0.5084892969726539,-0.00595381753235774,-0.0014489440217925677,-0.0010063964050223354,0.0010424034987693298,2024-03-21,2024-07-16,738965.0,739082.0,2.9155506428712266,0.2624696069819216,0.501669704983989,0.8831609774148367
2024-07-17,739083.4472665418,0.65234728875665,8.62048617172736,0.4708797985531081,-0.016621033496218164,-0.003412789461632553,-0.003411608023859472,-0.00008979198721422249,2024-03-28,2024-07-16,738972.0,739082.0,5.959765894555797,0.36854933328598205,0.501669704983989,0.7364166156549538
2024-08-07,739104.2427568143,0.3513968277325648,10.029200883883929,0.8956263609502176,-0.14596714928179044,0.004676542357568564,0.0026121177594472834,0.003879031996892143,2024-04-05,2024-07-16,738980.0,739082.0,2.7458113388564778,1.0936082060434773,0.501669704983989,0.6529556671665403
2024-07-19,739085.6462166362,0.8437040037766657,4.479563393327954,0.5946809186988326,-0.014594788376190087,0.00525985613055294,0.003169863241504462,0.004197386513567004,2024-04-12,2024-07-16,738987.0,739082.0,2.351184386013368,0.5226107752998438,0.501669704983989,0.18937716375124522
2024-07-20,739086.5684220509,0.19587903096183307,3.1394904323933845,1.1814330005169578,-0.4354798747970877,-0.05537360745375573,-0.044160143081004376,0.033408354726143785,2024-04-19,2024-07-16,738994.0,739082.0,1.5033834295964195,0.4906751395947311,0.501669704983989,0.22386849333299136
2024-07-26,739092.5700636862,0.4092187148068106,2.075591306731105,0.12710971261267398,0.06787475194230748,0.06731882352408586,0.045797625397382156,-0.049339654524814744,2024-04-26,2024-07-16,739001.0,739082.0,0.7132313479618028,0.19878581096940487,0.501669704983989,0.2560287667168326
2024-08-03,739100.6969551533,0.40428781277686887,5.793874788089621,1.0970138334291153,-0.16432020048539267,0.02564381743176345,0.0047441394133454825,0.025201160959375586,2024-05-03,2024-07-16,739008.0,739082.0,1.4762971159981906,0.44712589676039416,0.501669704983989,0.13029305596340132
2024-08-15,739112.5538372839,0.7885671999103714,2.58764289796717,-1.0732163515720803,0.07056166318274817,-0.034740779077209065,-0.02029929690328022,0.02819326650326147,2024-05-10,2024-07-16,739015.0,739082.0,0.4781064105169201,0.6189614794990366,0.501669704983989,0.16284132046801722
2024-07-22,739088.9330232162,0.1397081352288874,10.337696060118253,2.2869712156708126,-1.2266821050515548,0.049922362941093444,0.014021248486531813,-0.04791290966431896,2024-05-17,2024-07-16,739022.0,739082.0,3.7305370908231077,0.3320739691039876,0.501669704983989,0.24227233583380264
2024-08-03,739100.9497951178,0.20198870216569526,7.113033696834368,2.2567398059253274,-0.9032017975115715,0.04266492196676428,0.039642339104989176,0.015772777710826042,2024-05-24,2024-07-16,739029.0,739082.0,1.510385987891523,0.6011544277416591,0.501669704983989,0.1404377641222892
2024-09-08,739136.5801406966,0.607095298898836,2.9052658498873756,0.4829633496133717,-0.0013826566706127076,-0.018074256548582704,-0.008358013455924415,-0.01602567817144008,2024-01-25,2024-07-17,738909.0,739083.0,0.6687620026257329,0.015985451290930486,0.4909398214567633,0.5579561398305012
2024-10-04,739162.0661735345,0.06507212811089703,3.7768808592107836,-2.9224110568640294,2.4387323464222628,-0.2313466923493219,-0.23010829402107336,-0.02390533588308385,2024-02-01,2024-07-17,738916.0,739083.0,0.6824485716909255,0.1816195389105198,0.4909398214567633,0.5530232665613337
2024-07-30,739096.4142409256,0.3334258446831729,8.389452818445674,0.3462585812015252,-0.011662155423953012,-0.02840859927307321,-0.0017935177101122948,-0.02835192774542098,2024-02-08,2024-07-17,738923.0,739083.0,3.4173244441900112,0.0163152836422854,0.4909398214567633,1.9670152416546218
2024-08-12,739109.2571799905,0.0015724883494638857,13.436019535923297,23.991417843649252,-23.52988330655544,0.05449569242923759,0.00908580432064968,-0.053732938251959794,2024-02-15,2024-07-17,738930.0,739083.0,4.10763133881035,0.05053292159765903,0.4909398214567633,2.158293874908894
2024-09-12,739140.5210373366,0.45726193505792156,3.6836563249517127,0.4143033491875249,-0.003639438077904221,-0.028360086661883874,-0.007649607650674017,0.027308936600686468,2024-02-23,2024-07-17,738938.0,739083.0,0.7379366171107965,0.015929888130985684,0.4909398214567633,0.4764250074713092
2024-09-11,739139.8115952844,0.06674382435070216,6.091638298288189,2.1248418889716687,-1.3541843558449282,0.11870036857825457,0.10124063278297953,0.061968635407884956,2024-03-01,2024-07-17,738945.0,739083.0,1.1947252253704994,0.12499789632937955,0.4909398214567633,0.6375205430634504
2024-08-13,739110.7980751715,0.7539916780607996,3.0865378265224854,0.5075930976078267,-0.006126672662512899,-0.007414932224955019,-0.004590491735893302,-0.005823109609424479,2024-03-08,2024-07-17,738952.0,739083.0,0.8560636467733175,0.20184241804330263,0.4909398214567633,0.45817843445245504
2024-08-11,739108.8834433622,0.6462271526903475,3.7791670599984615,0.6478407136483572,-0.02247223290623929,0.008825472213850669,0.008058450606009326,0.0035986571978945344,2024-03-15,2024-07-17,738959.0,739083.0,1.0563398322201818,0.4354089849502626,0.4909398214567633,0.33854972208444833
2024-08-05,739102.9383289049,0.9751056221214154,4.584698543918988,0.5825457578635252,-0.005372384140796986,-0.002236419653941535,-0.00221097829128535,-0.0003363745888156365,2024-03-22,2024-07-17,738966.0,739083.0,1.4060057578512126,0.5109220354336031,0.4909398214567633,0.36262412272936684
2024-08-14,739111.7619494221,0.06519661842141346,3.6469319928905084,2.3728102537979443,-1.5718963109753303,0.10453165421951491,0.09885175450835719,0.0339881944870232,2024-04-01,2024-07-17,738976.0,739083.0,0.9007358406164269,0.2688273663461823,0.4909398214567633,0.31737353808614255
2024-07-27,739093.8293761502,0.9957366729128161,9.77173533191787,0.4585586825949344,-0.003383079036770671,-0.0001726500101510967,-0.00017262029041320698,3.203333081944478e-6,2024-04-08,2024-07-17,738983.0,739083.0,3.6170208502066004,1.9967254008055622,0.4909398214567633,0.7809147139035056
2024-08-22,739119.998051888,0.9912436292051594,2.4325230087508753,0.6335156779596676,-0.0024058808543753825,0.0033543247339090547,0.0013666561428639533,0.003063289964676258,2024-04-15,2024-07-17,738990.0,739083.0,0.48651123895800746,0.2922755347448972,0.4909398214567633,0.3764260125705512
2024-08-24,739121.8150914253,0.26769054548411125,14.242518229782652,1.5994084230406485,-0.4151397429318996,-0.014691769173063245,-0.014238236577945741,-0.0036222507623050316,2024-04-22,2024-07-17,738997.0,739083.0,2.6476390294229084,0.5310879703506796,0.4909398214567633,0.5047868774480634
2024-07-25,739091.4699275617,0.5400997526390571,3.5751676085294024,0.7036665439195826,-0.05138205220268321,-0.017005813301918443,-0.004901957573423782,-0.016283995148858883,2024-04-29,2024-07-17,739004.0,739083.0,1.3284989582895463,0.4564483175534203,0.4909398214567633,0.1975591475318868
2024-08-06,739103.450931243,0.3473890235578519,5.516937861865765,1.1479975618492209,-0.21266846023780045,0.03279588599099119,0.026750507868562777,0.018973151206588042,2024-05-06,2024-07-17,739011.0,739083.0,1.3246666708412362,0.4083210017570182,0.4909398214567633,0.14000525834828956
2024-08-16,739113.503803644,0.5994666676293076,4.938402608483892,0.4625882172577683,-0.008927846664156736,0.01761393008093145,0.013276243725251116,-0.011575486402033918,2024-05-13,2024-07-17,739018.0,739083.0,0.8970404605939283,0.061527462032278026,0.4909398214567633,0.14519729484369828
2024-08-08,739105.8089404623,0.13728922366991173,4.661376432646426,1.487148329613692,-0.6730162496728704,-0.09343301876564583,-0.07337435313840775,-0.05784404288413595,2024-05-20,2024-07-17,739025.0,739083.0,0.9384313881705633,0.21215215248125688,0.4909398214567633,0.1594794363692574
2024-07-19,739085.9403546636,0.4695849916218856,6.267111690318019,0.7603363866516136,-0.09373005473187603,-0.016176096646571964,-0.0004292909013735472,0.01617039925423095,2024-05-28,2024-07-17,739033.0,739083.0,2.8832408767277036,0.4341621017779388,0.4909398214567633,0.22660897473923416
2024-09-30,739158.4353391492,0.38267896190685347,11.80533342088503,-0.036457093534808464,0.052476796936696435,-0.01575775591335612,-0.000011782377139165385,0.015757751508402095,2024-01-26,2024-07-18,738910.0,739084.0,2.264520069764055,0.10795164870713347,0.4712353726372514,2.72483592533466
2024-08-31,739128.0456046836,0.9464718033212594,2.3516348300418453,0.6187725358263876,-0.0016780097779429406,0.004432627692710146,0.0019049054065610079,0.004002439712754648,2024-02-02,2024-07-18,738917.0,739084.0,0.5864312043011737,0.15236002252122907,0.4712353726372514,0.5697521199703063
2024-09-10,739138.8838283794,0.8676004282345151,2.541030378450708,0.6646306207023628,-0.002610412599917711,-0.006128961907649413,-0.004108898255379168,0.004547650953224044,2024-02-09,2024-07-18,738924.0,739084.0,0.5519809374924228,0.14542267712723783,0.4712353726372514,0.5688452244442572
2024-08-01,739098.6857783339,0.6026769863248785,9.254018263485651,0.38292700478830144,-0.007211236191882653,-0.008190225059279303,-0.005629777402412661,0.005948562256623898,2024-02-16,2024-07-18,738931.0,739084.0,3.586636070579379,0.05734137993126159,0.4712353726372514,1.482335218404698
2024-07-23,739089.5850903959,0.4272119361156731,12.2426329077152,0.40666202042384914,-0.020095241664854324,-0.009260046403928062,-0.008510514196315488,-0.0036496037479723134,2024-02-26,2024-07-18,738941.0,739084.0,6.393059664162642,0.07572662840602887,0.4712353726372514,1.9552312440076671
2024-08-01,739098.1427224189,0.7001479498813802,4.068669403024497,0.5473749473644929,-0.01435065635741161,0.008254988819879489,0.001826823217502846,0.008050314114885698,2024-03-04,2024-07-18,738948.0,739084.0,1.5297604279297696,0.2991525395478235,0.4712353726372514,0.7379600522539097
2024-08-01,739098.1350414596,0.8953365562090032,2.8448395430476143,0.5186198730301197,-0.004839683724970453,-0.0042694601784526295,-0.0026699833870213836,0.003331588049027458,2024-03-11,2024-07-18,738955.0,739084.0,1.0482227753691076,0.3567570424949354,0.4712353726372514,0.4557183192696919
2024-09-13,739141.2494909599,0.6900788276084323,8.6465627381008,0.7194753791602432,-0.018176632017092943,0.004169000156741911,0.004062758165811641,-0.0009351782680563669,2024-03-18,2024-07-18,738962.0,739084.0,1.5706746502908928,0.3479659189161127,0.4712353726372514,0.7624309173167625
2024-08-06,739103.9283882086,0.5677267428802829,2.320924877343662,0.423640796625184,-0.002595297264886039,0.021312353260951548,0.01734098178312815,0.012389784191696387,2024-03-25,2024-07-18,738969.0,739084.0,0.7064885405445929,0.029787494247760393,0.4712353726372514,0.35937322200628014
2024-08-16,739113.6966724171,0.16784137509165634,4.124065442697664,1.4521995208705865,-0.5680125825582982,-0.05902124663489865,-0.0411999052945271,0.04226198478608799,2024-04-02,2024-07-18,738977.0,739084.0,1.002092355589171,0.3916724806625668,0.4712353726372514,0.30930186468444354
2024-08-04,739101.7305374143,0.4239883896548847,9.724797928123687,0.8023443176208743,-0.09386644115153808,0.004836338453503735,0.004459889695129925,-0.001870709369226766,2024-04-09,2024-07-18,738984.0,739084.0,2.9300603623347623,0.8461883559845598,0.4712353726372514,0.6233890385942037
2024-08-19,739116.3456771703,0.02445511099730547,4.390467483682143,7.717875702293924,-6.6894537074769,-0.11310518077813694,-0.09592584979992634,-0.05992506369639509,2024-04-16,2024-07-18,738991.0,739084.0,0.9465430037574316,0.32943294425995046,0.4712353726372514,0.2929505902756295
2024-08-23,739120.750155195,0.4236001595867033,9.46232940849682,1.3979677893826834,-0.18177186556855915,0.01997662830169483,0.018342602334263013,0.007912939903168974,2024-04-23,2024-07-18,738998.0,739084.0,1.8162205820371422,0.4073451292966891,0.4712353726372514,0.18234412253637788
2024-07-26,739092.7971236983,0.31655511350434323,13.372616117441604,0.9590975093837893,-0.2060427294265892,0.004890576589275703,0.004878363472045225,0.0003454116532290452,2024-04-30,2024-07-18,739005.0,739084.0,4.896416645499707,0.9973100267582174,0.4712353726372514,0.5053186475988013
2024-07-30,739096.1789356578,0.7435932686908421,13.123991613708087,0.681536276795019,-0.022924951967650133,0.003441234187787687,0.0034289864947100214,-0.0002900764628422365,2024-05-07,2024-07-18,739012.0,739084.0,4.03804486229851,0.377453720990498,0.4712353726372514,0.4252697063433478
2024-07-20,739086.4904784155,0.9706018462625041,13.271757163994904,0.5606256875212614,-0.00872169706727015,-0.0016044790380369675,-0.00077011943682032,-0.0014075755882124363,2024-05-14,2024-07-18,739019.0,739084.0,6.969445577358074,0.39753890483087617,0.4712353726372514,0.36430490074499516
2024-07-21,739087.6185945065,0.2939674125754724,7.939662665648106,1.0246739035272046,-0.26613870341613793,-0.029357052754489056,-0.01327087901410365,0.02618626198262891,2024-05-21,2024-07-18,739026.0,739084.0,3.5822554721296873,0.3356546920556329,0.4712353726372514,0.28465773265698185
2024-08-01,739098.0529720398,0.27935285314609076,2.595281951409174,1.0821936103166343,-0.2925198071678016,-0.06510675925794765,-0.04027085515799894,0.05115807195268232,2024-05-29,2024-07-18,739034.0,739084.0,0.6265488075355564,0.48361277525540236,0.4712353726372514,0.11038115773443498
2024-09-11,739139.3423800217,0.32473304151826327,3.7415425227894934,0.07945580216229584,0.06381535294180417,-0.05409200403157995,-0.035416162435625446,0.04088569845906823,2024-01-29,2024-07-19,738913.0,739085.0,0.8496048750615398,0.10239244150035953,0.45240303059306053,0.5652729450934985
2024-08-24,739121.2086217657,0.9360890369539576,2.5253362754709836,0.5183307572733855,-0.0012825993412309813,-0.0040287191901684375,-0.001092394216611789,0.0038777897298260706,2024-02-05,2024-07-19,738920.0,739085.0,0.6893104710603102,0.11801085504316025,0.45240303059306053,0.5700249932255502
2024-09-28,739156.0336565656,0.7896153153735666,3.5660475232513518,0.5665217083783428,-0.003029072612352595,0.005952184578299099,0.00009660145785492188,0.005951400626111662,2024-02-12,2024-07-19,738927.0,739085.0,0.6644441801728371,0.11268386399042649,0.45240303059306053,0.5659673971406339
2024-07-26,739092.9409104565,0.07350733260112065,9.528880009648695,1.13478318170504,-0.6236914148213724,-0.0847474879304783,-0.08465315342414348,0.003997539977910305,2024-02-20,2024-07-19,738935.0,739085.0,4.534832146158386,0.056771678873569,0.45240303059306053,1.4921155201138094
2024-09-26,739154.9237841162,0.4333051849342483,11.322705858628375,0.44890325316453394,-0.019073611044805094,-0.00609104845702634,-0.003640695718966216,-0.004883257722846914,2024-02-27,2024-07-19,738942.0,739085.0,2.006650172277966,0.11983523395114894,0.45240303059306053,2.0025593186774997
2024-09-01,739129.249256113,0.6433685402252393,12.408547043702688,0.4921862397645435,-0.010609142243502036,0.00462259790181784,0.0016005634534122968,0.004336658620815291,2024-03-05,2024-07-19,738949.0,739085.0,2.773725330508601,0.11899618649335716,0.45240303059306053,1.403049754443208
2024-07-19,739085.2418413224,0.8879493650374966,2.5700629449456893,0.5105999626607731,-0.0068404777453821486,0.005045180681647417,0.004804556325904817,0.0015395085649895894,2024-03-12,2024-07-19,738956.0,739085.0,2.5692340459487464,0.4684401929401967,0.45240303059306053,0.4546175438489916
2024-07-31,739097.2208587473,0.6090671713787995,2.2358039212492065,0.4634685749399974,-0.007380265081062669,0.01713148559194188,0.017080195403598928,-0.0013246597909615063,2024-03-19,2024-07-19,738963.0,739085.0,0.8527126786712808,0.11735684183632003,0.45240303059306053,0.3500099583841401
2024-08-10,739107.119270067,0.022947802177404112,3.785847290317118,6.90338081632499,-6.012034654667641,0.11760008188107152,0.09701522793097918,0.06646671955147843,2024-03-26,2024-07-19,738970.0,739085.0,1.0992684215172195,0.30987879371057875,0.45240303059306053,0.3017466487558047
2024-08-21,739118.1353145435,0.781705178524494,7.386831666671204,0.7471894870607452,-0.01611782367299009,-0.0038361378953240786,-0.0024747965822919968,-0.002931098058444531,2024-04-03,2024-07-19,738978.0,739085.0,1.6952988434518415,0.44462817247642883,0.45240303059306053,0.3814231218794656
2024-09-06,739134.6711210251,0.655577490628814,12.612186101975812,0.8454295404680556,-0.029229095010989692,-0.002615265038372385,-0.0010831595787088532,-0.002380415204955675,2024-04-10,2024-07-19,738985.0,739085.0,2.214076258570296,0.5809427337105418,0.45240303059306053,0.6113966533788814
2024-08-21,739118.8075797425,0.21225574123672925,6.609582582858839,2.031263664077781,-0.7101296632615527,0.04414550197392369,0.04109722919559716,0.01611964940605895,2024-04-17,2024-07-19,738992.0,739085.0,1.390659961025217,0.5165788339892102,0.45240303059306053,0.19190885619498124
2024-08-27,739124.9049168113,0.06747196965283454,10.074502931996909,7.477448199965064,-5.373813967447202,-0.08866217506921631,-0.08115336650700217,-0.035708715919009745,2024-04-24,2024-07-19,738999.0,739085.0,1.8423585868206014,0.405923325005718,0.45240303059306053,0.18629632347698202
2024-07-28,739094.9796974516,0.2766641643134396,8.027504277558975,1.2404012845993422,-0.34002008390460503,-0.034175824047701545,-0.03082756008655499,-0.01475291457473054,2024-05-01,2024-07-19,739006.0,739085.0,2.795241287867816,0.3428924629295319,0.45240303059306053,0.27889177631886
2024-08-18,739115.4891547656,0.23259999733279663,12.377268217008533,2.0143917318133076,-0.6610818002405605,0.029890815053014202,0.029735721329746185,-0.003041003376055033,2024-05-08,2024-07-19,739013.0,739085.0,2.3882832215792926,0.4156256547732368,0.45240303059306053,0.32147281119346377
2024-07-20,739086.7350533212,0.46959630369950667,11.799381576607527,0.7432020860866883,-0.09083659083554549,-0.013272015747598048,-0.0063351988845604555,-0.011662403572915597,2024-05-15,2024-07-19,739020.0,739085.0,6.85386613221641,0.2723888725483299,0.45240303059306053,0.3462287530808607
2024-08-05,739102.6945071723,0.3957997712879312,4.199186293265299,0.7716779103375776,-0.09279282366362453,-0.03351562274834246,-0.0036520262523353445,0.0333160572766566,2024-05-22,2024-07-19,739027.0,739085.0,0.9713724211817405,0.2609621331996935,0.45240303059306053,0.1541186189122131
2024-07-23,739089.8808419495,0.5956145479396663,9.068876492440644,0.7536579737367037,-0.056533446939297245,0.009334876884072906,0.008086492534259714,0.0046635356687990065,2024-05-30,2024-07-19,739035.0,739085.0,3.492701357096787,0.3977486194991542,0.45240303059306053,0.22784003398130842
2024-08-26,739123.0078495455,0.2727850374571886,11.282669385404823,0.1762105368551892,0.04038435128599621,-0.030262912261925186,-0.02456172089355778,0.017679528424704917,2024-01-30,2024-07-22,738914.0,739088.0,3.208542646587717,0.0322634700241447,0.46474049290078656,2.841670794262102
2024-09-05,739133.2390014256,0.4210788883605955,4.853316596268464,0.43798810585831827,-0.018496412190519767,0.02729046910693676,0.017889820175673164,0.02060883398348259,2024-02-06,2024-07-22,738921.0,739088.0,1.1939852786123761,0.058803251279183635,0.46474049290078656,0.6897570092048546
2024-10-04,739162.6828717472,0.12129434246293781,9.030205829348997,0.932612532253031,-0.3522991395371178,-0.065100584579804,-0.0428978377781994,-0.04896796530985848,2024-02-13,2024-07-22,738928.0,739088.0,1.645573675815281,0.0726891497803498,0.46474049290078656,1.9156718212769341
2024-08-01,739098.0191090337,0.4615699227808737,8.449216670679368,0.4374051058921266,-0.02044647683437449,-0.014618821305317286,-0.0006891662909094188,-0.01460256779406529,2024-02-21,2024-07-22,738936.0,739088.0,3.7426923800325786,0.07640595023387606,0.46474049290078656,1.552467862955086
2024-07-29,739095.9027287181,0.3851164577365721,3.6223166162411937,0.6759211220825033,-0.07900848037150006,0.03442251763287565,0.026740723021973067,-0.02167587258792029,2024-02-28,2024-07-22,738943.0,739088.0,1.7079637815298017,0.24402636344819353,0.46474049290078656,0.6774970923246476
2024-07-26,739092.2903986893,0.6827284524258822,3.4190262805381195,0.5483755321732068,-0.016600661545209585,-0.009835667008400445,-0.0029044448130889915,-0.009397049847045478,2024-03-06,2024-07-22,738950.0,739088.0,1.9053532566010936,0.33702889884204984,0.46474049290078656,0.5900588431664924
2024-08-30,739127.740374766,0.6413036255239576,5.05153885612928,0.6508228041314635,-0.020040686408025636,0.007848641150324145,0.004093895725681209,0.006696356150460535,2024-03-13,2024-07-22,738957.0,739088.0,1.1720192969303596,0.3241590243474692,0.46474049290078656,0.4569340309201329
2024-09-12,739140.2303992644,0.6457752213216849,2.4738403259726893,0.020243867672470276,0.02719538512612298,-0.02201105981433888,-0.01890396379036181,0.011275056858530405,2024-03-20,2024-07-22,738964.0,739088.0,0.47881849733120935,0.3225254365425056,0.46474049290078656,0.4252180769349448
2024-09-16,739144.5260108815,0.5260819942695657,14.026157179417716,0.8363355090755944,-0.0476416723848957,-0.002204828514882645,-0.0011039951084664205,-0.0019085239271546546,2024-03-27,2024-07-22,738971.0,739088.0,2.503843240153797,0.8104512899074467,0.46474049290078656,0.8916249736350501
2024-09-09,739137.3020813891,0.3595686391744373,3.3562903461236466,0.10540385222437425,0.053993421691845386,0.048847893773950865,0.04532070489914498,0.01822499474885532,2024-04-04,2024-07-22,738979.0,739088.0,0.6231302716236902,0.11841788246189272,0.46474049290078656,0.39389739430328385
2024-09-03,739131.1246917084,0.2502687221592688,10.393105522932217,2.0113753754824137,-0.56935543655333,0.032889159333031555,0.03164250504776964,-0.008969318588131967,2024-04-11,2024-07-22,738986.0,739088.0,2.0072634944554038,0.41686164550686816,0.46474049290078656,0.3337287233243001
2024-07-28,739094.8322422476,0.40688920334097023,11.603450618912122,0.7765350121239817,-0.1028664043562034,0.0046480273010483285,0.0040632868186847885,-0.0022569576913165786,2024-04-18,2024-07-22,738993.0,739088.0,4.989306810366183,0.7760574940384727,0.46474049290078656,0.5523290619011679
2024-07-30,739096.3892147692,0.4377518496474734,10.115017222342981,0.8200766263219051,-0.10053870385963903,0.012617665063783111,0.012303688763609901,0.002797269109333658,2024-04-25,2024-07-22,739000.0,739088.0,3.930376265451985,0.3448384230539003,0.46474049290078656,0.43155404190469404
2024-08-13,739110.732212254,0.0957250990663914,13.154937822865282,3.6962938373379477,-2.3084123605663907,-0.04127899282535038,-0.03718007252336796,0.01793313848249734,2024-05-02,2024-07-22,739007.0,739088.0,3.1782584484186627,0.40693151336418504,0.46474049290078656,0.43144777990169025
2024-07-27,739093.2849172251,0.12405570223995314,14.394694182069578,1.9046632322726655,-1.0308509627451725,-0.023672186583290154,-0.02201265256069781,-0.008707212233321663,2024-05-09,2024-07-22,739014.0,739088.0,6.204429548546596,0.3752941497054084,0.46474049290078656,0.47840688084747096
2024-08-04,739101.4441039888,0.2452761807260942,6.223714267288994,1.4571642485587193,-0.448067391113224,-0.042939994838442776,-0.04292867455208789,-0.0009859299804821353,2024-05-16,2024-07-22,739021.0,739088.0,1.772088648681729,0.4112321684558742,0.46474049290078656,0.21377913772206816
2024-07-28,739094.7834123301,0.9558020986168148,7.886672491191519,0.6350607894868542,-0.009692933835896764,-0.002595472553245906,-0.0023778680325127572,0.0010402987045107432,2024-05-23,2024-07-22,739028.0,739088.0,2.8706170038128525,0.45259836531776143,0.46474049290078656,0.18943335526447985
2024-08-03,739100.5538784727,0.10436451185290754,2.29777352069181,4.854700271050848,-3.2174022762345813,-0.19056129633882668,-0.08505363139275218,0.17052708714230702,2024-05-31,2024-07-22,739036.0,739088.0,0.5988262745075169,0.7668603649996402,0.46474049290078656,0.07133533199219111
2024-08-08,739105.2652939947,0.13917058828697806,3.059411800952054,0.3129868844313086,0.01669343210817806,-0.12839803047676354,-0.08325686055459178,-0.09774635236624005,2024-01-31,2024-07-23,738915.0,739089.0,1.1975253650487396,0.005914210781580831,0.43605407114687367,0.6505989217025634
2024-09-12,739140.2438818575,0.8825521969325689,13.936703320544462,0.2792555906258548,0.0003602628501262889,-0.0013130941854556071,-0.0002021868835963886,-0.0012974347012389132,2024-02-07,2024-07-23,738922.0,739089.0,3.2140575297402623,0.017374165239255456,0.43605407114687367,2.3789939929046002
2024-08-03,739100.0568863851,0.5013709009549724,2.3852895478911393,0.4165738597830677,-0.004793049516560832,0.0281231181161284,0.020415763010995833,0.019341830142273607,2024-02-14,2024-07-23,738929.0,739089.0,1.0397865344126647,0.03582337208869486,0.43605407114687367,0.4924521340565106
2024-09-02,739130.697385186,0.9336478286939103,5.73669791746463,0.5018060099434114,-0.0029089183404115717,-0.0021538706831711993,-0.00011709025169064392,-0.00215068565643224,2024-02-22,2024-07-23,738937.0,739089.0,1.4022755474628188,0.21980269596967997,0.43605407114687367,0.7719038750434399
2024-09-22,739150.2325767685,0.29844162461645435,12.6690597921438,0.6582604855840067,-0.08736647146655582,-0.01990025502560893,-0.004562081973565151,-0.019370275118096414,2024-02-29,2024-07-23,738944.0,739089.0,2.448496706692453,0.10341919751916225,0.43605407114687367,1.7025415305974716
2024-08-22,739119.4883725402,0.07838576063534798,13.325482903550407,2.1331326405719784,-1.305408268051129,-0.06427643572849703,-0.003869532932442202,-0.06415985430816032,2024-03-07,2024-07-23,738951.0,739089.0,3.625581059383873,0.11946722980976872,0.43605407114687367,1.2647098508701158
2024-08-15,739112.5107754737,0.5470155649738794,8.330302959055278,0.5755817409500597,-0.02738219847928125,-0.0025395728874775246,-0.0022934551794771404,-0.0010906391660583294,2024-03-14,2024-07-23,738958.0,739089.0,2.4962396018730857,0.7080216210189226,0.43605407114687367,1.236501935238832
2024-09-05,739133.7043150376,0.5362696755431712,13.656916202065425,0.7291186176843157,-0.03847659438242882,0.00429401093197437,0.002082416463947698,0.00375527250071083,2024-03-21,2024-07-23,738965.0,739089.0,2.8866638095285246,0.3518552814296201,0.43605407114687367,0.9196145173375854
2024-08-14,739111.5454730211,0.7436094594199537,2.3283148609496727,0.3218320593902481,0.005105695077423371,0.011679353567983192,0.006241507608222729,0.009871721356605417,2024-03-28,2024-07-23,738972.0,739089.0,0.675482742378404,0.13961730926314098,0.43605407114687367,0.39496942206769614
2024-08-15,739112.2963015304,0.5364604464485591,2.7626353225377067,0.36248275410943637,0.0016011262079173973,-0.022147360413268015,-0.021709643681585265,0.004381431785820268,2024-04-05,2024-07-23,738980.0,739089.0,0.7636262947906018,0.014038404098052147,0.43605407114687367,0.3713650863964545
2024-08-05,739102.8052068321,0.11756200651802654,3.3126010785539823,1.5095110152666724,-0.749148749078763,-0.07966236097407808,-0.006068095385423705,-0.07943091321618889,2024-04-12,2024-07-23,738987.0,739089.0,1.1213183510644198,0.3337434384877438,0.43605407114687367,0.301421696441804
2024-09-04,739132.261347633,0.8922367949429002,13.722663729970572,0.7337047819938514,-0.008473157665007195,-0.0012723087425401257,-0.0011533759787196488,0.0005371158050704971,2024-04-19,2024-07-23,738994.0,739089.0,2.5375939255048796,0.43300656824814426,0.43605407114687367,0.5046402419551944
2024-08-30,739127.8078428567,0.9920766126565272,3.267125087085688,0.05334236821039523,0.00575091902607261,0.005061300234295783,0.0042403934148931965,-0.00276329943158771,2024-04-26,2024-07-23,739001.0,739089.0,0.6156815379037895,0.3450282072826588,0.43605407114687367,0.3134602739505408
2024-08-13,739110.5397358357,0.9143521457796784,8.03944735676755,0.7332969489330291,-0.010531482727969199,0.0027040966451697523,0.0017543838961570737,-0.0020577356028710385,2024-05-03,2024-07-23,739008.0,739089.0,1.9964968352331305,0.4429498950834405,0.43605407114687367,0.18998726327643287
2024-07-27,739093.5367108148,0.638620431918539,4.324024722998043,0.6177176721606062,-0.026855777828722154,0.013294378678176044,0.004112814532717224,0.012642201590633322,2024-05-10,2024-07-23,739015.0,739089.0,1.9622798688114094,0.29834882454175404,0.43605407114687367,0.18142505609544887
2024-07-29,739095.8141823498,0.21021188097723048,10.542488305607506,1.3825367943155205,-0.5080785088806331,0.0273088983012905,0.010820515842821317,0.025073738519125543,2024-05-17,2024-07-23,739022.0,739089.0,3.9976460229208186,0.3709716958599122,0.43605407114687367,0.41675607799885084
2024-08-14,739111.4779951518,0.6045974757237739,11.88951625625558,0.998009431549148,-0.06192731153465651,-0.006442332484797443,-0.006441425792000148,-0.00010808150087624182,2024-05-24,2024-07-23,739029.0,739089.0,2.459947829432357,0.4888112989567544,0.43605407114687367,0.25911611445919625
2024-08-04,739101.4250987044,0.612820683333387,13.65021347677476,0.8334022716299697,-0.051648780370296056,-0.006622056160190059,-0.002370416027846582,0.006183264157679113,2024-06-03,2024-07-23,739039.0,739089.0,3.506954041781774,0.350155685464081,0.43605407114687367,0.26675709989529256
2024-10-12,739170.858282282,0.9183554855838292,7.845725296350907,0.3630257162162096,-0.0006833275219113506,0.0017009831421780643,0.0005330551517487812,-0.0016153005463900659,2024-02-01,2024-07-24,738916.0,739090.0,1.4335034905000064,0.04702259903687353,0.3853395513896949,1.3800815962773332
2024-09-08,739136.279855802,0.5166509577201078,13.073738897335895,0.3270113796791235,-0.0017840183643977622,0.008701998162485514,0.0083168889526474,-0.002560103546584177,2024-02-08,2024-07-24,738923.0,739090.0,3.179174842925743,0.008101729986297001,0.3853395513896949,2.283104796481432
2024-09-02,739130.3465094353,0.9322198415329805,11.073811785274172,0.3661352075703735,-0.0008925748122502889,0.0012247159557779927,0.00039673802675951723,0.0011586751531210836,2024-02-15,2024-07-24,738930.0,739090.0,2.8244058658466495,0.061352244540297134,0.3853395513896949,1.7703143050605308
2024-10-02,739160.7736017845,0.3691653738731336,2.875378746424025,-1.3660805691727327,0.32105422716619486,0.08791766584430909,0.048180387438030374,-0.073540235475778,2024-02-23,2024-07-24,738938.0,739090.0,0.5247514150051249,0.4688437642096727,0.3853395513896949,0.5577456158614966
2024-08-29,739126.9691692136,0.08442919992315791,5.571365035619699,2.1913624310446753,-1.3037178706440784,-0.10854930165678693,-0.1002323168913201,-0.04167053564299495,2024-03-01,2024-07-24,738945.0,739090.0,1.413197152333815,0.18200681265743443,0.3853395513896949,0.7245600410022711
2024-07-26,739092.0865054711,0.6003618103011447,5.644582470627187,0.47248663829468696,-0.016991770109946295,-0.006111451235811157,-0.003193841344353269,0.005210490732627532,2024-03-08,2024-07-24,738952.0,739090.0,3.779206903980419,0.2957164667844482,0.3853395513896949,1.3914210390937283
2024-08-03,739100.3216987982,0.490545175841283,4.555219067926045,0.7144058340366258,-0.05950843509832045,-0.016393697020487583,-0.016386102930707146,-0.0004989316023405856,2024-03-15,2024-07-24,738959.0,739090.0,1.8971355020620833,0.39090512707825553,0.3853395513896949,0.45597089922224115
2024-08-04,739101.781925278,0.6172327521857365,4.426270661222049,0.6813769281255679,-0.03246164454945674,-0.00973012613123055,-0.008149229922735939,0.005316522001839246,2024-03-22,2024-07-24,738966.0,739090.0,1.722047830914442,0.46522499927117433,0.3853395513896949,0.3443269658081326
2024-08-11,739108.4494754518,0.34721863722846386,6.2844400565589345,1.0654803560514643,-0.18815214239725686,-0.024876174246616006,-0.0039720136462419895,-0.024557018400898536,2024-04-01,2024-07-24,738976.0,739090.0,1.9715589569322785,0.4178900375089564,0.3853395513896949,0.4139841857197599
2024-08-31,739128.8507056764,0.4857402439270949,8.157107214739632,1.133355443003029,-0.10028327319189011,-0.01385861428789456,-0.005154770389323545,0.012864273481778462,2024-04-08,2024-07-24,738983.0,739090.0,1.7173914580844862,0.4309001139732914,0.3853395513896949,0.25690509771173886
2024-09-07,739135.2378651926,0.26388385848789514,14.239527237009137,1.6298336474413606,-0.4133232180824542,0.012862409106166305,0.008301827669770402,-0.00982452163496139,2024-04-15,2024-07-24,738990.0,739090.0,2.643488988499086,0.595504075907723,0.3853395513896949,0.5708819856328249
2024-08-13,739110.4361040005,0.5884893653836473,3.9858811460269563,0.6099672188620019,-0.02469653045431491,0.012522372175697597,0.0015370643217512412,0.012427680321664417,2024-04-22,2024-07-24,738997.0,739090.0,1.0872745519668474,0.29118138817176986,0.3853395513896949,0.28737880265240867
2024-07-28,739094.5829106257,0.24738250524477717,2.02001579222775,0.4131368738533701,-0.008861802910592983,0.08231241022786502,0.04419457647021543,-0.06944186264882746,2024-04-29,2024-07-24,739004.0,739090.0,0.9593204699609842,0.013184722296546103,0.3853395513896949,0.3195185840197973
2024-08-13,739110.3676428543,0.9374137353136662,8.019509266934095,0.6978722181871144,-0.008913155312973783,0.002328955858679737,0.0013424777589776682,-0.0019030998025140375,2024-05-06,2024-07-24,739011.0,739090.0,2.0228516968766743,0.44735648359397945,0.3853395513896949,0.23179928069001127
2024-08-12,739109.3368240733,0.46332250571380784,14.291991492376942,1.0562676741477903,-0.12036033342599438,0.011897013637648248,0.008668956227980834,0.00814789122483485,2024-05-13,2024-07-24,739018.0,739090.0,3.5314775956257716,0.3279714728307999,0.3853395513896949,0.3613480355366933
2024-08-16,739113.774137302,0.47190418692331926,13.238967823542344,1.1522394915822674,-0.12706154616717777,-0.010752884393771327,-0.010456379988284383,0.0025077161574661617,2024-05-20,2024-07-24,739025.0,739090.0,2.776028408524308,0.42120048550367534,0.3853395513896949,0.3313428745794074
2024-08-08,739105.7631988329,0.9265545528819004,9.543011820190687,0.6945823711551051,-0.010374078138882517,0.002250476376841591,0.000411433546804383,-0.002212547481815029,2024-05-28,2024-07-24,739033.0,739090.0,2.3230804006341153,0.4475696086967025,0.3853395513896949,0.2444020824654439
2024-08-09,739106.5371617135,0.7943034377444687,6.3255013016885595,0.6781521860298405,-0.014940079374255783,-0.00538379222725658,-0.0031153697875530044,-0.004390864360586685,2024-06-04,2024-07-24,739040.0,739090.0,1.4015263958713313,0.3484625468107993,0.3853395513896949,0.14665680455571145
2024-08-12,739109.3280966118,0.9295676406655513,13.335653535797972,0.25282291915687766,0.0009541451415720887,0.0005424519175451322,0.0005081003054739518,-0.00018996884593445258,2024-02-02,2024-07-25,738917.0,739091.0,4.989351712639372,0.12260830473913542,0.3891895119226288,3.082830644285709
2024-08-18,739115.7354258485,0.48496438667968234,3.454825482185289,0.42510687528718605,-0.010468437133872412,0.023683070428804704,0.023425373485990095,-0.0034842075106968217,2024-02-09,2024-07-25,738924.0,739091.0,1.1260320299747892,0.06204796979812229,0.3891895119226288,0.5466711362141538
2024-09-30,739158.821082871,0.17787343040952355,2.0201215404271973,-8.136633670605933,3.78572202229428,0.4778778215405935,0.11280779168197977,0.4643722800256477,2024-02-16,2024-07-25,738931.0,739091.0,0.3895724677352914,0.6975340741379745,0.3891895119226288,0.6670105376239512
2024-09-22,739150.0662786554,0.47317333634948155,4.521182859192233,0.2836930760187033,0.0060197371955393085,0.021769741022630056,0.021745688499306595,0.0010230620135195897,2024-02-26,2024-07-25,738941.0,739091.0,0.9095283387403711,0.028939595760156853,0.3891895119226288,0.5117229112846832
2024-09-19,739147.7808178393,0.9547222312214019,6.7251681174225455,0.5403814264998085,-0.0027649233135820005,-0.001618138784166901,-0.001137616129627642,-0.0011507400516346691,2024-03-04,2024-07-25,738948.0,739091.0,1.346516305139694,0.24257230395430807,0.3891895119226288,0.7072137087150326
2024-07-26,739092.4559464239,0.5367888417877394,2.7369817724810392,0.5267163035887631,-0.024675872355395437,-0.01943950681634124,-0.0020875167079524495,0.01932709753834229,2024-03-11,2024-07-25,738955.0,739091.0,1.9809741754139403,0.24895384998711864,0.3891895119226288,0.48876979495006195
2024-09-02,739130.2131608062,0.6376542387146534,6.845265579822708,0.7604176904118257,-0.027350950487822216,-0.006971104958428864,-0.006867405909848904,0.0011979317220959817,2024-03-18,2024-07-25,738962.0,739091.0,1.5864898410380803,0.36548179590897467,0.3891895119226288,0.506791995113464
2024-09-22,739150.7977391467,0.19011918215801288,2.579897634084292,-5.876396738700047,2.620111338537555,-0.3156574245572194,-0.23895146739462925,-0.20625665057895726,2024-03-25,2024-07-25,738969.0,739091.0,0.45656103054849906,0.6116841130068315,0.3891895119226288,0.43649817581153205
2024-09-08,739136.5686927025,0.5832634749903535,7.7163540105738555,0.9618660221153876,-0.04908248291314129,0.008337904888493126,0.005986949203055791,0.0058031971506736875,2024-04-02,2024-07-25,738977.0,739091.0,1.5391155717963196,0.44496128355247094,0.3891895119226288,0.29837621281179466
2024-08-25,739122.0827544439,0.5081178935978276,5.834316994449708,0.924024565272185,-0.07108909073237057,-0.011805657317812582,-0.009888016421395031,-0.006449858599678288,2024-04-09,2024-07-25,738984.0,739091.0,1.3846692797383773,0.5244296694529028,0.3891895119226288,0.2788897054801904
2024-09-06,739134.5429741136,0.6222930452843848,12.668492823003481,0.8806488934827912,-0.037071315251291544,-0.0038909804470771254,-0.0013550782658745414,-0.003647395198342368,2024-04-16,2024-07-25,738991.0,739091.0,2.4051604820527346,0.46800333066681143,0.3891895119226288,0.534568541431644
2024-08-04,739101.1226674448,0.2469939483943478,14.80209389261901,1.1025730840118297,-0.31059781535157127,0.008378194589097047,0.005334950036964997,0.00646006599624665,2024-04-23,2024-07-25,738998.0,739091.0,5.468207663031482,0.6186017037821993,0.3891895119226288,0.6175246297862224
2024-08-09,739106.5382172806,0.15683826417409266,9.913878285137523,1.9988426632295908,-0.9226401244063479,0.04468789339765529,0.0392143979513563,0.021429857900435695,2024-04-30,2024-07-25,739005.0,739091.0,2.96182008516424,0.3266261107256645,0.3891895119226288,0.42657354478330584
2024-08-16,739113.1283466038,0.6340298791361397,13.517684012111598,0.8205169976559338,-0.03964156037732337,-0.005034728345065844,-0.000903275307196806,-0.004953037777770121,2024-05-07,2024-07-25,739012.0,739091.0,3.2691285245224053,0.3693024024422549,0.3891895119226288,0.44874664706275896
2024-08-07,739104.282206714,0.5736713494716471,3.567645967870601,0.4767116815466183,-0.00997039575321581,0.02110650528479447,0.014626676542979215,-0.015216599444163549,2024-05-14,2024-07-25,739019.0,739091.0,1.0558629066523588,0.0759586916951768,0.3891895119226288,0.18717591834537778
2024-08-09,739106.2681468927,0.13555035043511635,14.440217382948626,2.4854290146066,-1.299076892809045,0.03737824047779649,0.036579534877203744,0.007685732846216998,2024-05-21,2024-07-25,739026.0,739091.0,3.8141552331771558,0.3262442887445184,0.3891895119226288,0.45575215882770675
2024-08-18,739115.6547113187,0.8760273129863332,13.693569894431658,0.799076783625746,-0.014121562395498794,0.0018619616878865239,0.0008820583767388745,-0.0016397787494604312,2024-05-29,2024-07-25,739034.0,739091.0,2.60989937570883,0.4851912640677981,0.3891895119226288,0.3153450996162048
2024-08-18,739115.9082598154,0.1305395021630922,11.940519883397387,2.61696485476783,-1.3503665520747425,-0.03819877216091125,-0.02971367037833161,-0.024005082529520015,2024-06-05,2024-07-25,739041.0,739091.0,2.09245537630301,0.38647462520678477,0.3891895119226288,0.3074539638863374
2024-08-23,739120.4895940401,0.9830988762356296,6.220014134856531,0.36965590545674404,-0.0007359861990096412,0.0013933659760754769,0.000865543787525293,0.0010919261399751985,2024-02-05,2024-07-26,738920.0,739092.0,1.9316058371608282,0.08348535480208606,0.4241912993257936,1.9628913941895636
2024-10-03,739161.0167761819,0.32803777309106,3.4036024636457665,-0.7361932066678005,0.23945228894394807,0.06976379256461145,0.0031484783649579416,0.06969271007059154,2024-02-12,2024-07-26,738927.0,739092.0,0.6614392912070656,0.33080642536935556,0.4241912993257936,0.6342491924056716
2024-10-10,739168.8096132143,0.11068336988634167,3.958728495599507,-2.9664365828211805,1.9518756805791184,-0.17939336067343237,-0.033858204750402854,-0.17616923631777484,2024-02-20,2024-07-26,738935.0,739092.0,0.7013587415404781,0.3042092695079988,0.4241912993257936,0.5919232687870633
2024-08-31,739128.2194281631,0.6794185704990429,4.857609917238824,0.5362269021838135,-0.01073350385331228,0.007601609513657695,0.007065175055577072,0.002804954301264584,2024-02-27,2024-07-26,738942.0,739092.0,1.2658405296263333,0.19749255874408606,0.4241912993257936,0.5579751187364206
2024-09-13,739141.3772183338,0.2520164294877512,5.7634977607703215,0.9044801838582441,-0.19047303379891498,0.049388779198901424,0.027452566354410173,-0.04105615801940733,2024-03-05,2024-07-26,738949.0,739092.0,1.2474847942296232,0.16863508402818544,0.4241912993257936,0.5481462483467229
2024-08-26,739123.8652146382,0.6362912722093749,6.704565175547737,0.6669180550454618,-0.022540018942951375,-0.006824466568916553,-0.003894158901381326,0.005604361730032444,2024-03-12,2024-07-26,738956.0,739092.0,1.7730841978947274,0.3134519062547298,0.4241912993257936,0.9521440930478656
2024-09-23,739151.4908394929,0.34849892374358055,4.22576880300061,0.07583995004627953,0.05222495080909443,0.042297244067316275,0.014643586529181516,-0.03968150991649,2024-03-19,2024-07-26,738963.0,739092.0,0.7756051622087488,0.10182670177744761,0.4241912993257936,0.4273297057369261
2024-08-02,739099.7801830721,0.7695277841161385,8.562773004478135,0.4882588296398741,-0.008808559492111146,-0.0005765702187369939,-0.00038240497635794006,-0.00043150857603425257,2024-03-26,2024-07-26,738970.0,739092.0,3.8352981251569944,1.3729747781602026,0.4241912993257936,0.9588150565717612
2024-08-02,739099.8053238131,0.12150704927195546,9.558969196338442,1.5550176104434155,-0.7904911808703959,-0.015314530718584131,-0.00789063832248687,-0.013125268682741645,2024-04-03,2024-07-26,738978.0,739092.0,4.180108457567541,0.6561207128604511,0.4241912993257936,0.7216295818985112
2024-09-13,739141.6338754308,0.4949600090675538,7.459404051286356,1.0897811257409913,-0.08494814734858555,0.011067591160717429,0.011059554618155033,-0.0004216939041962283,2024-04-10,2024-07-26,738985.0,739092.0,1.364375946955718,0.5092919160889403,0.4241912993257936,0.2766540745517165
2024-09-07,739135.0357411704,0.775040906287245,2.992371913662248,-0.21059285323225557,0.021535003701368592,0.013283366822535123,0.0031746994527953095,-0.01289841531066696,2024-04-17,2024-07-26,738992.0,739092.0,0.5720074672507185,0.4198999664785733,0.4241912993257936,0.40862267320728674
2024-08-02,739099.3029721148,0.40535194158150534,12.219353961429686,0.7611213641328365,-0.09888612022331712,-0.006776351361028816,-0.0067610670622978136,0.0004548735508124343,2024-04-24,2024-07-26,738999.0,739092.0,5.095131529962313,0.4840870150781481,0.4241912993257936,0.6072864714902557
2024-08-25,739122.3665035915,0.6403686313882871,7.697706751933601,0.9187954496621329,-0.04066504224212408,0.007981910993243682,0.004550765524972615,-0.006557548035720751,2024-05-01,2024-07-26,739006.0,739092.0,1.6458426721858181,0.4238215490578474,0.4241912993257936,0.18066913799363118
2024-08-06,739103.5648875454,0.8734093761242543,14.383464310478109,0.6199442738258665,-0.01064233067921596,0.001847585535090541,0.0017694333970478808,0.000531674489596216,2024-05-08,2024-07-26,739013.0,739092.0,4.711385376769005,0.34977321223034424,0.4241912993257936,0.47532411883682296
2024-08-10,739107.4906675648,0.6492413464024788,6.728787608308949,0.7182442032872989,-0.030970737731455807,0.008445445482407483,0.008018131072793025,-0.00265238072226216,2024-05-15,2024-07-26,739020.0,739092.0,1.8540774479034068,0.353833002126892,0.4241912993257936,0.29025972123720506
2024-08-26,739123.4006813765,0.7185432258579559,14.807116522640397,0.9373099269647505,-0.031269532591402756,0.0038242671846490752,0.0020030413645905094,-0.0032577361451356307,2024-05-22,2024-07-26,739027.0,739092.0,2.6433886792337917,0.39678529441291394,0.4241912993257936,0.32832945957000653
2024-08-13,739110.6248478205,0.20034230925464286,14.150109985785596,1.8873121697591158,-0.721224522622241,0.026979367597867086,0.022767666582482395,0.014474793068287879,2024-05-30,2024-07-26,739035.0,739092.0,3.1557852819084653,0.3784875333419831,0.4241912993257936,0.45899943596111287
2024-08-14,739111.4278467468,0.6610101613979046,14.300167460184882,0.7597348822186226,-0.031064874636254836,0.003355547585830953,0.0032040857484488695,0.0009967618157628168,2024-06-06,2024-07-26,739042.0,739092.0,2.898596010639514,0.4279304750086633,0.4241912993257936,0.30850259034861793
2024-09-13,739141.3997595893,0.7417606128965312,2.4851462093427013,0.051670835612381956,0.014953679765446726,-0.012189271183437206,-0.011144985295819938,0.004936358449234622,2024-02-06,2024-07-29,738921.0,739095.0,0.6162841245782593,0.36616949470079646,0.40451100710553883,0.6816732883542471
2024-10-04,739162.0068619783,0.4905275287600762,8.768607353668816,0.5566824247863653,-0.023065890771624797,-0.011238482438590085,-0.010388799660637812,0.004286762080361986,2024-02-13,2024-07-29,738928.0,739095.0,1.7452341144937276,0.11481412535499284,0.40451100710553883,1.816323654447344
2024-09-26,739154.448591316,0.205647091800161,2.363622124063795,-5.286076135445517,2.20793017770117,-0.3016744530942025,-0.2928732434215258,0.07233767301649856,2024-02-21,2024-07-29,738936.0,739095.0,0.4895780311046088,0.6367828042075061,0.40451100710553883,0.6171599259912767
2024-09-27,739155.6321125171,0.34563101296146465,12.530416714313903,0.6141511112231495,-0.05942649711137595,-0.013521155792296029,-0.006744422446275313,-0.011718976910367142,2024-02-28,2024-07-29,738943.0,739095.0,2.5022977598813125,0.12123094895641728,0.40451100710553883,1.843446025914301
2024-08-12,739109.4909279086,0.666739267903616,2.950676988234578,0.43003384576568116,-0.0041266714234237285,-0.01162596871437101,-0.010615093854708055,-0.004741616918654734,2024-03-06,2024-07-29,738950.0,739095.0,1.1263543766463724,0.08020567622529205,0.40451100710553883,0.46610840026526473
2024-09-24,739152.7165207223,0.8850141471178259,4.599069414383079,0.4091301690548012,-0.000991279075085869,0.0026898005532574494,0.002491399717815527,0.001013880891610446,2024-03-13,2024-07-29,738957.0,739095.0,0.8938194578607737,0.07091793948412273,0.40451100710553883,0.5050637172150937
2024-07-29,739095.5957695952,0.4265838064845161,2.0034467751948424,0.4198746165656918,-0.004616615749822955,0.04075123170719493,0.022003899675086154,-0.03430001872801579,2024-03-20,2024-07-29,738964.0,739095.0,1.7210819350753164,0.024121790710122958,0.40451100710553883,0.3552029283882669
2024-08-09,739106.2641255702,0.03379222206844879,11.493069000965574,4.980123505245033,-4.095454012042539,0.03656273803307235,0.03538523553316837,0.009204288062488797,2024-03-27,2024-07-29,738971.0,739095.0,4.546618399803452,0.3293396951990297,0.40451100710553883,0.7745104495408818
2024-08-19,739116.1035066883,0.12894086146130615,7.369452979894711,2.367667604735961,-1.2170725207208355,-0.05078969053585697,-0.048372016053516494,-0.015483563144394826,2024-04-04,2024-07-29,738979.0,739095.0,2.1948158715126707,0.41927233342482134,0.40451100710553883,0.4753369574579428
2024-08-30,739127.0181103697,0.9339254850832566,14.960527566029711,0.5921420268839906,-0.004921869059949867,0.00033850678563776494,0.0002959680502126358,0.00016428559637455276,2024-04-11,2024-07-29,738986.0,739095.0,3.530100912711099,0.9076700275934695,0.40451100710553883,0.7138703526544613
2024-08-30,739127.5647012895,0.8632556296296654,9.074466779552775,0.78343143958147,-0.011645110365694255,0.0026515462690552827,0.0021479661729791703,-0.0015546507442760918,2024-04-18,2024-07-29,738993.0,739095.0,2.049119988768139,0.4177944852580436,0.40451100710553883,0.256965354844846
2024-08-08,739105.7358694958,0.6186610295290164,11.196425661942055,0.6834918412164422,-0.033583891067241446,0.0051330898055281,0.005127999359202208,-0.00022854654589000867,2024-04-25,2024-07-29,739000.0,739095.0,4.075987753953373,0.36151432348608764,0.40451100710553883,0.5334112833459227
2024-08-21,739118.6045026875,0.7205312269905128,8.47333699541018,0.7943689218307165,-0.024652557723892438,-0.004912657755368618,-0.0017563736205658976,0.004587957925522386,2024-05-02,2024-07-29,739007.0,739095.0,2.0950411260090838,0.42672079049946793,0.40451100710553883,0.3091831023654922
2024-08-12,739109.2379086483,0.9110918549758267,3.6681590749654798,0.40464874791751754,0.00010554466563478367,0.0058119718599103755,0.0057863074835639945,-0.000545584646082888,2024-05-09,2024-07-29,739014.0,739095.0,1.1095051401159264,0.0045105218233857484,0.40451100710553883,0.18565690427560627
2024-07-31,739097.3869576348,0.9865460907593666,6.32395429611578,0.5501039820921023,-0.005753514152093301,-0.0027922314615307265,-0.0027824833225815492,-0.0002331160533244304,2024-05-16,2024-07-29,739021.0,739095.0,3.488280463361575,0.3214477771396637,0.40451100710553883,0.24918806639884059
2024-08-27,739124.0084050838,0.2718287927455921,11.670879185638753,1.6356737264685979,-0.4272386370856125,-0.021069956538050723,-0.007173616556874278,-0.01981116589225091,2024-05-23,2024-07-29,739028.0,739095.0,2.223122905931786,0.4722791404684927,0.40451100710553883,0.44309876253410746
2024-08-23,739120.8553926379,0.3179321609517956,7.582087069758136,1.296548738708792,-0.2585845409587869,-0.03568778911021569,-0.0017250412760161427,-0.03564607305400226,2024-05-31,2024-07-29,739036.0,739095.0,1.4341093550719908,0.30382856917933754,0.40451100710553883,0.20477052581731706
2024-08-08,739105.9930534818,0.7846403401338626,4.650158083329872,0.549859874229041,-0.008478557545718145,-0.007224336059502686,-0.006228493221058514,-0.003660178096194081,2024-06-07,2024-07-29,739043.0,739095.0,1.292030029488156,0.19802815778491586,0.40451100710553883,0.10482959627692255
2024-08-14,739111.7103917182,0.6790459482823733,13.488328206414907,0.30037199089389155,0.0007871559883469638,0.002092896087423179,0.0020921710237910866,0.00005508575097252259,2024-02-07,2024-07-30,738922.0,739096.0,5.347893065750613,0.018934514546456047,0.41164467415358375,2.9174291414719122
2024-09-25,739153.7399011996,0.852005398959933,2.0910771987323984,-0.1681820185192667,0.01568179751369347,0.011064938721561461,0.004649493977146541,0.010040671026798372,2024-02-14,2024-07-30,738929.0,739096.0,0.45228079316099046,0.5774562803932684,0.41164467415358375,0.7388865892679177
2024-08-21,739118.6563538803,0.17363963755877368,9.386545451484501,0.7461720692337576,-0.20452933840719187,-0.03647067242623415,-0.008254485303726874,-0.035524265222411484,2024-02-22,2024-07-30,738937.0,739096.0,3.109847821651219,0.10374207399578186,0.41164467415358375,1.8708969910028699
2024-09-19,739147.4871338537,0.7159600890912537,7.982060867523078,0.5940787071701278,-0.010160706543908632,-0.0042716069808820985,-0.0030574921391948724,-0.0029830132446709385,2024-02-29,2024-07-30,738944.0,739096.0,1.745852283333341,0.21335675582875258,0.41164467415358375,1.296597527941581
2024-10-07,739165.5118609151,0.8319400578330451,4.878220701936623,0.30375589581468043,0.0008652060896297663,-0.0036293278171705165,-0.002561505129070104,0.0025711304669804795,2024-03-07,2024-07-30,738951.0,739096.0,0.8748920731927261,0.04065593573661137,0.41164467415358375,0.5344328332243243
2024-08-06,739103.448194186,0.6036108910088697,2.5810228428723088,0.45470855296540014,-0.007462880905232801,-0.01563791950794165,-0.0016949631267913117,0.015545791280461728,2024-03-14,2024-07-30,738958.0,739096.0,1.22078342777122,0.1116073397966771,0.41164467415358375,0.4026594009169416
2024-08-24,739121.0748148256,0.37449850759437037,5.278620424778219,0.9548824086650243,-0.13144144092447307,0.023928050461397128,0.002158734055134385,0.02383047347751131,2024-03-21,2024-07-30,738965.0,739096.0,1.53613281620469,0.3897217580307838,0.41164467415358375,0.3317175412694673
2024-08-17,739114.6322695756,0.38544310103675483,8.147473894733906,0.8514048292271693,-0.11224244024109536,0.010580448219587094,0.0054210754713830194,0.009086133680555941,2024-03-28,2024-07-30,738972.0,739096.0,2.6392923400195776,0.5018689566790053,0.41164467415358375,0.7490646250641174
2024-08-28,739125.2259988664,0.8293657797950789,3.3808860921617816,0.3737603519880068,-0.00008883007355771918,0.005121646078485666,0.005087441894957512,-0.000590925984111996,2024-04-05,2024-07-30,738980.0,739096.0,0.8626749093333319,0.004254671467759822,0.41164467415358375,0.4175904500230108
2024-08-01,739098.1443465482,0.5609293377968662,13.841734743767347,0.5944071695651473,-0.034943848345941504,-0.0021685707317930904,-0.001662514946770329,0.0013923875432345946,2024-04-12,2024-07-30,738987.0,739096.0,8.69735582097023,0.6530023927469244,0.41164467415358375,0.6858435499302709
2024-08-28,739125.5421457007,0.8788152399504923,8.735027668465639,0.750863383100432,-0.010506661030142663,-0.002457242075927066,-0.0018232545666530134,-0.0016473558828878744,2024-04-19,2024-07-30,738994.0,739096.0,2.076310850650732,0.43017985865467084,0.41164467415358375,0.2751310285570918
2024-09-05,739133.9796683692,0.7209830138438172,12.204777060940286,0.8488315486260908,-0.023441659990788486,-0.003456702643812185,-0.0007709817386660235,0.003369626140446691,2024-04-26,2024-07-30,739001.0,739096.0,2.434172786637497,0.4006097573319929,0.41164467415358375,0.4340188223769837
2024-08-12,739109.3308552845,0.5463225931155916,5.979857491323326,0.7376564826467102,-0.0477475218952545,-0.013186966132057736,-0.01318693557352002,0.000028389221017691296,2024-05-03,2024-07-30,739008.0,739096.0,1.9303907402115763,0.3307990644224087,0.41164467415358375,0.29278890218867737
2024-08-15,739112.3227697429,0.9093361546244099,7.133852823902382,0.6317217032268987,-0.00798506543121298,-0.002745435975800368,-0.0009520895855779036,0.002575061963963783,2024-05-10,2024-07-30,739015.0,739096.0,2.0272032945238516,0.3707383154408262,0.41164467415358375,0.27914735861235795
2024-08-25,739122.9844380992,0.4437621138558009,14.828763083217813,1.1320578130895493,-0.13105865618913953,0.009889263127283722,0.006035934285892616,-0.007833582992286443,2024-05-17,2024-07-30,739022.0,739096.0,3.1146000069585926,0.39659485257236887,0.41164467415358375,0.4612538505889669
2024-08-02,739099.2938751874,0.8203695494589744,7.281517165281098,0.5744814403063524,-0.011815047707768441,0.005039566775731769,0.002536455034232599,0.004354724922010071,2024-05-24,2024-07-30,739029.0,739096.0,3.546920148619703,0.26413741889183656,0.41164467415358375,0.3204022015078382
2024-08-17,739114.3247112895,0.7582336387931803,4.307200607477254,0.6642804020547026,-0.01689694785024595,-0.008483973422266977,-0.007818036590536056,-0.003294860983223997,2024-06-03,2024-07-30,739039.0,739096.0,0.969011185056117,0.3506040372618355,0.41164467415358375,0.07483184205860467
2024-08-23,739120.0550291182,0.37726514298373515,9.669407224817723,0.8038381983595956,-0.09145699461338884,0.015619293289683799,0.015177992371780118,0.0036865797741735986,2024-06-10,2024-07-30,739046.0,739096.0,1.73047639880885,0.22845589871146554,0.41164467415358375,0.27970478643817487
2024-09-09,739137.6635359203,0.17059063735501992,4.643619703624882,0.4554487430041205,-0.061792104386876275,0.09059021794394238,0.09044914993035376,0.005053599114232052,2024-02-08,2024-07-31,738923.0,739097.0,1.2295954783069925,0.02505822057292041,0.4545131126952669,0.6309653191667423
2024-10-05,739163.6515973574,0.7904357024263622,4.01009782133551,0.27930285301990165,0.002323211058533723,-0.0048605335770378795,-0.0020198002583194413,-0.00442099463582635,2024-02-15,2024-07-31,738930.0,739097.0,0.8005612359498226,0.09421418596941143,0.4545131126952669,0.6458632050248695
2024-09-03,739131.6665269609,0.09193616270828754,14.133149820802318,1.4709816156575317,-0.7670499966772736,-0.06413039034981834,-0.038210380708793706,-0.05150411413187415,2024-02-23,2024-07-31,738938.0,739097.0,3.8697172193866427,0.07780494483469935,0.4545131126952669,1.7019848340449206
2024-09-19,739147.647301442,0.648325030239291,9.877275348233708,0.5040070758080293,-0.009570901011070757,0.0025122027432880846,0.00040212386257870914,0.002479810279543367,2024-03-01,2024-07-31,738945.0,739097.0,2.179729310617059,0.2500654932442523,0.4545131126952669,1.8984164054189292
2024-08-02,739099.0093339578,0.7851588776846168,4.973535995475039,0.4836007482678249,-0.008000374873298462,0.004230296805916931,0.0028670130387205275,-0.003110570253499747,2024-03-08,2024-07-31,738952.0,739097.0,3.397936079566349,0.29856010713124714,0.4545131126952669,1.0308670890255538
2024-08-05,739102.0180147277,0.9723318760657795,11.862167940942813,0.44237197621417995,-0.0027035613096389856,0.001127219327291581,0.00011940925995394159,0.0011208768176998467,2024-03-15,2024-07-31,738959.0,739097.0,6.324420504739991,0.1965976178637294,0.4545131126952669,0.9233997566434591
2024-08-27,739124.2798516748,0.9578600188171367,11.485961433317492,0.49731684819368493,-0.0029427791684861824,-0.0003858476852383753,-0.00010454095912800557,0.0003714157025065164,2024-03-22,2024-07-31,738966.0,739097.0,3.2141029489735238,0.6360283385961885,0.4545131126952669,1.0372890068043792
2024-09-27,739155.5768050023,0.11655069114340025,4.410443631462318,-0.9025653120121168,0.7132915513825498,0.13326388532905795,0.1322432516223266,-0.016461638234097953,2024-04-01,2024-07-31,738976.0,739097.0,0.7863626275736174,0.1414448652773162,0.4545131126952669,0.4164969532653091
2024-08-24,739121.6157630321,0.8257863636792,14.771296260876934,0.5852948303569004,-0.008208541521127977,-0.0008474345601587616,-0.00008657527057010955,-0.0008430006264986916,2024-04-08,2024-07-31,738983.0,739097.0,4.0631475548433365,0.5415130487572523,0.4545131126952669,0.7400874111276632
2024-09-12,739140.3379939258,0.1525118339977614,2.1030773488289642,-10.168516363211573,5.381982204476704,0.5640886397594579,0.10705506742531821,0.5538368045229897,2024-04-15,2024-07-31,738990.0,739097.0,0.4163375699182745,0.6918997946369915,0.4545131126952669,0.4196320237426969
2024-08-25,739122.02207082,0.5069031756558092,5.367217010833613,0.7972250600691869,-0.05555310039586614,-0.01416849581964075,-0.0035657301801119896,0.013712470312595608,2024-04-22,2024-07-31,738997.0,739097.0,1.374209647161091,0.370305712793882,0.4545131126952669,0.2743054200104617
2024-08-03,739100.0562567572,0.6604938511956763,6.064972161558088,0.6249702982693401,-0.026692562207784914,-0.0067597822782069885,-0.005561690635832871,0.00384216784121285,2024-04-29,2024-07-31,739004.0,739097.0,3.3280040548424514,0.4300287804223187,0.4545131126952669,0.3953810104143094
2024-08-22,739119.526580587,0.9032931560005841,3.8564148588506724,0.33266379523125156,0.0018421938808499793,0.00552274538032783,0.0011409167176014313,0.005403612271381982,2024-05-06,2024-07-31,739011.0,739097.0,0.9650261011708343,0.07813134247025813,0.4545131126952669,0.23032808829870935
2024-08-31,739128.3876902316,0.06478873918008633,10.048377532987114,5.4480234488951895,-3.909023601615815,-0.05209341564831554,-0.04581724508688297,-0.024789191325185745,2024-05-13,2024-07-31,739018.0,739097.0,2.0111880434047653,0.4838258220159955,0.4545131126952669,0.49119014534483757
2024-08-15,739112.441357979,0.40682077827007024,9.894240439426138,0.9554984855700669,-0.1283866677043533,0.016574228780264412,0.006713564577553449,0.01515365006602583,2024-05-20,2024-07-31,739025.0,739097.0,2.7304320144188523,0.31849840656756256,0.4545131126952669,0.4448278207028447
2024-08-22,739119.7415422291,0.39695868596048955,11.535209487449476,1.0989229003649186,-0.1546090542216354,-0.016481852679693054,-0.016331425307554964,0.002221714468346099,2024-05-28,2024-07-31,739033.0,739097.0,2.457772788635868,0.32281129259975266,0.4545131126952669,0.4300124044583658
2024-08-17,739114.2911572282,0.47322751856779,7.191370200849494,0.7321722695723459,-0.05701582051547362,-0.017366280263994387,-0.00923602407389824,0.014706581843309923,2024-06-04,2024-07-31,739040.0,739097.0,1.6685097209563444,0.21604634238268786,0.4545131126952669,0.28135215462854857
2024-08-11,739108.276207679,0.27115005072003334,14.76869229255544,0.8341134021942282,-0.16152866757529982,0.014731745823308648,0.004145550777045051,0.014136433204932321,2024-06-11,2024-07-31,739047.0,739097.0,3.978701042482576,0.20130893051194904,0.4545131126952669,0.3002077151569212
2024-09-20,739148.7030225026,0.9038792615026903,9.336552427720164,0.3535456226470522,-0.0005690143008381708,0.0010322658645627743,0.000884819472158171,-0.0005316646657727666,2024-02-09,2024-08-01,738924.0,739098.0,2.2122862125410827,0.053364875090840286,0.4373745084033965,2.412567885707617
2024-08-28,739125.4091255193,0.12179168491595198,4.338818531637355,1.0789123162955763,-0.4443107972915647,-0.10300971066256537,-0.05192822545919879,-0.0889632502297665,2024-02-16,2024-08-01,738931.0,739098.0,1.3528378507522003,0.12107510441312978,0.4373745084033965,0.5775649516803598
2024-09-14,739142.6417768341,0.29636431285798676,7.358240943362007,0.9596336116213882,-0.16515931393691913,0.03443240268546693,0.029343233068630497,0.018015688379137213,2024-02-26,2024-08-01,738941.0,739098.0,1.7658117016577697,0.1931913347939185,0.4373745084033965,1.2764705201156592
2024-10-14,739172.0780330306,0.023581662101359598,7.657295854421479,8.26184072624715,-7.104248150132901,-0.1399704145051611,-0.12643585030797008,-0.06004742037462718,2024-03-04,2024-08-01,738948.0,739098.0,1.3489450566662673,0.15630787505167862,0.4373745084033965,0.6512005905390613
2024-10-08,739166.7381094235,0.7528278747770698,7.628153353160865,0.6661137466301545,-0.009728555664821647,-0.0036245120071750777,-0.0035986324584315814,0.0004323560098795717,2024-03-11,2024-08-01,738955.0,739098.0,1.365871946807196,0.26489581756156194,0.4373745084033965,0.6099999625197287
2024-09-08,739136.4316132133,0.20094523898200728,12.503741900167094,1.2958640948142333,-0.4034493963940929,-0.015058275126975827,-0.008287544631847214,0.012572519786217845,2024-03-18,2024-08-01,738962.0,739098.0,3.010227144695468,0.4305777288161409,0.4373745084033965,1.0423709144498567
2024-08-20,739117.0307111865,0.2410738476200594,5.3512543545806075,1.2919980594343041,-0.3619793190036912,0.04207126107478609,0.006222411799124369,0.041608564020222165,2024-03-25,2024-08-01,738969.0,739098.0,1.7471042377314763,0.38760800152468844,0.4373745084033965,0.3407781853382234
2024-08-09,739106.5108376528,0.7147951387117114,9.349108849335803,0.5416919157496275,-0.013421325954110505,0.0006631623407729757,0.00039275963785973255,-0.0005343446051826331,2024-04-02,2024-08-01,738977.0,739098.0,4.050849832544347,1.5473442382749645,0.4373745084033965,0.8369204501918088
2024-09-04,739132.3821807281,0.3224210507300674,12.308903640928271,1.1843254931078706,-0.21568613655444038,-0.00934573955905307,-0.007601851911872647,0.0054364230350118685,2024-04-09,2024-08-01,738984.0,739098.0,2.864586698274238,0.6045226453823489,0.4373745084033965,0.6766259729113061
2024-08-29,739126.4011709832,0.9085807474699776,7.270357071527089,0.7228131371220784,-0.008484563461752666,-0.0020930303227317286,-0.0016567119108562868,-0.0012790940451356167,2024-04-16,2024-08-01,738991.0,739098.0,1.8071929590906881,0.5065960172778817,0.4373745084033965,0.2532392456802519
2024-09-17,739145.8711471688,0.7957173627955807,2.2455492686990857,-1.9225263858738,0.07569837313189887,-0.03501229103266584,-0.009886922020145303,0.03358733833342051,2024-04-23,2024-08-01,738998.0,739098.0,0.4030748561965902,0.7661296364107328,0.4373745084033965,0.3928362467895216
2024-08-29,739126.2975830687,0.7165376129790054,8.27868198795436,0.8164083083581646,-0.02420766723774865,-0.004801275339633705,-0.0015628373507728605,0.00453980002885634,2024-04-30,2024-08-01,739005.0,739098.0,1.9177179677174054,0.4363893277274815,0.4373745084033965,0.29117121969323473
2024-08-30,739127.2699606103,0.5643400504707868,3.8022123289497767,0.1209080082887453,0.025120752128673596,-0.023503857641631265,-0.0019267193013827295,0.023424753505037085,2024-05-07,2024-08-01,739012.0,739098.0,0.8294757548032058,0.15863462897701108,0.4373745084033965,0.2842333508039492
2024-09-06,739134.5656523113,0.9648262958587712,4.718899547896869,0.26298180104388563,0.0021324786192441244,0.00370867677810836,0.0035506021042063887,-0.0010712180646746817,2024-05-14,2024-08-01,739019.0,739098.0,0.8642394595105847,0.1175639310701706,0.4373745084033965,0.2327184128211475
2024-08-11,739108.7224307737,0.11329895117826054,5.447571049354468,1.545362535669125,-0.7812622347294297,0.08069180615788112,0.05071197745063249,0.06276514099456484,2024-05-21,2024-08-01,739026.0,739098.0,1.7714296369202227,0.20136796508889496,0.4373745084033965,0.39975980470942185
2024-08-08,739105.2575678867,0.5256071364193032,2.2369716033639895,0.7488271581010256,-0.07386336386770324,0.03411443516251284,0.0027472078863319048,0.034003640029952265,2024-05-29,2024-08-01,739034.0,739098.0,0.8132525360042255,0.5087350727744797,0.4373745084033965,0.12568943191136356
2024-08-10,739107.2969994931,0.7870740548127413,3.74764362256154,0.5381988283577371,-0.009115727958980115,0.008481885074368927,0.007352459691942598,0.004228913677667321,2024-06-05,2024-08-01,739041.0,739098.0,1.1717097495358542,0.2257128494202543,0.4373745084033965,0.08230997526388704
2024-08-21,739118.9418995302,0.4404808819201541,9.991940207471075,0.6245322982592976,-0.037207512106405896,0.010290340620487315,0.004087247206326543,0.009443808572817809,2024-06-12,2024-08-01,739048.0,739098.0,1.9402991776301308,0.1593962567423312,0.4373745084033965,0.21501161712980202
2024-08-31,739128.4596368643,0.41965023332786255,3.800305269955212,0.3996235733274535,-0.008846093126637365,-0.02989309317850969,-0.011820539420244438,0.02745672718285101,2024-02-12,2024-08-02,738927.0,739099.0,1.1628409486725237,0.032677561164068336,0.3682708815055176,0.5590737331718372
2024-10-20,739178.4308878671,0.8764329809260882,8.188790413202263,0.54838100509014,-0.0032333806549333832,0.002029638831340308,0.0018383869718944094,0.0008600971615191828,2024-02-20,2024-08-02,738935.0,739099.0,1.4596101659225191,0.1705049645130427,0.3682708815055176,0.7812748142358519
2024-10-05,739163.3006441696,0.9765319264444359,14.73073065814162,0.43815951855670887,-0.0011421934079718413,-0.0007781155561343214,-0.0006956802722883016,-0.0003485581406983618,2024-02-27,2024-08-02,738942.0,739099.0,2.8976518468044272,0.0973100530396022,0.3682708815055176,1.6670743311724152
2024-10-01,739159.9353442636,0.5187058480881769,4.522943046499567,0.12840674687347925,0.018759598936057352,0.018855578620626656,0.0164590961556562,0.009199510794465994,2024-03-05,2024-08-02,738949.0,739099.0,0.8938637468904151,0.1140994919154471,0.3682708815055176,0.5238795927930011
2024-10-04,739162.3240310696,0.21336807187944667,2.373114607435459,-8.626583541988115,3.3298434047264776,-0.4218887430239845,-0.4217833801760244,-0.009428239371424984,2024-03-12,2024-08-02,738956.0,739099.0,0.44612445836498327,0.709637557820174,0.3682708815055176,0.5272559884052485
2024-08-02,739099.6992589083,0.1875331443082993,4.157554661287289,0.916949286552867,-0.3060697634730221,-0.048370688464906976,-0.0005571349810620974,0.048367479810115487,2024-03-19,2024-08-02,738963.0,739099.0,3.4907855528249736,0.2854159417173724,0.3682708815055176,0.6381550387841838
2024-09-25,739153.9750117563,0.6716143293385842,12.524878134635468,0.717705774230482,-0.018163911629778425,0.0009478848618696993,0.0009328175827679835,0.0001683361774564077,2024-03-26,2024-08-02,738970.0,739099.0,2.4078655955100743,1.0275435499619665,0.3682708815055176,0.9707486282230784
2024-08-16,739113.9000170775,0.6121072397335644,9.718609306039511,0.6206176487685826,-0.025571620847256425,0.0021452192974158726,0.00021500663541560797,0.0021344174804224024,2024-04-03,2024-08-02,738978.0,739099.0,3.419211695029996,0.7507752617414919,0.3682708815055176,0.7900569809487618
2024-09-08,739136.695585187,0.17728474903016858,2.1585811964557005,-5.629289519393423,2.772070139857456,0.3676544657397678,0.025269348487648956,0.3667850408691773,2024-04-10,2024-08-02,738985.0,739099.0,0.4783343565513056,0.619251912517643,0.3682708815055176,0.4312521357069352
2024-08-23,739120.0355905358,0.5726916576708786,4.478888205726613,0.6427021202533442,-0.027896297964571347,-0.011318162595391389,-0.0052178883539047505,-0.010043627116828952,2024-04-17,2024-08-02,738992.0,739099.0,1.2874499059409283,0.3151528789971608,0.3682708815055176,0.3331808553675786
2024-08-12,739109.9962359399,0.059509545620971785,10.406809915713552,3.658679489567223,-2.6641913003868103,-0.051660976079074696,-0.050962255708152326,-0.008467877099936193,2024-04-24,2024-08-02,738999.0,739099.0,3.8292606219778036,0.2948979887228697,0.3682708815055176,0.6371585407925253
2024-08-17,739114.2614706518,0.10201968906682572,6.393026837954066,2.229139714132654,-1.2775132765324744,0.05955180510776371,0.03757610155766547,-0.046200152416643415,2024-05-01,2024-08-02,739006.0,739099.0,1.9934686317900252,0.34233236468993516,0.3682708815055176,0.4997077689065211
2024-08-14,739111.4508677588,0.9302517089135631,14.818853850088962,0.6092981227778267,-0.007379542263141492,-0.0015418906878217334,-0.0013214316969906291,-0.000794509385331504,2024-05-08,2024-08-02,739013.0,739099.0,4.87681644035546,0.3004427305894208,0.3682708815055176,0.5031658466246229
2024-08-17,739114.4871913119,0.33308006495972214,5.6905118598289555,0.8297590315186985,-0.1277574938994137,-0.03886425575979444,-0.028118598913799666,0.026828618505014,2024-05-15,2024-08-02,739020.0,739099.0,1.637865378787522,0.1924125239495067,0.3682708815055176,0.26848950314217734
2024-09-05,739133.62548069,0.5553529267902843,6.136304308644742,0.7492170198441598,-0.036769262549631546,0.013571129180572267,0.013313807512557245,-0.0026302237080435484,2024-05-22,2024-08-02,739027.0,739099.0,1.098439974695241,0.2452060104955597,0.3682708815055176,0.17742514887363786
2024-08-18,739115.3283999178,0.9431108222659381,4.285398943349183,0.5551647472929441,-0.005002923396305413,-0.004014723755821891,-0.0038983008898975527,-0.0009598213413883734,2024-05-30,2024-08-02,739035.0,739099.0,1.08664179974503,0.2742455918389924,0.3682708815055176,0.08374144303130979
2024-08-04,739101.4889777624,0.17313818683750795,11.127585064867029,0.8073948212892987,-0.23656038558858913,-0.029735338719616998,-0.02346886621228197,-0.018259317826259655,2024-06-06,2024-08-02,739042.0,739099.0,5.621042747476708,0.12378301926642572,0.3682708815055176,0.4783912605705162
2024-08-07,739104.1656118158,0.9449039769238325,5.5510002016440225,0.4438834401716985,0.000023698498186451154,0.0031280718144997928,0.0031280215276955708,0.000017736937195961205,2024-06-13,2024-08-02,739049.0,739099.0,2.092334262921113,0.0012896163886991802,0.3682708815055176,0.09480449400378915
2024-09-01,739129.3658307799,0.22398478708370734,4.130431480195467,0.5439761764561095,-0.07902834839145839,-0.06968918672347087,-0.0652856217029369,-0.02437971175054786,2024-02-13,2024-08-05,738928.0,739102.0,1.3120146724335389,0.061495113823801816,0.30685942541854694,0.5746926438844442
2024-10-22,739180.0342998782,0.1814822509669161,7.426170763887019,0.9962364156251218,-0.28453015803165227,-0.069441538771182,-0.06840874453562802,0.011931931024304366,2024-02-21,2024-08-05,738936.0,739102.0,1.3475689153707908,0.1001332229597567,0.30685942541854694,0.6062358844688862
2024-09-19,739147.8457239366,0.15424840889173466,2.055854899238608,-10.359765148424396,5.357054911381588,0.5678929958196287,0.1146823903333134,0.5561927759764868,2024-02-28,2024-08-05,738943.0,739102.0,0.48980949040737837,0.7077629418263799,0.30685942541854694,0.5357255559885172
2024-09-02,739130.8975051017,0.29266494469249255,7.604702550911231,0.8392976896062989,-0.14682129602179458,0.022215646332835577,0.015109349740871044,0.01628626698767004,2024-03-06,2024-08-05,738950.0,739102.0,2.2199501032795372,0.25434228843642503,0.30685942541854694,1.456042430877567
2024-09-20,739148.1230430001,0.20978977505520496,7.521255810768854,1.6466976605659658,-0.5117419059671607,0.048613774993345335,0.01694517581618446,0.04556490025954414,2024-03-13,2024-08-05,738957.0,739102.0,1.7017249174503348,0.29361997208091734,0.30685942541854694,0.6203223025368041
2024-09-17,739145.5168318398,0.2745060392434127,5.795690918433482,1.054214723808194,-0.2133978121697756,0.03659563028651722,0.02760878011670247,-0.024020728892667483,2024-03-20,2024-08-05,738964.0,739102.0,1.3173905835750395,0.27618966165428444,0.30685942541854694,0.3796837720746322
2024-10-04,739162.4494824379,0.31834735474955594,10.283598575123554,1.6018534554131423,-0.29058959915235955,-0.024722888048900223,-0.020567266400901407,0.013718919282246889,2024-03-27,2024-08-05,738971.0,739102.0,1.8867972178485857,0.36386224412132706,0.30685942541854694,0.4714050526065662
2024-10-01,739159.5060409092,0.0038832329940259322,4.203474443751191,-70.30839972245441,69.357129350788,0.26994845510909615,0.1695214206726199,-0.210082498911557,2024-04-04,2024-08-05,738979.0,739102.0,0.7652561421340941,0.23735331459121994,0.30685942541854694,0.4233660394301804
2024-08-07,739104.2107225347,0.15423669081331018,3.286196787951058,0.8736278289294721,-0.3001940833049287,-0.07859248112554053,-0.0005626169836632945,-0.07859046730741769,2024-04-11,2024-08-05,738986.0,739102.0,2.08115269367864,0.17927315462854387,0.30685942541854694,0.42418735942249725
2024-09-15,739143.1178891511,0.7042180112975732,12.081771480991824,0.8211576544134738,-0.022350990129725766,-0.003284242448870186,-0.0024434193457407785,0.0021945273668424695,2024-04-18,2024-08-05,738993.0,739102.0,2.4900783598046417,0.3966779573099015,0.30685942541854694,0.5189384609560559
2024-09-17,739145.6421805491,0.5461151343124003,9.815435998180444,1.0954829217975182,-0.06814515083061305,-0.009260882956944744,-0.0017106412154119953,-0.009101519640937078,2024-04-25,2024-08-05,739000.0,739102.0,1.8826220684202195,0.40940880467259233,0.30685942541854694,0.3243984374477543
2024-09-15,739143.4571789277,0.9399511041041324,10.644490762383132,0.758035360550096,-0.006778896250167603,-0.001506800788172808,-0.00038913895787572977,0.0014556852292654428,2024-05-02,2024-08-05,739007.0,739102.0,2.0182934742748753,0.39726794276035493,0.30685942541854694,0.35328374090651193
2024-08-27,739124.681285013,0.7814485531285777,4.15974442014968,0.35864216955221023,0.0012506868403969488,-0.007833481996549171,-0.0077315135228764875,0.001259816985056953,2024-05-09,2024-08-05,739014.0,739102.0,1.049415449702277,0.02999352256908929,0.30685942541854694,0.2516864078030996
2024-08-23,739120.3008727278,0.24563273295775462,3.2255752791258807,0.47319696514281717,-0.04894234474552254,0.0670005638838454,0.04202836715413347,-0.052179420417542026,2024-05-16,2024-08-05,739021.0,739102.0,0.8682078825082707,0.05562696587270031,0.30685942541854694,0.32183961901381436
2024-08-09,739106.6001104299,0.6536151151979211,2.359391368557144,0.4382765827243931,-0.007372972899831771,0.016617444341931183,0.004970312846269087,0.01585671613756748,2024-05-23,2024-08-05,739028.0,739102.0,1.0658039185255528,0.1229137603492461,0.30685942541854694,0.24806028171266134
2024-09-05,739133.7173821742,0.6908908185906854,12.525755881390706,0.7915561354773207,-0.024001076796298718,-0.0044128763997073155,-0.004354838292548154,0.0007133453335167211,2024-05-31,2024-08-05,739036.0,739102.0,2.243155758526349,0.2999952933113291,0.30685942541854694,0.46459716621814695
2024-09-02,739130.6278829012,0.6165590544828446,3.5937978069753007,1.1684587066262166,-0.07653474264288813,-0.023158306804588972,-0.014783086258726794,0.017826035305768772,2024-06-07,2024-08-05,739043.0,739102.0,0.6398739446127972,0.5669866895069441,0.30685942541854694,0.08543531694336538
2024-08-24,739121.6847402584,0.3772045369794389,10.977798749474545,0.3656547521358734,0.018716573309515885,0.013061842894750304,0.0018514980713980659,-0.012929953391205562,2024-06-14,2024-08-05,739050.0,739102.0,2.2581034138904643,0.049236086583062014,0.30685942541854694,0.08242470093019028
2024-09-09,739137.2590912506,0.40812274365832757,2.5823906873912086,-0.6221981563205676,0.16798043515292815,-0.06282700334218816,-0.062012459110329286,-0.010084010315795035,2024-02-14,2024-08-06,738929.0,739103.0,0.7417859662693839,0.42255301709565385,0.32503632634902974,0.6301950256339257
2024-09-17,739145.2861640978,0.44618408879237326,5.664708609483271,0.6330467473675491,-0.040639505294588825,0.020832315980858624,0.007448169477905718,-0.019455337585216337,2024-02-22,2024-08-06,738937.0,739103.0,1.4375051958763552,0.15365523550006346,0.32503632634902974,0.587972807035236
2024-09-02,739130.6311361695,0.07679730266455656,13.844184188161167,1.6842229868904959,-0.9802145971932743,-0.06108177832056893,-0.044864415791277965,0.041450788153067165,2024-02-29,2024-08-06,738944.0,739103.0,4.208857932648299,0.08902010273289723,0.32503632634902974,1.6181652533047548
2024-08-22,739119.1515737951,0.33820309320785286,5.176351388159126,0.7864162798340869,-0.11433431738198105,0.03127219462294011,0.012588313041724848,0.028626640237697884,2024-03-07,2024-08-06,738951.0,739103.0,1.9301366230922767,0.23887575254336404,0.32503632634902974,0.783834067580738
2024-10-05,739163.0397740238,0.9291506214919223,4.37686952116947,0.23718358533874562,0.0015123451458928727,0.00253250175761829,0.002515474981477364,-0.0002931736173348206,2024-03-14,2024-08-06,738958.0,739103.0,0.8555623622644035,0.1267720995348398,0.32503632634902974,0.5315663314044277
2024-09-21,739149.1176915213,0.41764314081673237,4.150761134842497,0.14294895781532838,0.028976174455301238,-0.0306504044872477,-0.003281683904181373,-0.03047421608483034,2024-03-21,2024-08-06,738965.0,739103.0,0.9145400559039012,0.09512232328950838,0.32503632634902974,0.435019586084556
2024-09-07,739135.7905041813,0.4867104584863492,11.581846317754737,0.7639495541919636,-0.05362613991642279,0.002290183067221621,0.0022076246920232617,-0.0006093699209493612,2024-03-28,2024-08-06,738972.0,739103.0,2.9648674822484966,0.9840093345482307,0.32503632634902974,0.9341868104596595
2024-10-01,739159.5379122959,0.4535753880129293,12.44742589390944,1.1014088545728746,-0.09687420948671119,0.008338040357859653,0.00816638129485762,-0.0016831914793914383,2024-04-05,2024-08-06,738980.0,739103.0,2.2890760570433417,0.4233641796773987,0.32503632634902974,0.6587159607362497
2024-08-19,739116.9753200253,0.05701120790477711,7.546845828553953,3.987788998805737,-2.9364387240980787,-0.05717729603272041,-0.02544562122298422,-0.05120315949421247,2024-04-12,2024-08-06,738987.0,739103.0,2.678554794131788,0.38796459449938475,0.32503632634902974,0.6695039427847996
2024-09-10,739138.3713787349,0.9873882601711514,4.7204026264097685,0.4170660180110709,-0.0007307665767037503,0.002064679442509153,0.0020457190309147656,0.0002791681336991353,2024-04-19,2024-08-06,738994.0,739103.0,1.0566583601158974,0.07403463812803829,0.32503632634902974,0.38669969627229533
2024-09-08,739136.6668686206,0.8657318599324466,14.149553254412133,0.6989665275479572,-0.008902554007026038,0.0015813776713527949,0.0003378358880572846,-0.0015448696554058328,2024-04-26,2024-08-06,739001.0,739103.0,3.138545794201083,0.34444484299933964,0.32503632634902974,0.5805575588596223
2024-09-14,739142.0946244472,0.5582423735274752,7.792150760900111,0.8309221332014866,-0.04154525580034834,0.012216137002795622,0.000938622207150724,0.012180024286647231,2024-05-03,2024-08-06,739008.0,739103.0,1.5285716630509967,0.243642470607595,0.32503632634902974,0.21852601218477843
2024-08-19,739116.0334014773,0.7963004729666245,10.475078149559877,0.6351457291390631,-0.01325737218525504,-0.0029767292228063927,-0.0012838253643563317,-0.0026856487670104748,2024-05-10,2024-08-06,739015.0,739103.0,3.414237542772609,0.3385616945558847,0.32503632634902974,0.5234498433548539
2024-08-30,739127.3889811173,0.24584781390869087,12.507398685038108,1.3898340661471327,-0.3868228999617873,-0.020282996100718834,-0.011826372033293838,0.016478375385695663,2024-05-17,2024-08-06,739022.0,739103.0,2.913317116721741,0.37486891271090705,0.32503632634902974,0.6809511870775062
2024-09-01,739129.8783241665,0.06148245182237379,14.576168074196502,4.397873036091245,-3.155374009751796,0.0463417286982693,0.03947456180261084,-0.024275806664987555,2024-05-24,2024-08-06,739029.0,739103.0,3.068247197763376,0.28720131521391035,0.32503632634902974,0.7099992881783845
2024-09-03,739131.7548741983,0.5879153879638189,11.884401215531467,0.7544498812741242,-0.034071774505760676,0.007795445413752882,0.007265865195724075,-0.002824211776118497,2024-06-03,2024-08-06,739039.0,739103.0,2.215190385696636,0.2162177483489219,0.32503632634902974,0.4714843811817292
2024-08-24,739121.1640158517,0.8001131327460227,10.349211462720893,0.5090947715824199,-0.004476021599459858,-0.0036268302846035032,-0.003615301015950511,-0.00028895757021460964,2024-06-10,2024-08-06,739046.0,739103.0,2.3393010228358126,0.09541333542768156,0.32503632634902974,0.312043856821598
2024-08-21,739118.3514482478,0.4704458554141927,8.749959490594494,0.3164905990060901,0.022544806659924824,0.011123615759041475,0.0005821833276673251,0.011108370273257106,2024-06-17,2024-08-06,739053.0,739103.0,2.0172772730908632,0.10896929494658718,0.32503632634902974,0.0634021419326851
2024-08-26,739123.8572789525,0.3859662601664099,4.404433179936676,0.6224979179971984,-0.05534032574794325,-0.03137110089522941,-0.010013541171435164,-0.029730034722257492,2024-02-15,2024-08-07,738930.0,739104.0,1.597235744082573,0.15458639443440203,0.3228931780580084,0.5812114913784378
2024-08-19,739116.5266990118,0.4174774017877322,9.177972753028154,0.4746923416059012,-0.027349240120231176,-0.012880732949640228,-0.012857622458061765,-0.0007712496650846487,2024-02-23,2024-08-07,738938.0,739104.0,3.8809510167774866,0.096580821662005,0.3228931780580084,1.8447135515124116
2024-10-13,739171.3807232548,0.801069454753139,11.005539607083623,0.5036802374057018,-0.004019167652252446,-0.0012873182735524352,-0.0006355249015649714,0.0011195072295045064,2024-03-01,2024-08-07,738945.0,739104.0,2.122675690736575,0.22725268299830645,0.3228931780580084,1.86169667248073
2024-09-19,739147.8025567753,0.9938013832570889,7.529929038578589,0.5593671294372567,-0.002549927315878437,0.0012011536139035898,0.00015549078246425243,0.0011910468591799026,2024-03-08,2024-08-07,738952.0,739104.0,1.7945397306100528,0.2801805364375428,0.3228931780580084,0.8881451790790603
2024-08-31,739128.832609284,0.59701298601756,10.391725453001433,0.5610510888282002,-0.018890921986608654,-0.0010220633739556756,-0.0010204596197039182,-0.00005723377442903663,2024-03-15,2024-08-07,738959.0,739104.0,3.1798695048309202,1.0618702234980304,0.3228931780580084,1.212332436427759
2024-10-04,739162.355735575,0.6090410554202651,9.340199233947114,0.9138167909878262,-0.034758793368835465,-0.006387921217501714,-0.0019871698905747372,-0.006070971364370098,2024-03-22,2024-08-07,738966.0,739104.0,1.8037221856687886,0.35480976969881295,0.3228931780580084,0.4959435508172595
2024-10-06,739164.7454176461,0.46092978820894925,12.864506914432097,0.9988573783341193,-0.07948751658433117,-0.005689995910131892,-0.004670443155923623,0.003250079104360978,2024-04-01,2024-08-07,738976.0,739104.0,2.3212091885129182,0.5005282630138301,0.3228931780580084,0.8421401485116067
2024-09-20,739148.4486140299,0.5148554988434014,14.180823452006278,0.8544802709556626,-0.05323844248453498,0.003424817626872702,0.002884240713951883,0.0018467623781418924,2024-04-08,2024-08-07,738983.0,739104.0,2.966367611339274,0.5643802359484601,0.3228931780580084,0.802768631404681
2024-08-10,739107.2851123093,0.6619825187114902,14.591478367413501,0.5410349341662414,-0.017625691119520667,0.0018356025771181378,0.00003643054597812825,0.0018352410295224104,2024-04-15,2024-08-07,738990.0,739104.0,8.302724314709755,0.43562693214474335,0.3228931780580084,0.8092081168714014
2024-08-09,739106.2491126141,0.46314545548842834,7.979803024705988,0.6477241524135138,-0.06044753970907739,0.010424412620330734,0.002172263397720894,-0.010195570126767445,2024-04-22,2024-08-07,738997.0,739104.0,4.931628058999734,0.3365520742935867,0.3228931780580084,0.7341294631920793
2024-09-17,739145.460029707,0.11480279668765084,3.3008042975623426,-4.49693168861354,2.9085873787622307,0.24645325546457986,0.2160831547210222,0.11852121065404385,2024-04-29,2024-08-07,739004.0,739104.0,0.6447423168122448,0.4104688909158225,0.3228931780580084,0.3857998812287567
2024-08-23,739120.0816916104,0.5758584559663033,2.6734540677264373,0.05887692545746293,0.03505937862730077,-0.027696635718264948,-0.025484682827347078,0.010845947229255297,2024-05-06,2024-08-07,739011.0,739104.0,0.8145712634945347,0.2726592383249385,0.3228931780580084,0.36498624201494906
2024-08-08,739105.9874803796,0.1705368935752372,5.651675480500693,0.8300090136910893,-0.2632889604807494,-0.06760517488206115,-0.0037706897184265776,0.06749993755464845,2024-05-13,2024-08-07,739018.0,739104.0,3.409369009389347,0.11751514489064932,0.3228931780580084,0.6331501245845012
2024-09-06,739134.7430127716,0.6444730726264941,7.379105890148276,0.6440086813265135,-0.017925312684612754,0.009936305886352323,0.004283283755476434,-0.008965693221231226,2024-05-20,2024-08-07,739025.0,739104.0,1.4944258674810977,0.1575588569027917,0.3228931780580084,0.25857364964690877
2024-08-28,739125.912611238,0.8222201139325169,10.332034241085708,0.6176162888251316,-0.009212810436987854,0.003619579438798723,0.00002662573222855058,-0.0036194815076413217,2024-05-28,2024-08-07,739033.0,739104.0,2.375487203523322,0.2025518819234124,0.3228931780580084,0.47714998744309395
2024-09-07,739135.4943219874,0.3111127602462574,3.727013297566967,2.064941828998515,-0.5079729884504157,-0.079956647847273,-0.0798472870450664,0.004180464868360484,2024-06-04,2024-08-07,739040.0,739104.0,0.6579823386183401,0.5303260039033151,0.3228931780580084,0.09330784052354156
2024-08-17,739114.613958632,0.4726074940380228,2.672783108575039,0.7240415860915954,-0.07543672087676356,-0.038197929272259686,-0.03584573136408986,-0.013197171805430816,2024-06-11,2024-08-07,739047.0,739104.0,0.787664823348469,0.34920452899376087,0.3228931780580084,0.11118817818083901
2024-08-29,739126.4154401768,0.06959102590878576,2.525745285675041,6.902195013246903,-5.087264756031794,-0.24119428737468698,-0.13600265739970518,-0.19919327659939107,2024-06-18,2024-08-07,739054.0,739104.0,0.47139537932772807,0.5811403231888551,0.3228931780580084,0.035982291838939064
2024-09-28,739156.2897178537,0.7344060865104113,14.179380693253783,0.4209969077755195,-0.0033940370065891007,0.002756362166470503,0.002595956390297042,0.0009265758535737458,2024-02-16,2024-08-08,738931.0,739105.0,3.339710771775876,0.06377629675488795,0.3825555852263537,1.759522702291313
2024-09-19,739147.39657202,0.257899575639063,6.267158136109357,0.9735105928635518,-0.20045037690088674,-0.0487939170712901,-0.009099422543924453,0.04793794793821547,2024-02-26,2024-08-08,738941.0,739105.0,1.5786946765474326,0.16905233268063813,0.3825555852263537,0.7089736322363867
2024-09-20,739148.9857615274,0.2868511185442611,6.417628658303057,0.9834949381575121,-0.17859664691358132,-0.040253142143811656,-0.03231042573037335,0.024007328913728285,2024-03-04,2024-08-08,738948.0,739105.0,1.5518784985659455,0.19831496047491828,0.3825555852263537,0.6459942235256267
2024-09-29,739157.0210834703,0.34694538094109745,11.06345599633923,0.789763853843287,-0.09534639997378928,0.004405814509455016,0.001792094878116498,0.004024872350715357,2024-03-11,2024-08-08,738955.0,739105.0,2.3889228520870254,0.6786539608155557,0.3825555852263537,1.6397186368186725
2024-08-25,739122.4212473977,0.8425858995548416,3.295792714044749,0.40610467119587806,-0.0011180048359444841,0.004504545724712269,0.0036407195661396262,-0.0026525635198335344,2024-03-18,2024-08-08,738962.0,739105.0,1.1645416287263322,0.06345224319925968,0.3825555852263537,0.43463647196259014
2024-09-15,739143.6315462766,0.24785036138546485,12.407243283050319,1.150761753545562,-0.2781916960003577,-0.00453303374723657,-0.003488452989126489,-0.002894665904079447,2024-03-25,2024-08-08,738969.0,739105.0,2.9790113162311136,1.2259407139672094,0.3825555852263537,1.038625240139342
2024-09-20,739148.3604341766,0.11569630253323229,14.737306390176464,2.4391321597178726,-1.2649988855296688,-0.019505591374227776,-0.015742828823903147,0.011516572210498803,2024-04-02,2024-08-08,738977.0,739105.0,3.2232579946023767,0.5091343376178415,0.3825555852263537,0.8797284546667323
2024-09-11,739139.511593727,0.48411375698772885,13.60973600929296,0.8171384956371573,-0.06023683806904835,-0.003913088116078963,-0.0036064678588799085,0.0015184360991047903,2024-04-09,2024-08-08,738984.0,739105.0,3.2608359306968424,0.5475707767752789,0.3825555852263537,0.8116468795877487
2024-09-05,739133.4642683034,0.23193192788118494,7.555382727979877,1.5130904307221809,-0.4475143897222174,0.031244526920057396,0.02679780741292427,-0.0160654281087686,2024-04-16,2024-08-08,738991.0,739105.0,1.9365182669314476,0.4396804142176646,0.3825555852263537,0.5659744894292529
2024-09-05,739133.2700137197,0.728091013259521,3.4148838919930222,0.14802757458275168,0.01064002356784399,0.010986367864351951,0.01035146584509098,0.00368068386428122,2024-04-23,2024-08-08,738998.0,739105.0,0.8508268036068466,0.2064895994578425,0.3825555852263537,0.38475589499592167
2024-08-16,739113.6266607598,0.04131462649568541,7.377109260211888,3.8716616054817066,-3.041090316895192,-0.05405497432893763,-0.054017544457932526,0.0020112534493169254,2024-04-30,2024-08-08,739005.0,739105.0,2.974073637322976,0.3150730580089653,0.3825555852263537,0.8373707938440172
2024-09-01,739129.965287903,0.499382586917653,4.894628347336066,0.5202883103384005,-0.01869433772802121,0.02027185925955318,0.019539580941558436,0.005399356856831972,2024-05-07,2024-08-08,739012.0,739105.0,1.2097189144449847,0.09408712012170806,0.3825555852263537,0.25320595498855397
2024-09-11,739139.7216158544,0.5754111456117191,7.634556590134125,0.7118192908277975,-0.029236460577253678,0.012672192072060861,0.011126033067137235,0.006065957475961315,2024-05-14,2024-08-08,739019.0,739105.0,1.5141380715539676,0.17388715393157972,0.3825555852263537,0.24954374253408287
2024-08-20,739117.1994424257,0.26832403789914366,9.996803046963652,0.934475449694982,-0.2113424046415892,-0.02778922370873709,-0.02345247081541231,0.014907131413738511,2024-05-21,2024-08-08,739026.0,739105.0,3.200630443507261,0.20413086434294503,0.3825555852263537,0.7220389261797431
2024-08-11,739108.0038137636,0.2864499805796393,3.112864128246714,0.5203275416571183,-0.06030909756723933,-0.06030580978268895,-0.02874384291469598,-0.05301492420103178,2024-05-29,2024-08-08,739034.0,739105.0,1.5874662703015616,0.09202637365832851,0.3825555852263537,0.3614607688447722
2024-08-31,739128.042813134,0.3354074302669748,3.897371677533278,1.291798773363896,-0.2597562232756766,-0.05606770385498747,-0.055928468479830705,0.0039489022615355526,2024-06-05,2024-08-08,739041.0,739105.0,0.8243886934375317,0.398707169331781,0.3825555852263537,0.10469196015228102
2024-08-25,739122.2955289091,0.9010271474312892,7.530717257293323,0.4059455154011939,0.0004661950875646235,-0.002816698278116657,-0.0017669742170638,-0.0021935339765267172,2024-06-12,2024-08-08,739048.0,739105.0,1.7470110538591446,0.01980290475349379,0.3825555852263537,0.19209121828586775
2024-08-24,739121.3590341995,0.17513098391682094,2.0054482079549008,3.635432224199475,-1.8052200774827045,-0.2340757825528855,-0.08347656358128978,0.21868501391363018,2024-06-20,2024-08-08,739056.0,739105.0,0.4420969648520929,0.6734807830715518,0.3825555852263537,0.037095410254446674
2024-09-27,739155.45159083,0.09019531013407733,8.492283936393337,1.9021806411244926,-1.0386465012911972,0.07333766194490327,0.058045268352102226,0.04482364868545791,2024-02-20,2024-08-09,738935.0,739106.0,2.0201982678690826,0.1504181185889028,0.40345361807549346,1.6825444587263874
2024-10-28,739186.1498114445,0.7738098489298364,2.110718342403249,-3.1134960940424357,0.09143754783836158,-0.039140945981344336,-0.02012441582528952,0.03357114147605576,2024-02-27,2024-08-09,738942.0,739106.0,0.3741886181918903,0.8564405501323987,0.40345361807549346,0.6679706891019923
2024-10-01,739159.0477016668,0.36185630673402264,10.096504358483267,0.7465665711273662,-0.0799916520804696,-0.0102855565648247,-0.008416213295714625,0.005912700534378928,2024-03-05,2024-08-09,738949.0,739106.0,2.211336174929248,0.2787288857863295,0.40345361807549346,1.7193906088151292
2024-09-21,739149.5811506609,0.5294532714996057,10.097198671142934,0.6313888608433419,-0.028538291878825957,-0.0033902781820665494,-0.0006776825484815973,0.0033218567872923036,2024-03-12,2024-08-09,738956.0,739106.0,2.3961812743900555,0.44138683480290325,0.40345361807549346,1.5166314446595803
2024-08-15,739112.3174186992,0.1967747843822934,10.267494884243186,0.8430250268744837,-0.24601193624789805,-0.01766666901520356,-0.004034798229201195,0.01719975573496288,2024-03-19,2024-08-09,738963.0,739106.0,5.168343487231394,0.2668741177005957,0.40345361807549346,1.1136207494579335
2024-09-01,739129.4521427214,0.9215654915497444,8.488085434521842,0.5482258734283719,-0.004515352801107813,-0.001174842651206336,-0.0006394076033214675,-0.0009856029484068263,2024-03-26,2024-08-09,738970.0,739106.0,2.5894205404049866,0.41728084212230054,0.40345361807549346,0.8365044753125441
2024-08-28,739125.072205864,0.24020898187587064,14.909730409645094,1.0423245363354146,-0.2699158429260304,0.015264868120867145,0.014416257096462482,-0.0050187378967386995,2024-04-03,2024-08-09,738978.0,739106.0,4.847219880377569,0.2848752842988713,0.40345361807549346,0.8589929807802884
2024-08-20,739117.9694462713,0.1866186803292247,14.505723651825967,1.169101809366506,-0.40735125933405003,-0.017057672843369207,-0.017048772248116833,-0.0005509697480412943,2024-04-10,2024-08-09,738985.0,739106.0,5.558698361252273,0.3072309736395462,0.40345361807549346,0.8800615625268581
2024-08-26,739123.8417584015,0.3592932764368722,4.454259103132131,0.6999337282169975,-0.08036063860110362,-0.03108398633363555,-0.00816848289767914,-0.029991500354933302,2024-04-17,2024-08-09,738992.0,739106.0,1.4178777508210878,0.20853563745921727,0.40345361807549346,0.3570349979282783
2024-09-10,739138.6052322929,0.9979708380275687,9.549200644515103,0.6421412108663085,-0.0042325597807418396,-0.0010129919426675837,-0.0009007326845929464,0.00046350114003681684,2024-04-24,2024-08-09,738999.0,739106.0,2.210318505425918,0.43666455623427025,0.40345361807549346,0.5005457882157127
2024-08-14,739111.067869334,0.7028176260923861,8.67278145134758,0.5832599242916766,-0.017891504470652395,-0.004435677516091212,-0.0025238522275373865,0.0036476574620311693,2024-05-01,2024-08-09,739006.0,739106.0,4.184684859226099,0.3268670466097289,0.40345361807549346,0.6218637744058036
2024-09-12,739140.5146771481,0.6136040063330707,3.7027515893196488,-0.04193880479101694,0.02967938467540045,-0.019147186093818717,-0.005871528947496737,0.01822470529610926,2024-05-08,2024-08-09,739013.0,739106.0,0.7701394887444909,0.25687009361095436,0.40345361807549346,0.3625393144596609
2024-08-29,739126.4548764168,0.31312544105493983,14.553574464914856,1.0634815411048395,-0.2071589225442831,0.017289851483157648,0.003287947338985891,-0.016974344364531557,2024-05-15,2024-08-09,739020.0,739106.0,3.820692579755116,0.25778703023077876,0.40345361807549346,0.7182148894310104
2024-09-03,739131.1487190314,0.8028965671422701,6.199618693724426,0.5139368340989444,-0.004765747177250684,0.005685967192435195,0.005418828033671282,-0.0017223604892552542,2024-05-22,2024-08-09,739027.0,739106.0,1.4021133783245514,0.10854786146901658,0.40345361807549346,0.20843782985638082
2024-08-11,739108.7822797737,0.20276903818119135,11.797618928508104,0.7555671908904265,-0.19961626807199914,-0.03556985748385374,-0.02391613547666878,0.026329322537492122,2024-05-30,2024-08-09,739035.0,739106.0,6.154649111534721,0.09645418681546097,0.40345361807549346,0.8512792161943668
2024-08-18,739115.3067084701,0.861258727691343,8.809872346950662,0.4698161199134728,-0.002953273423038034,-0.003504454225091075,-0.002820757713087137,0.0020795493117062914,2024-06-06,2024-08-09,739042.0,739106.0,2.8938892111946557,0.08238483681235169,0.40345361807549346,0.3793804889158945
2024-08-27,739124.2704101263,0.9960905088532763,10.273645326121272,0.40444621403278413,0.0005942718676036638,-0.0015360372872426633,-0.0014802466302313104,0.0004102200159532087,2024-06-13,2024-08-09,739049.0,739106.0,2.31498361233019,0.037510914017906724,0.40345361807549346,0.1598785263273753
2024-08-10,739107.5615383598,0.35010057037676107,3.8408024206007196,0.3285184286268358,0.03430149894308327,0.016150208303627192,0.015618665196390201,0.0041093218094496,2024-06-21,2024-08-09,739057.0,739106.0,2.1257476066398495,0.19360020915974913,0.40345361807549346,0.06517749667361125
2024-08-29,739126.7413209581,0.27711559320732887,3.116399023759531,0.21398532403791798,0.04581108568981767,0.06427797319022491,0.024169094347694344,-0.059560999956813375,2024-02-21,2024-08-12,738936.0,739109.0,1.1779877640561411,0.0633747581015488,0.3849572153116289,0.6317518057335816
2024-10-12,739170.0293599317,0.9315689950794506,4.083851664842869,0.0946183708382732,0.0032916682772067517,0.002931566252870569,0.0008958275321182185,-0.002791339056379316,2024-02-28,2024-08-12,738943.0,739109.0,0.8538750432556834,0.25613056945639795,0.3849572153116289,0.6030830740845227
2024-08-26,739123.4628953742,0.8351536425425301,13.991805159259979,0.43930045103753895,-0.0035365674520801632,-0.0020606163244109893,-0.0010564643472320621,0.001769187022181823,2024-03-06,2024-08-12,738950.0,739109.0,5.532372712555406,0.10244185653077281,0.3849572153116289,1.368834584247669
2024-09-18,739146.6243593835,0.806177343400519,11.469428876492758,0.5054357183016349,-0.004900108862272755,-0.0005814927360644873,-0.0005574435838542816,-0.00016550061303650238,2024-03-13,2024-08-12,738957.0,739109.0,2.952416208108056,0.5923115899094746,0.3849572153116289,1.4718109525018241
2024-09-08,739136.5515980117,0.9880796825179963,8.741940453711013,0.5242173423420904,-0.0027388908313841836,0.0007783603592271043,0.0007752162136180254,-0.00006989042108814968,2024-03-20,2024-08-12,738964.0,739109.0,2.5525710121409517,0.3977206473136014,0.3849572153116289,0.9566955840094963
2024-09-21,739149.7936406215,0.5735446149811662,6.865231705458475,0.7982902835889286,-0.035594736934455785,-0.00807976374442318,-0.0027486294657550563,-0.007597869321439952,2024-03-27,2024-08-12,738971.0,739109.0,1.6145942264712594,0.36804348349359206,0.3849572153116289,0.3978512704973391
2024-08-18,739115.0252708273,0.7935204660666426,5.478730813911069,0.5588563412353356,-0.01008175427874171,-0.002979130344074091,-0.0003777276095005909,0.0029550870477879306,2024-04-04,2024-08-12,738979.0,739109.0,2.717815264206283,0.49014522118196785,0.3849572153116289,0.5592133104995225
2024-09-24,739152.8075457523,0.595738291817136,9.085552799138693,0.9359893865178489,-0.04205601117475032,-0.006452968769283868,-0.00208493927646194,0.0061068677856016594,2024-04-11,2024-08-12,738986.0,739109.0,1.9333663242137191,0.4273391436879076,0.3849572153116289,0.43646290616881606
2024-08-27,739124.9579743805,0.6826468972440362,3.690939959875898,0.4273361719707519,-0.0034912456769132516,0.009185692410045042,0.003642834457667961,0.008432479004775879,2024-04-18,2024-08-12,738993.0,739109.0,1.2409632904438457,0.07029552070885493,0.3849572153116289,0.38973255684435426
2024-09-03,739131.1802531104,0.9730935055079586,6.0752330353587976,0.5391028822691776,-0.0030884385195401863,0.0018692823415915724,0.001424890207103228,-0.0012099191585752296,2024-04-25,2024-08-12,739000.0,739109.0,1.7185450023143833,0.2646401229977201,0.3849572153116289,0.366311533847445
2024-09-18,739146.4954912363,0.026747574676515347,14.745675340227171,11.33505297892406,-9.799020422076678,-0.05524518973141187,-0.042620637140189634,0.03514985459747996,2024-05-02,2024-08-12,739007.0,739109.0,3.083314940565222,0.32174213129566476,0.3849572153116289,0.7478397268133137
2024-09-22,739150.3195635525,0.12036150996379782,14.182071580762646,2.9959989587112292,-1.5699880210625659,0.04021538725333299,0.035269497202461406,0.019322006599240802,2024-05-09,2024-08-12,739014.0,739109.0,2.694278889747334,0.3313233455919854,0.3849572153116289,0.6897999411168372
2024-09-04,739132.2031403733,0.7499912660699205,12.804910177064123,0.6715789471682273,-0.014878723572146008,-0.0026977134634726895,-0.0013503950807006422,-0.002335399549760451,2024-05-16,2024-08-12,739021.0,739109.0,3.193635442767712,0.3230349596961966,0.3849572153116289,0.6527454034831642
2024-08-14,739111.6425653221,0.1734518777346499,12.021084360299534,0.9398278765550727,-0.3194663816211301,-0.04005227192435156,-0.028426332054993765,-0.028215742630691727,2024-05-23,2024-08-12,739028.0,739109.0,6.609779739046735,0.11508888103904019,0.3849572153116289,0.8697013073127526
2024-08-12,739109.4335788139,0.5066483030509422,13.416480882281363,0.5395494943087297,-0.03004960534379719,-0.010997890035189221,-0.0108394378064796,0.001860154097265889,2024-05-31,2024-08-12,739036.0,739109.0,10.958490279430094,0.10318044007020231,0.3849572153116289,0.7394728910539138
2024-08-27,739124.5790245417,0.8104848265398867,2.8915131254077995,0.725641187352955,-0.02109454229797677,0.012126961424467583,0.004874170637644049,-0.011104307902145609,2024-06-07,2024-08-12,739043.0,739109.0,0.7619263269451371,0.48757096029754443,0.3849572153116289,0.09197497061964383
2024-08-15,739112.6578973709,0.6731095557906127,10.964546279199354,0.3737545997418867,0.005901351671688697,-0.004606603154349844,-0.004484537381002065,-0.0010534311083602301,2024-06-14,2024-08-12,739050.0,739109.0,4.957373544096616,0.07864403471252392,0.3849572153116289,0.1075554412629851
2024-08-13,739110.9760694893,0.012132448885224804,4.412104727299198,-3.5891251603907572,3.873228017629905,-0.02731615172393474,-0.020318466450018266,0.018257383879529538,2024-06-24,2024-08-12,739060.0,739109.0,2.282350016069172,0.3899026673809092,0.3849572153116289,0.07658004299549602
2024-08-19,739116.3510763677,0.9789379243403198,13.546249542358705,0.3734477317619496,-0.0009232276598140541,0.0010377991501203693,0.0010068333188110517,-0.000251622225016957,2024-02-22,2024-08-13,738937.0,739110.0,7.2024358272066085,0.06428824624311241,0.3997610537047587,1.8442305852579062
2024-09-05,739133.4678942031,0.26646247305156884,14.515213031148953,0.6945680225286368,-0.11797440552546778,0.02613590233144392,0.025324074963108564,-0.006463483421625967,2024-02-29,2024-08-13,738944.0,739110.0,4.824985042993545,0.08286343629558202,0.3997610537047587,1.6215272512242591
2024-08-15,739112.4874602086,0.2678681498434919,2.696036207234382,0.3837313882105595,-0.004084635835585399,-0.06631214835449083,-0.0575974346164577,0.03286086646743938,2024-03-07,2024-08-13,738951.0,739110.0,1.7906530205432891,0.006120058910689357,0.3997610537047587,0.5909545796927516
2024-09-28,739156.2556622223,0.1626284661361377,5.707765781945369,1.2310189367898388,-0.42989741296142653,0.06573988513180672,0.0591601287796956,-0.028667257628049708,2024-03-14,2024-08-13,738958.0,739110.0,1.322089175373159,0.18632293344855996,0.3997610537047587,0.4656148485332813
2024-10-01,739159.6137445505,0.5109130655634239,12.824101642831023,0.7523402010812396,-0.04119378192173327,-0.0009171660727078604,-0.000655842392860805,0.0006411430110770716,2024-03-21,2024-08-13,738965.0,739110.0,2.7895606889474567,1.7893847914983052,0.3997610537047587,1.1178550037774337
2024-10-06,739164.267592252,0.20472103065427444,7.710477956338961,1.7960816504832124,-0.5690540642823941,-0.044645029288562725,-0.044625338773450283,0.0013258127814357585,2024-03-28,2024-08-13,738972.0,739110.0,1.5523102668409243,0.33842432915875575,0.3997610537047587,0.3716866726259786
2024-09-14,739142.5488194483,0.4096968351992315,5.538787873275396,0.7851179465076337,-0.07412737271308781,-0.019874306750738552,-0.009715243529129492,-0.017337880839138314,2024-04-05,2024-08-13,738980.0,739110.0,1.4177021264604874,0.27588907021687675,0.3997610537047587,0.386908083187443
2024-10-07,739165.0281818969,0.014311160104154345,9.881756686015315,28.4250687657688,-26.31072207379238,0.10130777645260045,0.09018674101642814,0.046147776919433336,2024-04-12,2024-08-13,738987.0,739110.0,1.846537144964918,0.37612367237608507,0.3997610537047587,0.41887002583288135
2024-09-20,739148.3582490551,0.3589596246397713,3.5765668044447176,-0.12154819804424367,0.09417493881216298,-0.047673582816128865,-0.012480115333748874,0.04601105540826709,2024-04-19,2024-08-13,738994.0,739110.0,0.7925402938114763,0.19826078253443288,0.3997610537047587,0.4882026305480806
2024-08-27,739124.7175055443,0.5282385079493216,4.665040223229113,0.531304373040174,-0.019506206135839418,0.017336505304221535,0.009490583677177594,-0.014508040447620473,2024-04-26,2024-08-13,739001.0,739110.0,1.5806789436218658,0.1274048372645989,0.3997610537047587,0.3142988099478393
2024-09-13,739141.6454055093,0.8851476489352623,9.301052193121627,0.625000352673209,-0.006239314373493704,-0.002031271767398178,-0.0008879489762381277,0.001826913136584927,2024-05-03,2024-08-13,739008.0,739110.0,2.132528023835141,0.2923159243915718,0.3997610537047587,0.4719639541370873
2024-09-01,739129.060375029,0.46292630196739426,7.399374798005236,0.6719142284272643,-0.04874089760990258,0.017670661530537757,0.003482738211776991,-0.017324053032563,2024-05-10,2024-08-13,739015.0,739110.0,2.1069476238016125,0.17256691894200907,0.3997610537047587,0.4942101229970016
2024-09-19,739147.5635185889,0.22184300567473386,3.912932604632751,0.8393763302315664,-0.20620893728117995,-0.06555856386174515,-0.05332374742201348,-0.03813795034460857,2024-05-17,2024-08-13,739022.0,739110.0,0.7515364289637797,0.17832877478076992,0.3997610537047587,0.39034275945332436
2024-08-13,739110.7972597289,0.6249953003236149,13.552521648355068,0.5405683482904721,-0.020246239846869882,-0.006022599468519128,-0.003221769705627165,-0.005088408820260998,2024-05-24,2024-08-13,739029.0,739110.0,9.988447751523578,0.1550304608028,0.3997610537047587,0.7719902894820443
2024-08-27,739124.07184944,0.4363904125305912,5.703696197752541,0.5317621138840873,-0.028194192759396337,-0.02576502256392785,-0.025629456668301263,-0.0026395716711957477,2024-06-03,2024-08-13,739039.0,739110.0,1.6333712042208528,0.08372361133484911,0.3997610537047587,0.3208735049305793
2024-09-12,739140.8104927726,0.7409443438332289,10.612328129420202,0.45942944639154115,-0.0025211208928217856,0.003984543200979609,0.002641029587285187,0.0029835460847047533,2024-06-10,2024-08-13,739046.0,739110.0,1.8984828884886564,0.04417637225791678,0.3997610537047587,0.3186369099651055
2024-08-27,739124.3180967363,0.6958467988105094,13.140929175761894,0.35312719107624335,0.005918320058867999,0.0025997921043952954,0.00006852097164508698,0.0025988889669474094,2024-06-17,2024-08-13,739053.0,739110.0,3.3580763130506934,0.12054449623985727,0.3997610537047587,0.12063601701128836
2024-08-22,739119.0055165304,0.4862660650668621,5.47214464804334,0.26455379579331334,0.03145017309028975,0.007412925337503392,0.004822007547327126,0.0056302491306264605,2024-06-25,2024-08-13,739061.0,739110.0,1.6222612596364043,0.37700734194047464,0.3997610537047587,0.052878629657049876
2024-10-07,739165.5121065025,0.03905657216171644,6.609733455357678,4.092712024979855,-3.1335519864575083,-0.1350049205740313,-0.04091519548925876,-0.12865564642593907,2024-02-23,2024-08-14,738938.0,739111.0,1.5030368705890294,0.13715052815710027,0.4152936966841867,0.7013434671138133
2024-08-18,739115.3218230788,0.4710911474784566,2.113601477172344,0.2442962362751078,0.02756460412042434,0.03712406796005798,0.03670468825506865,0.005564376155619649,2024-03-01,2024-08-14,738945.0,739111.0,1.2359014831979331,0.16549239458470857,0.4152936966841867,0.7702038283779152
2024-10-18,739176.6533432184,0.18374785259506934,7.816945302324234,1.6088359812898396,-0.5330549095542686,-0.05822116304936279,-0.007478153057667523,-0.057738904160596856,2024-03-08,2024-08-14,738952.0,739111.0,1.5304612354227054,0.21521684973934418,0.4152936966841867,0.613727542927568
2024-08-24,739121.8664771486,0.7489168981627804,6.83775282429046,0.5395198368745647,-0.01006618757729189,-0.0032797864038016083,-0.002566899244887159,0.0020415746670547274,2024-03-15,2024-08-14,738959.0,739111.0,2.9461957208128244,0.3361550887799327,0.4152936966841867,0.8495173773172642
2024-08-29,739126.941076322,0.609257313899182,4.733033135989273,0.582358010433613,-0.019182756436668988,0.008549032612309005,0.007836178186196039,-0.0034176410052122646,2024-03-22,2024-08-14,738966.0,739111.0,1.7417011476643272,0.28883860927007315,0.4152936966841867,0.4342307471628698
2024-10-03,739161.4837788566,0.5204894008880369,7.650368090804915,0.9048594591794811,-0.05233319792007871,-0.009674590301681725,-0.008151884623781167,0.005210035948623989,2024-04-01,2024-08-14,738976.0,739111.0,1.5844736403924675,0.36802239732637615,0.4152936966841867,0.3905286482504519
2024-08-26,739123.9348364872,0.14502431364991833,9.840470371552168,1.4850616992591135,-0.6538465830573097,-0.026924233355275093,-0.0220811971226266,0.015405683217599104,2024-04-08,2024-08-14,738983.0,739111.0,3.7405737832367305,0.35789651807556755,0.4152936966841867,0.8854856795633319
2024-08-21,739118.0958966885,0.5735695609916004,13.683251891139662,0.5895800553859413,-0.027612881404242937,0.002764195229009115,0.0027204030337324822,-0.000490084276564614,2024-04-15,2024-08-14,738990.0,739111.0,6.300823150887765,0.4187355064912245,0.4152936966841867,0.8479125764974949
2024-09-10,739138.1173024838,0.6818669482589969,6.990225407415757,0.6711843534167189,-0.018000990988180716,-0.005201308581364769,-0.003801360173849035,-0.0035501087007658257,2024-04-22,2024-08-14,738997.0,739111.0,1.835026889500116,0.3375920833038173,0.4152936966841867,0.45718388111280506
2024-09-23,739151.2474456036,0.855315603830016,5.459217705573749,0.4278905011493272,-0.0013793351274563384,-0.0034031099068106575,-0.0018495475880431539,-0.0028566292649548687,2024-04-29,2024-08-14,739004.0,739111.0,1.1269723711498685,0.06350235077727144,0.4152936966841867,0.35998487716902766
2024-08-25,739122.7692287698,0.1666087426225529,10.490187825407423,1.3214880504466946,-0.5177888193443559,0.02547908266217009,0.011121670495332794,-0.02292361443356917,2024-05-06,2024-08-14,739011.0,739111.0,3.75810437551624,0.32276274713531583,0.4152936966841867,0.8600253042205289
2024-09-20,739148.7750635312,0.7676848977395851,4.157392009409817,0.2427288317764223,0.004123787323488946,-0.006690530727857394,-0.0023464975076652773,-0.006265552718390024,2024-05-13,2024-08-14,739018.0,739111.0,0.8216807465677144,0.11381453010013544,0.4152936966841867,0.40908333970174393
2024-09-09,739137.1801939013,0.3218597916735502,14.314659610813848,1.0444844470512145,-0.18413399970940647,0.013905188307109455,0.010639671363880806,-0.008952745675198655,2024-05-20,2024-08-14,739025.0,739111.0,3.315087366392504,0.29774385896264244,0.4152936966841867,0.7814331283571627
2024-09-02,739130.1229201057,0.822856937580011,8.435289739209603,0.5345657313824245,-0.00574555355387223,-0.004328401650694147,-0.004327636740157775,-0.00008137011102616263,2024-05-28,2024-08-14,739033.0,739111.0,2.1817123663696787,0.1294877407613754,0.4152936966841867,0.4132223579058388
2024-09-15,739143.9523904736,0.16351322454497133,9.68903899033127,0.9742302240162335,-0.29939465844272856,-0.05005640839819349,-0.04533008762208746,-0.021232691254304267,2024-06-04,2024-08-14,739040.0,739111.0,1.771623462325624,0.10093842919466817,0.4152936966841867,0.4863359073694155
2024-08-22,739119.1507171905,0.16789995425499685,8.715703262583997,0.48747288458385607,-0.040074953822358525,-0.043354574447752335,-0.027238083271489924,0.033729896905283906,2024-06-11,2024-08-14,739047.0,739111.0,3.0248844732293265,0.01780681492937445,0.4152936966841867,0.2963397363643376
2024-09-06,739134.5563385389,0.19017061984786615,8.782170941592664,-0.05551544191997738,0.23217493866708847,-0.024061024361384725,-0.020575642375634202,-0.012473004215070051,2024-06-18,2024-08-14,739054.0,739111.0,1.718590478449279,0.20895018620146386,0.4152936966841867,0.07930000310735998
2024-08-30,739127.6207532677,0.4814776457931761,10.800403469239162,0.21291330128418587,0.03824685512096694,0.0052753898887900165,0.001016796098870782,-0.00517647217437408,2024-06-26,2024-08-14,739062.0,739111.0,2.36051368925866,0.32320443894686485,0.4152936966841867,0.04842072238681091
2024-11-07,739196.927276132,0.8573474232230054,4.927929040849086,0.04416025042948227,0.004436786791084339,-0.0033564928453937563,-0.0026378897553229926,-0.002075471478951584,2024-02-26,2024-08-15,738941.0,739112.0,0.8651644760262222,0.2299721443527901,0.46261973763145636,0.6472882895745302
2024-10-28,739186.1770177833,0.08122804204677415,4.111193240884979,-6.708494924750561,4.7394211236010895,0.2447267297186844,0.2175180696393241,-0.1121474993889037,2024-03-04,2024-08-15,738948.0,739112.0,0.7632995897479096,0.3826326163576695,0.46261973763145636,0.64865233206761
2024-08-31,739128.676556097,0.40490059853388505,3.153620439466261,0.3533810964161476,0.0025540520717287907,0.03280174463060396,0.017572823942495954,-0.02769747839600921,2024-03-11,2024-08-15,738955.0,739112.0,1.1760809218357315,0.009997048548994095,0.46261973763145636,0.6689951140834517
2024-10-18,739176.0112602218,0.757143087231509,3.9376005184322724,-0.09532400749796834,0.01247741866305349,-0.007618158317183729,-0.0015203279564162434,-0.007464913867595177,2024-03-18,2024-08-15,738962.0,739112.0,0.7563940866800212,0.31493509685990845,0.46261973763145636,0.55656652191912
2024-10-07,739165.7497774003,0.3692959911961636,11.418512996281445,1.0536932770955625,-0.13276503665830425,-0.010707350509584527,-0.005159665700529933,0.00938217484349311,2024-03-25,2024-08-15,738969.0,739112.0,2.3581327686109548,0.4010206557047049,0.46261973763145636,0.8979349149480914
2024-10-11,739169.0570138906,0.273070696399864,6.730724351424192,1.1480628618715176,-0.22799957040393976,0.03281062107418686,0.01232016601010042,-0.03040970839645527,2024-04-02,2024-08-15,738977.0,739112.0,1.3001936884490646,0.28192453346253016,0.46261973763145636,0.4294072285149903
2024-10-03,739161.6458844031,0.13913830816332598,12.613554212325573,2.4853360698842613,-1.1499031502011865,0.028911800790794837,0.022071740491471585,0.01867432720725806,2024-04-09,2024-08-15,738984.0,739112.0,2.5593270107982438,0.4387280088438123,0.46261973763145636,0.7842705708144222
2024-09-10,739138.5359777785,0.206274697703333,3.5915987919340506,0.6209855776966475,-0.11727508496772103,0.05679743532627273,0.0004361307492358447,0.056795760841912096,2024-04-16,2024-08-15,738991.0,739112.0,0.9806556689656779,0.11858647863295431,0.46261973763145636,0.5309041989998545
2024-09-02,739130.5827359895,0.7313332156293676,5.047157399647162,0.5138401762924223,-0.007158558188610819,0.006397078296479967,0.002960452614867443,0.00567083160095762,2024-04-23,2024-08-15,738998.0,739112.0,1.5784243269270246,0.1621482788286361,0.46261973763145636,0.33289986532863575
2024-09-13,739141.2633489347,0.414181772682796,4.428187613904543,0.537562656377925,-0.030571709437183053,0.02306814733294099,0.012523049284816248,-0.01937298784349837,2024-04-30,2024-08-15,739005.0,739112.0,1.084111803924822,0.12395726245327532,0.46261973763145636,0.43955955177561085
2024-09-22,739150.0456493766,0.9088777882032155,5.752400447999753,0.4463821772392007,-0.0012729708990807755,0.0027438679731140773,0.0015993653188105,-0.0022295385241944896,2024-05-07,2024-08-15,739012.0,739112.0,1.1799238789931579,0.07330129435509276,0.46261973763145636,0.31086971664523944
2024-09-15,739143.0663914771,0.3164963243908206,5.929804161373044,0.8429111520238622,-0.1228402646556077,0.037134165359482905,0.0335578823372136,-0.015900149998888294,2024-05-14,2024-08-15,739019.0,739112.0,1.3068120196055537,0.176561250735977,0.46261973763145636,0.2576934070293547
2024-08-23,739120.81656257,0.8617764752847994,12.682891585548335,0.5542404934603724,-0.007195414399613368,-0.002487269537359906,-0.0012125486739586963,0.002171689541522813,2024-05-21,2024-08-15,739026.0,739112.0,4.794673980838406,0.19656641387569934,0.46261973763145636,0.6169504930329833
2024-09-18,739146.6691818485,0.391091738996567,4.096366176570408,1.7685421442400813,-0.2855432122313685,0.04905326178028354,0.026538807027611723,-0.041254262965616205,2024-05-29,2024-08-15,739034.0,739112.0,0.7683995421575124,0.5557555658492331,0.46261973763145636,0.15283810795383368
2024-09-06,739134.0410192125,0.47188341415230683,5.717128094929901,0.6060378699938211,-0.03343184280743847,-0.02115883093503411,-0.009960232896153646,-0.018667883843428403,2024-06-05,2024-08-15,739041.0,739112.0,1.3103922953420393,0.13041436699792575,0.46261973763145636,0.16961454146371313
2024-08-17,739114.457431284,0.9403034991207,3.133710444353005,0.421657032519812,-0.0016345752023921428,0.004833598985403298,0.0005978393967763935,-0.00479648488034246,2024-06-12,2024-08-15,739048.0,739112.0,1.6445858801310098,0.10147135890703178,0.46261973763145636,0.10526748805653144
2024-09-11,739139.5583087194,0.060074494325310215,2.80285253906289,16.730788787836808,-12.941998456899919,0.3912769160553314,0.3828587452510487,-0.08072673796558022,2024-06-20,2024-08-15,739056.0,739112.0,0.4948187477776338,0.708935935519339,0.46261973763145636,0.03724014952621017
2024-08-28,739125.4407651568,0.7896414275656549,9.49181499347187,0.31325627034880454,0.007270129115226892,0.0013729463721048503,0.0010701472864581914,-0.0008600968119706293,2024-06-27,2024-08-15,739063.0,739112.0,2.3202763455680064,0.44052363106983344,0.46261973763145636,0.04934747564207036
2024-08-26,739123.2420511767,0.4191552915185034,13.358784452633573,0.5223561568760554,-0.03453960405465193,0.01503306609151152,0.01136934883921166,-0.009835191054782306,2024-02-27,2024-08-16,738942.0,739113.0,6.109037798370042,0.07209046031832847,0.4603655261336335,1.5813301379990456
2024-09-16,739144.494515837,0.7682670480463203,5.805832412808782,0.5636041666582324,-0.007266937840362087,0.004203882487273936,0.0033020256806408584,-0.0026017790780919064,2024-03-05,2024-08-16,738949.0,739113.0,1.687013422239073,0.2287434085599688,0.4603655261336335,0.5751678238866524
2024-09-14,739142.0541082942,0.7886956958982063,13.21647430331446,0.49602293115391827,-0.005166311086347279,0.0016756494801095224,0.0016756029128121048,-0.000012492348334187215,2024-03-12,2024-08-16,738956.0,739113.0,3.905881242165737,0.18398873445135047,0.4603655261336335,1.3703829120935365
2024-10-28,739186.2719854928,0.7842868162984431,7.559106107557643,0.6399184062608879,-0.006878417686643519,-0.002551525109349903,-0.0020763542457588684,-0.0014829138308621156,2024-03-19,2024-08-16,738963.0,739113.0,1.3404744494217733,0.27970045381232145,0.4603655261336335,0.47351198339405437
2024-09-11,739139.3447121464,0.8305511952637346,13.58789686840136,0.5341478982267899,-0.005556059330999176,0.0006915721398211162,0.0001432494938872312,0.0006765734306620457,2024-03-26,2024-08-16,738970.0,739113.0,4.0238468568224475,0.4910701669994591,0.4603655261336335,1.0231757478474153
2024-08-18,739115.8754768093,0.7483699853854365,8.947873653046475,0.5214328297249955,-0.010459402353960496,-0.001743620284367888,-0.00018887880782847243,-0.0017333598853130436,2024-04-03,2024-08-16,738978.0,739113.0,5.5114490976816075,0.5017085186430122,0.4603655261336335,0.8736423340757689
2024-08-20,739117.3123338146,0.9939005075250407,10.292849340211404,0.4954331705999958,-0.003213528988711145,-0.0006878717488518195,-0.00028558069139778734,-0.0006257884719050218,2024-04-10,2024-08-16,738985.0,739113.0,5.608538177275149,0.4511095749497269,0.4603655261336335,0.7759159838827785
2024-09-18,739146.7747306242,0.014634496471105821,13.492237993098758,17.694106909829607,-16.302675461149843,-0.0517548498650434,-0.05083381939292999,0.009720457318467983,2024-04-17,2024-08-16,738992.0,739113.0,3.268829985188695,0.3416658881201505,0.4603655261336335,0.7990892293356232
2024-08-25,739122.5235696016,0.4325596852495207,8.235812483989053,0.7413514722912496,-0.07538543275040177,-0.01140804569829,-0.0005415605799018861,0.011395184017494819,2024-04-24,2024-08-16,738999.0,739113.0,3.359061479778243,0.3470689570350863,0.4603655261336335,0.7119773475768864
2024-09-09,739137.5322753561,0.17283613709130344,4.604507637112475,1.0788028520834392,-0.34860130310498194,0.061229498945791674,0.05805081117689626,-0.019471899313036715,2024-05-01,2024-08-16,739006.0,739113.0,1.2306143008511838,0.2137074460682452,0.4603655261336335,0.3983143220184921
2024-08-28,739125.3591227189,0.05369346563223211,13.577804103309683,3.4500940875333312,-2.5276651923508306,0.04252855977346914,0.03302311536167554,0.026798362789823678,2024-05-08,2024-08-16,739013.0,739113.0,4.769931687364403,0.23503404238476747,0.4603655261336335,0.8782826225448724
2024-08-23,739120.0322947545,0.7687783317110259,5.820369480998297,0.47915955585352493,-0.0050913243234483345,-0.007097330620848259,-0.006716478576898165,-0.0022936907960094226,2024-05-15,2024-08-16,739020.0,739113.0,2.459415701188919,0.0947515461419743,0.4603655261336335,0.31320901265729656
2024-09-07,739135.2686640917,0.821546938674357,6.951572303729112,0.48591065904667496,-0.0035614420025441105,-0.004931933028654946,-0.004849887975931557,-0.0008958515613939931,2024-05-22,2024-08-16,739027.0,739113.0,1.7496637656450682,0.08534106202754128,0.4603655261336335,0.2639746101837248
2024-09-07,739135.2012017139,0.17120034143060295,5.754165251006564,1.1928765837408688,-0.4126809514405924,-0.07753234655790907,-0.01674850684405256,-0.0757017323531664,2024-05-30,2024-08-16,739035.0,739113.0,1.3801473118417318,0.15836302585845227,0.4603655261336335,0.26121022749773726
2024-08-19,739116.1383679603,0.213396700210367,6.625756481787509,0.5503817291332521,-0.07187280912192513,0.04718774939649319,0.046861354507559884,-0.005540500593181077,2024-06-06,2024-08-16,739042.0,739113.0,3.334641067278066,0.049055486214441585,0.4603655261336335,0.3802701433412229
2024-08-25,739122.0092624982,0.5799553866070423,11.534295392376254,0.40541819379670135,0.00230282203586928,0.005018285278498,0.001532361239525572,0.0047786039978208504,2024-06-13,2024-08-16,739049.0,739113.0,3.8409798340367085,0.023073238076014958,0.4603655261336335,0.2290397883980408
2024-09-08,739136.4319492118,0.9909776332643967,6.494146716064156,0.39200616025081286,0.0005987779236873735,0.0014638283764522168,0.0006065800145984349,0.001332236541157949,2024-06-21,2024-08-16,739057.0,739113.0,1.2617892686461514,0.062419081634541115,0.4603655261336335,0.04247002106330717
2024-09-01,739129.4799977719,0.706555048568522,2.703887056007756,0.806994415536671,-0.032990897649279385,0.016158515097627484,0.0029289475198957084,-0.015890842538580276,2024-06-28,2024-08-16,739064.0,739113.0,0.5936917627829387,0.533519308153128,0.4603655261336335,0.025659220268506786
2024-11-12,739201.4596133711,0.9722850391964077,6.083622584463777,0.32537882097460635,0.00014460023113047372,-0.0013375180943426114,-0.0012833782296288846,-0.0003766894907062327,2024-02-28,2024-08-19,738943.0,739116.0,1.0715453482161945,0.01727828609757948,0.4910336227544166,0.6532009183073003
2024-10-14,739172.6130937487,0.6714394859958245,6.790727344133744,0.6153611949961968,-0.011467854489061543,0.005616940751398737,0.00433997460069428,-0.003565759928830366,2024-03-06,2024-08-19,738950.0,739116.0,1.4797955519033312,0.20187052622442261,0.4910336227544166,0.6225881150488054
2024-08-31,739128.9309150295,0.995853953866972,2.534747231197486,0.3232244931134593,0.0015326428808479604,-0.0031549858063742715,-0.002369733869659892,0.0020828578505048935,2024-03-13,2024-08-19,738957.0,739116.0,1.0438315300764387,0.19085544609106223,0.4910336227544166,0.6522308664132693
2024-09-30,739158.2563437498,0.8961177946151166,12.57257057868609,0.5549167913933795,-0.0037403286295692425,-0.00018432946155960196,-0.00009585642274975556,0.00015744490025552726,2024-03-20,2024-08-19,738964.0,739116.0,3.052353531695511,1.4462921403297027,0.4910336227544166,1.191136090714739
2024-10-22,739180.2549483861,0.9846126960316228,10.316597040220815,0.7253576148983126,-0.0035830673380303018,-0.0008937007541469368,-0.00048250764261279644,-0.0007522548855162361,2024-03-27,2024-08-19,738971.0,739116.0,1.938626670104349,0.38264127022013245,0.4910336227544166,0.4529359289570182
2024-10-17,739175.7679647122,0.7027401425895107,3.440627767628188,-0.2777728800765141,0.023573810560110656,-0.0120695475067206,-0.0055509950287533135,0.010717295890649908,2024-04-04,2024-08-19,738979.0,739116.0,0.6524872858685568,0.39892924324504625,0.4910336227544166,0.6137443518609634
2024-08-29,739126.0954085869,0.8154324711977727,4.703121610114943,0.5116365618455325,-0.005570140431286037,0.0036788101772421058,0.002987347550732925,-0.0021469510779964433,2024-04-11,2024-08-19,738986.0,739116.0,1.9688027454283465,0.26251888927714745,0.4910336227544166,0.4382354761170659
2024-08-27,739124.0908562586,0.07937824749357605,14.579826701146219,2.1367050602903523,-1.3287319107994884,-0.028864632246479328,-0.007074499234381844,-0.027984253702881292,2024-04-18,2024-08-19,738993.0,739116.0,6.462819560954139,0.25062274415360963,0.4910336227544166,0.9353519960087661
2024-08-26,739123.6590301374,0.2646851937992572,11.293945927939511,0.9382815226004185,-0.21702997024421017,-0.013894303747477427,-0.011826750867455594,0.007292437215794429,2024-04-25,2024-08-19,739000.0,739116.0,4.999967412894953,0.36607229830785804,0.4910336227544166,0.8847331538081058
2024-09-01,739129.0747853447,0.7465498473759778,9.970479431900015,0.6244891614622182,-0.013727223455509113,-0.00324863526199781,-0.0027663162254287477,-0.0017032690939558631,2024-05-02,2024-08-19,739007.0,739116.0,3.544943222126022,0.3163912894003858,0.4910336227544166,0.6010775968846392
2024-10-08,739166.692736287,0.9913735804574182,8.564985428249665,0.572679110214554,-0.002090318976810014,0.001553454692111597,0.001108495161104298,0.0010883289751963297,2024-05-09,2024-08-19,739014.0,739116.0,1.5030813174863413,0.1557487911992446,0.4910336227544166,0.19956445816641577
2024-10-03,739161.4909198933,0.40593121446573444,4.3224186922899595,0.9022233374634404,-0.09603752258708544,0.021741272104871683,0.021552533941614327,0.0028585299427562397,2024-05-16,2024-08-19,739021.0,739116.0,0.7757354358570833,0.4148409424731141,0.4910336227544166,0.4846909746789544
2024-09-12,739140.791413126,0.3289481884142614,5.768729918821922,0.8673852214152976,-0.12671424083609187,0.037844693818527085,0.013379091593513087,-0.03540085815839001,2024-05-23,2024-08-19,739028.0,739116.0,1.3909940046934215,0.1909271643562826,0.4910336227544166,0.21826784332914986
2024-08-20,739117.0851763122,0.4260982803213499,5.561785151564916,0.5150126969883186,-0.028805904551713446,-0.02811800470984454,-0.015004864255123939,0.023779744270032502,2024-05-31,2024-08-19,739036.0,739116.0,3.8184761842499926,0.0784860713968154,0.4910336227544166,0.39535048337896517
2024-09-17,739145.7660157639,0.19238503732819284,9.525701239588535,0.6665737558243566,-0.11926820476273677,-0.04108744738683899,-0.03811329934756514,0.015347792857904767,2024-06-07,2024-08-19,739043.0,739116.0,1.8785338354927046,0.058625945086363006,0.4910336227544166,0.34689717694492517
2024-08-28,739125.5441017332,0.7597695231755901,3.48457945673037,0.5072312587173584,-0.00758641202262772,0.007097867563349504,0.003933777943249647,0.005908055097919415,2024-06-14,2024-08-19,739050.0,739116.0,1.1473280156770893,0.2330451294335654,0.4910336227544166,0.04199319611328162
2024-09-10,739138.1197253449,0.8281703650622454,13.199337074507604,0.3475959011744911,0.0035251374970963634,-0.0015540310596809863,-0.00044226176971907927,-0.00148977080837898,2024-06-24,2024-08-19,739060.0,739116.0,2.6506563284648026,0.1423258980292009,0.4910336227544166,0.0864106829226733
2024-08-28,739125.8476265556,0.6367414718345533,13.948340823250165,0.3132737690429925,0.013877361612656874,-0.0012291494965187737,-0.0012291334620527206,-6.278316227175283e-6,2024-07-01,2024-08-19,739067.0,739116.0,3.9686466459654977,0.5153980651860179,0.4910336227544166,0.0744024420384766
2024-08-27,739124.5989782393,0.3178618533886313,14.738628608790941,0.5873621317108588,-0.07064113808730589,0.019888019575872044,0.01949152657898363,-0.003951419273001082,2024-02-29,2024-08-20,738944.0,739117.0,7.4318807495040495,0.07660330098257828,0.48830980647762023,1.698004992974028
2024-09-25,739153.47288991,0.9156906974979211,7.585392139874902,0.563247703969727,-0.0035845640935393834,-0.0017085569324568897,-0.0008235588064587951,0.001496969499940016,2024-03-07,2024-08-20,738951.0,739117.0,2.069275425956647,0.25326644836113166,0.48830980647762023,0.8411176755881995
2024-09-10,739138.6621918271,0.5918027553026789,10.956617747788608,0.5749283569722339,-0.01892328458054483,0.0009632958792894307,0.0009249635671140552,0.0002690378236747397,2024-03-14,2024-08-20,738958.0,739117.0,3.698705059322175,1.0610535203245701,0.48830980647762023,1.3500132306106065
2024-10-09,739167.9484359084,0.4669078167493862,8.354360880338515,0.9979427058168763,-0.07578429336426276,0.012643295444205288,0.012553207363607145,0.001506620249346711,2024-03-21,2024-08-20,738965.0,739117.0,1.8377428066471948,0.3349938486292444,0.48830980647762023,0.409376460734565
2024-10-01,739159.2041147249,0.20999122425799205,5.723604003993161,1.2372508735779044,-0.3448154712185657,0.044096374476693234,0.042908172189694595,-0.010167546475344092,2024-03-28,2024-08-20,738972.0,739117.0,1.3570105650860553,0.2868900103866473,0.48830980647762023,0.49062052879418
2024-09-22,739150.6164719135,0.6755966157561132,7.477056349891686,0.73942455141878,-0.020174407677674512,0.004395628007019835,0.0029957169382014114,0.003216710369658781,2024-04-05,2024-08-20,738980.0,739117.0,1.9330554012907564,0.41470251820497683,0.48830980647762023,0.44526538142658045
2024-10-02,739160.9352676852,0.03633365420922253,7.150324838240784,7.696968820304057,-6.236671401405724,0.10152270464697015,0.09768183732518226,0.027660770336571668,2024-04-12,2024-08-20,738987.0,739117.0,1.5658622603737327,0.31215693638493,0.48830980647762023,0.36616747872031297
2024-09-14,739142.4857850173,0.8756756811737343,6.954958456960881,0.5981362436389409,-0.00571535996662258,-0.0021285477455435273,-0.0011830090544854783,-0.0017695211448478954,2024-04-19,2024-08-20,738994.0,739117.0,1.9507937922359038,0.33807179600597453,0.48830980647762023,0.42934754164149996
2024-09-30,739158.3033525883,0.0707099160980036,2.2414906468336593,-3.6959430659862527,2.884983213874123,-0.24977211793044293,-0.20259473875422865,0.14608724353811642,2024-04-26,2024-08-20,739001.0,739117.0,0.4770500761713091,0.36437009433906614,0.48830980647762023,0.7049229798117509
2024-09-07,739135.3353779225,0.6390888803427995,4.712863094874971,0.49497672109189605,-0.00799001960214215,0.009828066708373535,0.009662724251061782,-0.0017951755546972978,2024-05-03,2024-08-20,739008.0,739117.0,1.4536402088980136,0.11024431069774239,0.48830980647762023,0.3327806171477492
2024-09-16,739144.9729724204,0.05172968722399075,2.601984544958447,6.576824825234837,-5.075597379304527,0.13592236025507123,0.030379550404706503,-0.1324838515990431,2024-05-10,2024-08-20,739015.0,739117.0,0.6361226659103917,0.7423887755601823,0.48830980647762023,0.5970478814998901
2024-09-10,739138.4032588669,0.17063398908159025,4.777562319028954,1.351376589631535,-0.49105292755536273,0.06772524573609486,0.052257564218925974,0.04307964591218527,2024-05-17,2024-08-20,739022.0,739117.0,1.2877042814474253,0.2589625113755009,0.48830980647762023,0.31213662102095996
2024-08-20,739117.3829693169,0.5311473850213019,6.79614873292235,0.5208762122411171,-0.020227715136407417,0.017818808278166013,0.008458549421102319,0.015683203440139626,2024-05-24,2024-08-20,739029.0,739117.0,5.885725722341998,0.08871975763486685,0.48830980647762023,0.4381571175320354
2024-09-21,739149.1026350212,0.4599396847933822,3.3177731476118915,2.5793645583566764,-0.3452770375377638,-0.06835966905091029,-0.0437741001335881,0.05250592833428035,2024-06-03,2024-08-20,739039.0,739117.0,0.6507960216944395,0.7001997327487627,0.48830980647762023,0.09954199835215045
2024-09-16,739144.9852148358,0.3408599743689194,8.816650807723855,0.517563873490061,-0.026827540954793207,0.02387889427549045,0.02077865444377602,-0.011766440044728807,2024-06-10,2024-08-20,739046.0,739117.0,1.7726714991744852,0.04343491944272898,0.48830980647762023,0.2644661517031918
2024-09-05,739133.3530221344,0.10971111177107676,14.4043794410074,0.20557172302069138,0.1514040473702405,-0.02723677138224717,-0.020301373569679166,0.01815753139920542,2024-06-17,2024-08-20,739053.0,739117.0,3.6497438135420417,0.042338739338320136,0.48830980647762023,0.1256060429675799
2024-08-20,739117.8514910723,0.08593829557328815,9.629159833964241,0.2385216984694478,0.15482981942031654,-0.028968663035202746,-0.008682486109475234,-0.027636893331304303,2024-06-25,2024-08-20,739061.0,739117.0,6.4384716035197735,0.047700671808371474,0.48830980647762023,0.09740318655949204
2024-08-24,739121.8800011846,0.621507944483478,9.959935011252192,0.36873317695761104,0.009037001005060219,0.0026712624119017416,0.002355592777303188,0.0012596926374144463,2024-07-02,2024-08-20,739068.0,739117.0,3.80697326361426,0.21110472662197283,0.48830980647762023,0.08363283400526794
2024-10-10,739168.5613441286,0.8545621302250954,8.398827623064157,0.5950917434618085,-0.0046521116159381004,0.002202110590608594,0.001471793987170928,0.0016380212186043355,2024-03-01,2024-08-21,738945.0,739118.0,1.9870247585780827,0.21494927059640204,0.4993468955093612,0.9253239732585152
2024-11-05,739194.3006404793,0.282883698007048,6.540366003098755,0.6907261143124784,-0.08950028403560115,0.037454135864351194,0.023203638122470973,-0.029400739297281115,2024-03-08,2024-08-21,738952.0,739118.0,1.2027942938594465,0.10335476416130113,0.4993468955093612,0.7474881816835792
2024-10-22,739180.9659049625,0.11508189364110757,12.991207503649738,2.5235947449625704,-1.2708723822009704,0.02123858364289027,0.0060988017265987205,-0.020344091345048634,2024-03-15,2024-08-21,738959.0,739118.0,2.6050508565943504,0.5300707874556789,0.4993468955093612,1.143371059023747
2024-09-08,739136.1741886962,0.7686082271219701,2.5422181599346305,0.3016577916400639,0.003903411056254002,-0.007368663159558692,-0.006657380057237272,0.0031585578247891755,2024-03-22,2024-08-21,738966.0,739118.0,0.9050321729005307,0.16015768982124107,0.4993468955093612,0.7042360477240361
2024-09-01,739129.668055834,0.6656694043491153,5.3297422353228345,0.5911020542147316,-0.015826652459850824,-0.005770354440824955,-0.004041085371156141,0.004119055643685348,2024-04-01,2024-08-21,738976.0,739118.0,2.1867499999288103,0.3425618269646167,0.4993468955093612,0.47424678103849555
2024-10-06,739164.14058449,0.9252657348558417,2.0223687161467825,-0.5735488299305928,0.017054328329123045,0.010682339642720091,0.005146507424730519,0.009360867565008216,2024-04-08,2024-08-21,738983.0,739118.0,0.4401831115493355,0.7304228961883563,0.4993468955093612,0.6813985740050016
2024-08-21,739118.7209771639,0.6070161381638627,6.246965565298953,0.5900744282179718,-0.02470715630151131,0.005650121158875934,0.003299435317579103,-0.004586675887294546,2024-04-15,2024-08-21,738990.0,739118.0,5.154906894638103,0.42490919304357705,0.4993468955093612,0.6667757073883981
2024-09-05,739133.0251058472,0.15283845840195556,11.30321788071449,1.62623757744497,-0.6963309771945929,-0.028682500098358,-0.023792357591121176,-0.016019036554940663,2024-04-22,2024-08-21,738997.0,739118.0,3.963325866247055,0.32826853835510955,0.4993468955093612,0.8234930722738922
2024-09-03,739131.0488433583,0.9520933673967873,7.837006319494027,0.5686816374091119,-0.004381598177619404,0.0014983638938102387,0.0011134322203977635,0.0010026779387491708,2024-04-29,2024-08-21,739004.0,739118.0,2.8386913989713136,0.3552585924554278,0.4993468955093612,0.506426193086628
2024-08-31,739128.1622426348,0.2526857117760087,5.974070813311725,0.8170828501882983,-0.16689476549976895,0.04658461876008188,0.006973226070267032,-0.046059752747872176,2024-05-06,2024-08-21,739011.0,739118.0,2.3245994835070745,0.15153414016865732,0.4993468955093612,0.4377288899135788
2024-09-10,739138.4515303764,0.4364815310275417,2.3135820268553684,0.9055906258168314,-0.10514748462445318,-0.025833858078199812,-0.025431835873199176,-0.004539817983491102,2024-05-13,2024-08-21,739018.0,739118.0,0.6529204002828761,0.7678751065864423,0.4993468955093612,0.5973540994276332
2024-09-12,739140.9245842856,0.39062496456872753,4.0909835230797205,0.9429347638744764,-0.11927827497139015,-0.026872354951652026,-0.006490667284309,-0.026076707975739164,2024-05-20,2024-08-21,739025.0,739118.0,1.0552576817587775,0.42382628478776985,0.4993468955093612,0.36759492653849024
2024-09-05,739133.4518957305,0.7719073722942069,11.647765032604093,0.5884825499383552,-0.009605958034513796,0.0038688215009276246,0.002194249292118972,-0.003186385075610804,2024-05-28,2024-08-21,739033.0,739118.0,3.4702146840059163,0.1645449582761942,0.4993468955093612,0.5764456600691951
2024-09-22,739150.1775160902,0.21614643505907943,7.586124170873795,1.0078217844443311,-0.24886158541734577,0.05315779595737318,0.021838107559052022,0.04846491854202372,2024-06-04,2024-08-21,739040.0,739118.0,1.4860600229796075,0.13338869624871605,0.4993468955093612,0.23040036156724328
2024-09-19,739147.8155116683,0.33659783052104336,8.884616044541966,0.4985300162941198,-0.020986673310875913,0.023496940787226937,0.023471606786019134,0.0010908259443877478,2024-06-11,2024-08-21,739047.0,739118.0,1.7226617432811298,0.03383801884682971,0.4993468955093612,0.2115480342767504
2024-08-26,739123.1991570093,0.7456146221266761,11.094096787549505,0.41094618909120373,0.0021578256936858643,0.003039781470624524,0.002029386399187602,-0.002263153161397737,2024-06-18,2024-08-21,739054.0,739118.0,4.570449763032171,0.04770857693728011,0.4993468955093612,0.10951422339657177
2024-09-12,739140.7744120167,0.073314905424702,7.95190342046334,-0.24700540373339389,0.513555696529143,0.041239391395751855,0.019140789038268484,0.036528312275336684,2024-06-26,2024-08-21,739062.0,739118.0,1.5705281351046445,0.11481443300915375,0.4993468955093612,0.06473823229721208
2024-09-09,739137.5179668437,0.74700824965282,5.934179136922467,0.446025846962591,-0.0014431939018718085,0.004302316084152968,0.0028685944749032894,-0.0032064137952727894,2024-07-03,2024-08-21,739069.0,739118.0,1.1860080334952727,0.042226697455194556,0.4993468955093612,0.03289148958215411
2024-10-11,739169.2070396608,0.750339732077083,4.517051541996466,0.33613711917819855,0.0007854106448537227,0.0052165039758751384,0.004327534269591832,0.0029127926249270498,2024-03-04,2024-08-22,738948.0,739119.0,1.0661047627311693,0.025010371233486144,0.473115162272081,0.7495267380298245
2024-10-14,739172.7606540951,0.7574827309033947,3.2266822151094585,-0.15528229558661108,0.016083781988470495,0.009628345609807692,0.006625912977652359,0.006985865472114467,2024-03-11,2024-08-22,738955.0,739119.0,0.7183712234111602,0.3921507479955027,0.473115162272081,0.769795266493562
2024-10-01,739159.680480421,0.10513242757270817,5.1021426520338675,1.7513342278868953,-0.8736179157091837,-0.07219664825104846,-0.07204021380783346,0.00475011717826624,2024-03-18,2024-08-22,738962.0,739119.0,1.283743093450779,0.24933806891604948,0.473115162272081,0.6395991976450586
2024-09-14,739142.9919043916,0.9330852275778356,12.38509206502505,0.524494079385025,-0.003189404958199327,-0.000052294422399867326,-9.8886297242452e-6,0.00005135096509621336,2024-03-25,2024-08-22,738969.0,739119.0,3.9054216185070256,4.594903225985439,0.473115162272081,1.1106315732229448
2024-10-14,739172.633671307,0.3013807812386687,8.924562252782739,1.4565060634369666,-0.27535459375515164,-0.025501690957211196,-0.02547007639624748,0.001269429023783638,2024-04-02,2024-08-22,738977.0,739119.0,1.8380772373031256,0.36462964853705054,0.473115162272081,0.4001126736024226
2024-10-20,739178.7780221476,0.19723939139675678,10.197527342225301,2.2585127616034684,-0.76204147214051,-0.03927704614768525,-0.03890926231324942,-0.005362430449539217,2024-04-09,2024-08-22,738984.0,739119.0,1.9171086104341688,0.3752654345754806,0.473115162272081,0.4292610169863346
2024-10-23,739181.1579419387,0.4168193611988117,8.232345337627505,1.081723155700284,-0.1015817858384392,0.015210916062298761,0.013565794206250259,0.006880493805532083,2024-04-16,2024-08-22,738991.0,739119.0,1.465055358761142,0.33813083514916176,0.473115162272081,0.4042491624016294
2024-09-29,739157.3797463017,0.7615439451925583,9.592252758845941,0.7309601503314004,-0.012978748304046332,0.0027424054088265493,0.00021456047229149298,-0.0027339991276683242,2024-04-23,2024-08-22,738998.0,739119.0,2.173589247067904,0.3757296854842129,0.473115162272081,0.4791748100445371
2024-10-07,739165.9180105968,0.024505846623400947,9.417618162991289,10.95059668463148,-9.490569083129332,0.10359317792435414,0.0064780772520220365,-0.10339043005802691,2024-04-30,2024-08-22,739005.0,739119.0,1.8473355946047323,0.23839093210698123,0.473115162272081,0.4256062463897686
2024-10-11,739169.1292557246,0.08336464322116967,4.215875406252195,2.927268384914853,-1.783378169210446,0.0710935162968446,0.07029069871193586,-0.010653906984649731,2024-05-07,2024-08-22,739012.0,739119.0,0.766567514177612,0.49602958408081144,0.473115162272081,0.6388907204241361
2024-08-31,739128.4215083367,0.795448507709533,12.580309381393775,0.5948943809399017,-0.010284786227263237,-0.0021309289076596153,-0.002000827961066871,0.0007331749311810853,2024-05-14,2024-08-22,739019.0,739119.0,4.909864599648662,0.3051736682263272,0.473115162272081,0.6927009532592506
2024-09-01,739129.9066177255,0.019071158256666724,2.811113805755491,12.601159531453613,-11.418830366512243,0.16680470713758588,0.029369788803166402,-0.16419873881645128,2024-05-21,2024-08-22,739026.0,739119.0,1.0085005556229751,0.46442111978126643,0.473115162272081,0.4005129175886635
2024-09-04,739132.7299556099,0.1024632089967115,12.204129745612196,1.6475739494139043,-0.8575779030330165,0.047595088699175,0.008640980088247483,0.046804123017068135,2024-05-29,2024-08-22,739034.0,739119.0,3.8318796417145795,0.15127688692948946,0.473115162272081,0.8036231778049622
2024-09-04,739132.0403353937,0.03296165321304279,14.025666842028066,3.4242638276461337,-2.671478003242923,-0.03533992553425487,-0.030893434516951295,0.017161178296187053,2024-06-05,2024-08-22,739041.0,739119.0,4.337839994559363,0.17765254756723617,0.473115162272081,0.6292289167969196
2024-09-05,739133.964007485,0.4042472524865489,5.313226470738339,0.543671435185122,-0.02986032682176202,-0.022648444435419475,-0.01808634062472732,0.01363217950845064,2024-06-12,2024-08-22,739048.0,739119.0,1.4783922112354675,0.10031016095741765,0.473115162272081,0.12289219232203716
2024-09-05,739133.4224499493,0.3654009394430316,12.262471213012699,0.39226307827811674,0.012009120484012585,0.00843600017310429,0.008237049892148228,-0.001821292945925084,2024-06-20,2024-08-22,739056.0,739119.0,3.2797010937935966,0.04241957184771565,0.473115162272081,0.12434945551191799
2024-09-05,739133.3733172668,0.7049368186612998,14.7677640382939,0.36092047046753994,0.006246499734916861,-0.0017102074278188936,-0.0017099973642130707,-0.000026804114446608277,2024-06-27,2024-08-22,739063.0,739119.0,3.733411579699455,0.1743505763155019,0.473115162272081,0.09497874226825664
2024-08-30,739127.7195301908,0.3156005859467122,13.855727005766848,0.37716607955295733,0.021531789034907878,-0.008333216687010713,-0.006578773851959017,-0.0051149032207319575,2024-07-05,2024-08-22,739071.0,739119.0,4.12936834237432,0.0588539917454613,0.473115162272081,0.09950437215762606
2024-10-27,739185.1942547675,0.36985701445100166,3.837445724471251,-0.6021244929622087,0.16294781643000783,-0.05038337500053,-0.02461705375568078,-0.04396004027334318,2024-03-05,2024-08-23,738949.0,739120.0,0.7862062461769802,0.31171155579970855,0.4758488808759158,0.8255650752116918
2024-09-11,739139.4764076648,0.31334981994951244,7.580988924151408,0.882705395352603,-0.14403910931073427,0.022300383980639778,0.012687258172124193,0.0183395912102163,2024-03-12,2024-08-23,738956.0,739120.0,2.7061537171816474,0.2669756628726943,0.4758488808759158,1.1139953102057774
2024-10-22,739180.7337688834,0.7142535249837204,10.141490491721356,0.7893915504167593,-0.015217878679099824,-0.0033710821474653365,-0.0031274681133250065,-0.0012582281371416022,2024-03-19,2024-08-23,738963.0,739120.0,2.0607992104630153,0.3179328377298753,0.4758488808759158,0.5647190487692229
2024-09-19,739147.2561416312,0.13297417184453678,9.856852074695432,1.9861280223887108,-0.9298952199165775,0.030186715651771272,0.020173390561388484,-0.02245600398776627,2024-03-26,2024-08-23,738970.0,739120.0,2.9372285217422656,0.4155728882045247,0.4758488808759158,0.9170434582510928
2024-10-20,739178.0871449071,0.11460347042527366,5.8072784408473535,2.0781094982902575,-1.0144196728013206,0.05833359858916307,0.026437886595677435,0.051998527639883295,2024-04-03,2024-08-23,738978.0,739120.0,1.1431291062389504,0.34318161502117484,0.4758488808759158,0.6207543183483548
2024-09-26,739154.0322319262,0.2114554546853023,7.873363573522393,1.5213205247179677,-0.467310025254894,-0.03493166932903567,-0.03436920650562144,0.006243329743577585,2024-04-10,2024-08-23,738985.0,739120.0,2.0084208310978577,0.3592893497098777,0.4758488808759158,0.523317147805676
2024-09-15,739143.1208817963,0.7588272588556089,6.588057713620993,0.6081024600524044,-0.009846667918845918,-0.003733255464742554,-0.0031865393094375385,0.0019450356280642982,2024-04-17,2024-08-23,738992.0,739120.0,1.9684362617714812,0.3037995388451507,0.4758488808759158,0.42506546850924787
2024-09-01,739129.6305048558,0.1806916736962603,8.812781664022296,1.2993909143012974,-0.4708965934775491,0.03142281752121192,0.008057448011671497,-0.030372207567290747,2024-04-24,2024-08-23,738999.0,739120.0,3.657185467164228,0.3072596668600223,0.4758488808759158,0.7872636103668254
2024-09-20,739148.0873888459,0.3486871782929964,10.79425506479609,1.0674941361129284,-0.16160840028408802,-0.015525449548755078,-0.015476884532192932,-0.00122704069537503,2024-05-01,2024-08-23,739006.0,739120.0,2.785020529307368,0.3362505853313136,0.4758488808759158,0.6773664208495399
2024-09-25,739153.6343431014,0.4866943826989504,7.807064619491276,0.6902016404335477,-0.03823853687668951,-0.016739928501573135,-0.0136779496183423,0.009650849728177844,2024-05-08,2024-08-23,739013.0,739120.0,1.7775869236074884,0.14240204543106316,0.4758488808759158,0.25850349002514844
2024-09-07,739135.4844946287,0.6270824277506265,6.096106886397433,0.518533928599171,-0.010405967710156065,0.011366286342774487,0.010415760559697423,-0.0045502084775308335,2024-05-15,2024-08-23,739020.0,739120.0,1.9494713717256942,0.09417506728071928,0.4758488808759158,0.2339473717679823
2024-10-06,739164.0112869698,0.6824910428890468,12.917585154055207,0.7678666816196589,-0.018797289760376854,-0.004295763392331363,-0.0026698556379461317,0.003365331186587958,2024-05-22,2024-08-23,739027.0,739120.0,2.3347125678386176,0.2311907779033503,0.4758488808759158,0.5592883163128759
2024-09-16,739144.8569340269,0.18678400415672994,5.591346850088698,1.4442938014511464,-0.4988796901197507,-0.0713452176361456,-0.001706970229367379,-0.07132479465224556,2024-05-30,2024-08-23,739035.0,739120.0,1.322414794972168,0.23358997710410753,0.4758488808759158,0.23951565293422888
2024-09-28,739156.4356963303,0.9605688826275127,3.895513373554401,1.2095928120027433,-0.015690558684144793,0.005802040053406417,0.0015630323281497216,-0.005587539594713505,2024-06-06,2024-08-23,739042.0,739120.0,0.7095565360173985,0.6668397791397783,0.4758488808759158,0.10435284579893397
2024-09-21,739149.0472696536,0.8291314357696213,12.294231234583398,0.4605774831616843,-0.0009743336550121799,-0.0014741275042348483,-0.0014019785454395617,0.0004555305224338246,2024-06-13,2024-08-23,739049.0,739120.0,2.419871412407699,0.04457533941937536,0.4758488808759158,0.21844166126573059
2024-08-29,739126.5882362676,0.06436940099722845,13.64864724474175,0.3370517309996319,0.08468351669170057,-0.01750873246047373,-0.017416640302095127,-0.0017934193485858862,2024-06-21,2024-08-23,739057.0,739120.0,5.120665576128344,0.02281045964242498,0.4758488808759158,0.1362506837138872
2024-08-31,739128.0754486459,0.7893792581492989,11.402840571577118,0.3956721142053187,0.002971604490438112,0.0014835571821072433,0.00029724281749035923,0.0014534746712730764,2024-06-28,2024-08-23,739064.0,739120.0,3.758911568373626,0.13866261107567832,0.4758488808759158,0.09766875236644558
2024-08-23,739120.775283666,0.2242327528830093,3.738723043626491,0.5407713014746977,-0.06089003203962284,0.0330375494792372,0.012303907887219249,0.030660944641283817,2024-07-08,2024-08-23,739074.0,739120.0,2.4395779673952687,0.11053864330959623,0.4758488808759158,0.0496120605469265
2024-11-02,739191.4644525957,0.7641194181757087,6.290465795540981,0.5031344758989668,-0.0037199215206057848,-0.003417667626620272,-0.0024132578202905397,-0.0024200493174426825,2024-03-06,2024-08-23,738950.0,739120.0,1.2189328826305308,0.1322155037760338,0.4758488808759158,0.7501297153605341
2024-10-23,739181.6571711483,0.7313451381309232,8.037451729492485,0.7224208942120615,-0.011388441754417437,0.003530905342478992,0.003274764931654113,-0.0013203057145809534,2024-03-13,2024-08-23,738957.0,739120.0,1.653987931342307,0.2934825141497643,0.4758488808759158,0.5627425995195503
2024-10-31,739189.5903725713,0.8101325071213448,3.2676870589060565,-0.28213305237029795,0.013971790471013011,0.007591154981897779,0.0008899283599534141,0.00753881034867851,2024-03-20,2024-08-23,738964.0,739120.0,0.6116498166911856,0.45630981115472885,0.4758488808759158,0.7023283207783135
2024-10-13,739171.3218048573,0.5338426071516383,2.7029245364431462,-0.47717584569913335,0.07345141351737214,-0.031960840985821325,-0.004316641802986041,-0.031667995832791035,2024-03-27,2024-08-23,738971.0,739120.0,0.5858283392925568,0.45390113803558246,0.4758488808759158,0.7409094828284393
2024-09-11,739139.5228277824,0.5247829194900061,12.821308252255,0.7008094381208196,-0.03941253438618526,0.002658398777599905,0.0016337845894938004,-0.0020971008501922943,2024-04-04,2024-08-23,738979.0,739120.0,4.299188085405682,0.6068223719061349,0.4758488808759158,0.8879651004919651
2024-09-26,739154.1151123066,0.7277494808896158,2.269811091024459,0.08714061334764266,0.012850433384544363,-0.011154894952778808,-0.0052290314381888406,0.009853370571837989,2024-04-11,2024-08-23,738986.0,739120.0,0.576163326131242,0.3693554234028458,0.4758488808759158,0.7263812823776665
2024-10-12,739170.6102177635,0.1511533758538353,6.953948757075121,2.0614261595995553,-0.8504097344939358,0.05422848953669281,0.0542244076322874,-0.000665352807714812,2024-04-18,2024-08-23,738993.0,739120.0,1.3894625436371861,0.3408686652109075,0.4758488808759158,0.4380252681367784
2024-08-30,739127.1832660657,0.685921899576336,14.830780185520558,0.5982779496124292,-0.016617998780194577,0.0028510447967270655,0.0026847120453001153,0.0009595716058559393,2024-04-25,2024-08-23,739000.0,739120.0,6.783471308901109,0.26957856205114655,0.4758488808759158,0.7621195021260104
2024-10-18,739176.3361991429,0.3133956289212341,6.048170770156746,1.0720254992295906,-0.1674347346393808,-0.021361012749956623,-0.012686309476905558,0.0171857620593323,2024-05-02,2024-08-23,739007.0,739120.0,1.0593841611047596,0.4061557526654994,0.4758488808759158,0.5755830383836287
2024-09-09,739137.8467342716,0.28977706885090676,6.145652664667762,0.709746210268258,-0.10350834952196775,0.04422402233919342,0.04407016312583288,0.0036857663951962685,2024-05-09,2024-08-23,739014.0,739120.0,1.8948203482627481,0.1103603696760272,0.4758488808759158,0.29571982127016644
2024-09-26,739154.2056695701,0.07923787271748718,3.634810926787928,5.726711781558476,-3.851744843648151,-0.11705141239483705,-0.10428309668630847,-0.053160783375908315,2024-05-16,2024-08-23,739021.0,739120.0,0.7864698884938968,0.7173512081344703,0.4758488808759158,0.5011055009159258
2024-09-10,739138.3812513724,0.1537024466613968,5.539662021236943,1.086775199239528,-0.38752965778236376,-0.07447151879373144,-0.05686112722510841,-0.04809178019303433,2024-05-23,2024-08-23,739028.0,739120.0,1.5804799711611583,0.1443817314274868,0.4758488808759158,0.3339955776296828
2024-09-14,739142.420661747,0.2871463984917247,12.532274661277196,0.9444645538059824,-0.17345074162753943,-0.02591247531642471,-0.015864460297283216,-0.02048841810634107,2024-05-31,2024-08-23,739036.0,739120.0,3.106382244733075,0.15337010990983063,0.4758488808759158,0.6302749153165695
2024-09-05,739133.8916806943,0.910950236626394,11.285859287270162,0.4953104284632232,-0.0022764138402826565,-0.0021024745875158533,-0.0020900698117292164,0.00022805168986033826,2024-06-07,2024-08-23,739043.0,739120.0,3.3739436982955957,0.08739377193790822,0.4758488808759158,0.33964402073263583
2024-08-27,739124.0710783235,0.11120649900586548,2.0752955940205626,0.9200961807060031,-0.3538678565654956,-0.04892007246828806,-0.01714669505788361,0.04581663823213688,2024-06-14,2024-08-23,739050.0,739120.0,0.9582203188995595,0.38761826050978015,0.4758488808759158,0.12519259242066869
2024-08-24,739121.2080205171,0.7242853761096631,13.063460609223895,0.4267758982001285,0.0014178227411243756,0.0008856196283086513,0.0007812881311082044,0.00041702635676297835,2024-06-24,2024-08-23,739060.0,739120.0,8.161137398101815,0.08876181641112571,0.4758488808759158,0.14090394072155882
2024-09-09,739137.5682556748,0.666792569085427,8.852496385949644,0.39163999307241176,0.004351434731307875,-0.001466652103685732,-3.3017257184331807e-6,-0.0014666483872602812,2024-07-01,2024-08-23,739067.0,739120.0,1.9590826415482177,0.22347572630701829,0.4758488808759158,0.10905487554590151
2024-09-09,739137.0182236485,0.8073052396920692,12.38876394405147,0.4220177245831968,0.0007087888661008139,0.0007720245095471006,0.0007708168263041937,-0.0000431655375012505,2024-07-09,2024-08-23,739075.0,739120.0,2.54973378345065,0.059826774922074326,0.4758488808759158,0.09559411186261826
2024-10-06,739164.321172724,0.18963301249884063,11.676077256138166,1.2036907871490166,-0.36253559142815683,0.006118124812622282,0.0039466840237991525,-0.004674947747206696,2024-03-07,2024-08-26,738951.0,739123.0,3.0502668371682757,0.9623860099295387,0.47946116656182974,1.7880044362565104
2024-10-11,739169.9837207766,0.9400034519838742,13.42184892814141,0.5462922869871314,-0.002570287924374408,-0.00019124798802586123,-0.00014678119932864177,0.00012260127424943627,2024-03-14,2024-08-26,738958.0,739123.0,3.2185603791305732,0.9412435282256643,0.47946116656182974,1.4071257529481644
2024-08-26,739123.3545162311,0.6679019282093045,8.481609476248904,0.5375415494200332,-0.014094748050672717,-0.0024190003346052317,-0.0019283456577588727,-0.0014604949993145212,2024-03-21,2024-08-26,738965.0,739123.0,8.23680979222666,0.45883423431454917,0.47946116656182974,1.0361903380028001
2024-10-15,739173.1082307938,0.5135733261056367,12.813643953326212,0.90737813635488,-0.052469775507569406,-0.004773510474311784,-0.004772564867774743,-0.00009500963765094416,2024-03-28,2024-08-26,738972.0,739123.0,2.834005560350349,0.44055601309433334,0.47946116656182974,0.8598719738257385
2024-09-01,739129.2534790271,0.3304646910525891,2.628845802307549,0.6166781794497116,-0.06916111918282118,-0.024060417930659342,-0.023957639221484348,-0.0022215386404896144,2024-04-05,2024-08-26,738980.0,739123.0,1.3273577360862043,0.361342293189312,0.47946116656182974,0.7090810354511461
2024-09-07,739135.0140833568,0.9194723303451571,12.442097163870974,0.5619413699311171,-0.004746060610324227,-0.0008593728173621231,-0.0008416033418443432,-0.0001738546928252061,2024-04-12,2024-08-26,738987.0,739123.0,4.972786797128423,0.4081283314437972,0.47946116656182974,0.7385731216303356
2024-10-24,739182.9428556577,0.7960039297531092,13.22989560491323,0.8380965969947578,-0.011720892056421689,0.001828917699888906,0.0014844947534394973,-0.0010682767806039462,2024-04-19,2024-08-26,738994.0,739123.0,2.417343987198385,0.3855895877348554,0.47946116656182974,0.5076077216340736
2024-08-28,739125.4044962272,0.3356755302307726,3.795136570472944,0.553027371934375,-0.04901079948683339,-0.036958474366132046,-0.0035440588360555825,0.03678815671433699,2024-04-26,2024-08-26,739001.0,739123.0,2.3835617241120066,0.11729244146819078,0.47946116656182974,0.3783599915409869
2024-10-21,739179.6302038404,0.30295949954790197,3.289464264600976,0.34538693285087263,-0.007642528321945567,-0.040725674091360624,-0.004254932428331648,0.04050279101773179,2024-05-03,2024-08-26,739008.0,739123.0,0.5804948967514468,0.017283360048170947,0.47946116656182974,0.7171671264984327
2024-09-07,739135.605912077,0.5991579906667702,5.126592978384988,0.5072809723819326,-0.010848814351805255,-0.012084236281936757,-0.0014076469964106632,0.012001970523675376,2024-05-10,2024-08-26,739015.0,739123.0,1.8426489431145234,0.10492418062024801,0.47946116656182974,0.2751220248691007
2024-10-07,739165.4908990639,0.21318597771174802,2.59889180008007,4.619234297544774,-1.725260251405718,0.15349518482735577,0.1507389824964271,-0.028957398383244973,2024-05-17,2024-08-26,739022.0,739123.0,0.5033758520535853,0.9219986757285903,0.47946116656182974,0.5432791518448917
2024-09-03,739131.7160449548,0.36344495238550684,12.146429029959165,0.7517086773272756,-0.09267919324069081,0.01741533538287372,0.008026558422200118,0.015455363677150455,2024-05-24,2024-08-26,739029.0,739123.0,4.7687348383519135,0.15923569466898368,0.47946116656182974,0.7557805407620026
2024-09-08,739136.9435007827,0.48719798121410196,6.905829200588131,0.6160682429806276,-0.031868228381348514,-0.01793051141197636,-0.017849642973412724,-0.001701024754879321,2024-06-03,2024-08-26,739039.0,739123.0,2.1425544387560587,0.12538768707341488,0.47946116656182974,0.2930133386534766
2024-08-27,739124.7587577914,0.15182012074730403,13.974501034537399,0.709389325096581,-0.17379422684169707,0.026730616700989654,0.013748129770672338,0.022924109514307855,2024-06-10,2024-08-26,739046.0,739123.0,8.455584231700467,0.070634908948128,0.47946116656182974,0.454347714531136
2024-09-24,739152.0050854859,0.49041980801147333,4.628490050743004,0.9370248278582143,-0.07114404586923279,0.017483384702893172,0.0019342958739189055,0.01737605364118961,2024-06-17,2024-08-26,739053.0,739123.0,0.9043816389335178,0.4311632272179492,0.47946116656182974,0.06893614814570405
2024-09-24,739152.5630319819,0.4531551160696824,9.06330928427245,0.405437838737473,0.004301366249504533,0.010401235602037661,0.0036339759726310085,0.00974576424296403,2024-06-25,2024-08-26,739061.0,739123.0,1.6307171225182822,0.02067671664852069,0.47946116656182974,0.05581262615713899
2024-09-03,739131.6748864119,0.32098195361179666,13.61426331665477,0.38174855575086286,0.02033592752172812,-0.008231161788984009,-0.002028753126651302,-0.007977229164787296,2024-07-02,2024-08-26,739068.0,739123.0,4.319162882733127,0.058249113088187,0.47946116656182974,0.1097387076338479
2024-09-05,739133.1434796731,0.49824931079999935,4.166631783195951,0.48595105487677065,-0.00961928259857963,-0.011916452320526438,-0.001425607078393774,-0.01183086980595314,2024-07-10,2024-08-26,739076.0,739123.0,1.146392867375121,0.09652888471244533,0.47946116656182974,0.026544518578512012
2024-09-09,739137.8513691198,0.1153632883364302,8.619235642609052,1.4635661508160724,-0.695105909708504,0.026765246741985677,0.02658897413503232,-0.0030667389204099447,2024-03-08,2024-08-27,738952.0,739124.0,3.5619496856213098,0.3475990670202418,0.5056215471137174,1.5807818063767425
2024-09-20,739148.2872654541,0.25517831479616887,5.599342726445408,0.998726959866423,-0.21340328052101734,0.03876651160407438,0.0055465165311923545,-0.03836767619126862,2024-03-15,2024-08-27,738959.0,739124.0,1.8298372812622417,0.25087135913614506,0.5056215471137174,0.4504888148601188
2024-11-06,739195.683259508,0.5247777542594158,7.687391113512139,0.8780518380272196,-0.04110338787132157,0.007884143736528314,0.001281996353835078,-0.007779216400576099,2024-03-22,2024-08-27,738966.0,739124.0,1.4246812590689257,0.35589306493248046,0.5056215471137174,0.5680028118652478
2024-10-03,739161.2186303322,0.15123556672272545,9.706043352975719,2.109337697832997,-0.903083440344372,0.040266261273950235,0.03586845981196883,-0.01829823455143149,2024-04-01,2024-08-27,738976.0,739124.0,2.478926460159311,0.34946065201576487,0.5056215471137174,0.6534699838308126
2024-10-07,739165.3272189482,0.38881461862857514,10.691811023637342,1.125471420715471,-0.1358360406370591,-0.013130756220418713,-0.003725200004064149,-0.012591252671985624,2024-04-08,2024-08-27,738983.0,739124.0,2.5257346463229506,0.37619809048052055,0.5056215471137174,0.5967492980596069
2024-09-14,739142.3074131777,0.8602624314023526,9.57560901073743,0.6367396446931971,-0.007581025927866699,-0.001617459660282791,-0.001614205431401205,-0.00010255036751260894,2024-04-15,2024-08-27,738990.0,739124.0,3.228750240293926,0.42107463061352013,0.5056215471137174,0.5865796907043744
2024-09-14,739142.9458477144,0.6928304130237412,5.029917890666718,0.5419540132815116,-0.008790835938175052,-0.006198420227050917,-0.001398812130038832,0.006038521171277798,2024-04-22,2024-08-27,738997.0,739124.0,1.634415614299977,0.19535080565608548,0.5056215471137174,0.4124731502026542
2024-09-24,739152.4630634345,0.5470169964802666,8.505411642293033,0.7495085891286616,-0.03637452485601516,0.00974393418430617,0.008287642588534247,-0.005124376421849173,2024-04-29,2024-08-27,739004.0,739124.0,2.235909673041867,0.24008690356131301,0.5056215471137174,0.42410132411755175
2024-09-21,739149.8941478118,0.4693996200294738,12.815976621578388,0.8636918612860579,-0.06852767484782708,0.008218231641169582,0.007463468891004658,0.0034403435033331458,2024-05-06,2024-08-27,739011.0,739124.0,3.4261178718285694,0.30540675977596815,0.5056215471137174,0.6961745156577331
2024-10-02,739160.5006092264,0.9924425531727787,13.916354504753777,0.6520083154905653,-0.0035508316720025274,0.0008238833522388728,0.0007255771524916464,0.0003902839656948216,2024-05-13,2024-08-27,739018.0,739124.0,3.01667307062207,0.30735780887347675,0.5056215471137174,0.5875285036063297
2024-10-12,739170.2566916062,0.9942400084739407,8.751159187306017,0.5622392324137762,-0.0019166920762541835,-0.0014760087928948325,-0.0005296245953850864,0.0013777154077188956,2024-05-20,2024-08-27,739025.0,739124.0,1.5937647592363429,0.14753295940432049,0.5056215471137174,0.20994373067180785
2024-09-20,739148.6018744436,0.9025619345337181,12.42087407093154,0.5927469612873889,-0.004632197328901884,-0.0019281782912567603,-0.00044010230776305164,-0.0018772803417645106,2024-05-28,2024-08-27,739033.0,739124.0,3.0588283409647343,0.17456803258807976,0.5056215471137174,0.5358901811717305
2024-09-26,739154.6977747725,0.9802987512437691,3.2439121288428105,1.2167062099169594,-0.01596201950897324,-0.0065334748934154545,-0.002904543512893317,0.0058523432199931195,2024-06-04,2024-08-27,739040.0,739124.0,0.6805201950310544,0.7383001873246776,0.5056215471137174,0.13279715080794988
2024-09-20,739148.0738079054,0.16828054051079147,13.992053918099838,0.8712901949204997,-0.22685621957545654,-0.027355602966000925,-0.005595063139753279,-0.026777309089892756,2024-06-11,2024-08-27,739047.0,739124.0,3.1949991435227822,0.0997371208168792,0.5056215471137174,0.35187565345851063
2024-08-27,739124.8552315915,0.6874955144176057,5.850726689058531,0.44603511275804836,-0.0011306717156400843,-0.004742383635660939,-0.004246935991717779,-0.002110387933541317,2024-06-18,2024-08-27,739054.0,739124.0,4.1130073314887206,0.028015598374414283,0.5056215471137174,0.10227754704543571
2024-08-30,739127.5336018772,0.4177302858817732,12.573825977269179,0.4256743126055051,0.005410117675079775,0.005990233694228758,0.005214724397638132,-0.0029478041264899427,2024-06-26,2024-08-27,739062.0,739124.0,5.843955648666846,0.03000485025592275,0.5056215471137174,0.12195920397927827
2024-09-18,739146.7591771982,0.8152117936502803,9.496745082305019,0.44478429771894973,-0.00023124383462339135,-0.0017456561240059994,-0.0008311442041335072,0.0015350943343048758,2024-07-03,2024-08-27,739069.0,739124.0,1.857045023262239,0.01137122203291639,0.5056215471137174,0.09562067490467142
2024-09-11,739139.0625749712,0.7894487872130929,10.064760753717023,0.472452467429862,-0.002319282728054314,-0.0016661036720483377,-0.0013189600191074737,0.0010179616466296597,2024-07-11,2024-08-27,739077.0,739124.0,2.2681165057156925,0.10918731292349468,0.5056215471137174,0.08688934138018203
2024-09-20,739148.0414356316,0.7637169987846559,2.2227675045929685,0.1265391512421821,0.012198085454068875,0.011114979696977624,0.0012240958776578823,0.011047369050888359,2024-03-11,2024-08-27,738955.0,739124.0,0.7369359051734378,0.37706950941860434,0.5056215471137174,0.9476587248612198
2024-08-29,739126.3398038232,0.1679317133119276,11.850482964742556,0.9610835949345006,-0.32521530796708537,-0.017841880278418987,-0.0049276720042785585,-0.017147907758315165,2024-03-18,2024-08-27,738962.0,739124.0,8.019292873650713,0.2583015590222325,0.5056215471137174,1.1801223937112404
2024-09-26,739154.1010580462,0.56497756330625,8.856790749148779,0.7795329443728457,-0.03615108515435571,0.006677709803239091,0.0012784741063838994,0.006554182799982112,2024-03-25,2024-08-27,738969.0,739124.0,2.5603188212632615,0.34534137468308124,0.5056215471137174,0.6390739596559804
2024-09-21,739149.8340561838,0.5530235774694624,6.840268696927621,0.7267352624613979,-0.034184919529340725,-0.008104977550310708,-0.003262190924231277,-0.007419485929961972,2024-04-02,2024-08-27,738977.0,739124.0,2.0691537782841976,0.3409990987107144,0.5056215471137174,0.4601260674471527
2024-10-27,739185.1696095631,0.7188238813631503,10.008533133232365,0.8487854004526509,-0.01659075851342227,-0.002933937507138732,-0.002885566095811807,0.0005305634764067754,2024-04-09,2024-08-27,738984.0,739124.0,1.8963530437986682,0.4061322234759346,0.5056215471137174,0.42304165978407676
2024-10-04,739162.4761565838,0.6148433863916517,9.930443315872065,0.8366465352265632,-0.031248601225987806,0.004781717064755393,0.004103612401824644,0.002454624888443021,2024-04-16,2024-08-27,738991.0,739124.0,2.3618767022485057,0.404615555978144,0.5056215471137174,0.5222499562019634
2024-10-20,739178.7833504601,0.00646740065144691,6.318528700925045,43.20218807038283,-41.57739471753332,-0.0830059692772614,-0.06560894371170783,-0.05084739364698661,2024-04-23,2024-08-27,738998.0,739124.0,1.2006288828098253,0.5126981504539455,0.5056215471137174,0.5770706832614023
2024-09-18,739146.607130068,0.20229015375734788,8.028366748823188,1.3158294594603661,-0.4075641757341004,-0.04504030035752681,-0.044679486151613206,0.00568965495650075,2024-04-30,2024-08-27,739005.0,739124.0,2.3444122430235574,0.22800389500177576,0.5056215471137174,0.5015532570126935
2024-10-08,739166.5266387471,0.5867642741430082,12.391974490796322,0.8793524743643979,-0.0370491930580091,0.005813329413222672,0.005801982086684236,0.0003630464604359761,2024-05-07,2024-08-27,739012.0,739124.0,2.5446598616292375,0.3017706324239375,0.5056215471137174,0.5614258786440446
2024-10-05,739163.8318942596,0.8929599944382065,12.164088322607592,0.6826100271795351,-0.0057673984696848726,0.0016863930915262727,0.0004433745377616605,-0.001627065050455012,2024-05-14,2024-08-27,739019.0,739124.0,2.4991610110017186,0.251057720364177,0.5056215471137174,0.48968870718453716
2024-09-28,739156.0826111168,0.7210287108957726,8.638201434065948,0.578255063544928,-0.008425757020941295,0.006032718528767506,0.005916390691872435,0.0011789885616323827,2024-05-21,2024-08-27,739026.0,739124.0,1.9245388424002754,0.1165802814520484,0.5056215471137174,0.23893631057230327
2024-09-01,739129.6913640877,0.6506859623625535,2.4455381132795466,0.6858035991498944,-0.03448951284155577,-0.0186269787776091,-0.018216142037945734,-0.0038905664927984607,2024-05-29,2024-08-27,739034.0,739124.0,1.098446690947657,0.4926535790807236,0.5056215471137174,0.28148408060782487
2024-09-03,739131.0828879091,0.11869767729966356,5.857323439576053,0.9688867517435621,-0.3642333691406474,-0.07053194785697713,-0.028195163656195742,-0.06465128316514435,2024-06-05,2024-08-27,739041.0,739124.0,2.3706857064088998,0.1046494301136652,0.5056215471137174,0.32076131131571
2024-09-19,739147.1167435389,0.4726442831627279,6.615508686069914,0.5698651428787396,-0.023760910224871517,-0.014798925464365913,-0.014469597840057956,0.0031046631454713387,2024-06-12,2024-08-27,739048.0,739124.0,1.532736674089021,0.11471073325667971,0.5056215471137174,0.1252338342323677
2024-09-16,739144.3192998968,0.12661028001774247,6.524339865446984,0.6455555108587949,-0.13399986587260163,-0.04524706405204797,-0.027487621948255773,0.03594060996922421,2024-06-20,2024-08-27,739056.0,739124.0,1.5257839603702446,0.057470682196396006,0.5056215471137174,0.05188278600035209
2024-09-15,739143.295471743,0.06258368675890226,7.962868265273291,0.6163300142937637,-0.1348803583239098,-0.03538358906165859,-0.0020903435857650286,0.03532178985524056,2024-06-27,2024-08-27,739063.0,739124.0,1.807013115247886,0.029959767656512322,0.5056215471137174,0.09740838946982269
2024-09-14,739142.1840127124,0.3339219293213816,13.777809401792025,0.44432485188887033,0.00017890017369854474,0.006137956614922687,0.000906492485948821,0.0060706492881397395,2024-07-05,2024-08-27,739071.0,739124.0,2.9925788355462783,0.000706401668379605,0.5056215471137174,0.11865621384300734
2024-09-11,739139.2148307967,0.05056817523193759,9.677950975959465,1.3567257679295648,-0.7714823569163265,0.02554153387949628,0.022539351746528262,0.012014473594949117,2024-07-12,2024-08-27,739078.0,739124.0,2.144271916265656,0.15782394251361156,0.5056215471137174,0.08168495473589167
2024-11-14,739203.3364636983,0.1488812833156479,6.945025194565052,1.6775559856983413,-0.6397309714641002,0.05738615783591751,0.008292267226209862,0.05678388341261951,2024-03-12,2024-08-28,738956.0,739125.0,1.2708440133611574,0.238977220936755,0.4829343789826356,0.8933884218757059
2024-10-24,739182.6382789655,0.9073009421283178,9.35478706892989,0.6895307050462629,-0.004607652675019299,0.0013166369728855277,0.0012848974652828282,-0.00028735243531059405,2024-03-19,2024-08-28,738963.0,739125.0,1.9917904116190335,0.33941508732907505,0.4829343789826356,0.4826271824451969
2024-10-02,739160.1270285668,0.4241951715442448,14.071700787779958,0.8576548817245134,-0.07678840477593755,0.0016324099768665614,0.0007248929317254538,0.0014626320692874078,2024-03-26,2024-08-28,738970.0,739125.0,3.782028236093486,1.4180303755608124,0.4829343789826356,1.045312838719005
2024-10-05,739163.908711617,0.7200775587094431,6.895636368575547,0.6777906170564036,-0.012151065849923554,0.0037093372658864475,0.0026292729566280903,-0.002616506577793781,2024-04-03,2024-08-28,738978.0,739125.0,1.7164915401027871,0.34207629245029453,0.4829343789826356,0.4376367269789543
2024-10-17,739175.8226552458,0.14057726884202307,14.90042782118289,2.630398364268593,-1.1957373547208219,0.025358897282330293,0.020800035660244902,0.014506280981296311,2024-04-10,2024-08-28,738985.0,739125.0,3.1374691023280645,0.4448584001665733,0.4829343789826356,0.7993306323405586
2024-09-17,739145.4013805952,0.41107146364544367,6.933232420895686,0.8089320661617476,-0.07970197928648953,-0.017294334178946495,-0.005734180758877866,-0.01631604013593959,2024-04-17,2024-08-28,738992.0,739125.0,2.2261776324208706,0.2732416065705472,0.4829343789826356,0.47168596237555555
2024-10-08,739166.9775333685,0.7033120155280669,12.208005948671698,0.8250060183647877,-0.019706231076317984,0.0029838518784461652,0.0018977853558437797,-0.0023025600482184188,2024-04-24,2024-08-28,738999.0,739125.0,2.6943004774846764,0.3804780572167766,0.4829343789826356,0.5681616720976164
2024-10-26,739184.2093736425,0.5396928410218959,11.954217641348098,0.9144406462155134,-0.04463228067943526,0.008306827599384992,0.008107560038091412,-0.0018085505231116513,2024-05-01,2024-08-28,739006.0,739125.0,2.0964055165889706,0.24257128071528536,0.4829343789826356,0.4062895693130566
2024-10-07,739165.1612876063,0.9531730565933083,4.3656372634980505,0.5545109892122048,-0.0025990879792950664,0.0010861695746563526,0.0010845653034236144,-0.0000590122658335128,2024-05-08,2024-08-28,739013.0,739125.0,0.9255166555789757,0.5224532765004942,0.4829343789826356,0.6333188221187164
2024-10-16,739174.7114843524,0.2941252874125411,9.593889258063559,1.0295191443170084,-0.1718117135378043,0.03445647820047164,0.034416746261121886,0.0016542269424507474,2024-05-15,2024-08-28,739020.0,739125.0,1.7335462016147287,0.15286904292415635,0.4829343789826356,0.3120849956966305
2024-09-03,739131.3672629565,0.5311068599822891,7.554599696066691,0.5890001209832574,-0.02578254935854403,0.014381209677541619,0.01176315448473335,-0.008273293682549554,2024-05-22,2024-08-28,739027.0,739125.0,3.3626732485595667,0.12603782313649484,0.4829343789826356,0.4604987029807305
2024-09-21,739149.9972763472,0.17173790714721807,3.553517346991846,3.3695765995465874,-1.5043751053057368,-0.1261317914426549,-0.12338041969692767,0.02620116119456107,2024-05-30,2024-08-28,739035.0,739125.0,0.8631243998906111,0.5764203440122142,0.4829343789826356,0.2608305884358329
2024-09-27,739155.2076475482,0.8862895078793913,13.20691730959436,0.550090278803983,-0.0032408328606221364,-0.0016451340705424724,-0.0008895715484087028,0.0013838817038755108,2024-06-06,2024-08-28,739042.0,739125.0,2.7769412023506064,0.1321994007358101,0.4829343789826356,0.4026418823142721
2024-08-29,739126.5349752613,0.5558762618604881,5.53623715444636,0.4872780699779808,-0.008309666173861772,-0.009632364747550293,-0.008285963876959145,0.0049117464571756765,2024-06-13,2024-08-28,739049.0,739125.0,3.455940035957845,0.08661918641511664,0.4829343789826356,0.14920192377359187
2024-09-30,739158.4435989285,0.3521243820397087,4.729527996221867,1.0598062153331924,-0.14650617334205826,-0.024480445901969086,-0.018214995563445604,0.016355615799562306,2024-06-21,2024-08-28,739057.0,739125.0,0.8352587595144318,0.44556892872195897,0.4829343789826356,0.0836906578934174
2024-09-02,739130.495020868,0.031193714468883867,2.070106529004361,-1.3246656173388638,1.6338398671085625,-0.08921785175629657,-0.060388240114212274,-0.06567408566487054,2024-06-28,2024-08-28,739064.0,739125.0,0.821456737813395,0.27595109684164926,0.4829343789826356,0.04808874689609941
2024-09-03,739131.8602974805,0.20645330382764976,10.317092662867458,0.5086893552743124,-0.03295518118581556,-0.008143329093007922,-0.008135835579635528,0.0003492680033525177,2024-07-08,2024-08-28,739074.0,739125.0,3.501239550548883,0.08098157585109417,0.4829343789826356,0.11372017704315256
2024-08-29,739126.8706605949,0.4124350883877247,10.592009031305821,0.5005571298236151,-0.01839484160979223,-0.003528924464938983,-0.0034322128488988544,0.0008205015777550319,2024-07-15,2024-08-28,739081.0,739125.0,5.393680472171808,0.20296958042908825,0.4829343789826356,0.09059290985751299
2024-10-16,739174.4249464358,0.272970785101959,13.363503543924933,1.1035153521612249,-0.2131334813035949,-0.0014711841050177531,-0.0014421737138914405,-0.0002907191940988026,2024-03-13,2024-08-29,738957.0,739126.0,3.1942119575917407,2.9592420555123975,0.511183177083553,1.467963761936158
2024-09-07,739135.5871174089,0.9749197400101461,13.391201323462504,0.4967572884283939,-0.0024124819166666885,0.0005399824767741478,0.0005369587104395758,-0.000057065037511691646,2024-03-20,2024-08-29,738964.0,739126.0,6.148029417875527,0.3252622971318795,0.511183177083553,1.087445745716518
2024-09-27,739155.2414997226,0.553880476685667,14.54598961197664,0.7175718937566269,-0.03196660456761817,-0.001444994239904354,-0.0009007699723839346,0.001129876900466687,2024-03-27,2024-08-29,738971.0,739126.0,4.261246119905699,0.8423705538190357,0.511183177083553,1.0107376817476108
2024-10-30,739188.438756474,0.28338947523245467,3.7600125818428882,0.3338545665070887,0.002199059032711009,-0.04058582540432316,-0.02843110480261037,-0.028963451166136762,2024-04-04,2024-08-29,738979.0,739126.0,0.7242404767105775,0.004083729092445157,0.511183177083553,0.7740408284872224
2024-10-14,739172.9112827852,0.5944996172054259,9.66365528437376,0.8654623550682301,-0.03380922187601886,0.0051797619885569374,0.0049338082672928255,0.00157717159487872,2024-04-11,2024-08-29,738986.0,739126.0,2.1261196607676363,0.4015462005147468,0.511183177083553,0.4849617481182149
2024-11-01,739190.6274645289,0.09170919870684281,8.326277820807888,3.8912043240091947,-2.280157182912171,-0.06746470382772689,-0.0006448668019601938,0.06746162175170918,2024-04-18,2024-08-29,738993.0,739126.0,1.481199281063103,0.37226325391012494,0.511183177083553,0.45164146872313027
2024-09-25,739153.1309851097,0.757437378415126,5.730844745898834,0.5660607242214903,-0.006826215950301919,0.00413039823937654,0.003090734893839771,-0.0027399904072543902,2024-04-25,2024-08-29,739000.0,739126.0,1.578482596994556,0.21843196178410942,0.511183177083553,0.4187417964519025
2024-08-30,739127.6183280328,0.9929551505844132,4.522070847382949,0.4551019400806632,-0.0010089529546731095,-0.002571805366960011,-0.00007698838221368564,-0.0025706527642854423,2024-05-02,2024-08-29,739007.0,739126.0,3.1028405825472634,0.0861440109191911,0.511183177083553,0.28566002213952746
2024-10-03,739161.1084873154,0.4346109091460467,4.559920394773878,0.9426425428695664,-0.08637466137502278,0.01266337809788011,0.004562827169300418,0.011812779227301404,2024-05-09,2024-08-29,739014.0,739126.0,1.0397788153728882,0.6500999700723592,0.511183177083553,0.5782373383212184
2024-09-02,739130.7966640352,0.2659983978185341,2.4678298353533825,0.8777052599568612,-0.1982566385484513,-0.04626926268669582,-0.04619123542732058,-0.0026859708241725472,2024-05-16,2024-08-29,739021.0,739126.0,1.229640356028483,0.4618478963435039,0.511183177083553,0.5806471800332269
2024-08-29,739126.51164398,0.49830785069844963,6.399891801583781,0.5357593827059558,-0.022879242918192988,0.019254487654950712,0.01889258766748059,0.0037155653784060492,2024-05-23,2024-08-29,739028.0,739126.0,5.358008017794526,0.09251982021262951,0.511183177083553,0.39836111376063216
2024-09-04,739132.7230169255,0.9571305042556666,8.213080175153987,0.5122000891455264,-0.0026483707853570985,-0.002408731926906712,-0.001771451124721861,0.0016321612691218277,2024-05-31,2024-08-29,739036.0,739126.0,3.4852790177817656,0.12813135374693732,0.511183177083553,0.36128184673988534
2024-09-11,739139.7846147916,0.9977266285463346,2.2269858687838293,0.8919088080089269,-0.014463995398473966,-0.008246979406402488,-0.008226957920522259,-0.0005743106333534066,2024-06-07,2024-08-29,739043.0,739126.0,0.6907723337975572,0.7857555676361737,0.511183177083553,0.17573005151525464
2024-09-16,739144.8739952149,0.19110383909907674,2.139484262786036,2.8365355323880648,-1.1646616582904383,-0.13345359631397452,-0.1276124630579393,-0.03905024508782693,2024-06-14,2024-08-29,739050.0,739126.0,0.5498426751308234,0.7795245766362628,0.511183177083553,0.12415195028415557
2024-09-13,739141.7433301646,0.10870126089508528,6.939556355561191,0.7993694424549838,-0.23852485505251902,-0.03867517140003588,-0.03482792254874515,-0.016816203309925896,2024-06-24,2024-08-29,739060.0,739126.0,1.8192382699268954,0.09660603735537711,0.511183177083553,0.08896402324537567
2024-09-21,739149.7018824192,0.4449054431467706,8.095936797815762,0.5131960129007901,-0.01294967116501077,-0.010885755755186525,-0.010858845325807144,0.0007649552612884468,2024-07-01,2024-08-29,739067.0,739126.0,1.6102332964358765,0.06537335361473408,0.511183177083553,0.0685258770873341
2024-09-19,739147.5973372448,0.8047220724586079,7.159616512695865,0.5244934000986579,-0.004460045022247078,0.0031188976625633144,0.000966211858558021,-0.0029654607186615648,2024-07-09,2024-08-29,739075.0,739126.0,1.3814680698737445,0.16072901027690722,0.511183177083553,0.03257464922669101
2024-08-30,739127.5316003793,0.7424295593149507,6.53337059884581,0.5094335714058595,-0.008271583078902524,0.004519395768514938,0.002448281052863459,-0.0037987969146376487,2024-07-16,2024-08-29,739082.0,739126.0,3.5271605520220626,0.20798222612811024,0.511183177083553,0.057608621983453255
2024-11-22,739211.1756365714,0.93078280950151,7.709388144043859,0.6350761684013712,-0.002684705971812493,0.0010157506003981582,0.00080896497496884,-0.000614267817391472,2024-03-14,2024-08-30,738958.0,739127.0,1.3511312669951554,0.319108287473457,0.525723799518306,0.7124235265400186
2024-11-09,739198.787245259,0.049345296416531084,7.505567185513749,6.344639330872865,-4.712980792887795,-0.0738555388922222,-0.03771358648270705,-0.06350059857727265,2024-03-21,2024-08-30,738965.0,739127.0,1.4104085487728357,0.41954141995782973,0.525723799518306,0.6594882439660361
2024-09-05,739133.7465560982,0.5018565402076695,8.993212948764368,0.6758883190005275,-0.04353135528525034,0.006273316242603456,0.006050487216837792,0.001657136421238398,2024-03-28,2024-08-30,738972.0,739127.0,4.547283332166554,0.38723064397903556,0.525723799518306,0.8629802571551186
2024-10-26,739184.0731231275,0.7601168014972228,11.567343831623438,0.8158607679859934,-0.013129292316568661,-0.0022121053069759753,-0.0012265742195469158,-0.0018409034665332529,2024-04-05,2024-08-30,738980.0,739127.0,2.3457010069294233,0.39001580562999816,0.525723799518306,0.48779009635981163
2024-10-04,739162.7067167694,0.44176237307834787,3.6485773096542955,0.7263488519680623,-0.05152089448069884,-0.010310257067351985,-0.009477600507237229,0.00405912421836265,2024-04-12,2024-08-30,738987.0,739127.0,0.9253149838994132,0.6050330100206293,0.525723799518306,0.7430428378538412
2024-09-05,739133.8157758677,0.3896694935821866,4.3462192610317345,0.6123215025409771,-0.05023812263233383,-0.024953072438530125,-0.002901995041026184,-0.0247837496941926,2024-04-19,2024-08-30,738994.0,739127.0,2.089752329979884,0.18050704197450507,0.525723799518306,0.42530976815755317
2024-10-06,739164.492676818,0.3582545214405218,12.553067974301394,1.1934649600981309,-0.17044268861478856,0.01286698450791851,0.011520785223582334,0.005729816590354523,2024-04-26,2024-08-30,739001.0,739127.0,2.9421273319437296,0.37804491246477845,0.525723799518306,0.6887956258641911
2024-09-16,739144.6532477655,0.953132450200032,2.4561860212537296,0.49404443647936663,-0.0021195544882167796,-0.0013384041719742858,-0.0012806145825737746,0.00038903986743979164,2024-05-03,2024-08-30,739008.0,739127.0,0.8000163175611262,0.6145387946735346,0.525723799518306,0.7424767331587204
2024-10-11,739169.9907776436,0.6186822660193995,3.1803612339362237,0.9171217437315166,-0.03740201415541355,-0.006807725281708042,-0.0023568121495812647,0.006386748781875873,2024-05-10,2024-08-30,739015.0,739127.0,0.6491025538117142,1.0687698274992967,0.525723799518306,0.6621388878613049
2024-10-15,739173.1503835982,0.5225985066525439,6.66422692314858,0.9235903699541193,-0.051627736329395664,0.010307663783882058,0.005169878452014957,-0.008917414954623634,2024-05-17,2024-08-30,739022.0,739127.0,1.258316986723312,0.39277263900595594,0.525723799518306,0.3879272329198586
2024-09-13,739141.2130303681,0.7007267167009442,9.494165849236541,0.5960384193969284,-0.011986415892240318,-0.005825426899121308,-0.005371705075228501,0.002253970528150371,2024-05-24,2024-08-30,739029.0,739127.0,3.1221782859923706,0.151863515001417,0.525723799518306,0.49247913573341057
2024-09-30,739158.8201774723,0.184224998270921,8.328969168580652,1.1236399132197863,-0.3353983991109773,0.05757661512073222,0.03334861059917638,-0.04693545333610224,2024-06-03,2024-08-30,739039.0,739127.0,1.757597279717246,0.12884636254397547,0.525723799518306,0.30550102646176136
2024-09-15,739143.9114993379,0.41968766482962894,13.260847127373484,0.6051052341666653,-0.034589494484034713,0.012121910095669935,0.010111489081510744,0.006685693151947201,2024-06-10,2024-08-30,739046.0,739127.0,3.706237686173034,0.09030838852362018,0.525723799518306,0.37226674464554194
2024-09-25,739153.1177897203,0.7634474310440331,13.920844612404714,0.4770580363536325,-0.0014288159026672868,-0.0012123183420759487,-0.0007311104353396134,-0.0009670539250069243,2024-06-17,2024-08-30,739053.0,739127.0,2.9771311033838463,0.06463580343363395,0.525723799518306,0.16309486466297898
2024-09-06,739134.1601784803,0.26681152786635237,8.487875156620582,0.5043689822585945,-0.02142220460834721,-0.00844415582541405,-0.00775699728611864,0.0033365791923798387,2024-06-25,2024-08-30,739061.0,739127.0,3.1396192387312083,0.07974684875490318,0.525723799518306,0.14652525570185668
2024-09-12,739140.1152707844,0.25475072202630794,5.7500310352813475,0.6107445418231495,-0.06761513076907696,0.02615004623484507,0.0073662955163536735,-0.025091086234961663,2024-07-02,2024-08-30,739068.0,739127.0,1.5598556545837479,0.11455569013703368,0.525723799518306,0.05785548206046996
2024-09-11,739139.6249703837,0.41615732038484954,6.736048979011223,0.6238861322530024,-0.04272049996404168,-0.0136410643984365,-0.008000262784646543,0.011048729940535759,2024-07-10,2024-08-30,739076.0,739127.0,1.7338991907382741,0.19348191160909098,0.525723799518306,0.05006083263721997
2024-09-01,739129.4005552297,0.42562354130868807,13.690514029237693,0.5418562250661405,-0.028368430513893646,-0.004006058796681829,-0.0038156623701005965,0.0012203391986944292,2024-07-17,2024-08-30,739083.0,739127.0,6.453093457235839,0.22015262906946917,0.525723799518306,0.07396691582458222
2024-10-26,739184.7073042478,0.12143823614646612,8.710696001745898,2.7265853516830627,-1.3396237558091662,-0.06185720097191697,-0.06174760629728698,0.0036805473282339883,2024-03-15,2024-09-03,738959.0,739131.0,1.9903693475408593,0.3019222847090556,0.515494385240942,0.49395176966444737
2024-09-28,739156.7728855807,0.5780202093231098,10.987241439486313,0.7267616778019862,-0.02926869497690209,0.0032544548882741425,0.002704420669050158,-0.0018104103028390433,2024-03-22,2024-09-03,738966.0,739131.0,3.5004263693137734,0.4731288791819411,0.515494385240942,0.9847545518643739
2024-10-01,739159.5869372078,0.2934604281594729,6.0439020760919355,1.013887126887683,-0.1772361867600618,0.028815331016680785,0.007921289938924728,0.02770517040742352,2024-04-01,2024-09-03,738976.0,739131.0,1.7889138327018994,0.2986488950664878,0.515494385240942,0.4829372343662671
2024-09-21,739149.8561890858,0.8825311805364482,3.138702961309524,0.4903992732054049,-0.0022893324363131877,0.001969621404067417,0.0017199103177851557,-0.000959852579376994,2024-04-08,2024-09-03,738983.0,739131.0,1.0891428172890423,0.326817984707376,0.515494385240942,0.7597038964746154
2024-10-15,739173.1670811923,0.11568936173744218,9.769727386960259,2.7863466372211234,-1.441753290912505,0.04864009042464791,0.029669868281472996,0.038542928179861574,2024-04-15,2024-09-03,738990.0,739131.0,2.2837738075319236,0.35100035637790516,0.515494385240942,0.5714259160081383
2024-10-12,739170.1422320759,0.1966831513176704,8.248532158836248,1.5013362673429225,-0.46981887505322395,0.04466226719335332,0.043357291467181876,-0.010717433810400776,2024-04-22,2024-09-03,738997.0,739131.0,1.952009380305511,0.25083040614770297,0.515494385240942,0.441025592322645
2024-10-08,739166.236203214,0.9183459081755361,11.303290734393038,0.7001192184328434,-0.005424298791347114,0.0012374890729319066,0.0005591456636206967,0.0011039634651925942,2024-04-29,2024-09-03,739004.0,739131.0,2.7469968997673475,0.35612595616745807,0.515494385240942,0.484132879992663
2024-10-03,739161.6609811055,0.8066557512494339,14.904629141290288,0.7149214354504251,-0.009976188435350837,0.001625083744234447,0.0010275116945912817,-0.001259014254586977,2024-05-06,2024-09-03,739011.0,739131.0,3.7765534080671412,0.3322430904896891,0.515494385240942,0.6494653355498154
2024-10-09,739167.5935785003,0.3347433047842641,2.58130950054686,2.0535362772635866,-0.4074192673714473,0.05147391388634005,0.04714532915654449,-0.020661116850243768,2024-05-13,2024-09-03,739018.0,739131.0,0.5784663395841336,1.0264225658725572,0.515494385240942,0.6451458430388874
2024-10-22,739180.5911543731,0.5961053977287635,6.00933979045234,1.034259668489837,-0.043631830728784765,-0.007360625740430494,-0.007109787301126442,0.001905186558694222,2024-05-20,2024-09-03,739025.0,739131.0,1.0935846483725238,0.588010380086624,0.515494385240942,0.4379727240747874
2024-10-08,739166.9963450091,0.28220874994768025,13.072187394875229,1.2252639251655475,-0.2420498708689951,-0.023721284846847213,-0.023709739189911257,-0.0007400150887985,2024-05-28,2024-09-03,739033.0,739131.0,2.734603302327975,0.22028699402885363,0.515494385240942,0.6511208458284535
2024-10-02,739160.6556109702,0.6949229732642245,4.147095561555407,1.1241865060366507,-0.0407272399676524,0.011544827047827043,0.011228453761410828,-0.0026841865978537893,2024-06-04,2024-09-03,739040.0,739131.0,0.9262138691556213,0.5911397649151533,0.515494385240942,0.21156071447948496
2024-09-21,739149.0998356295,0.4803654608162712,2.617114815136794,1.4448390088472756,-0.1638765186653961,0.040540424656313793,0.021515780869142197,-0.03435981962853283,2024-06-11,2024-09-03,739047.0,739131.0,0.7206113947474649,0.7419547732408796,0.515494385240942,0.2543376311277835
2024-09-15,739143.1711431427,0.44956967865131625,13.880752952943315,0.4896939765387255,-0.007593326177095536,-0.0063095203395966476,-0.004292025472783051,0.00462477721158168,2024-06-18,2024-09-03,739054.0,739131.0,4.399579900036812,0.03897801322941954,0.515494385240942,0.14526093513756164
2024-10-05,739163.1508670374,0.07868406935824426,6.0669207069156235,1.0797872713872023,-0.4569691146455372,-0.045213109892324105,-0.039003383000021374,0.022868349758760894,2024-06-26,2024-09-03,739062.0,739131.0,1.106722898452162,0.13108136698024692,0.515494385240942,0.06130655630569555
2024-09-09,739137.5275609527,0.7899836103889117,8.53824508179411,0.47379614581045143,-0.0016186689693428794,-0.0020066704197287547,-0.0020052318299825767,-0.0000759702668094806,2024-07-03,2024-09-03,739069.0,739131.0,3.195058480824437,0.07463309584551245,0.515494385240942,0.1213833806790692
2024-09-09,739137.7731988457,0.002662141001640084,11.071822727664658,17.0988585618965,-16.50440001235479,0.009236448430135494,0.009073969776178999,0.0017248339350622946,2024-07-11,2024-09-03,739077.0,739131.0,3.8664339708684494,0.42964193308099136,0.515494385240942,0.1020090952058356
2024-09-12,739140.0530525196,0.9853787614757397,3.638660378986643,0.4950997046998747,-0.0010217235037333998,-0.0023618738891593954,-0.002251183236589254,-0.0007145784096881593,2024-07-18,2024-09-03,739084.0,739131.0,1.0558328226867495,0.11714893764755888,0.515494385240942,0.03214658504468421
2024-11-07,739196.5305575784,0.02412035025885296,3.0333554561235085,-15.078403102956822,13.730891327575051,0.2910031220941324,0.25448691145808333,0.14113549859995606,2024-03-18,2024-09-04,738962.0,739132.0,0.6229936420155878,0.37519875322091933,0.5282573553901906,0.9113886572614577
2024-09-25,739153.0551560982,0.21867190951979026,5.072989076987603,1.073797813645475,-0.273974741098525,-0.04090778895220559,-0.036344380517608195,0.018775867536534662,2024-03-25,2024-09-04,738969.0,739132.0,1.750496976213384,0.2886912285283073,0.5282573553901906,0.5769089914222338
2024-11-12,739201.3683218288,0.6169646958440661,9.665452453785958,0.9394878457036757,-0.02886157470320341,-0.004712918188495806,-0.003932449066356149,0.0025975839143267815,2024-04-02,2024-09-04,738977.0,739132.0,1.8057521463372996,0.3909023186273035,0.5282573553901906,0.4463098948769171
2024-10-14,739172.9621708413,0.898003576138902,10.70622342555592,0.7212818551337435,-0.005966200694269417,0.0012161117409460603,0.0005683803352311718,-0.001075114673413659,2024-04-09,2024-09-04,738984.0,739132.0,2.6051630357989586,0.41149649535963595,0.5282573553901906,0.47877758584875557
2024-10-04,739162.4316287863,0.40931681744491855,11.800980445230744,1.0539055211316697,-0.11471456685346339,-0.010185462177679135,-0.010033942058941066,0.0017503275495591346,2024-04-16,2024-09-04,738991.0,739132.0,3.246821140819613,0.3906423529715921,0.5282573553901906,0.6795459315525568
2024-09-05,739133.1231798693,0.03127114125833242,14.998786275789072,3.9336940026768095,-3.1876601443712387,-0.02685274034408023,-0.007900963492973442,0.025664069043495316,2024-04-23,2024-09-04,738998.0,739132.0,11.4344122188287,0.2474976129778563,0.5282573553901906,1.129892425964107
2024-11-02,739191.1037464404,0.25697697616829546,4.1720806489552125,1.5022890910836681,-0.34571699606041717,0.021126065484117836,0.018701252059964722,0.009827197679343801,2024-04-30,2024-09-04,739005.0,739132.0,0.7616229525641476,1.0079607676085125,0.5282573553901906,0.7446025720386977
2024-09-11,739139.7346316796,0.25543268819935344,14.024670420657452,1.0109933055855533,-0.23512640711707414,-0.01301536167397836,-0.0016364711206667659,-0.012912071939688385,2024-05-07,2024-09-04,739012.0,739132.0,6.25934757943686,0.32902505965420276,0.5282573553901906,0.891567730309071
2024-10-08,739166.5526911956,0.8087899473419744,6.900912580379227,0.6142412163607981,-0.006148289259399364,0.0029576904000657386,0.002334856075987492,-0.0018155934586424679,2024-05-14,2024-09-04,739019.0,739132.0,1.5944228311477102,0.24363001877912865,0.5282573553901906,0.3596393693188598
2024-10-08,739166.8481308831,0.21215541863879267,10.385910692172432,1.382108252908127,-0.3913574224253528,-0.04583237106564982,-0.04564034995723797,0.0041910253256527506,2024-05-21,2024-09-04,739026.0,739132.0,2.3086732764610804,0.1744258284361343,0.5282573553901906,0.41909102143567195
2024-10-10,739168.8666526884,0.7274696997449509,8.320750306913622,0.6616612843628464,-0.011018151835795851,0.005280802524159988,0.005280609841404486,-0.0000451109968476425,2024-05-29,2024-09-04,739034.0,739132.0,1.7175745755741294,0.18241529289207314,0.5282573553901906,0.206138798562084
2024-10-06,739164.8324895,0.883608282336346,10.955494613682534,0.5905559071240724,-0.00370955144503816,0.0021038505003561072,0.0011824326139802663,-0.001740126444039179,2024-06-05,2024-09-04,739041.0,739132.0,2.314676572130729,0.14221136700397696,0.5282573553901906,0.26349701381318474
2024-09-29,739157.0011175859,0.2415199609544239,9.440574811536688,0.7903658328531312,-0.13164056426829981,-0.027589091001385284,-0.025068387332711474,-0.011521019868912179,2024-06-12,2024-09-04,739048.0,739132.0,2.2123583363538737,0.12206943520708594,0.5282573553901906,0.19963022524099155
2024-09-15,739143.3986001619,0.14753951929525025,8.408005501175339,0.7055089387144914,-0.1472282702224607,-0.026763511390203713,-0.02469585117595594,-0.010315060670136628,2024-06-20,2024-09-04,739056.0,739132.0,2.725848666064559,0.09653026401766558,0.5282573553901906,0.12103980931867846
2024-09-27,739155.2596030446,0.9148506503434441,4.080834579665585,0.5749353291967442,-0.003041044775661506,0.0020652191955364612,0.002041668884964803,-0.0003109959642484851,2024-06-27,2024-09-04,739063.0,739132.0,0.8949177725423285,0.33010938551297914,0.5282573553901906,0.05787013972336166
2024-09-21,739149.6226913971,0.39660472934546165,8.397793502538576,0.6085480367658352,-0.036238247322687385,-0.012813425160363288,-0.0066610938880840975,-0.010945944114344802,2024-07-05,2024-09-04,739071.0,739132.0,1.9987749528380472,0.1335656079820865,0.5282573553901906,0.07701906986828538
2024-09-27,739155.3413996822,0.5364501008282875,10.110437089253818,0.6540630535702626,-0.026762515890820713,0.006868945342369199,0.004235455648093702,-0.005407709826672162,2024-07-12,2024-09-04,739078.0,739132.0,1.9277342657944718,0.20672655987120495,0.5282573553901906,0.05462209642957148
2024-09-07,739135.9897407041,0.35642089571200813,3.2518751172057465,0.5848356188311743,-0.04157652214130349,-0.015131306925679815,-0.0005268065553955447,0.015122133583999263,2024-07-19,2024-09-04,739085.0,739132.0,1.3186698110933281,0.30116258464375906,0.5282573553901906,0.03937878205277778
2024-11-18,739207.3153045024,0.06869773682283699,5.854957561481868,3.083363896983061,-1.9506860823030496,-0.07155230715443331,-0.04654336630552596,0.054345631950249676,2024-03-19,2024-09-05,738963.0,739133.0,1.1090290539184362,0.31987656370133993,0.5059604309568222,0.8633356331886485
2024-09-28,739156.3309729962,0.06921524038179029,6.685347107363111,3.0017640987602863,-1.9622827018661844,-0.07598697515083298,-0.04082378642570174,-0.06408930374440029,2024-03-26,2024-09-05,738970.0,739133.0,2.2107308069267653,0.26736231269947197,0.5059604309568222,0.5264886959937995
2024-10-27,739185.8407335896,0.21411921811596663,4.987660860090729,1.379543796429388,-0.3737803829036642,-0.026321642586427264,-0.023425912434472295,-0.012002312071432637,2024-04-03,2024-09-05,738978.0,739133.0,1.0871158400416423,0.6096242722110186,0.5059604309568222,0.7762028864025886
2024-10-16,739174.0078705308,0.6330326228287929,7.523075585593939,0.7493014951485847,-0.020879151581673756,-0.0052257286119748786,-0.0050293899308810576,0.001418970207285946,2024-04-10,2024-09-05,738985.0,739133.0,1.829556878750735,0.33619918929878595,0.5059604309568222,0.4540976361541417
2024-10-29,739187.932971227,0.24452505507094596,7.419319465034513,1.5578307092752173,-0.3755020278503936,-0.028475439246563154,-0.02833960832180751,-0.0027779921618405427,2024-04-17,2024-09-05,738992.0,739133.0,1.5016019775326042,0.43461143473031294,0.5059604309568222,0.5362843135033656
2024-11-01,739190.7967877836,0.6830209091818357,7.908714134800514,0.7777943687693669,-0.015642229963728185,0.003658896318754763,0.0029878475538542473,-0.0021119396928710693,2024-04-24,2024-09-05,738999.0,739133.0,1.5098278290899276,0.3692127448884051,0.5059604309568222,0.49873762052164644
2024-11-06,739195.6558008105,0.4749571122140247,10.593016331961287,0.9436726558849177,-0.05940957865195677,0.012420821227459333,0.011575645987054663,0.004503467547000829,2024-05-01,2024-09-05,739006.0,739133.0,1.8672605140201666,0.21445733988688048,0.5059604309568222,0.3293423963635556
2024-10-13,739171.7796006706,0.9810253227568186,10.941911398753803,0.6389845541679232,-0.003020115014995806,0.001288294462135484,0.00128786401514775,-0.00003330014499175711,2024-05-08,2024-09-05,739013.0,739133.0,2.4548005908921695,0.2101819255984833,0.5059604309568222,0.3106972486840499
2024-10-18,739176.7362776458,0.7452883268923519,3.619442313647461,0.9506898796535672,-0.021358498304322807,-0.004307523057597945,-0.0015637333820535263,-0.004013663264598737,2024-05-15,2024-09-05,739020.0,739133.0,0.7352652974235739,1.0210000505954078,0.5059604309568222,0.6141343341014841
2024-09-29,739157.2834161078,0.08948370689764441,9.358439457612981,2.36800520094418,-1.3542148779833931,-0.07833213896801282,-0.07113934024639014,-0.03278899609034117,2024-05-22,2024-09-05,739027.0,739133.0,2.502141073823253,0.16530581328434865,0.5059604309568222,0.4781503226977412
2024-09-18,739146.7623466328,0.48944661966185554,12.310597918597194,0.7307122666052116,-0.04577425205803948,-0.010892077200276134,-0.00872899300982353,-0.006514754544204035,2024-05-30,2024-09-05,739035.0,739133.0,4.10361738142071,0.1670847189359331,0.5059604309568222,0.6337444323910487
2024-09-08,739136.7028494532,0.25649083599979555,6.973256952201355,0.680754586028275,-0.10094613051425462,-0.03704334803871091,-0.03655955890254376,-0.005967267948441792,2024-06-06,2024-09-05,739042.0,739133.0,3.5976654555952656,0.10023413081294899,0.5059604309568222,0.3036197678496801
2024-09-30,739158.994822682,0.6848145472282193,10.886898379890404,0.5334829997198419,-0.005235381397529455,-0.0032433948955117265,-0.002329656859644332,-0.002256614580415458,2024-06-13,2024-09-05,739049.0,739133.0,2.4994872930487873,0.10153535808502072,0.5059604309568222,0.18042261435129445
2024-09-13,739141.390981626,0.523268207592598,6.74986530295479,0.536879951282823,-0.013650772261058128,-0.009086718953231421,-0.008807840767518402,0.0022339208466407162,2024-06-21,2024-09-05,739057.0,739133.0,2.4797509175548376,0.11646069247374595,0.5059604309568222,0.07951534245230416
2024-10-05,739163.954367713,0.4738839363119066,11.874452939427124,0.5261525163495966,-0.010189892101705735,-0.00535307290201461,-0.00418258246596533,0.0033408671643276235,2024-06-28,2024-09-05,739064.0,739133.0,2.215314188241032,0.07596696990592786,0.5059604309568222,0.1248066374611704
2024-09-17,739145.8122544436,0.5868066465758467,5.552487349249128,0.5618926071239061,-0.01339988003872657,0.007301916834187539,0.001096504017678119,-0.007219118255895736,2024-07-08,2024-09-05,739074.0,739133.0,1.5232022068649607,0.1939418235527136,0.5059604309568222,0.04337975043839629
2024-09-07,739135.1269108312,0.5876284902144308,13.95848112713573,0.5277289722859021,-0.01182540957016455,0.0021276509941514908,0.001129725984077647,-0.0018029470191366181,2024-07-15,2024-09-05,739081.0,739133.0,7.190440446059373,0.23398093962158292,0.5059604309568222,0.098717595844897
2024-09-06,739134.0809985222,0.2501087287463151,13.031712311241678,0.6792280683607719,-0.11403594673771633,-0.01327418327455444,-0.0038603582657842513,-0.012700455726715163,2024-07-22,2024-09-05,739088.0,739133.0,7.78294769759006,0.16487747496721394,0.5059604309568222,0.050640447081188616
2024-11-10,739199.2536451175,0.9936437988697717,9.367906049038513,0.6884484259115052,-0.0026079500194472823,0.0007572881645928691,0.0004468521370085285,0.0006113988320919067,2024-03-20,2024-09-06,738964.0,739134.0,1.911966132168329,0.365280336811097,0.49193991529890974,0.4842535772582723
2024-09-07,739135.1174076614,0.936238572634297,14.820262813887409,0.5192519271295746,-0.003345471605436084,0.0005771903756138977,0.0005109249333410852,0.00026852270330778336,2024-03-27,2024-09-06,738971.0,739134.0,11.768990545213004,0.3661583075420068,0.49193991529890974,0.964676241129983
2024-10-06,739164.4622144378,0.8571534344902632,6.296519555551065,0.6015470424037044,-0.004803792993569881,-0.0019273781639240633,-0.0017171219797513552,0.0008753734594023745,2024-04-04,2024-09-06,738979.0,739134.0,1.8101976076436037,0.3392933620220805,0.49193991529890974,0.4932444800937283
2024-09-29,739157.5277086773,0.1208960961378718,10.220091739304555,2.3511226490800086,-1.1878643990534956,0.034061795315200614,0.006939897416960112,0.033347319591485805,2024-04-11,2024-09-06,738986.0,739134.0,3.2313047894477607,0.4125312138650895,0.49193991529890974,0.7813637866943616
2024-11-14,739203.4415622094,0.5714355337032643,14.9833895633334,1.1062896856985633,-0.04754505880538593,-0.004927349260848302,-0.003693725904638376,-0.003261159253974838,2024-04-18,2024-09-06,738993.0,739134.0,2.6439487806528317,0.36800118178283514,0.49193991529890974,0.5173610046595365
2024-09-21,739149.7366883445,0.5352217255981265,6.059210103065064,0.636605912575382,-0.026426745691283688,0.012029067048498258,0.00981287913031564,0.006957431798521807,2024-04-25,2024-09-06,739000.0,739134.0,2.1725755171039296,0.19405706642496404,0.49193991529890974,0.3650722855220865
2024-09-25,739153.248271811,0.6119667297793828,10.976024374917243,0.7421639207591882,-0.02741952123151478,-0.00506518543278863,-0.0004851906165605014,-0.005041893843997089,2024-05-02,2024-09-06,739007.0,739134.0,3.5424879884686176,0.30181948050328516,0.49193991529890974,0.6156865949074455
2024-10-15,739173.9911062618,0.772492919582918,10.687696039000176,0.6891561200084102,-0.009203961826565864,0.0035181223351946865,0.0017624351484943378,-0.0030448328546485858,2024-05-09,2024-09-06,739014.0,739134.0,2.35836992384164,0.1890924920182633,0.49193991529890974,0.2986383344735227
2024-10-08,739166.4257478663,0.7582844325864937,9.03295225939127,0.6186502172158515,-0.007842010413486663,-0.004406324647346762,-0.004317035714426727,0.0008825528529100558,2024-05-16,2024-09-06,739021.0,739134.0,2.157483307870546,0.14940094623115308,0.49193991529890974,0.2405895289156951
2024-10-09,739167.7438678133,0.9417298658403348,10.626618990425582,0.6068331682557432,-0.0031810973550202627,-0.0018334089673930352,-0.0008116213243738324,-0.0016439766627111413,2024-05-23,2024-09-06,739028.0,739134.0,2.403328557965201,0.1537619377930304,0.49193991529890974,0.2785385039228656
2024-10-23,739181.0777755311,0.7846223564499548,3.834279709482763,1.6935913289773212,-0.04169704875711183,0.011000876395076542,0.009191262298290924,-0.0060448307522848075,2024-05-31,2024-09-06,739036.0,739134.0,0.6868113136727264,0.7756305734312012,0.49193991529890974,0.24684761969336594
2024-10-11,739169.7697839797,0.7484402309276751,6.9367693604733764,0.7038714907334843,-0.011665985700481428,0.004332458877762271,0.0043247197931232835,0.0002588409520706117,2024-06-07,2024-09-06,739043.0,739134.0,1.3968839385925853,0.2905272408985269,0.49193991529890974,0.20330945771290915
2024-09-30,739158.0660048056,0.2395742675542772,14.695286437251951,0.6402565241608915,-0.07269279980722719,-0.008039579187539938,-0.004706769506348612,0.006517756847783767,2024-06-14,2024-09-06,739050.0,739134.0,3.512783078411806,0.14740770763576194,0.49193991529890974,0.1777322384009725
2024-09-09,739137.0169593195,0.6954665071181515,3.39168127762245,0.5576646933322152,-0.010684835650235912,-0.006073695570262196,-0.00040628835336818404,0.006060091389916486,2024-06-24,2024-09-06,739060.0,739134.0,1.7488403810618178,0.36072480881283914,0.49193991529890974,0.08095478805990726
2024-09-20,739148.5597632014,0.6192587608189698,14.523196349619694,0.4870530897414754,-0.002797641267127255,0.0016188057742457373,0.0015566135682235692,0.00044439434509636633,2024-07-01,2024-09-06,739067.0,739134.0,3.982780170888393,0.07368977510380588,0.49193991529890974,0.14968322610195223
2024-09-23,739151.046961776,0.00026511496436043563,11.19799804608998,264.5632192233786,-263.84989883480813,-0.037760173350633884,-0.0376221902732893,0.003225134184857648,2024-07-09,2024-09-06,739075.0,739134.0,2.665089622158006,0.16543096660022963,0.49193991529890974,0.0957653652003971
2024-09-25,739153.7169262649,0.32962822976909806,3.7324995058367314,0.10350207898083508,0.11213023979533586,0.03659665134437162,0.025268257837005557,-0.02647319465995943,2024-07-16,2024-09-06,739082.0,739134.0,0.7670611674957495,0.270586447956815,0.49193991529890974,0.035048654513685704
2024-09-22,739150.8530191089,0.30962731493253265,3.5292110714590157,0.2760499972274693,0.06469021178084287,-0.03235780031726554,-0.008156365811864224,-0.03131295160337143,2024-07-23,2024-09-06,739089.0,739134.0,0.7303286073106806,0.1753966183667365,0.49193991529890974,0.03364466355370963
2024-11-19,739208.5073384509,0.0744274931661122,10.634362359098171,5.005169692925643,-3.233317488658079,-0.06692370875978919,-0.009422616332652673,0.06625705317634274,2024-03-21,2024-09-09,738965.0,739137.0,2.0739136870053825,0.33813512556612785,0.5119489325386913,0.554121745433602
2024-10-18,739176.6449001138,0.7955361165084303,4.105057750885072,0.5361670924474018,-0.003943021151664121,0.0024165650232185576,0.0004671759071526728,-0.0023709772633282214,2024-03-28,2024-09-09,738972.0,739137.0,1.072336448127507,0.31620683348491097,0.5119489325386913,0.8098343149380464
2024-10-11,739169.3820653677,0.6393783822211375,6.511836861462374,0.6957280369722821,-0.017813494284266075,-0.005101061763635349,-0.003267474767841407,-0.003917197947250347,2024-04-05,2024-09-09,738980.0,739137.0,1.83043418963461,0.3428806471461104,0.5119489325386913,0.5131295338954166
2024-10-24,739182.7052702762,0.1473966787957484,2.8686351586184173,1.5688136800898071,-0.626647318288106,0.04700319036724441,0.04685403748516752,-0.003741533915112175,2024-04-12,2024-09-09,738987.0,739137.0,0.664015438153057,0.6850278521179768,0.5119489325386913,0.8007009367712402
2024-11-10,739199.7877137576,0.36425242785036166,12.086857223061426,1.326280714823611,-0.169254346069331,-0.015461227947225984,-0.004580531859005757,0.014767135725140308,2024-04-19,2024-09-09,738994.0,739137.0,2.283576683599568,0.3299019702586207,0.5119489325386913,0.483283053246709
2024-09-27,739155.5506147792,0.44473773308179465,5.681477995959282,0.7079051377945604,-0.04830986849041814,0.015409581774531696,0.011785788923144665,-0.009927254903801952,2024-04-26,2024-09-09,739001.0,739137.0,1.916995774948447,0.24540739895006095,0.5119489325386913,0.47564969998656714
2024-10-16,739174.0218734584,0.8394291354061978,7.500225718441804,0.6026086123127317,-0.004653122365226434,-0.002418880668207697,-0.0020107035463544504,0.0013446393329464043,2024-05-03,2024-09-09,739008.0,739137.0,1.7912759098413702,0.2152978709367149,0.5119489325386913,0.3893083670792472
2024-09-17,739145.4689979733,0.8358940654465261,12.883987627650312,0.619307740671126,-0.007728602643754249,0.0018542531866180606,0.0018375196666826996,0.00024854849554469704,2024-05-10,2024-09-09,739015.0,739137.0,5.607688011451362,0.2704163135277468,0.5119489325386913,0.6323295066579316
2024-10-01,739159.5820470686,0.5190149181457385,13.294821215839294,0.7941327897855803,-0.04437393513031193,-0.0074184677039903085,-0.006305592225628011,-0.003908090295687501,2024-05-17,2024-09-09,739022.0,739137.0,3.8236353076182525,0.23351300538251843,0.5119489325386913,0.6879007181932392
2024-09-20,739148.7890580224,0.7416951780238793,4.946268714757501,0.6295072001926817,-0.012066655891457117,-0.006058462302628808,-0.0037008473742112177,0.004796737869132344,2024-05-24,2024-09-09,739029.0,739137.0,1.8252244454943214,0.2986567034856406,0.5119489325386913,0.27707646155103904
2024-10-18,739176.1648343663,0.21674051169225722,6.380995488042584,1.8230559734267775,-0.5486685219194768,-0.04442856471966231,-0.025564622945343795,-0.036336585099753446,2024-06-03,2024-09-09,739039.0,739137.0,1.2729158203960145,0.4194685627895109,0.5119489325386913,0.417045492346785
2024-09-30,739158.9107735334,0.15578511134348164,10.670772208205246,1.0549687481646384,-0.32844242271592,-0.03629424172571813,-0.03606535590010448,0.004069654315007384,2024-06-10,2024-09-09,739046.0,739137.0,2.784575757887983,0.13211484502029416,0.5119489325386913,0.3357138698515487
2024-10-02,739160.0700881508,0.44738639250974244,11.071312477779713,0.5482723968301266,-0.015661851236661778,-0.00712708713111278,-0.0003936986530320341,-0.007116204911683913,2024-06-17,2024-09-09,739053.0,739137.0,2.7046592364687685,0.08880035223557975,0.5119489325386913,0.1261459155304287
2024-09-22,739150.8427169791,0.4397908229243809,4.840233596536029,0.6125193667120923,-0.030726928249465685,-0.011569757690341851,-0.009208923484484186,0.007003928988085191,2024-06-25,2024-09-09,739061.0,739137.0,1.4407811935857096,0.2413096688993596,0.5119489325386913,0.07193989895815499
2024-09-24,739152.5224884918,0.33389159923209527,12.207515868086519,0.543569017482041,-0.023732791411780862,-0.0042311827956464385,-0.0019997438843732296,0.003728797694577474,2024-07-02,2024-09-09,739068.0,739137.0,3.292663737020754,0.15341408313073548,0.5119489325386913,0.15017703281525996
2024-09-13,739141.5961229319,0.9243207149919102,4.020391744456818,0.5236910908059397,-0.0026024263175840933,0.0024963956646859103,0.0002715481935914037,-0.002481582739547454,2024-07-10,2024-09-09,739076.0,739137.0,1.7009559426012197,0.239673123672864,0.5119489325386913,0.037016067548448175
2024-10-03,739161.9435736882,0.30816917523009707,2.840776027053805,-1.2748165582181241,0.5512980845874033,-0.09702720024070145,-0.0910517994850784,0.03352383326945552,2024-07-17,2024-09-09,739083.0,739137.0,0.5208992781947549,0.616375241150265,0.5119489325386913,0.037135134287279346
2024-09-29,739157.8385757571,0.8502594497707721,10.704708281158714,0.6378251503576009,-0.007712052614094729,0.0013422692108708153,0.00030131048559204856,0.0013080132360660751,2024-07-24,2024-09-09,739090.0,739137.0,2.0109284567369623,0.45635938493662614,0.5119489325386913,0.02998992018449643
2024-11-16,739205.0301255888,0.6830469881349402,6.1123834597544615,0.6916532029688618,-0.011488556628788806,-0.0031616037412280306,-0.0030537378283766172,-0.0008187939252881285,2024-03-22,2024-09-10,738966.0,739138.0,1.2368844643309869,0.40606730326359336,0.5259351745134314,0.7897904677528251
2024-10-10,739168.9595407471,0.030127417043877454,9.103559621707365,8.874886323216398,-7.449849332878462,-0.07399901810717154,-0.06135000551128311,-0.04137670243737449,2024-04-01,2024-09-10,738976.0,739138.0,2.6511532572332133,0.333174834675591,0.5259351745134314,0.5985962211423467
2024-09-28,739156.201858388,0.7790369641614974,3.566902436974263,0.5584799077813299,-0.005860218759145879,-0.002350746074730239,-0.00047482310998649135,0.002302292362425412,2024-04-08,2024-09-10,738983.0,739138.0,1.2789684659678666,0.5444712381694192,0.5259351745134314,0.7651406360639705
2024-10-21,739179.2478073436,0.8315025057196348,2.729558648792791,0.46579851345857504,-0.001739548001543323,0.0025708806584091833,0.00015177651022410266,-0.0025663965497807724,2024-04-15,2024-09-10,738990.0,739138.0,0.6618254025639067,0.20612260971100257,0.5259351745134314,0.7922774304375053
2024-10-09,739167.0222409536,0.6214081831695412,11.111931623594096,0.8211584364996138,-0.02883527842388817,0.004262161303650849,0.00415456596845344,0.0009516304913711161,2024-04-22,2024-09-10,738997.0,739138.0,3.1265057377098606,0.3783394909037985,0.5259351745134314,0.5813564266856114
2024-11-15,739204.9705990878,0.36094743961669434,12.832565109136437,1.3047671004958803,-0.16484761996100278,0.017931649417160633,0.017301244885804926,-0.00471285223843971,2024-04-29,2024-09-10,739004.0,739138.0,2.2443662336556396,0.25857880910184733,0.5259351745134314,0.41998335123663516
2024-10-18,739176.7061349935,0.7726271315660325,4.540236178459212,0.6912477157469701,-0.009420840813758859,0.0017221444204502617,0.00018441000415317073,0.0017122424931230377,2024-05-06,2024-09-10,739011.0,739138.0,1.0508193055866446,0.9309183826153885,0.5259351745134314,0.7033927885600207
2024-09-29,739157.9895660655,0.6473822014060392,11.883223832122225,0.7218891739379685,-0.02115930258522194,-0.00470826480437146,-0.004699597789854702,0.00028554873782914744,2024-05-13,2024-09-10,739018.0,739138.0,3.6810948773851373,0.24483130420876703,0.5259351745134314,0.6067737108124837
2024-10-27,739185.5752667491,0.18091539816335248,6.998353440787936,2.117438024203193,-0.7572437647685151,0.04373192642770272,0.014533238949161793,0.04124641020409619,2024-05-20,2024-09-10,739025.0,739138.0,1.3549091706074992,0.4476274978318805,0.5259351745134314,0.5050091019454888
2024-10-13,739171.6880049711,0.15577624909832125,4.518894328778467,2.9851174483906004,-1.3256457423105565,-0.07546182790171932,-0.006956254658362775,0.07514052163378097,2024-05-28,2024-09-10,739033.0,739138.0,1.0177353179445883,0.6055767836679196,0.5259351745134314,0.4784251897610889
2024-10-21,739179.8721358223,0.4838480627145677,2.057378927844343,5.323079881061819,-0.6365963099447729,-0.15862453382549102,-0.10809827632127073,-0.1160883516453074,2024-06-04,2024-09-10,739040.0,739138.0,0.39493048011933124,0.9438184814256858,0.5259351745134314,0.31269328135631214
2024-09-27,739155.1397837123,0.6788201089098164,9.291758668454621,0.5602590225185643,-0.00785658032908394,-0.0049509391870824725,-0.004656298768453289,0.0016824626632080822,2024-06-11,2024-09-10,739047.0,739138.0,2.7240367218181354,0.1159318432586278,0.5259351745134314,0.20249289308101662
2024-10-17,739175.8597694787,0.3313812379413546,5.228119136491918,0.8893277909009034,-0.10544001645912582,0.01231056845451299,0.011129486790920608,-0.00526161756914868,2024-06-18,2024-09-10,739054.0,739138.0,0.9726876293917882,0.5428874448932656,0.5259351745134314,0.13699047363406133
2024-10-12,739170.3723608614,0.26516277663547744,2.1811448911501414,-0.30943376733299977,0.29973986287832016,0.0708066880927303,0.0675975570217236,0.02107504124209539,2024-06-26,2024-09-10,739062.0,739138.0,0.41943817183305443,0.5146337509275245,0.5259351745134314,0.10651886567792766
2024-09-15,739143.8070432419,0.3634752754410196,14.494518906412114,0.5398367020986915,-0.022533597086281307,0.006677345898633237,0.00015005751440912087,-0.006675659592307196,2024-07-03,2024-09-10,739069.0,739138.0,5.896002865326787,0.08462481256996059,0.5259351745134314,0.13742653936411495
2024-09-17,739145.1795031094,0.5967752818272111,9.021693048274305,0.5769066116890521,-0.015439166283026525,0.0058040191373902325,0.00469910052584314,-0.0034066247805141065,2024-07-11,2024-09-10,739077.0,739138.0,3.231967929511971,0.1759615539989864,0.5259351745134314,0.06212805099464417
2024-09-13,739141.5288259325,0.22567274320045644,13.449561138742883,0.7307955912780218,-0.13449618088214765,-0.0026966636854183442,-0.0018282415991453028,0.001982303631487536,2024-07-18,2024-09-10,739084.0,739138.0,5.975001466887736,0.8368626016909557,0.5259351745134314,0.07369718016869611
2024-09-15,739143.8525396726,0.3528536749860061,13.988006653006131,0.7234064000271099,-0.08621622242991205,-0.007789702190681537,-0.0056681266797100225,-0.005343388453244644,2024-07-25,2024-09-10,739091.0,739138.0,4.899175578113984,0.27919455916536184,0.5259351745134314,0.040968794421898866
2024-09-24,739152.1724262082,0.7489178836603879,12.336724506937756,0.6084063052982155,-0.009669642919614823,0.0005135353164616904,0.00044416588818558167,-0.00025775023768315295,2024-03-25,2024-09-11,738969.0,739139.0,5.168395577928244,1.143074287183125,0.5435923742423416,1.0838093361319785
2024-09-25,739153.5807762708,0.44678403683723256,12.429974039200067,0.8091205898956502,-0.06655597390346397,0.004519248562551969,0.003399086671498075,-0.0029782238615947225,2024-04-02,2024-09-11,738977.0,739139.0,4.934007080391208,0.5293564881247163,0.5435923742423416,0.9235256392366731
2024-10-31,739189.2293748888,0.8729483193817364,9.939303140643851,0.7313626932784043,-0.005935526030218403,-0.001311898505842299,-0.0013015898497454855,0.00016413882133968553,2024-04-09,2024-09-11,738984.0,739139.0,2.226553762221688,0.39736679476113723,0.5435923742423416,0.4451084121124484
2024-10-18,739176.1341062364,0.9017338140446547,10.114975992596886,0.7077356633953192,-0.005468882308130378,-0.0012089490552591319,-0.0010992965186199597,0.0005030954008555274,2024-04-16,2024-09-11,738991.0,739139.0,2.58629331273746,0.40327757817911486,0.5435923742423416,0.4468925083917099
2024-09-22,739150.4775867296,0.8947539804224058,3.555131246595106,0.5376715543255453,-0.003318604540296249,-0.0014138785096403721,-0.000091818326923109,0.001410893984275189,2024-04-23,2024-09-11,738998.0,739139.0,1.4635536473602269,0.5907332418385015,0.5435923742423416,0.711133557879383
2024-11-16,739205.8878743768,0.2365357375296771,4.000039028044352,1.891766051365293,-0.4972690144715067,0.023201159563068726,0.022047473010993746,0.0072251462892094975,2024-04-30,2024-09-11,739005.0,739139.0,0.7001161920641668,1.2674015833349002,0.5435923742423416,0.7638897215209005
2024-09-19,739147.8942122266,0.23846461661807888,7.3858251569573445,0.9379732227694357,-0.20849105797661585,0.04643106890694065,0.045938559638949286,0.006744842336168432,2024-05-07,2024-09-11,739012.0,739139.0,3.2049468359020516,0.1449785248033421,0.5435923742423416,0.3927889827047919
2024-09-28,739156.7683007128,0.9082216075662883,6.086817570395928,0.5569870825680385,-0.003225636344729214,0.002056568855560545,0.0007902595735506175,0.0018986746072124116,2024-05-14,2024-09-11,739019.0,739139.0,1.9841464363969037,0.23403116453310713,0.5435923742423416,0.36945972110217906
2024-10-16,739174.5298893173,0.13129388546246593,13.499279601452823,2.216012123325649,-1.0204315785347344,0.04155126251457605,0.041118190732834015,-0.005983461156679742,2024-05-21,2024-09-11,739026.0,739139.0,3.0732072161654713,0.2388545804089328,0.5435923742423416,0.7142166721370687
2024-10-09,739167.961309416,0.8678335480976593,12.986259836954444,0.6556193869290282,-0.005581490317421891,-0.0019579811071280795,-0.0019140461333371538,0.000412452924983678,2024-05-29,2024-09-11,739034.0,739139.0,3.16553274596473,0.19049958121680782,0.5435923742423416,0.5075462436939038
2024-10-11,739169.0101096148,0.700092343189984,12.487626984689093,0.6435528130986989,-0.010550358744573086,0.003921200442598777,0.0037368579348881856,0.0011881522147856515,2024-06-05,2024-09-11,739041.0,739139.0,2.882970619993135,0.15084245587901698,0.5435923742423416,0.36774069026750916
2024-10-18,739176.0409660601,0.8479879099241427,9.276283556782808,0.6102483011739029,-0.004420920613638524,0.0021673110140953177,0.0006423688946589902,-0.0020699273501728183,2024-06-12,2024-09-11,739048.0,739139.0,1.831175267689961,0.18646920664400565,0.5435923742423416,0.13036470490741037
2024-09-26,739154.6999010572,0.4706926620583035,9.339220556462067,0.5622297736458933,-0.017214971144860206,-0.008040483915137038,-0.007423389655361388,0.0030891208481137423,2024-06-20,2024-09-11,739056.0,739139.0,2.7326106192422377,0.10790732027443453,0.5435923742423416,0.10814319864876923
2024-09-18,739146.6102768923,0.5181888228778632,3.9093567413612718,0.5704784258885689,-0.016228124582483766,0.009640605514822494,0.0018004410049839163,-0.009470991863579992,2024-06-27,2024-09-11,739063.0,739139.0,1.491190437161003,0.22312424248705656,0.5435923742423416,0.05862557019520612
2024-10-03,739161.2508973742,0.02665138800340739,2.4422579545769203,-16.61709963913274,15.47950508143606,0.27717787112565073,0.0995360741770031,0.25868927727909014,2024-07-05,2024-09-11,739071.0,739139.0,0.5442584894276141,0.6094341906043453,0.5435923742423416,0.050718969468564114
2024-10-09,739167.6598670923,0.3509477240293291,4.671638085870824,0.24802254600460413,0.057905177777771405,-0.02528633318590286,-0.017879133720038763,-0.017881141557782747,2024-07-12,2024-09-11,739078.0,739139.0,0.8479969903023198,0.1720302351727154,0.5435923742423416,0.044424534466043775
2024-09-29,739157.876039608,0.6550490497145106,4.90582592715046,0.553776681819572,-0.007140238698919959,-0.004813585669772023,-0.0039934795882551315,-0.0026875133075808582,2024-07-19,2024-09-11,739085.0,739139.0,1.0547382835788934,0.198064075787946,0.5435923742423416,0.040769981312015625
2024-09-19,739147.9120849407,0.34218265451905744,5.9837143508918516,0.7000989094355043,-0.07514413367115319,0.0109497420450107,0.010282475288811457,0.003763980975942473,2024-07-26,2024-09-11,739092.0,739139.0,1.7488466334191928,0.3924445765802841,0.5435923742423416,0.03434073367363157
2024-09-27,739155.1173954057,0.9184543645709626,12.840946735988407,0.5769633663735049,-0.0038097463150137873,-0.00022761847668436393,-0.00014466194766335743,0.0001757358581119811,2024-03-26,2024-09-12,738970.0,739140.0,5.119763363826719,1.197151414157359,0.561730061522532,1.0730833440288303
2024-11-05,739194.7613989286,0.38853573594744184,5.498287451215296,1.0184775906764285,-0.1021633906083921,0.010045420604526316,0.009956197826143355,0.001335889205188885,2024-04-03,2024-09-12,738978.0,739140.0,1.2039447515543669,0.7186719606318288,0.561730061522532,0.7800357627990093
2024-10-02,739160.4478143549,0.06914114874521184,11.218976513915123,3.7919894056007553,-2.5500220460174647,0.040590595596841736,0.04045320980597649,0.0033368049538436357,2024-04-10,2024-09-12,738985.0,739140.0,3.837990352558165,0.38717014685575035,0.561730061522532,0.8426719058310815
2024-11-21,739210.8500267926,0.5582694068459645,10.705523188607522,0.9861938951837145,-0.040362895301973255,-0.005989273647571138,-0.0033610865658996363,0.004957266981111576,2024-04-17,2024-09-12,738992.0,739140.0,1.9216236568857468,0.35143425256934985,0.561730061522532,0.47121128398611595
2024-09-20,739148.3532639452,0.8455174590845,5.694329647644073,0.5430785661199661,-0.004212478894068064,0.002990152572932832,0.0010756976713915873,-0.002789961815003846,2024-04-24,2024-09-12,738999.0,739140.0,2.613407288144999,0.20918202543624412,0.561730061522532,0.38237988117210064
2024-10-15,739173.4805087196,0.8716692067418623,2.9573753712876067,0.6276251215620312,-0.0050940453145187125,0.001023688415063015,0.0010177267897039971,0.00011031841484096747,2024-05-01,2024-09-12,739006.0,739140.0,0.7577508607276459,1.4666965408733352,0.561730061522532,0.775017271906232
2024-09-25,739153.8330831683,0.7945764945992113,7.91886220602142,0.57783175013771,-0.006211851844916866,-0.004149458607546916,-0.004128681103125147,0.0004147277232625196,2024-05-08,2024-09-12,739013.0,739140.0,2.9246021677633975,0.15021129140887954,0.561730061522532,0.24500618195545426
2024-09-27,739155.5597729296,0.5188206477813625,12.05290055778808,0.7565348725299162,-0.04177747667496383,-0.00799389043191056,-0.006904429952353022,-0.004028787816507791,2024-05-15,2024-09-12,739020.0,739140.0,4.152543458939662,0.2249622734254579,0.561730061522532,0.6737276507875826
2024-10-26,739184.225800296,0.3211202262173685,5.713119785730418,1.5405202185937874,-0.2703509302823399,0.026240084338053932,0.002582316408996416,0.02611271085184399,2024-05-22,2024-09-12,739027.0,739140.0,1.1532966132587998,0.5791045443400278,0.561730061522532,0.4939178410150988
2024-09-13,739141.6528666775,0.4599254325260299,13.948150496940203,0.6714721157096218,-0.04562468508324597,-0.011048052306316903,-0.004514592204232454,-0.010083546845857256,2024-05-30,2024-09-12,739035.0,739140.0,9.250545866299683,0.13617110412894717,0.561730061522532,0.7519844211841512
2024-10-23,739181.7013538193,0.14294760164309087,6.449410876531892,2.2342079840787785,-0.965916880570267,0.04409712488914123,0.0002536898936609814,-0.044096395146614564,2024-06-06,2024-09-12,739042.0,739140.0,1.2409575042826362,0.4854967297417862,0.561730061522532,0.4069883416648993
2024-09-21,739149.9373746618,0.8065770860203658,6.248670858049155,0.5605069950269183,-0.005501402379120682,-0.003536555900682712,-0.00059230803272806,0.0034866027638690822,2024-06-13,2024-09-12,739049.0,739140.0,2.305463209509208,0.20079417714522696,0.561730061522532,0.09688210235984986
2024-09-14,739142.0609595752,0.7663573520178297,7.7285410830137415,0.519898193231686,-0.004004788641464265,0.0031423690007650377,0.002223464629773614,0.0022205152503675233,2024-06-21,2024-09-12,739057.0,739140.0,4.575973801957081,0.12637356203653366,0.561730061522532,0.10767064922567866
2024-09-30,739158.7270652436,0.7910815316293403,6.04115419939141,0.5726241817151583,-0.005100815941897583,-0.0029551059004463576,-0.0010637618724645115,0.002757002278117244,2024-06-28,2024-09-12,739064.0,739140.0,1.558587144192469,0.22603095928601696,0.561730061522532,0.05176191908599234
2024-10-11,739169.1557837207,0.5108105236187607,13.510123732717815,0.6364110923606469,-0.022319677876829463,-0.005181848670449028,-0.0045469148990683085,-0.002485381367932293,2024-07-08,2024-09-12,739074.0,739140.0,2.543393544218253,0.16285597841438348,0.561730061522532,0.10647904886567118
2024-10-10,739168.8631649622,0.028543716811284543,8.647037440421263,5.042242548112624,-4.087585161231889,0.04131391980620998,0.010615574599858985,0.039926802347154955,2024-07-15,2024-09-12,739081.0,739140.0,1.5320265970941571,0.32659805669867564,0.561730061522532,0.056780520356510385
2024-10-02,739160.4040395472,0.6819150322145077,6.810025091113259,0.6456742367038661,-0.013656814629748987,0.002922602960132758,0.0012721683116340972,-0.0026311966573121844,2024-07-22,2024-09-12,739088.0,739140.0,1.37272659820589,0.4679087286785414,0.561730061522532,0.03927112576129986
2024-10-02,739160.4063267553,0.3328412930058729,8.557047931018168,0.8834349987394227,-0.12144510264021953,0.009905134375412622,0.009196768904761296,-0.003678468255591791,2024-07-29,2024-09-12,739095.0,739140.0,1.5863016137727717,0.4769060923212133,0.561730061522532,0.030127090886367894
2024-11-23,739212.0345391458,0.5878544643342002,11.0950722554152,0.9587069507986982,-0.03346677867620618,-0.00487237921499044,-0.00202756304426493,-0.004430470326748841,2024-03-27,2024-09-13,738971.0,739141.0,2.157452040289523,0.36392552365120573,0.4053969882171299,0.5246269558690857
2024-09-13,739141.642398371,0.3447815290599699,5.1457470609701454,0.6808954677232083,-0.07716440868262107,-0.027289336546026784,-0.02123692394873026,0.01713770551497954,2024-04-04,2024-09-13,738979.0,739141.0,4.532268322500265,0.1894609069314729,0.4053969882171299,0.5197381805611776
2024-10-13,739171.5713288744,0.8137322099595261,4.83515090230161,0.6139740923325164,-0.005816900021888994,-0.0016752015173313148,-0.000986644986478798,0.0013538211825515924,2024-04-11,2024-09-13,738986.0,739141.0,1.3877672192252877,0.5843809041311658,0.4053969882171299,0.7182381009445872
2024-10-23,739181.0055970764,0.33939559238269573,13.483944527091449,1.2668833355620632,-0.19204187631426675,0.012435060126167952,0.011443866558226785,0.0048650425012440315,2024-04-18,2024-09-13,738993.0,739141.0,3.320889134837779,0.38872036318383413,0.4053969882171299,0.7375347066531678
2024-11-06,739195.4184026644,0.19593061596079414,10.001448181109737,1.6904414535222287,-0.5231881251197059,-0.04256009504399369,-0.03190982953753786,-0.028162465606531187,2024-04-25,2024-09-13,739000.0,739141.0,2.034995965465484,0.24082119310109212,0.4053969882171299,0.4736986308996662
2024-10-07,739165.1335143425,0.536473240701948,7.9299636831012315,0.7151019964027452,-0.030757885082553924,-0.01126950749951364,-0.007245874569765119,-0.008631286173035008,2024-05-02,2024-09-13,739007.0,739141.0,2.372530471193577,0.1846411085605731,0.4053969882171299,0.31971891952752757
2024-10-25,739183.8282718682,0.5204563230971496,8.714591676763957,0.7809136070656587,-0.0359179889273739,-0.010387736773469707,-0.01008827067467183,0.002476261308798249,2024-05-09,2024-09-13,739014.0,739141.0,1.9106755291955653,0.20650393058899102,0.4053969882171299,0.38242701412803437
2024-10-09,739167.5018754047,0.7173120104127003,7.362017123576161,0.6365119292131802,-0.010238761736798087,-0.00475703579544827,-0.000040852883815900295,0.0047568603722476805,2024-05-16,2024-09-13,739021.0,739141.0,2.0034017136122224,0.20971152418092937,0.4053969882171299,0.3347837749869569
2024-10-20,739178.0761276704,0.547819259196327,11.30393225648211,0.7795438052634918,-0.03245690524916366,-0.009934746124579593,-0.00568124611381012,0.008150007555466845,2024-05-23,2024-09-13,739028.0,739141.0,2.5154139466205123,0.15832813070744417,0.4053969882171299,0.36240786565960315
2024-09-22,739150.5901001239,0.7714200043690191,7.80355165974845,0.5760174858105492,-0.007127121344921681,-0.005064589994353947,-0.003223574634592732,0.003906230713375804,2024-05-31,2024-09-13,739036.0,739141.0,3.080877623357271,0.139113234163717,0.4053969882171299,0.22979403364943385
2024-10-03,739161.6820377918,0.07089535396199388,2.73595700055575,4.599333385796632,-3.152326973646466,0.10101305907361935,0.09151678251453589,-0.042758819225952094,2024-06-07,2024-09-13,739043.0,739141.0,0.7607949845147868,0.8086530749455088,0.4053969882171299,0.47326535728879277
2024-09-23,739151.9164856884,0.896197878376829,13.17685935206657,0.4995016605708411,-0.001333243677922257,0.0007222659365445237,0.0005545629467195655,0.00046273969055858,2024-06-14,2024-09-13,739050.0,739141.0,4.684808112077793,0.1255464395787132,0.4053969882171299,0.186327877484764
2024-10-02,739160.3947857849,0.8043472152984861,9.741566601121349,0.525654716710729,-0.0029542340376411424,0.002293263017290649,0.001293473061832359,-0.0018936691117476237,2024-06-24,2024-09-13,739060.0,739141.0,2.5490523463097636,0.1063667252782079,0.4053969882171299,0.10073394657164715
2024-10-13,739171.5306967157,0.6762724386871107,9.09661117200049,0.5931333060225454,-0.00828372282338806,-0.003749938113075587,-0.00290061124506241,-0.0023766552667381933,2024-07-01,2024-09-13,739067.0,739141.0,1.7818410280660166,0.16422660505032374,0.4053969882171299,0.0763629541571513
2024-10-10,739168.0279651678,0.43381665746106324,12.70850565765156,0.6559719851505666,-0.035337448370951464,0.008257702155265683,0.008194840419420318,-0.001016973640422663,2024-07-09,2024-09-13,739075.0,739141.0,2.5000169459818484,0.1460789739716661,0.4053969882171299,0.09184891064624022
2024-09-28,739156.2281571012,0.4385495230005917,6.9365872963876845,0.6516355833794973,-0.03794420258772103,0.009264112086324544,0.004323171436415133,-0.00819353168538139,2024-07-16,2024-09-13,739082.0,739141.0,1.7487207041351132,0.25894910613608557,0.4053969882171299,0.06327429608174426
2024-09-18,739146.9387531052,0.44278888673698213,4.622741797821458,0.5901230540798005,-0.028695102795267984,-0.008927403466097371,-0.00014723977391434766,0.008926189169822983,2024-07-23,2024-09-13,739089.0,739141.0,1.6759150340615936,0.30787873797637294,0.4053969882171299,0.05714053671701625
2024-09-23,739151.6581616187,0.9632505436867957,8.403652963560766,0.5584705146820406,-0.0032427954963543584,-0.0013796012302833786,-0.001057033329752063,-0.0008865551840650857,2024-07-30,2024-09-13,739096.0,739141.0,2.2107292173754813,0.2694245347004156,0.4053969882171299,0.04252087686530915
2024-11-20,739209.8000559954,0.1706681068903997,12.844111769156415,2.4903967274720804,-0.9321848364863854,0.03814720140815593,0.0363703152596064,0.011506917188858868,2024-03-28,2024-09-16,738972.0,739144.0,2.626412624141935,0.32470400609985955,0.3516249196337511,0.611142668058925
2024-09-16,739144.3153820146,0.506142940487326,8.219850560846204,0.691289238173517,-0.04244798381111875,-0.0070004159796544846,-0.005899917024223307,-0.003767864513949758,2024-04-05,2024-09-16,738980.0,739144.0,8.183969695188303,0.3733726320788951,0.3516249196337511,0.8492537332884227
2024-11-26,739215.8985958974,0.2999584644289713,3.2885968537002395,0.46429898690021043,-0.02951570949930485,-0.03705367056132564,-0.026789314030653474,0.025598967866581716,2024-04-12,2024-09-16,738987.0,739144.0,0.6061047849095506,0.07265616586890201,0.3516249196337511,0.8246082234090134
2024-10-19,739177.6688952371,0.1858181736075977,10.221782439748639,1.780634112593289,-0.6113673686491439,-0.03705158240996687,-0.03576117966808596,-0.00969318254390382,2024-04-19,2024-09-16,738994.0,739144.0,2.7600442689928437,0.2999556508734319,0.3516249196337511,0.6433252077817658
2024-11-19,739208.5926025731,0.9827684221290471,9.953656242094993,0.6613885551335553,-0.002344386177973161,-0.000812677143688905,-0.00025306878330665967,-0.0007722695972198079,2024-04-26,2024-09-16,739001.0,739144.0,1.849487223037509,0.2848260205926053,0.3516249196337511,0.507228989452286
2024-11-03,739192.9384468582,0.7811248152342705,14.030598208686586,0.775483372117537,-0.010226621693312217,-0.002181174160797277,-0.0005184091761249491,-0.0021186723781271987,2024-05-03,2024-09-16,739008.0,739144.0,2.9687355009228598,0.2610273975244136,0.3516249196337511,0.541121745387336
2024-09-30,739158.5166753483,0.060945352891807816,7.0964839518041956,2.6835294884454313,-1.778878541058745,0.0867478847685227,0.08215230925822414,-0.02786025117176787,2024-05-10,2024-09-16,739015.0,739144.0,2.587721237561509,0.17611030668645666,0.3516249196337511,0.5674495048803171
2024-09-26,739154.5286308917,0.5660184706193391,6.942159513272103,0.6088772888669479,-0.01992808590765155,0.011193433440923503,0.0025620182458082367,-0.010896284444916544,2024-05-17,2024-09-16,739022.0,739144.0,2.7983274980431028,0.14515709917532085,0.3516249196337511,0.35548478032741737
2024-10-11,739169.960280872,0.3639898274151519,10.4747989968079,0.8364196747403059,-0.09005727810087748,-0.02325668819734051,-0.018851266630089177,-0.013619959337296261,2024-05-24,2024-09-16,739029.0,739144.0,2.820611035719327,0.1345595403113923,0.3516249196337511,0.48885335952878106
2024-10-16,739174.265254231,0.4142332675076724,2.17307344780581,2.695816598807846,-0.42347012854333366,-0.09112271017241307,-0.05616863852029909,-0.07175257734703029,2024-06-03,2024-09-16,739039.0,739144.0,0.5178276000068904,0.8858633246893629,0.3516249196337511,0.5044070100218883
2024-09-20,739148.3020064363,0.8296823733424032,7.968703388932377,0.5241120381938251,-0.003534893218723062,-0.0032411815069941724,-0.0027674234091317495,0.0016871944866762158,2024-06-10,2024-09-16,739046.0,739144.0,4.0189182145911895,0.11355261726784445,0.3516249196337511,0.22917222141690324
2024-10-03,739161.4264345837,0.6330845600133422,12.861202619410902,0.5175545493793752,-0.004823609911750216,0.0023087431731018456,0.0021551552429755617,0.000828010216132221,2024-06-17,2024-09-16,739053.0,739144.0,3.741948220489676,0.10284346399267362,0.3516249196337511,0.19494728446172638
2024-10-15,739173.6600411176,0.9795914130053252,12.401601127931224,0.49990090220187516,-0.0007566069800792404,0.0007851644408497508,0.0007845695517645904,0.00003055842958680083,2024-06-25,2024-09-16,739061.0,739144.0,2.63415044281127,0.0761161706824177,0.3516249196337511,0.13586653067887988
2024-10-13,739171.5097828149,0.794214089618211,2.8323789732434554,-0.09975713306284283,0.026681008265936237,-0.011330154653263353,-0.011321842401901658,-0.0004339229117791936,2024-07-02,2024-09-16,739068.0,739144.0,0.5973490260281267,0.6603172231201879,0.3516249196337511,0.07843979127482141
2024-10-07,739165.8404866982,0.7995426411896751,4.563995189677563,0.391469582256487,0.004030998542778924,-0.004229504268644666,-0.0041431252426084786,-0.0008504231785081405,2024-07-10,2024-09-16,739076.0,739144.0,1.0273010417684143,0.16696276412755856,0.3516249196337511,0.06208943677545444
2024-10-03,739161.9491340839,0.1447490526990314,5.518142216192636,0.722927472942414,-0.14820707378116016,0.03742525672394057,0.0356499456869878,0.011389961078409292,2024-07-17,2024-09-16,739083.0,739144.0,1.3009028734301182,0.10387881470541681,0.3516249196337511,0.06838785634745942
2024-09-16,739144.0476459251,0.7489619285672723,7.746161479687209,0.5314625647776805,-0.006994158830645883,0.002663344142609846,0.0026479296011431546,0.00028613082560959864,2024-07-24,2024-09-16,739090.0,739144.0,8.671578999775349,0.2539109317462458,0.3516249196337511,0.0887233396081048
2024-09-27,739155.8117822229,0.7414324758828238,8.780727758899594,0.5426893539195273,-0.005739971679927196,0.0033071777770155705,0.0032943909666525413,-0.00029053916710795343,2024-07-31,2024-09-16,739097.0,739144.0,2.243323391725142,0.1465525235761654,0.3516249196337511,0.07028181685970973
2024-09-20,739148.0863615621,0.9710136365058308,2.966827387373039,0.47358598326062884,-0.0011194998191862255,0.0015308365007697814,0.00010659323932118239,-0.0015271209098889616,2024-04-01,2024-09-17,738976.0,739145.0,1.8986585394404594,0.23934715438998622,0.3280952780036454,0.8645676354540985
2024-09-25,739153.1366566798,0.5960158571223583,7.9918641049415795,0.6791421299945174,-0.025450564056441156,-0.005486390857885154,-0.00512242348770324,-0.001965009480412747,2024-04-08,2024-09-17,738983.0,739145.0,3.86699496336072,0.34595562139686736,0.3280952780036454,0.7122936021100519
2024-11-03,739192.947392901,0.7510601200813924,3.188971634268103,0.44110476516544495,-0.0018474432661348295,0.003818251116489621,0.0017458022051668614,0.003395764457233269,2024-04-15,2024-09-17,738990.0,739145.0,0.7323010799498008,0.113954287239452,0.3280952780036454,0.8275695791611116
2024-10-14,739172.8432190588,0.12067517487015136,11.535139753511794,2.3048643873476724,-1.1391132003394655,-0.03866930109005995,-0.03823397472034882,0.005786019692106069,2024-04-22,2024-09-17,738997.0,739145.0,3.3835228581086008,0.3081737465086527,0.3280952780036454,0.8993155431076181
2024-11-22,739211.1600848109,0.12840459529386442,7.5878074891669955,2.80066736907869,-1.3020101182768116,0.03956247468319255,0.017513658046691638,-0.0354747964741421,2024-04-29,2024-09-17,739004.0,739145.0,1.3784144835825993,0.5569230236578693,0.3280952780036454,0.7896256091003804
2024-10-25,739183.9830837124,0.04135379002502316,10.347909699905646,5.740826738094303,-4.438886684060888,-0.09773027585074574,-0.025786980906477394,-0.09426684694839343,2024-05-06,2024-09-17,739011.0,739145.0,2.454020967037494,0.18151295285233776,0.3280952780036454,0.4921231049129754
2024-11-07,739196.0066660302,0.9231143720266617,11.579788143121041,0.6380667296672989,-0.003135084604701671,0.0016341126540256046,0.0007133076569558103,-0.0014702096287859145,2024-05-13,2024-09-17,739018.0,739145.0,2.303476240426881,0.15294038215898165,0.3280952780036454,0.28144300378849313
2024-11-11,739200.0679507599,0.8036832199332122,11.957157900953767,0.6778897276613776,-0.006252979357299477,0.0028470755355727833,0.0013529438991195524,0.0025050712387260036,2024-05-20,2024-09-17,739025.0,739145.0,2.201068956798687,0.1476199119159647,0.3280952780036454,0.2872118805530465
2024-10-08,739166.0126154085,0.2913562522263889,7.5858596223970665,0.9531794415104772,-0.16039892524872196,-0.035980851866743754,-0.02931572923701149,0.02086168066956226,2024-05-28,2024-09-17,739033.0,739145.0,2.227905953520831,0.17121805253470954,0.3280952780036454,0.43687241202789606
2024-09-26,739154.8547552595,0.5037438787808618,7.917152064350105,0.5982272403404022,-0.02422329409723261,-0.014817475964070554,-0.014782211628689179,0.001021671821308114,2024-06-04,2024-09-17,739040.0,739145.0,3.094332254268718,0.10401590833531604,0.3280952780036454,0.3030362181179337
2024-10-15,739173.6628777359,0.22037192330993177,4.3177113580093,0.9953031497389234,-0.22165428086151143,0.012095646506292025,0.01162403754833561,0.003344609914483055,2024-06-11,2024-09-17,739047.0,739145.0,1.0211063690627402,0.935297326923813,0.3280952780036454,0.4993629515656382
2024-09-27,739155.0684457996,0.13644519256137347,6.436725430128336,0.7196805792883253,-0.16353176335912434,-0.025320723608905506,-0.025316626585933595,0.0004554803914386162,2024-06-18,2024-09-17,739054.0,739145.0,2.362752143005733,0.1369049849135759,0.3280952780036454,0.19699530582015057
2024-09-18,739146.1700651667,0.8651491468857926,4.885326846342174,0.5011008582302882,-0.0024203924272831615,-0.002294090322678413,-0.001422840253809382,0.00179954883811093,2024-06-26,2024-09-17,739062.0,739145.0,3.324521126648482,0.1868411929489668,0.3280952780036454,0.1285939913658706
2024-09-19,739147.380603875,0.895393763947613,5.2988039796952355,0.48873134876340907,-0.0014542402266944155,-0.0021578453615716826,-0.0009727614626369503,-0.0019261442680300056,2024-07-03,2024-09-17,739069.0,739145.0,2.9467854585257487,0.11388120316743026,0.3280952780036454,0.10784480213769583
2024-09-17,739145.9296333124,0.36349347003782945,7.241083932494233,0.5073043536791858,-0.01746214322168424,0.010420187204488717,0.00473069322948269,-0.009284440906436802,2024-07-11,2024-09-17,739077.0,739145.0,4.962527267549603,0.0841230589478665,0.3280952780036454,0.15108608016174302
2024-09-21,739149.0315234362,0.9410144214969998,11.908029722163844,0.5157253287920057,-0.0025467809320551186,-0.0009822966180102948,-0.00012594180666822394,-0.0009741895642469217,2024-07-18,2024-09-17,739084.0,739145.0,5.270095926086846,0.20488271006937722,0.3280952780036454,0.13562464127581975
2024-09-19,739147.0527324587,0.9387535998640806,6.756758697813063,0.49767030873088963,-0.001770514588119455,-0.0018332602519851324,-0.0018042759824504432,-0.0003247019104672456,2024-07-25,2024-09-17,739091.0,739145.0,3.556383915623861,0.1341802489102315,0.3280952780036454,0.10644039403959946
2024-09-25,739153.5013070113,0.6572254102392828,5.088100607540127,0.5005070865049872,-0.0037135929992218137,-0.004745987962985572,-0.002969721812699799,-0.003702047284946392,2024-08-01,2024-09-17,739098.0,739145.0,1.519329126836315,0.10107094541144435,0.3280952780036454,0.11151647269341808
2024-11-15,739204.5679241547,0.7810424850643749,14.156807880575036,0.7975401208786761,-0.010161723625089682,0.0016102961670312868,0.0016089073641308452,0.00006686433429856304,2024-04-02,2024-09-18,738977.0,739146.0,3.0580812998081193,0.34815363948030714,0.3023763799928624,0.7892041332542373
2024-11-07,739196.4482481931,0.14962810961034737,2.177722618906585,-1.6012946632864777,0.9411622847639373,-0.17529412746240297,-0.15880547496639,0.07422164268934271,2024-04-09,2024-09-18,738984.0,739146.0,0.49831755860561694,0.36889925275784863,0.3023763799928624,0.8797577233508351
2024-11-27,739216.7296215027,0.4184652283133877,10.235392741667765,1.0784882130063849,-0.09162544092593296,0.010069164019551007,0.009581245059529257,0.0030964184410164587,2024-04-16,2024-09-18,738991.0,739146.0,1.890426755087351,0.372029627658108,0.3023763799928624,0.7918824102767174
2024-10-07,739165.4904728219,0.9294194714269572,3.029841168202805,0.4902988828393007,-0.0016095695365910148,0.0014600535456135708,0.0012871631210462334,-0.000689178827211979,2024-04-23,2024-09-18,738998.0,739146.0,1.037243078010027,0.3381682771894518,0.3023763799928624,0.8483310666899754
2024-10-06,739164.279035504,0.01517164956727202,6.782562000967816,9.649668139238,-8.684483486917076,0.11364482351294505,0.02964377602314865,-0.10971049382068163,2024-04-30,2024-09-18,739005.0,739146.0,2.3369655299935275,0.17093593254371622,0.3023763799928624,0.6260958337252837
2024-10-21,739179.4265748803,0.6408840598362403,8.053500488410123,0.6343648192132565,-0.013323961006830606,0.006350802618965606,0.005220059991338457,-0.0036171352742036004,2024-05-07,2024-09-18,739012.0,739146.0,2.0651545789886745,0.16695503399783693,0.3023763799928624,0.4748080126940525
2024-10-29,739187.9353677887,0.36852031482437014,11.272667163976465,0.9543431623447944,-0.1040388120128426,-0.022162773603777722,-0.021590111166046644,0.0050055602733415005,2024-05-14,2024-09-18,739019.0,739146.0,2.499875932862138,0.15346382680322984,0.3023763799928624,0.4944995466260717
2024-11-05,739194.3829664745,0.38996398776904273,14.62055124856524,0.9440528955535114,-0.09118772275826409,0.015119795923795663,0.005467183311087723,0.01409674201438729,2024-05-21,2024-09-18,739026.0,739146.0,2.9019021561629597,0.16086115999818676,0.3023763799928624,0.7653450466169239
2024-10-26,739184.7522162285,0.995088958778241,2.4563787771512797,1.0707758905713076,-0.010728694352370543,0.004824678609620747,0.002890661491925269,-0.003862848667140918,2024-05-29,2024-09-18,739034.0,739146.0,0.5310788364199351,0.9008345932389099,0.3023763799928624,0.5398904239875633
2024-09-30,739158.0634290027,0.4291695461786108,3.0129752726617802,0.6644090065300603,-0.0467270317068825,0.011893104998338469,0.011413765308465594,-0.0033424404235185335,2024-06-05,2024-09-18,739041.0,739146.0,1.0897496680612577,0.559636807052135,0.3023763799928624,0.7099742492284679
2024-10-15,739173.1749465249,0.9908616826510659,11.957085014026672,0.4950625177437631,-0.0008130071103976123,-0.0010064901975969911,-0.00032408681768195097,-0.0009528852252310436,2024-06-12,2024-09-18,739048.0,739146.0,2.9067188732302243,0.06693796598240408,0.3023763799928624,0.2599204912926725
2024-10-04,739162.0233162537,0.044926687432509375,5.0584411437906525,1.139453290579468,-0.5784460781367244,-0.04447009738752434,-0.0016415128176600778,-0.044439790698487275,2024-06-20,2024-09-18,739056.0,739146.0,1.5212828014427433,0.11552673437187429,0.3023763799928624,0.18586179177430456
2024-09-30,739158.3336243336,0.6142334123957257,10.536712490408549,0.45683980836652277,-0.00038544838680240465,-0.0026349860123653056,-0.0010645412368549983,0.0024103740872312837,2024-06-27,2024-09-18,739063.0,739146.0,3.4294928749077016,0.008527391954308083,0.3023763799928624,0.21434539092385063
2024-09-19,739147.6612993677,0.6075843646564435,5.55436915869168,0.4637535266238356,-0.001607452376781577,0.0062261559129788355,0.004005733317873311,-0.004766457598552724,2024-07-05,2024-09-18,739071.0,739146.0,3.3873288509429,0.02824164384357036,0.3023763799928624,0.1407702022841987
2024-10-02,739160.7811039026,0.8226135821843485,7.7139829167076215,0.47893123327085535,-0.0012590984651908359,-0.0018065822024927235,-0.0018032197736628393,0.00011017124050675752,2024-07-12,2024-09-18,739078.0,739146.0,2.1151751086232458,0.07432230499541455,0.3023763799928624,0.1608732993268989
2024-10-01,739159.9406659136,0.3612827928522471,9.175946259162938,0.5355967623375442,-0.023220296592775923,-0.013527822528845237,-0.01163186693354601,0.006906638401727112,2024-07-19,2024-09-18,739085.0,739146.0,2.4562223506620615,0.06758281568379365,0.3023763799928624,0.1320071463487563
2024-10-01,739159.0214885591,0.296541458985687,10.851897985455546,0.5581195634749215,-0.038565514422081934,-0.012231804102193397,-0.006180602079066229,0.01055543412345875,2024-07-26,2024-09-18,739092.0,739146.0,2.8297563473963776,0.08615655578985314,0.3023763799928624,0.16319113066938268
2024-09-22,739150.9495194622,0.07276935420951226,5.835416988143239,0.5237926478575206,-0.05587094080044002,0.04560369201268155,0.03599281895113719,0.02800381597458058,2024-08-02,2024-09-18,739099.0,739146.0,2.18344032191349,0.015277862809383837,0.3023763799928624,0.12661614445640557
2024-09-22,739150.0727183346,0.1293916398227897,2.7447110071872536,0.9782770882679668,-0.36499272367689517,-0.048309518884820206,-0.017832401548625833,-0.04489782923362074,2024-04-03,2024-09-19,738978.0,739147.0,1.7584130332963577,0.35617307615365185,0.36922486090831536,1.230102553902629
2024-12-04,739223.1685317967,0.8627493472856891,3.826376577286073,0.23226511208477882,0.0020542491484747604,0.002755696589872565,0.0006683251337153735,-0.002673425744448423,2024-04-10,2024-09-19,738985.0,739147.0,0.6942632402935441,0.1680810091295493,0.36922486090831536,0.8338778411218812
2024-11-16,739205.8197534676,0.5708235564615486,4.376136167105997,0.6142769692935587,-0.015961680203398602,0.006501317298782112,0.002507743737484328,0.0059981953924952884,2024-04-17,2024-09-19,738992.0,739147.0,0.8989206223071162,0.3202493839702838,0.36922486090831536,0.8353087283072077
2024-11-30,739219.0457616723,0.06315167770354858,7.702688384664376,5.1823492661089645,-3.529867261074202,0.05615575863529508,0.054135320792483184,-0.014927701450674045,2024-04-24,2024-09-19,738999.0,739147.0,1.3687824459967581,0.5153551727314988,0.36922486090831536,0.8793959071872748
2024-11-26,739215.1367824058,0.9185196445977304,9.868573575423195,0.6504748691300595,-0.0030207335170870037,-0.0009709619415601318,-0.0003188540995704846,-0.0009171145812521553,2024-05-01,2024-09-19,739006.0,739147.0,1.7614190221295318,0.289563803636747,0.36922486090831536,0.7166828750255851
2024-10-25,739183.4929004253,0.9692219711242054,12.842213561630052,0.6170217656203634,-0.002778042379120134,-0.001107804270172645,-0.000646057323969375,-0.0008999112373774856,2024-05-08,2024-09-19,739013.0,739147.0,3.150829756124521,0.18926015632943508,0.36922486090831536,0.5999384071253671
2024-11-06,739195.0290892398,0.8896775789228957,12.398046364434357,0.6292805891576093,-0.003658627641682909,-0.0018845720004386068,-0.001762666454652451,0.0006667972664012135,2024-05-15,2024-09-19,739020.0,739147.0,2.5516477690629635,0.13931082579255075,0.36922486090831536,0.4163553270351506
2024-09-29,739157.4009815872,0.016377464146629443,7.0677942189912555,6.0770792757897265,-5.324931948242111,0.10153824410032491,0.09314968140305305,-0.04041227374804441,2024-05-22,2024-09-19,739027.0,739147.0,2.844485600791031,0.121519835792478,0.36922486090831536,0.8387763482705978
2024-10-27,739185.3474244592,0.6199415073406344,13.585129897818861,0.6678864371464038,-0.016185380555908638,0.006376539644518157,0.0011981562013916966,0.006262960925566943,2024-05-30,2024-09-19,739035.0,739147.0,2.9540492365534914,0.11583099060373699,0.36922486090831536,0.6332495729062018
2024-10-20,739178.4553865461,0.9796512900899206,4.066783613465837,0.6243401387528672,-0.0032247734150205303,0.0012827484524387154,0.0011193937276821723,-0.000626419407952635,2024-06-06,2024-09-19,739042.0,739147.0,0.9497905507378364,0.6055892471746314,0.36922486090831536,0.5673533511045951
2024-10-13,739171.3070112534,0.44740477796164047,7.642216308805277,0.6264265981278783,-0.029910076127460224,-0.01242720178426356,-0.012239047025070374,-0.002154314764587436,2024-06-13,2024-09-19,739049.0,739147.0,1.965254828987977,0.14090469362634325,0.36922486090831536,0.22000895699157896
2024-10-29,739187.0334575172,0.1434834785189221,9.902427765833977,0.9173140459233793,-0.25365678213218806,-0.03933717625435623,-0.03396886983651351,0.01983757338225344,2024-06-21,2024-09-19,739057.0,739147.0,1.856672102322041,0.09343369214114422,0.36922486090831536,0.12780263967028657
2024-10-27,739185.5821468992,0.5886358277762432,3.5844427106851358,-0.5400937176748145,0.08471159234449162,0.02114325334890605,0.011980237946430605,0.017421568842183276,2024-06-28,2024-09-19,739064.0,739147.0,0.6547992596577273,0.6579548313552827,0.36922486090831536,0.11589099646944453
2024-10-14,739172.9282191733,0.5313023332324184,2.751803228282995,-0.9601334646295143,0.1782965696977769,-0.048757823587277684,-0.04819945711270747,0.00735783222208588,2024-07-08,2024-09-19,739074.0,739147.0,0.5864599929986916,0.7060297858382196,0.36922486090831536,0.069194564888232
2024-10-09,739167.3171415664,0.7903746071362299,5.283127190428986,0.37427539575233265,0.004619581235531039,0.004615426387614718,0.004593569739559653,0.0004486399305591395,2024-07-15,2024-09-19,739081.0,739147.0,1.216322190077067,0.14973822905984413,0.36922486090831536,0.0715197264575528
2024-09-27,739155.8124697255,0.3552953595744815,14.78026170913094,0.5306151172917356,-0.02520636908904847,0.006056229446947871,0.00031258985535705705,-0.0060481569669120225,2024-07-22,2024-09-19,739088.0,739147.0,4.800158007716401,0.10004960582788808,0.36922486090831536,0.19228404607658903
2024-09-21,739149.5292646886,0.14076024608430274,12.631111382789292,0.4753188711147145,-0.018211858052280105,0.009366017645776333,0.0047253257113770136,0.008086629919960042,2024-07-29,2024-09-19,739095.0,739147.0,6.173258843109878,0.02166894351938714,0.36922486090831536,0.19890655998051368
2024-10-07,739165.8061375984,0.27635027439064636,2.0566173004775594,-0.20959279708675077,0.16837909822749583,0.11355983483267354,0.08488191216883166,0.07543803466280681,2024-08-05,2024-09-19,739102.0,739147.0,0.3998767372716912,0.1992369305707409,0.36922486090831536,0.036271115927891735
2024-10-22,739180.6609109314,0.8437305605592804,12.292165506275538,0.6738938780661271,-0.006595505820032051,0.0012669727196799878,0.0004993246728526716,0.001164428934497025,2024-04-04,2024-09-20,738979.0,739148.0,3.561372666280583,0.35731909457845223,0.35449621584228846,0.8560410605260997
2024-11-26,739215.4324316017,0.7901503234892009,13.37356701668469,0.8318994532681063,-0.009890426546865375,-0.0017164801782966503,-0.001680979579859163,-0.00034729217466250486,2024-04-11,2024-09-20,738986.0,739148.0,2.6062733794112543,0.3404385195156301,0.35449621584228846,0.6315051267145362
2024-11-12,739201.2292321572,0.2821816865795506,5.647036958175091,1.1668129150223685,-0.2081202675489403,0.021138517067456116,0.008728736263667524,0.019252170450379587,2024-04-18,2024-09-20,738993.0,739148.0,1.2259288515061362,0.49198068563790104,0.35449621584228846,0.8708084800163567
2024-10-11,739169.3462436666,0.232955992283489,8.188384763467216,1.029342127118173,-0.23694311364953302,0.039617242182342804,0.030807637114495787,-0.02490813870115436,2024-04-25,2024-09-20,739000.0,739148.0,2.6990633010560394,0.17015138775070626,0.35449621584228846,0.7427215354154436
2024-10-16,739174.5444460345,0.27217280063070387,4.494994085723964,0.9363459080997252,-0.16671932191433794,0.023008808725539155,0.01849143784426,0.013692041681952174,2024-05-02,2024-09-20,739007.0,739148.0,1.318074055861137,0.4387401697975487,0.35449621584228846,0.9647428460089565
2024-11-23,739212.0830755889,0.8108600995440334,11.13662199544884,0.6422622154637002,-0.005064942441178715,-0.0023067507406442475,-0.0007120443663058614,-0.0021941038717150268,2024-05-09,2024-09-20,739014.0,739148.0,2.000219086757937,0.15986975046798219,0.35449621584228846,0.504231856090748
2024-09-23,739151.0059859618,0.9820118961798339,14.120864357574236,0.5432740096600602,-0.002748872343626034,0.0010597344563580008,0.0009789818474702924,0.00040574827210481193,2024-05-16,2024-09-20,739021.0,739148.0,8.465919535028918,0.1803902183313342,0.35449621584228846,0.8422193376432086
2024-11-08,739197.7856394938,0.07997206172472683,12.015382013147466,2.943579906068765,-1.7574265171341397,0.08823025461109674,0.04287440890301964,0.07711266361600812,2024-05-23,2024-09-20,739028.0,739148.0,2.3460381174743894,0.1325746080615551,0.35449621584228846,0.5066731784030105
2024-10-25,739183.0589845264,0.820822138012951,10.67941281170361,0.5813988142512354,-0.004412918349755672,0.0029050115325382265,0.002636166316718391,-0.0012205405174673572,2024-05-31,2024-09-20,739036.0,739148.0,2.437006241120702,0.11675613708343315,0.35449621584228846,0.434906077694464
2024-10-06,739164.6895572668,0.5362115379677174,4.340132567336423,0.5850715893275239,-0.018588327153104447,0.0038907718899353337,0.0038659623159518065,-0.0004386812865298815,2024-06-07,2024-09-20,739043.0,739148.0,1.3723131590242146,0.5902523129487486,0.35449621584228846,0.6814378284497011
2024-10-01,739159.9746331462,0.832769245353576,9.286538851258864,0.45910464129603934,-0.0006708854517381597,-0.0020225968591696944,-0.0020218600811740556,-0.00005458815693860499,2024-06-14,2024-09-20,739050.0,739148.0,3.2774015446190154,0.029744717172321362,0.35449621584228846,0.17599965438868875
2024-10-19,739177.8790149136,0.8872604808048035,14.796176452193613,0.4411686382544523,0.00019512007060702475,0.0008722925197856504,0.00009351947143427063,-0.000867264866425854,2024-06-24,2024-09-20,739060.0,739148.0,3.2320848167551293,0.01341347896399584,0.35449621584228846,0.22118888113582325
2024-09-23,739151.9574504456,0.2903283715729857,14.839578875319207,0.39917818269453403,0.01861702962314102,0.0016539199358670488,0.00037357491653040615,0.0016111774998422,2024-07-01,2024-09-20,739067.0,739148.0,7.24255558965055,0.22022357546144256,0.35449621584228846,0.2481922614273749
2024-09-30,739158.1687996372,0.05608648657634309,2.666576317856456,-2.1303373185269296,2.128992548879134,-0.10995667780016463,-0.015762170827252654,0.10882106856515303,2024-07-09,2024-09-20,739075.0,739148.0,0.8918944961546216,0.4072459268817782,0.35449621584228846,0.08950565462250873
2024-10-01,739159.6797372554,0.5669330703212155,2.012526683339255,-0.34323756624868507,0.11420670989200912,0.045382930131422076,0.03304581331956771,-0.031106021432542916,2024-07-16,2024-09-20,739082.0,739148.0,0.6068916525468906,0.7089069459633551,0.35449621584228846,0.0766884518230722
2024-10-01,739159.3648996776,0.10812378816600846,4.808721311761838,0.24866206401718885,0.146712146151968,-0.05948188120359184,-0.05519683912989274,-0.022167614702239706,2024-07-23,2024-09-20,739089.0,739148.0,1.3953260328798787,0.05545912579366581,0.35449621584228846,0.08734612111015516
2024-10-11,739169.5303157286,0.8366627285903532,6.245522076357944,0.3737749963204339,0.003986581124654001,-0.0038525490532785064,-0.0025686482909816036,-0.0028712680413285007,2024-07-30,2024-09-20,739096.0,739148.0,1.2208734034045845,0.13862262029431846,0.35449621584228846,0.07560671933405572
2024-10-06,739164.216875938,0.676658162654871,5.169304962401187,0.34461638173633774,0.010691553382567,0.007927665604312873,0.0050284791909028,-0.0061288073032575345,2024-08-06,2024-09-20,739103.0,739148.0,1.0928775399325614,0.17653574588608678,0.35449621584228846,0.05748703335527449
2024-12-10,739229.3340265107,0.7911728673143159,6.459646706598247,0.6368431935949868,-0.005045794018040659,0.0017488563588954785,0.001737374024721272,-0.00020007514156676173,2024-04-05,2024-09-23,738980.0,739151.0,1.190328185209528,0.35337676940631807,0.3742623000063244,0.8331649729978033
2024-12-09,739228.6462027015,0.3357883268359237,4.089006451552043,0.3686391260843167,-0.005275786847295266,0.030588798794803487,0.02817516442296036,0.011909438334704122,2024-04-12,2024-09-23,738987.0,739151.0,0.7388447137704807,0.014163566198579029,0.3742623000063244,0.8391022011608705
2024-10-28,739186.675958371,0.8987888874022043,10.618977143081905,0.6490607898073641,-0.004367385735661618,0.0012774205686900296,0.0012574266334236539,-0.00022512567794282052,2024-04-19,2024-09-23,738994.0,739151.0,2.850346146568301,0.28937609698585953,0.3742623000063244,0.6786479354873853
2024-10-09,739167.4030151782,0.5327302762944571,6.258513495289752,0.613522385660349,-0.02229676133017081,-0.010221672249747257,-0.009324498940876802,0.004187636933025658,2024-04-26,2024-09-23,739001.0,739151.0,2.307849657486885,0.18567610619499905,0.3742623000063244,0.6803719070955241
2024-11-22,739211.4381346013,0.9441439713710225,7.487044535026745,0.6190148138472281,-0.00240907628890689,-0.0007853634852838581,-0.00025409107105374385,-0.0007431241697239906,2024-05-03,2024-09-23,739008.0,739151.0,1.4462947624050266,0.38681887345704524,0.3742623000063244,0.8436699736120247
2024-11-22,739211.4694586863,0.7262051611835875,12.329833508142276,0.6858775761886303,-0.008903989041535927,-0.004023594048289788,-0.0026635119509335384,-0.003015793950631776,2024-05-10,2024-09-23,739015.0,739151.0,2.312376218713508,0.13033845798606433,0.3742623000063244,0.35383334317288634
2024-09-28,739156.2429511952,0.014793332010419883,3.154840677518046,5.189432661411321,-4.532411208980716,0.06682932135766685,0.06466101391989741,-0.016885244208395062,2024-05-17,2024-09-23,739022.0,739151.0,1.628220677218702,0.31801735888138405,0.3742623000063244,1.2729833884089083
2024-11-06,739195.0324553327,0.6898357611464624,12.365708628750372,0.6432884987529569,-0.010032715147044595,-0.004877449424113683,-0.003994414247914589,0.002798958324242044,2024-05-24,2024-09-23,739029.0,739151.0,2.6121248825577066,0.11474992290198369,0.3742623000063244,0.5225825436625614
2024-10-04,739162.2735559434,0.32090424642996834,13.335109809762747,0.6684301140465231,-0.06925243416594695,-0.019617619312054628,-0.0168109020996729,-0.010111605118274348,2024-06-03,2024-09-23,739039.0,739151.0,5.076543594707021,0.08495082643360462,0.3742623000063244,0.8636921901381198
2024-10-22,739180.8159288298,0.45322205063440413,7.959212658735244,0.7056076685485128,-0.04060960719339023,0.013664610500333282,0.0105845832191156,-0.00864223224655731,2024-06-10,2024-09-23,739046.0,739151.0,1.9113550496150447,0.169228090705961,0.3742623000063244,0.38207501641761077
2024-10-19,739177.1093108074,0.47580016423740246,7.4724233134946445,0.5739826245088487,-0.018686264681429858,-0.008828411209786783,-0.008704736717421457,-0.001472549886918483,2024-06-17,2024-09-23,739053.0,739151.0,1.8539230361249002,0.13477305205213302,0.3742623000063244,0.19063781107732988
2024-10-11,739169.3597549142,0.1963429817196079,9.29365454757532,0.41565071232628964,0.012737299445412447,-0.01388001062169714,-0.0020401938928461916,-0.013729249933554951,2024-06-25,2024-09-23,739061.0,739151.0,2.625895040137179,0.019387259217942505,0.3742623000063244,0.24173730995093218
2024-10-30,739188.2876958647,0.4319468496417279,3.5146051135325456,-1.1880362957056527,0.2661636491930393,0.04797595370772477,0.03521184191328794,0.032585553904136234,2024-07-02,2024-09-23,739068.0,739151.0,0.6551431988523602,0.6818343862200762,0.3742623000063244,0.10421765860229282
2024-10-09,739167.7327682333,0.6328287184890834,13.2302404934287,0.45440670848189024,-0.0011644018764700242,-0.0028231998534527037,-0.00019853599758774698,0.002816210373924012,2024-07-10,2024-09-23,739076.0,739151.0,3.5827998917761263,0.019727848081286616,0.3742623000063244,0.20677990735216878
2024-10-17,739175.2646261101,0.48635205500499923,8.34220616821312,0.47080472179503047,-0.003311115234665574,0.008041248192771395,0.005720085096765841,0.005651751850842935,2024-07-17,2024-09-23,739083.0,739151.0,1.773335352455381,0.02400604772778621,0.3742623000063244,0.15356919619006495
2024-10-01,739159.0249633346,0.8967196132262547,2.1632554115810323,0.1968146586122239,0.012194989341851,0.0080142326729424,0.007930361463114264,-0.0011564135940093697,2024-07-24,2024-09-23,739090.0,739151.0,0.7408874897215822,0.6307661053726824,0.3742623000063244,0.08206447292339855
2024-09-27,739155.9940479536,0.3413208225447975,2.1317991449167764,0.38246672810202204,0.005840911827277918,0.039696340406696916,0.03554787131176196,0.017667718779932215,2024-07-31,2024-09-23,739097.0,739151.0,0.8377624353310481,0.02355844814964005,0.3742623000063244,0.07049835827373287
2024-10-15,739173.0799352088,0.29528637854204415,12.775776478099546,0.3339933863564407,0.03820367412653494,0.014920044844499172,0.011279009043966294,0.009766867110183942,2024-08-07,2024-09-23,739104.0,739151.0,2.319203783069613,0.059182200930804965,0.3742623000063244,0.12890257668687038
2024-11-11,739200.2986786496,0.9265716778646234,8.309151632095748,0.6046733247725206,-0.002804294699746371,-0.0009093048074157116,-0.0004457929858085695,0.0007925300288274287,2024-04-08,2024-09-24,738983.0,739152.0,1.9887798384147808,0.3439034247476358,0.36081981098422894,0.8537799151898585
2024-10-11,739169.3031759434,0.19796411424877852,5.693147317744091,1.0470135918469408,-0.2867920651548569,0.03684795316432771,0.033519212703579826,0.01530470620863599,2024-04-15,2024-09-24,738990.0,739152.0,2.118614723379901,0.2706373995649937,0.36081981098422894,1.0070240356470046
2024-12-04,739223.8753330837,0.43318659465163634,11.969872067181994,0.9797931085461147,-0.07228862008317229,-0.012153487731297138,-0.011509422868547805,-0.0039039018004733282,2024-04-22,2024-09-24,738997.0,739152.0,2.1898095829758923,0.21525562417063845,0.36081981098422894,0.7229429734715231
2024-11-30,739219.5377135522,0.9960613902748379,2.979568471848366,0.051208756722202986,0.002618088305972864,0.0022497379571694304,0.0019164296166579965,0.0011783965378110068,2024-04-29,2024-09-24,739004.0,739152.0,0.5503004102820104,0.38903178969621793,0.36081981098422894,0.8239191248310752
2024-11-22,739211.3388978053,0.31264905801911974,12.759916474109883,1.137362150901529,-0.16791492413513032,0.029667575908608964,0.029392118776626494,-0.004033412217187236,2024-05-06,2024-09-24,739011.0,739152.0,2.4709711195642696,0.138680860692493,0.36081981098422894,0.4330142265806126
2024-10-27,739185.9182871984,0.48746707479420015,8.664630661413963,0.7029673167471071,-0.03407299267923922,-0.013198526038176239,-0.012711841784982796,0.003551079837736907,2024-05-13,2024-09-24,739018.0,739152.0,2.2057725098326135,0.14523793935246207,0.36081981098422894,0.5252796259055759
2024-11-12,739201.1173791058,0.73822315362723,11.390080440365868,0.6356315505472567,-0.007375799744886407,-0.004131352009634123,-0.00020417017946560074,-0.0041263039109262,2024-05-20,2024-09-24,739025.0,739152.0,2.3148169682232425,0.1157118368200183,0.36081981098422894,0.3573398007425713
2024-11-18,739207.0313690105,0.31528008573937344,13.906539963782425,0.9729363780808243,-0.13012851309520843,0.025940538144357875,0.004811770854947518,-0.025490358578457918,2024-05-28,2024-09-24,739033.0,739152.0,2.5482373059634216,0.11372892595857409,0.36081981098422894,0.6513390319517511
2024-10-10,739168.6336990732,0.8305177824099284,11.370989459098869,0.5067772260683617,-0.002601870738166592,0.002950704605429207,0.0007335637659203342,0.0028580661066234816,2024-06-04,2024-09-24,739040.0,739152.0,3.7019109375434085,0.06440367667598897,0.36081981098422894,0.4534123388422016
2024-11-10,739199.8095215653,0.9806100307441517,5.780513819189407,0.5277936434241501,-0.0011714990456682384,-0.0004310941660183832,-0.000044314971664656134,0.0004288104047961597,2024-06-11,2024-09-24,739047.0,739152.0,1.0690069016502943,0.46099867924353044,0.36081981098422894,0.5477476241016229
2024-11-08,739197.5727493884,0.6768287643601764,7.79708784037296,0.46580477535376646,-0.001100053444910708,0.0016189351853644065,0.0006864200662710821,0.0014662123403625035,2024-06-18,2024-09-24,739054.0,739152.0,1.4240240983545347,0.05898352233825287,0.36081981098422894,0.26735126138978904
2024-10-22,739180.2333429748,0.9120467421763316,5.8736025349665155,0.3976025619891525,0.0013223872520528141,-0.0013022631646720476,-0.0008712227497953177,-0.0009679154251796702,2024-06-26,2024-09-24,739062.0,739152.0,1.3387983385254572,0.15767848527950815,0.36081981098422894,0.1734490812268226
2024-10-30,739188.1452129496,0.8699621689211863,4.641908099167216,0.05280871483394768,0.01048211138592522,0.003883764513147439,0.0028615308808761235,-0.002625884196109128,2024-07-03,2024-09-24,739069.0,739152.0,0.8812188061795938,0.5058243248144532,0.36081981098422894,0.0997435855609179
2024-10-28,739186.5937541124,0.051426788540960736,13.940799484188283,0.25476098519251544,0.15068253525528014,-0.024415016392576067,-0.02232210945290722,0.009890220170561835,2024-07-11,2024-09-24,739077.0,739152.0,2.5584533920363453,0.022767095146487205,0.36081981098422894,0.2159144617316099
2024-10-08,739166.6254902066,0.6752531996698189,11.568949441374869,0.45866103195772956,-0.0016563030737407752,0.003187998966664034,0.0019242521953113604,0.002541769246074545,2024-07-18,2024-09-24,739084.0,739152.0,3.1882302155715343,0.030324549902667374,0.36081981098422894,0.17902890643095315
2024-10-22,739180.7470010403,0.7562631388427121,11.683235170630049,0.44518016162381147,-0.00023469786054853845,-0.0010691712955640657,-0.0008121635899165308,-0.0006953542711970899,2024-07-25,2024-09-24,739091.0,739152.0,2.116905492783708,0.014209266325387118,0.36081981098422894,0.2104627072348224
2024-10-20,739178.8396738048,0.47177095879166997,6.670328286573826,0.30544711931166246,0.023235531818933938,0.014376712955346944,0.011208009873030462,0.00900390971114728,2024-08-01,2024-09-24,739098.0,739152.0,1.1705233707910392,0.1143081010021962,0.36081981098422894,0.05850522368213054
2024-10-06,739164.8397761784,0.686844862740072,5.448934103206856,0.2882535925719329,0.015822316541724023,0.0073550855671657474,0.0073517690198329315,-0.00022085284547550306,2024-08-08,2024-09-24,739105.0,739152.0,1.3347653944781857,0.27116238039998647,0.36081981098422894,0.04659468810385767
2024-11-18,739207.0451530762,0.8797794302361914,10.011698600922786,0.6437006982921877,-0.003963650103473479,0.0012441122602081867,0.000235737486744176,-0.0012215740474256413,2024-04-09,2024-09-25,738984.0,739153.0,2.258747174840955,0.27996373354188586,0.33860107589593225,0.7601967934874757
2024-12-01,739220.971954693,0.2681652177437626,8.745349983858578,1.3712903080330632,-0.27075903035987325,0.016344663176103207,0.008050974523748155,-0.01422426882332524,2024-04-16,2024-09-25,738991.0,739153.0,1.6964924305582096,0.5079631733928491,0.33860107589593225,1.1166072643660685
2024-12-01,739220.17498127,0.4602618761199858,4.088897015300226,0.46097825972125944,-0.011514151661632903,0.01497353554853156,0.01477165776943719,0.0024504884341216967,2024-04-23,2024-09-25,738998.0,739153.0,0.7784257195032714,0.08655784165354824,0.33860107589593225,0.8354408047036205
2024-11-08,739197.5293122595,0.16933666817484386,12.343387285932325,1.650617277478187,-0.5836019050794004,-0.04088523879937053,-0.03843069921327284,0.013952924770832235,2024-04-30,2024-09-25,739005.0,739153.0,2.876242154492009,0.19582440563623957,0.33860107589593225,0.9388993996692286
2024-12-02,739221.9365894385,0.23011529138785264,11.598411768571554,1.298991122598108,-0.2998882853320574,0.03549952847820536,0.0074456605533497295,0.03470992165216171,2024-05-07,2024-09-25,739012.0,739153.0,2.055677909822848,0.1676038043854963,0.33860107589593225,0.7399438347829458
2024-10-04,739162.1500140777,0.4896765364132126,2.7142348742954585,0.5331373470596914,-0.020105283745948714,-0.01424032408941429,-0.0036717250407481542,-0.013758825000584016,2024-05-14,2024-09-25,739019.0,739153.0,1.1880152060217442,0.2547136397018957,0.33860107589593225,0.8883841752177934
2024-10-07,739165.7924070037,0.5738924494252325,10.51257003343194,0.5614196491659721,-0.014362966993682854,-0.010708355213186735,-0.009873251722675211,-0.004145813767220434,2024-05-21,2024-09-25,739026.0,739153.0,4.000961004274142,0.07322223860191561,0.33860107589593225,0.6102219321870862
2024-11-19,739208.9646651342,0.7219501532801783,13.256328436776183,0.6439667495526394,-0.007899487238017115,-0.00421639679331848,-0.0015318841173737106,0.0039282735354917095,2024-05-29,2024-09-25,739034.0,739153.0,2.4048956960399908,0.1020331712109342,0.33860107589593225,0.4385375478822956
2024-10-15,739173.9878045933,0.2655487260778873,9.675292360461263,0.6527870410820868,-0.07817848836837943,0.028544637806944405,0.028177351880318613,0.004564338784790743,2024-06-05,2024-09-25,739041.0,739153.0,2.843087572534605,0.07516970697583522,0.33860107589593225,0.614143527911984
2024-10-24,739182.0738584336,0.5893142078331727,7.773245389780272,0.5817670956372804,-0.01259286935775297,0.006086593763491904,0.00109940786859169,-0.005986478595990902,2024-06-12,2024-09-25,739048.0,739153.0,1.8910480127858798,0.1568537531838592,0.33860107589593225,0.3655295340995072
2024-10-27,739185.2299451885,0.002881793437902847,12.548011080613229,-4.889543367792022,5.263920734605992,-0.029119360088817246,-0.015551667339447487,0.024618748443927137,2024-06-20,2024-09-25,739056.0,739153.0,2.7733368981302777,0.04151599668300581,0.33860107589593225,0.27852233112249547
2024-09-29,739157.8611697669,0.11504013059313792,14.496869245254643,0.20560534348483286,0.15855477750680785,0.0018095333031181349,0.0011933522013384936,-0.0013602651574800406,2024-06-27,2024-09-25,739063.0,739153.0,6.8551472820649835,0.6953250831536909,0.33860107589593225,0.25879214949360246
2024-10-11,739169.8269647439,0.17740693536117938,4.266809268780031,-0.12744210867182543,0.2977874872459023,-0.047485111214205344,-0.040157628152332814,0.02534167887501569,2024-07-05,2024-09-25,739071.0,739153.0,1.202241681811551,0.26074521630352365,0.33860107589593225,0.09517982753044577
2024-09-27,739155.6749903728,0.9843849347355658,9.036531699342312,0.44242744036606035,-0.00021589249038418183,0.0009697045906055103,0.000347539084038453,0.0009052864619042492,2024-07-12,2024-09-25,739078.0,739153.0,4.844731881802102,0.024252765446420844,0.33860107589593225,0.2034458603364282
2024-09-29,739157.7302777744,0.5392040333882112,6.306197005034243,0.3987958761451607,0.006364051310548901,-0.005701242666998409,-0.005509052956196296,-0.001467822698362435,2024-07-19,2024-09-25,739085.0,739153.0,2.7427824270664822,0.09544424438875806,0.33860107589593225,0.20542462455982421
2024-10-21,739179.7207776848,0.033730532818820665,2.2898585633751454,-3.682470047010496,3.476303643313118,-0.194648815872912,-0.14051241575746476,0.13470123436230333,2024-07-26,2024-09-25,739092.0,739153.0,0.43321889102553224,0.2630755461698114,0.33860107589593225,0.10732655480330723
2024-10-02,739160.4640355215,0.6081380939779982,10.073357416968399,0.39229211598921976,0.006155100861795621,0.007135151712739027,0.006511216719601941,-0.0029179525003294373,2024-08-02,2024-09-25,739099.0,739153.0,3.3801682491435536,0.05207867510794062,0.33860107589593225,0.14902920261690222
2024-09-25,739153.3944963472,0.3528814643250929,7.506967820718255,0.3064013687406502,0.0508638520863322,0.012453538276661735,0.012336727022496894,0.0017016997328182894,2024-08-09,2024-09-25,739106.0,739153.0,5.721342126197809,0.19199096009788894,0.33860107589593225,0.10134932128412463
2024-12-14,739233.3624754559,0.051711452653527404,4.963834105969471,2.889885405891851,-1.9660940092465564,0.09570932581863709,0.03470379516568402,-0.08919597328218512,2024-04-10,2024-09-26,738985.0,739154.0,0.9013036322400334,0.2140028228606219,0.3293823977915272,0.8509015176944527
2024-12-10,739229.5880449031,0.9242086307348101,3.3950013666053582,0.03597138867559708,0.0034807704370404453,-0.0027609631451564107,-0.002677891714912367,0.000672170701619522,2024-04-17,2024-09-26,738992.0,739154.0,0.6188090332591589,0.3431980714206493,0.3293823977915272,0.8269841705045021
2024-12-09,739228.7712411388,0.490832260778569,6.251818333315214,0.7753078535979278,-0.035392796752126615,0.00842708213475589,0.003474023204014923,-0.007677686896708391,2024-04-24,2024-09-26,738999.0,739154.0,1.1170463681962597,0.3297345119454824,0.3293823977915272,0.8493152152029937
2024-11-18,739207.4979425858,0.2970031775378413,13.195349272101094,1.1516648510576697,-0.19039018556009718,-0.025362473088815257,-0.0016792922067069775,0.02530681763607137,2024-05-01,2024-09-26,739006.0,739154.0,2.785024872573451,0.16896360359708298,0.3293823977915272,0.795023944466324
2024-11-21,739210.9491789832,0.09006545525512834,13.772328196913664,2.789044996333181,-1.5715940369725057,0.07119788165536403,0.0022778935348409866,-0.07116143304666593,2024-05-08,2024-09-26,739013.0,739154.0,2.730823418714448,0.1443524585983815,0.3293823977915272,0.8138072306149802
2024-11-23,739212.1044038648,0.8405441688936464,14.975639368105632,0.6250542312576134,-0.004278055213691877,0.0018738245140419376,3.4161277005559087e-7,-0.001873824482903192,2024-05-15,2024-09-26,739020.0,739154.0,2.8501200858151448,0.1281423356583485,0.3293823977915272,0.7161962385541827
2024-11-27,739216.4545731051,0.994774544271485,14.15258404627002,0.5776753595537891,-0.0014676316210248963,0.0010743779877618518,0.0007009853095297723,0.0008141914126362763,2024-05-22,2024-09-26,739027.0,739154.0,2.4995699855928777,0.09601716509412152,0.3293823977915272,0.42059449169829755
2024-11-14,739203.1273453046,0.5833921855166174,5.465692025329621,0.7744879292602967,-0.0261357849973785,0.007184399680827839,0.006448537877151906,0.0031673266362685663,2024-05-30,2024-09-26,739035.0,739154.0,1.0702331317147638,0.38829385221680474,0.3293823977915272,0.8211496222619326
2024-09-29,739157.3317542128,0.2579497590699132,9.22546714469827,0.46919865064687466,-0.01937629064584398,-0.03502895738385031,-0.029465194334012235,0.018942813367039617,2024-06-06,2024-09-26,739042.0,739154.0,5.204040509650332,0.01546643388311471,0.3293823977915272,0.5404378316657263
2024-10-06,739164.3846348444,0.4821825307097415,14.54881936635296,0.43433910467142645,0.0003021581651834846,-0.005240556774510418,-0.0037732300011511055,0.0036367802607911665,2024-06-13,2024-09-26,739049.0,739154.0,5.57563388348182,0.0019109117216906935,0.3293823977915272,0.40522848081643337
2024-11-08,739197.9027840989,0.6263991912239658,13.785722082190189,0.3954331030878139,0.0025980160922650392,-0.002171879696239096,-0.0021222672692377577,0.0004615658705512569,2024-06-21,2024-09-26,739057.0,739154.0,2.5584835599842117,0.05435352826557992,0.3293823977915272,0.26582808522251583
2024-11-08,739197.7932430953,0.48721929436554456,2.8229987579998146,-1.894432155122813,0.28518514754627905,-0.0594153381944962,-0.018079658493807,-0.05659777700151898,2024-06-28,2024-09-26,739064.0,739154.0,0.5017790073086678,0.8284038747600636,0.3293823977915272,0.14540050055987633
2024-10-28,739186.4838400849,0.8048062420239543,2.529704164315344,-0.8536081874613555,0.0493014962306742,-0.01851312060990393,-0.015139703185607102,0.01065481216017288,2024-07-08,2024-09-26,739074.0,739154.0,0.5000746403128762,0.8472314515731733,0.3293823977915272,0.12054537368605975
2024-10-04,739162.1284725533,0.6329930328751604,3.350966600905692,0.2618929095880765,0.021154087653848706,-0.011176653069955219,-0.0017056705634698028,-0.011045735003839811,2024-07-15,2024-09-26,739081.0,739154.0,1.2269951672389503,0.3575290705265736,0.3293823977915272,0.08440478462521216
2024-10-05,739163.1845208944,0.32400605244117436,9.099439333640504,0.3445084895942025,0.028360241924098483,-0.013988627761534013,-0.01398018022452566,-0.00048607359580799637,2024-07-22,2024-09-26,739088.0,739154.0,3.04477668921981,0.07218937911303526,0.3293823977915272,0.1982688733071079
2024-10-17,739175.3346954137,0.233255774545246,2.409015739478223,0.3834033440415281,-0.024527007416766895,-0.07181358541998345,-0.06974624921642139,0.017107067870155254,2024-07-29,2024-09-26,739095.0,739154.0,0.5083463591499763,0.033069735306074044,0.3293823977915272,0.10112141399755009
2024-10-08,739166.3581276145,0.8254962137491457,2.2111287162243376,0.48934818594716195,-0.010551304788098166,-0.012034635121521937,-0.0024292474745073013,0.011786907958229306,2024-08-05,2024-09-26,739102.0,739154.0,0.5807074393693645,0.3273213259136687,0.3293823977915272,0.05049785453347342
2024-10-04,739162.8131413939,0.2135443773695332,7.255558495941811,-0.036939227862851816,0.24286672599073983,0.024794005742684744,0.022041257179539198,-0.011354545464865423,2024-08-12,2024-09-26,739109.0,739154.0,2.089273340048034,0.2882959981041567,0.3293823977915272,0.09280726184110032
2024-12-03,739222.2508165489,0.3287445466379116,14.731269519677712,1.3735750015617174,-0.20440939329854094,-0.01606550893167878,-0.0061287138912804375,-0.01485057046960408,2024-04-11,2024-09-27,738986.0,739155.0,2.945850173605945,0.2839388004524582,0.32974984221969234,0.9726786833594474
2024-11-03,739192.5142490872,0.9906478165872898,5.848083607821524,0.5279113050683596,-0.0014389709859281505,-0.000771989255020185,-0.000038713866663393964,0.0007710179287115124,2024-04-18,2024-09-27,738993.0,739155.0,1.555439020128922,0.3157522801588157,0.32974984221969234,0.9629911437978033
2024-10-24,739182.6413394191,0.8293541642049309,14.892654484191956,0.6378525904278359,-0.0064009866323946766,0.001094554515155826,0.0003286230448757324,0.0010440577000456472,2024-04-25,2024-09-27,739000.0,739155.0,4.475514524457925,0.32566976381623597,0.32974984221969234,1.1203676966984462
2024-11-08,739197.5596769407,0.1235061398349773,4.740614720138957,1.5884739152675287,-0.6842059970927935,-0.05648903616134056,-0.05004742287523274,0.026196691966446296,2024-05-02,2024-09-27,739007.0,739155.0,1.1310277849664283,0.3155561140029822,0.32974984221969234,0.9059339440208423
2024-11-22,739211.9809359384,0.22190015517882095,4.847788682884138,1.22567617016432,-0.29931622625708665,-0.038164583715823985,-0.02677399108333225,-0.027197221396160723,2024-05-09,2024-09-27,739014.0,739155.0,0.9609294416938381,0.3589910793816535,0.32974984221969234,0.8245126089041299
2024-11-20,739209.3870212814,0.9919618612543164,5.873370798904748,0.5573313660564682,-0.001525013892830183,-0.0008146012754321791,-0.000660375305171978,0.0004769483140286271,2024-05-16,2024-09-27,739021.0,739155.0,1.1613403870674799,0.3161813646160309,0.32974984221969234,0.8297502287256934
2024-11-25,739214.289868943,0.5454561275460131,6.783972258256896,0.7673894369065443,-0.028174393782093025,0.0066738153857899005,0.0037100477529617973,0.00554755418850047,2024-05-23,2024-09-27,739028.0,739155.0,1.2361143373056667,0.3394346338731997,0.32974984221969234,0.9324760254378611
2024-11-01,739190.6357119124,0.25137484966639706,11.246017882355964,0.7563001598066377,-0.115628646592033,-0.03419460940727266,-0.032639957540754126,0.01019335490668837,2024-05-31,2024-09-27,739036.0,739155.0,2.6270191934243385,0.07558417013594758,0.32974984221969234,0.7692267936611442
2024-11-09,739198.1648209272,0.054619182764199775,13.755018108855317,1.1309606131474175,-0.5591706678060132,-0.050702888743559264,-0.050585624905536114,0.0034463719848782056,2024-06-07,2024-09-27,739043.0,739155.0,2.8009716751761546,0.04379209371717626,0.32974984221969234,0.6509228329066522
2024-11-14,739203.0509782817,0.03788447043976851,5.514663156120763,-2.2243003316520324,2.2472697635896584,0.04766929255150104,0.00463963966642991,-0.047442967825867384,2024-06-14,2024-09-27,739050.0,739155.0,1.0168066311649897,0.3238610596335324,0.32974984221969234,0.2857691033954243
2024-10-03,739161.3403008569,0.54039083553735,11.639152161960105,0.3876323544060071,0.006594083308159759,0.0032194065062345015,0.0026943320199934876,0.001762144494195313,2024-06-24,2024-09-27,739060.0,739155.0,5.13411320888821,0.09509665512214018,0.32974984221969234,0.2819051630230673
2024-10-02,739160.0506750777,0.6081454320476117,13.95035482836331,0.38246012173627986,0.006076953462898221,-0.0009193747066355513,-0.000264971790958093,-0.0008803634483539551,2024-07-01,2024-09-27,739067.0,739155.0,6.469022204787776,0.2881479631303512,0.32974984221969234,0.2733755688733323
2024-10-03,739161.5593120905,0.9591552732274198,13.51319044633267,0.4191079257368375,0.0004613337253026238,-0.0004792765028317954,-0.00034930621305031797,0.000328163275963539,2024-07-09,2024-09-27,739075.0,739155.0,5.548662776626035,0.06832192402048921,0.32974984221969234,0.2597835498639244
2024-10-10,739168.7911590096,0.321889042923123,11.638000087488976,0.3623363319071434,0.02070371224315867,-0.013349229252986797,-0.004689108380242871,0.012498567287778806,2024-07-16,2024-09-27,739082.0,739155.0,3.4071625691829754,0.042896303447794853,0.32974984221969234,0.1998641177262091
2024-10-07,739165.8484866545,0.6229750681000711,10.656770794994461,0.3924729544315088,0.004203983251723838,-0.004997785931294195,-0.00455671243960447,-0.00205286043310208,2024-07-23,2024-09-27,739089.0,739155.0,3.320598294376405,0.04917318830626772,0.32974984221969234,0.19404886274247116
2024-10-22,739180.1598871672,0.4099413751401403,11.102057616940847,0.31184747700888005,0.02445423801903176,0.005908814149359782,0.0038410363896021022,0.004490047227527435,2024-07-30,2024-09-27,739096.0,739155.0,2.1335314284330007,0.15281714489537038,0.32974984221969234,0.2266357071810507
2024-10-03,739161.7425026287,0.5427957906973458,14.719258186570459,0.3545090093553174,0.01356853829121434,0.004241631294671701,0.004124242437541351,-0.0009909895843657002,2024-08-06,2024-09-27,739103.0,739155.0,5.07119446824154,0.11796432795870723,0.32974984221969234,0.19274269958918955
2024-09-29,739157.3546429032,0.7572571845357483,11.074482931571119,0.3336925027976694,0.010366445030193926,0.0024869526879308748,0.0013643249715552816,0.002079315042026408,2024-08-13,2024-09-27,739110.0,739155.0,5.289924752232554,0.28502455095421825,0.32974984221969234,0.1070207321888974
2024-11-29,739218.0167647458,0.3187847836994085,10.857991013284535,1.093143036073043,-0.1548782569128356,-0.020247714175334518,-0.015832376582784646,-0.012621639396961662,2024-04-12,2024-09-30,738987.0,739158.0,2.329251799284129,0.2245755935498419,0.33816401295191184,0.9353734004200879
2024-11-19,739208.5681085619,0.7394819261819608,9.98793042176997,0.6368347258390971,-0.007592261244307223,0.002865470025098116,0.00042213407149020396,-0.0028342055836553053,2024-04-19,2024-09-30,738994.0,739158.0,2.2974997621545667,0.19616762275949073,0.33816401295191184,0.8120473683367633
2024-11-14,739203.2845458108,0.22513138518733627,2.463301894099764,0.20351312666179971,0.026900209540793283,-0.07872005772150562,-0.015161342909022579,-0.07724623724733921,2024-04-26,2024-09-30,739001.0,739158.0,0.586779990019584,0.031231199302729093,0.33816401295191184,0.8457708998616503
2024-10-12,739170.8551646043,0.9707098051400134,5.285252398883683,0.4789835128660306,-0.0012734197489414425,-0.0011300969573150004,-0.00044111066746539045,-0.001040452070967644,2024-05-03,2024-09-30,739008.0,739158.0,2.1358381391978867,0.20695673284085844,0.33816401295191184,0.931838994070584
2024-12-07,739226.961125756,0.8217030373248237,13.985864902494557,0.635621772039096,-0.004325235464727107,0.002408439489489527,0.0010776624414652865,0.0021538858922393383,2024-05-10,2024-09-30,739015.0,739158.0,2.499395867958284,0.10551144707826908,0.33816401295191184,0.4227224327946622
2024-11-19,739208.685515395,0.8780739963928053,10.631993220103176,0.57532104431221,-0.002840917404593404,-0.0018133235207590914,-0.00011482809425326319,0.0018096841436306807,2024-05-17,2024-09-30,739022.0,739158.0,2.206179774103154,0.12938970943469533,0.33816401295191184,0.5705539419900754
2024-11-16,739205.9850688048,0.5053303332303066,13.53741693205773,0.6410200570472799,-0.023321949384675467,-0.010549260228846806,-0.010495741040490936,0.0010612781854364066,2024-05-24,2024-09-30,739029.0,739158.0,2.8120616732932646,0.08252440586869769,0.33816401295191184,0.7662022312571218
2024-11-17,739206.8265762407,0.7301515354762395,10.723045737916902,0.6366806511870826,-0.00791257284267869,-0.004159545409169576,-0.0018081892122966676,0.003745967135931341,2024-06-03,2024-09-30,739039.0,739158.0,2.1070963889312964,0.12952890548437318,0.33816401295191184,0.4828125165468118
2024-11-21,739210.3269173664,0.7113194362989407,6.353458131948555,0.4899237111772697,-0.002512929782498846,-0.0017048582496774912,-0.000604622229653865,-0.0015940431646921573,2024-06-10,2024-09-30,739046.0,739158.0,1.1571456132548934,0.16502379922582228,0.33816401295191184,0.6592246070997598
2024-11-19,739208.778309932,0.004372990819632828,8.982153238638436,-1.5983371177496972,1.994570583224115,0.04629672073412974,0.010093255577198843,0.0451831001878727,2024-06-17,2024-09-30,739053.0,739158.0,1.6024795442134625,0.020974773746685355,0.33816401295191184,0.27414414616787686
2024-10-10,739168.9155631649,0.22841749224984592,9.116988493540518,0.30642115289721733,0.05265466017567082,-0.01188003611081131,-0.010684091392513745,-0.0051947520740257104,2024-06-25,2024-09-30,739061.0,739158.0,3.3245040390316145,0.11104448800222998,0.33816401295191184,0.269083905583429
2024-10-30,739188.2700974284,0.5254110210932202,7.357603174070223,0.3001404263362629,0.016461837869616653,-0.008935294566394589,-0.00008144462870313148,-0.008934923377438446,2024-07-02,2024-09-30,739068.0,739158.0,1.6154863120616274,0.13156254416465857,0.33816401295191184,0.09311785789752267
2024-11-06,739195.3092066639,0.009189929976842095,12.374881955187245,-5.319204447153472,5.528679836194531,-0.02666209571724432,-0.013609106418065998,0.022927266966153048,2024-07-10,2024-09-30,739076.0,739158.0,2.2895286325313418,0.15399204805647906,0.33816401295191184,0.2442043150482852
2024-10-26,739184.7041369694,0.9339532836012059,2.3293183425546338,-0.3824122190423936,0.019705606334395553,-0.0090131416015927,-0.000053798222416790655,0.00901298104300829,2024-07-17,2024-09-30,739083.0,739158.0,0.4957485097289143,0.8766170535390722,0.33816401295191184,0.13984311205320793
2024-10-07,739165.4036733203,0.39485372666149543,6.833161899229347,0.3149459530426909,0.02934623913284039,0.013375435813767414,0.012990212770720839,-0.003186950796547256,2024-07-24,2024-09-30,739090.0,739158.0,2.5240297873639994,0.12678242114083127,0.33816401295191184,0.1948485297502467
2024-10-19,739177.881340523,0.19427996925376517,12.845878421856115,0.09004410651419792,0.16111383542249563,-0.01858458904678417,-0.010614000872858945,0.015255488701080658,2024-07-31,2024-09-30,739097.0,739158.0,2.86882452682077,0.13111249835621344,0.33816401295191184,0.21308507389463216
2024-10-16,739174.8023301881,0.03651164335348956,4.341628420959992,0.6304966235595125,-0.1863092889994293,-0.09351970527588334,-0.06272381633536506,-0.0693661166508222,2024-08-07,2024-09-30,739104.0,739158.0,0.9939046173196586,0.016753675832203933,0.33816401295191184,0.04931517024218422
2024-10-09,739167.8766278469,0.4052553440075771,5.63733261746015,0.07612336547826647,0.09187433897741085,0.016416821342628698,0.010431033512841536,0.012676969781843206,2024-08-14,2024-09-30,739111.0,739158.0,1.5707563954409312,0.40230946098160136,0.33816401295191184,0.03639874124664705
2024-10-14,739172.1993731967,0.01661458857573406,3.756871524093281,5.412612882707582,-4.6990271787677775,-0.0910462956584072,-0.09098859964660316,0.0032407850080287052,2024-04-15,2024-09-30,738990.0,739158.0,1.5258462001306161,0.22824902140098544,0.33816401295191184,1.3019259861859436
2024-12-11,739230.8331076589,0.17426392319667808,12.604443855456507,1.7739595894372011,-0.5943712831859718,0.04715407279312978,0.024639486858109093,0.04020450557274459,2024-04-22,2024-09-30,738997.0,739158.0,2.3399421138590313,0.1742699103811894,0.33816401295191184,0.832674528837311
2024-10-16,739174.3961411532,0.68747964307531,12.415448832596768,0.6139672501873538,-0.012123118969119417,0.0030211889690620625,0.0013092898054979892,0.0027227454879223158,2024-04-29,2024-09-30,739004.0,739158.0,4.625927295577389,0.22219480214105092,0.33816401295191184,1.1420897274557522
2024-10-07,739165.527965301,0.20242226265135482,7.784315360059504,0.7000235382015788,-0.13752623876186634,-0.050196776344816466,-0.048733455173458395,-0.01203190351806593,2024-05-06,2024-09-30,739011.0,739158.0,3.74368350826352,0.07124388455224054,0.33816401295191184,0.9525838829923516
2024-10-18,739176.3055960318,0.8509477835525552,12.186588577880675,0.532521856482361,-0.0034718513523409726,0.0024158054123013567,0.0023806468049735866,0.0004106538445863884,2024-05-13,2024-09-30,739018.0,739158.0,4.1842435324001865,0.10035059100297433,0.33816401295191184,0.7933328271182021
2024-10-11,739169.4793117339,0.2559526629932552,9.161621086827182,0.6375578738942295,-0.08530722625827507,-0.03781549293357146,-0.028946791458481568,-0.02433299755616171,2024-05-20,2024-09-30,739025.0,739158.0,3.6928130890658415,0.0630236253544963,0.33816401295191184,0.9162727552802117
2024-11-18,739207.1624255416,0.9025101467956231,12.123495085037272,0.5423760778553954,-0.002054100689818447,-0.0018554747124360004,-0.0014629336739007367,0.0011413200577650212,2024-05-28,2024-09-30,739033.0,739158.0,2.44056282505625,0.08241209246441754,0.33816401295191184,0.47015411742786817
2024-11-08,739197.6249019265,0.18687805211609423,5.780439568296825,0.8174260478538423,-0.17586605436020356,0.026940591782498136,0.016372665231708945,0.021394656314173296,2024-06-04,2024-09-30,739040.0,739158.0,1.270279602881847,0.21104366597743288,0.33816401295191184,0.9364054559750764
2024-11-17,739206.2573676395,0.2805589308288448,8.632357461368262,0.6091992388003056,-0.05301287538457898,0.008301592510015518,0.0017101164674708535,-0.00812354232278202,2024-06-11,2024-09-30,739047.0,739158.0,1.6403785050074131,0.20754612569035777,0.33816401295191184,0.6529506694328878
2024-10-28,739186.1123124232,0.2717902041044649,11.470514000222975,0.32327140607699595,0.034052382209711345,-0.0125316383710502,-0.01245296145366945,-0.0014020382648845906,2024-06-18,2024-09-30,739054.0,739158.0,2.824998150403256,0.06438586964328198,0.33816401295191184,0.28914118824590407
2024-10-19,739177.8286000756,0.8913913094591117,13.497697345234677,0.3900238592135333,0.0011164141488742467,0.0009425789684336051,0.0006009580985818942,-0.0007261573352120003,2024-06-26,2024-09-30,739062.0,739158.0,3.7915878593863357,0.07821972710948602,0.33816401295191184,0.24771223939789255
2024-09-30,739158.5702261328,0.7020384267105227,5.459414583025607,0.38607030803365344,0.004331571895911388,0.0038653217802654435,0.0038639269742932547,0.00010383064250687155,2024-07-03,2024-09-30,739069.0,739158.0,4.393769617686672,0.14410355077536408,0.33816401295191184,0.195248804052185
2024-11-07,739196.863324036,0.9507311524010438,7.715348502726624,0.29753219856323665,0.0025831225789662952,0.00156238378920065,0.0010651708033727885,0.001143002302884447,2024-07-11,2024-09-30,739077.0,739158.0,1.3830255599617065,0.20373210292854285,0.33816401295191184,0.07938148608288632
2024-10-27,739185.4771732272,0.5187552744963794,5.55189659139068,0.18749215196731386,0.03100304464571088,-0.010766876122253861,-0.010677344660663071,0.0013856162633897472,2024-07-18,2024-09-30,739084.0,739158.0,1.1544196094036618,0.2690517284608318,0.33816401295191184,0.08882800751640563
2024-10-16,739174.9548689382,0.6318604613256736,10.76752547933987,0.35372427347777885,0.006617279742198796,0.0027284075275132674,0.001778215621166212,-0.0020693372950854397,2024-07-25,2024-09-30,739091.0,739158.0,2.741455438265116,0.14232314356896403,0.33816401295191184,0.23929353650196433
2024-10-09,739167.3701021203,0.18610171829888403,3.8994544513916525,0.13756664266441862,0.1490846785815479,0.04897982295422982,0.015070793379005003,0.04660358616624943,2024-08-01,2024-09-30,739098.0,739158.0,1.2424339197958942,0.1452654499406043,0.33816401295191184,0.0698406888647077
2024-10-09,739167.1673787732,0.920600372675656,8.362533966653622,0.3256235183558977,0.004614988812295105,0.0016545177042834465,0.0008123995967877642,-0.0014413312349791235,2024-08-08,2024-09-30,739105.0,739158.0,2.5476547624291954,0.30706653291900443,0.33816401295191184,0.1417318338083286
2024-10-20,739178.6917918377,0.9652275716978636,9.71432695664652,0.18816830717275257,0.007066944692748326,0.0016936445905635649,0.0010438308203838745,-0.0013337350627324576,2024-08-15,2024-09-30,739112.0,739158.0,1.8094503678440712,0.41459724858807595,0.33816401295191184,0.044612134251776125
2024-12-14,739233.1106963679,0.06937757932534173,7.619081131861452,3.7429616669977652,-2.392586807059413,0.06661202416744777,0.06340422197721317,-0.020422203582104576,2024-04-16,2024-10-01,738991.0,739159.0,1.435535605454145,0.32706315151112153,0.2820465229293747,1.095805880002749
2024-11-26,739215.707455894,0.54902096669086,2.7513547139243624,-0.058696042525971104,0.027483092858710093,0.019211459340755296,0.01723261245463943,-0.008492186879108339,2024-04-23,2024-10-01,738998.0,739159.0,0.5890722880875527,0.2854615336244679,0.2820465229293747,0.8431790411637041
2024-12-14,739233.7536043557,0.9765455512244616,7.812515186227795,0.5636553420429695,-0.0013970284675611263,0.0007105831623531125,0.0005640794035280322,0.0004321375442323997,2024-04-30,2024-10-01,739005.0,739159.0,1.3906787399927887,0.2457491219605183,0.2820465229293747,0.9578279015561795
2024-10-02,739160.7535848847,0.1247743222471576,6.078607698039338,0.7201267839067963,-0.20491885453212758,0.07468380916016437,0.008664252954012292,0.07417952595845258,2024-05-07,2024-10-01,739012.0,739159.0,4.2960441202937645,0.05632180476915065,0.2820465229293747,1.0223818681918986
2024-11-11,739200.1179605038,0.08047181914591353,9.356497022842975,2.1963522384745002,-1.2522192142218234,0.07979126747079923,0.03477622671009761,0.07181406840170328,2024-05-14,2024-10-01,739019.0,739159.0,2.2079423618529,0.13497568336017704,0.2820465229293747,0.8714030628381174
2024-10-04,739162.646113151,0.470113652130148,3.057039005772158,0.45683249004971727,-0.010703732853071444,0.01563636516828034,0.014137131595969419,-0.0066811245995007295,2024-05-21,2024-10-01,739026.0,739159.0,1.763101332584887,0.10526920430349442,0.2820465229293747,1.0678381592611808
2024-11-22,739211.1945594688,0.5433161275347372,7.041144425139957,0.645383203124255,-0.019728110370621048,-0.005804974213974621,-0.001867479621761822,0.005496384765208362,2024-05-29,2024-10-01,739034.0,739159.0,1.3697161025981959,0.2622373443339978,0.2820465229293747,1.1327232815655832
2024-10-27,739185.8263637047,0.6254778595999863,5.9398369626614125,0.5057845494832408,-0.0066467876822257615,-0.0025841688668395957,-0.0005821961541584951,0.0025177323865784662,2024-06-05,2024-10-01,739041.0,739159.0,1.5940097312875219,0.2708496839573818,0.2820465229293747,0.9534944092620743
2024-11-19,739208.5779012267,0.9725631136188888,13.140759773992782,0.43207570598613665,-0.00011520582270211622,0.0008420202431868776,0.00039256393230962166,0.0007449104972989006,2024-06-12,2024-10-01,739048.0,739159.0,2.45790421025879,0.010126263288000007,0.2820465229293747,0.3700185592960619
2024-10-28,739186.5107483994,0.1880078388723268,8.101028312039439,0.32618941998702994,0.046269044703188794,0.021862725246893422,0.014545289098139201,0.01632217265785116,2024-06-20,2024-10-01,739056.0,739159.0,2.007312959979512,0.0491158928513685,0.2820465229293747,0.2688343799777558
2024-10-28,739186.8420743743,0.3699326037077209,14.986297315010757,0.2544295313347566,0.03750318176886657,0.006893177981920299,0.003036771793393121,0.006188208122330949,2024-06-27,2024-10-01,739063.0,739159.0,3.5597281421221316,0.13430027053603416,0.2820465229293747,0.26210270855395357
2024-11-02,739191.8598418423,0.179964768270118,14.889739205475902,0.03226615875661026,0.18590166325142873,0.011070789122727735,0.001658694190068047,0.01094582593428843,2024-07-05,2024-10-01,739071.0,739159.0,3.086348915991333,0.20295749661333165,0.2820465229293747,0.2725856825976001
2024-11-08,739197.8159786047,0.754330178843561,5.542807259681643,0.09054022611470378,0.013889007768598454,-0.004275300890162723,-0.0033980468257643975,-0.0025945087148319,2024-07-12,2024-10-01,739078.0,739159.0,0.9943104857350631,0.4421160096155835,0.2820465229293747,0.11514547770015314
2024-10-03,739161.7959195096,0.781824694370399,5.631779446045542,0.34892121989860464,0.005753101367293711,0.004537547222157519,0.002599034212552195,0.0037194564058868344,2024-07-19,2024-10-01,739085.0,739159.0,2.9695179638798126,0.17601294671093365,0.2820465229293747,0.1634671169969813
2024-10-27,739185.6517114119,0.364889731764839,14.756823222318795,0.2040664482940599,0.05092186963716583,0.009009689706648585,0.008036492163939844,-0.0040729967234240366,2024-07-26,2024-10-01,739092.0,739159.0,2.951581363988438,0.13975368691817575,0.2820465229293747,0.2365775687741669
2024-10-10,739168.6806830609,0.30645727833944775,8.44617090823007,0.1985362905480956,0.07719245360137991,0.012086024738797035,0.011953930533480053,0.0017820041491386123,2024-08-02,2024-10-01,739099.0,739159.0,2.6532678157601857,0.23174023429058013,0.2820465229293747,0.22653130275820554
2024-10-18,739176.7439270375,0.6256306275467479,5.703680473971479,0.20638739329460526,0.022135640887277385,-0.007566691778878982,-0.006465543106984561,0.003930849374916215,2024-08-09,2024-10-01,739106.0,739159.0,1.255465666906336,0.32088459654846174,0.2820465229293747,0.05074125709695184
2024-10-23,739181.6091054026,0.21617526738531773,14.739236812012406,-0.509004954049888,0.4205986216155497,0.010506377861134083,0.010349597694193927,0.001808259751602115,2024-08-16,2024-10-01,739113.0,739159.0,2.604033022460776,0.5871456358111328,0.2820465229293747,0.08094295676775459
2024-10-05,739163.0638657876,0.7196774034640613,12.722902357738944,0.5547711904843768,-0.009490787284979084,0.0016640918148890726,0.0005431741320229727,0.0015729473706014127,2024-04-17,2024-10-02,738992.0,739160.0,8.144927287183437,0.3226091106826761,0.2935781132181761,1.4499569523161069
2024-12-04,739223.5870500219,0.8148695635618846,3.7666532037176417,0.24208956226929612,0.0022686261036281843,0.0034212806714276197,0.00004891354854663979,-0.0034209309986395456,2024-04-24,2024-10-02,738999.0,739160.0,0.7564578284547836,0.14345202434414586,0.2935781132181761,0.8299566753370978
2024-10-27,739185.5340628459,0.7179487020541012,12.366596216326501,0.5826853076005577,-0.008394215547181016,-0.0032512808813017183,-0.0014973873913295395,0.0028859415048481827,2024-05-01,2024-10-02,739006.0,739160.0,3.838691602061847,0.14988868881165313,0.2935781132181761,1.0628078678692126
2024-10-08,739166.5917378062,0.040668436978851495,2.7195220363982213,1.0695269559644027,-0.586863871041225,-0.10409886138457,-0.046729340600390475,-0.0930211893528384,2024-05-08,2024-10-02,739013.0,739160.0,1.362742474367548,0.08430557479747881,0.2935781132181761,1.1007196587759998
2024-11-12,739201.6019915408,0.5186306112360896,2.487689300836999,0.5747787524933818,-0.029198471151434608,0.020705064309099606,0.005241583602597226,-0.020030613804397863,2024-05-15,2024-10-02,739020.0,739160.0,0.5834670478137302,0.2939987857305173,0.2935781132181761,0.756150534913675
2024-11-23,739212.3729246961,0.5835254557601547,4.573341281420547,0.6668870705447256,-0.01968448845156391,-0.008504706325766992,-0.00747764095559399,0.004051532478799162,2024-05-22,2024-10-02,739027.0,739160.0,0.9200128520989517,0.2953187397864572,0.2935781132181761,0.772766553079114
2024-11-21,739210.0979577422,0.5208678106729351,11.071575222191774,0.6824439337934346,-0.025308900006822895,-0.01155436376481615,-0.008036624980335503,-0.008301564969037091,2024-05-30,2024-10-02,739035.0,739160.0,2.2050257518604166,0.10304936921905357,0.2935781132181761,0.627217015716878
2024-10-24,739182.9266008026,0.9935180324454129,12.328313241697456,0.43755566267837104,-0.0003259962541558802,0.0011284209544597038,0.0005953178850871903,0.0009586086094747238,2024-06-06,2024-10-02,739042.0,739160.0,3.5630802996244317,0.02328163954454459,0.2935781132181761,0.545976789832599
2024-10-14,739172.3165027687,0.321102098847516,10.004353296172548,0.3522711161515646,0.01904203813265702,0.012927043332663321,0.0017228458683788707,0.012811723203315209,2024-06-13,2024-10-02,739049.0,739160.0,3.668230360656788,0.04727900739227126,0.2935781132181761,0.42180343647789237
2024-11-12,739201.078093965,0.6548713309297404,6.543243334362969,0.26087596969197824,0.010064126570787112,-0.003368271424412758,-0.0029750415049562507,0.0015793607669887199,2024-06-21,2024-10-02,739057.0,739160.0,1.3068193875361591,0.2990418122522099,0.2935781132181761,0.2508605317579481
2024-10-19,739177.7997693998,0.5519734853218848,13.648745523559647,0.32663729640712363,0.011067466077770906,0.003858850420478338,0.0037133833887645377,-0.0010495286445225992,2024-06-28,2024-10-02,739064.0,739160.0,4.03010607601938,0.11598871442248439,0.2935781132181761,0.25602310871893397
2024-11-07,739196.7771041197,0.1733756238839659,12.033978465622942,-0.04561402880894691,0.22407478666368183,0.01610257538829906,0.007667457603615545,0.014159909181651298,2024-07-08,2024-10-02,739074.0,739160.0,2.308845114447139,0.20048249450285463,0.2935781132181761,0.2565913590119473
2024-11-05,739194.6294674069,0.6340835211878796,5.935529313292795,0.13547365518605453,0.02110766887448322,0.006488950802847987,0.0036629653505725088,-0.005356226970759059,2024-07-15,2024-10-02,739081.0,739160.0,1.1224912974666013,0.34749839550420464,0.2935781132181761,0.10391826597736668
2024-10-11,739169.0830282423,0.40688116648495243,9.093436919578066,0.29380603289967644,0.029119428128939865,-0.007061977609259661,-0.0048288334342778926,-0.00515304719730809,2024-07-22,2024-10-02,739088.0,739160.0,3.168159595089119,0.18449985741832928,0.2935781132181761,0.25532578980253146
2024-10-07,739165.8259898161,0.3139797160617291,10.995345514553136,0.24132337854093747,0.06194925887857098,0.019568770741983807,0.00002941199976389284,-0.019568748638748988,2024-07-29,2024-10-02,739095.0,739160.0,4.371228994245317,0.09039934445964351,0.2935781132181761,0.17418161875143037
2024-10-10,739168.7079433138,0.7396325816838333,7.343213961016806,0.295455031515724,0.01000182122213448,-0.004845677850386726,-0.0012801774405572018,0.004673514689226614,2024-08-05,2024-10-02,739102.0,739160.0,2.3795944335212966,0.2078999576972969,0.2935781132181761,0.163677888933629
2024-10-17,739175.4374663855,0.5765337354133321,2.3532973410575435,0.8453542745746137,-0.07128720646805049,-0.036961200232688306,-0.03680390865656035,0.0034062633838914847,2024-08-12,2024-10-02,739109.0,739160.0,0.5466259401507829,0.47251266267874326,0.2935781132181761,0.05418245669421999
2024-10-02,739160.2282525061,0.408460646724189,11.21230189112106,0.21731322064733946,0.06587217249386593,0.006839877936773296,0.00013507789554141999,0.006838544008200435,2024-08-19,2024-10-02,739116.0,739160.0,9.398331031624332,0.3508399766846306,0.2935781132181761,0.07387984514728933
2024-11-24,739213.0462533591,0.6651101923656485,5.9462911665484075,0.566695883164885,-0.0077464043528941,-0.0042335337723184395,-0.004044701966283518,0.001250277651285121,2024-04-18,2024-10-03,738993.0,739161.0,1.3644030893438346,0.204665464903605,0.28589238568052744,0.9938199573828166
2024-11-28,739217.4345494099,0.5992756613567932,13.495646122284015,0.7091379742033592,-0.019276627477726224,-0.0051999478736256,-0.0026155787127739123,-0.0044942414138213985,2024-04-25,2024-10-03,739000.0,739161.0,2.897120972180797,0.16461333839721717,0.28589238568052744,1.0337481921026965
2024-10-12,739170.9935341281,0.8451359184144334,5.3024371269308705,0.4590550432495088,-0.0019024011980339082,-0.002196627040782893,-0.00068441775649127,-0.0020872811719790095,2024-05-02,2024-10-03,739007.0,739161.0,2.36116368012969,0.13803741486179416,0.28589238568052744,1.0558286008104945
2024-10-06,739164.1780719324,0.24306551004213134,3.7524052821105713,0.5245514875644026,-0.05452807733434883,-0.0342015267333815,-0.03229614803857072,0.01125625394014074,2024-05-09,2024-10-03,739014.0,739161.0,2.302586084604386,0.1032733563400614,0.28589238568052744,1.3532610417790873
2024-11-11,739200.7850472786,0.699845834909716,3.696622964220319,0.4935254093465749,-0.005447840805277726,-0.005427346372292942,-0.0030339302858464765,-0.004500150626975154,2024-05-16,2024-10-03,739021.0,739161.0,0.8873697402049131,0.1900352184329577,0.28589238568052744,0.7828054246508035
2024-10-28,739186.949669183,0.8790738625234835,11.56231952744928,0.4793397051253609,-0.001646036408234968,-0.002317837063032657,-0.001102633157283018,-0.002038766482760577,2024-05-23,2024-10-03,739028.0,739161.0,3.3352319315231043,0.05399293479529407,0.28589238568052744,0.683074350393596
2024-11-01,739190.9909548296,0.1750773454903736,2.9888154915007283,1.5202334451816377,-0.5537287011211907,0.085568947242466,0.056272900445351985,0.06446243408103229,2024-05-31,2024-10-03,739036.0,739161.0,0.7812983886694793,0.3790632601388819,0.28589238568052744,0.7333232803880679
2024-10-09,739167.3142528399,0.4300915652992304,2.5327551937992814,0.33783598197260056,0.012996989011692153,-0.01666993944818588,-0.01662088130393153,-0.0012779616139786923,2024-06-07,2024-10-03,739043.0,739161.0,1.20124081527229,0.13239648048963912,0.28589238568052744,0.637271303837719
2024-10-24,739182.1297413735,0.7907782046091798,14.05489713443451,0.3680545805890274,0.002106597756250616,-0.001762257236493232,-0.0011836358573574543,0.001305586735820507,2024-06-14,2024-10-03,739050.0,739161.0,4.100479159824168,0.06725728531514392,0.28589238568052744,0.29214493833987953
2024-10-14,739172.9511408223,0.9359809337753853,7.713153904967264,0.400865873146255,0.0004990311077299795,-0.0008378278938081738,-0.0005943296160341456,-0.0005905318680204699,2024-06-24,2024-10-03,739060.0,739161.0,2.7573173093239536,0.07227827988673707,0.28589238568052744,0.31256820406764657
2024-10-20,739178.5969500112,0.5076507266440201,4.665153981700381,0.17597473187781368,0.03642175091009019,0.011941419027942888,0.0029720109460384244,-0.011565666402656799,2024-07-01,2024-10-03,739067.0,739161.0,1.3714896703805208,0.3318974463634294,0.28589238568052744,0.11191107742509841
2024-10-14,739172.5238279334,0.29936337647172123,6.156841358388157,0.1279480128438743,0.09771356193104853,-0.024629764751315283,-0.009675034072219443,-0.02264992334217769,2024-07-09,2024-10-03,739075.0,739161.0,2.0927350370255016,0.1929013585221365,0.28589238568052744,0.14256181038047483
2024-10-26,739184.5613499819,0.7509115781947542,13.287955817675636,0.3289574746615447,0.004327632994541492,0.0012497373750175824,0.001045291563717941,-0.000684988360000328,2024-07-16,2024-10-03,739082.0,739161.0,3.110625479618115,0.19568714197529996,0.28589238568052744,0.28594323735715976
2024-10-24,739182.9724032831,0.07715109328321958,9.056278752562307,-0.8276560442147963,0.9216401881385475,0.0422595527036393,0.01025975844468156,-0.0409952088830933,2024-07-23,2024-10-03,739089.0,739161.0,2.094592059204349,0.1857927705530192,0.28589238568052744,0.21313907538259724
2024-10-09,739167.2453844845,0.6097137558100084,11.169201353570259,0.3024380390632134,0.013773725507253455,0.006292389208964961,0.004983184412163338,-0.003842139387303772,2024-07-30,2024-10-03,739096.0,739161.0,4.327270962982729,0.11949224460194016,0.28589238568052744,0.19393259875584076
2024-10-24,739182.5764747194,0.6297190398515146,10.149424109655786,0.19916079115184826,0.02015474931781192,-0.0051451062483480236,-0.0045880102369317164,0.002328579045813057,2024-08-06,2024-10-03,739103.0,739161.0,2.1081926066892853,0.24304599965428808,0.28589238568052744,0.16894780464880377
2024-10-19,739177.0706581188,0.5356894709065475,10.227966784023888,0.1037070604344358,0.04684162053297531,0.006604285171937262,0.003072252271316065,0.0058461823965442325,2024-08-13,2024-10-03,739110.0,739161.0,2.325766705938269,0.37147525979439944,0.28589238568052744,0.08976551679418772
2024-10-07,739165.8877903278,0.711090816025815,9.629935233241039,0.2172207584829996,0.02200372676142474,0.00440533054835008,0.00016597351825752062,0.004402202861234781,2024-08-20,2024-10-03,739117.0,739161.0,3.529371167995916,0.36882423133351894,0.28589238568052744,0.05566104666845829
2024-11-18,739207.5585432875,0.41929077329623,10.199552650156832,0.7505118920933175,-0.05233264915945585,0.015645031632386,0.014261560503254033,-0.006432332919740952,2024-04-19,2024-10-04,738994.0,739162.0,2.507871256403351,0.13750878852666826,0.29893455659101015,0.9501404600795523
2024-12-14,739233.2869739358,0.3381201653840958,8.515366384850012,0.9131500885838427,-0.10279515245168691,-0.013723716790109508,-0.006436500939291509,-0.012120720201111526,2024-04-26,2024-10-04,739001.0,739162.0,1.6009174887995752,0.2974189401939674,0.29893455659101015,1.3644018806495979
2024-11-19,739208.4210076602,0.5667701417376646,7.6777648521837465,0.5911013537089804,-0.015180742145330585,0.004460416245521647,0.002736402892747242,-0.003522415689818275,2024-05-03,2024-10-04,739008.0,739162.0,1.7873134499392542,0.2512405704259892,0.29893455659101015,1.3479372597195025
2024-10-29,739187.8437855187,0.9598069512727385,2.836457169902201,0.3601601537927454,0.0001433591495076806,0.002039506979652205,0.0016235983311181773,-0.0012343083809325482,2024-05-10,2024-10-04,739015.0,739162.0,0.8578723184898497,0.02378525877143089,0.29893455659101015,0.7918499892322767
2024-11-12,739201.6883315016,0.3511078027250936,7.103674681388431,0.6784319084147571,-0.06045356308915215,-0.011492702572577056,-0.0059026836719922975,0.009861061701972804,2024-05-17,2024-10-04,739022.0,739162.0,1.7073716491750608,0.25999030417649177,0.29893455659101015,1.4350120973340632
2024-10-18,739176.9512768089,0.3735682193487269,10.98250686939898,0.5039047608451794,-0.023607527044543088,0.02245133209000905,0.018670071928503267,0.012469592086366915,2024-05-24,2024-10-04,739029.0,739162.0,4.006384084665623,0.035766531071592174,0.29893455659101015,0.9955005139020741
2024-12-04,739223.4141283009,0.036474395754628526,9.841061812778651,3.313842880747473,-2.460772027011867,0.04050710707105472,0.021713757324207817,-0.034195591325948765,2024-06-03,2024-10-04,739039.0,739162.0,1.722164807214623,0.2251574387009743,0.29893455659101015,1.2487195977646361
2024-10-05,739163.3663023753,0.7401635917714543,8.058493099644277,0.4137921837081759,-0.0002457942841963092,-0.004069621124720409,-0.0017496924850873613,-0.003674287999925893,2024-06-10,2024-10-04,739046.0,739162.0,5.711436658889221,0.005547428081747914,0.29893455659101015,0.5485626805664954
2024-11-13,739202.0130929946,0.5334669791511052,7.965363300404256,0.3398698469663621,0.0081351764577067,-0.003206542982181324,-0.002431947705869695,0.0020898679988198836,2024-06-17,2024-10-04,739053.0,739162.0,1.666842182349424,0.16991505692714526,0.29893455659101015,0.36648700818783814
2024-11-13,739202.665102094,0.43561544536509855,7.0736640137374724,0.15126295036991916,0.04262985083079203,0.01026651685178952,0.002784469360960806,-0.009881705249902402,2024-06-25,2024-10-04,739061.0,739162.0,1.4051167001922824,0.2557110707349504,0.29893455659101015,0.19614058020083214
2024-11-09,739198.6061760015,0.8510785645365975,14.645357070493104,0.32626147593117844,0.0024210248043761992,0.000654510905169808,0.0003443634330352114,0.0005565953206544276,2024-07-02,2024-10-04,739068.0,739162.0,2.964809586804149,0.21495722142196277,0.29893455659101015,0.29739422022117357
2024-10-24,739182.1497278308,0.442214862241591,12.432324265370283,0.25529456089591135,0.02791321104378943,-0.0036891665173264133,-0.0001405637239466305,0.0036864876823438043,2024-07-10,2024-10-04,739076.0,739162.0,3.2878696038560222,0.2691302695013071,0.29893455659101015,0.28859060954538646
2024-11-03,739192.7627805257,0.10196489249805299,2.4746016381532114,-1.7763400093179444,1.3870415807174086,-0.10237592004455963,-0.09937042630380186,-0.024624121937050877,2024-07-17,2024-10-04,739083.0,739162.0,0.5009772318714965,0.5582606699077927,0.29893455659101015,0.17426589016010516
2024-10-27,739185.7482437207,0.1600535586778771,8.765159810547264,-0.36797894930773734,0.41631147638536026,-0.03556955780038321,-0.021744494051702964,-0.028149074950169436,2024-07-24,2024-10-04,739090.0,739162.0,1.9449539284999073,0.21372012186108105,0.29893455659101015,0.19520634748788315
2024-10-20,739178.4954413705,0.7463498333767692,3.6421427534417843,0.3101914661016736,0.004778766280158617,0.006229170256090256,0.0015782195067279535,0.006025926092140767,2024-07-31,2024-10-04,739097.0,739162.0,0.9259934390833168,0.1572067051863278,0.29893455659101015,0.09043837463980361
2024-10-17,739175.6043859763,0.3345222020744419,10.61342820044273,0.06688525492714475,0.10474664840814833,-0.006400752898966583,-0.006279580867063057,-0.0012395571014054603,2024-08-07,2024-10-04,739104.0,739162.0,2.8053287564371345,0.5157964334398166,0.29893455659101015,0.19317249142852422
2024-10-14,739172.3458720029,0.7825436735399034,10.863374958862044,0.22295573883226227,0.013142941974026427,-0.0017282223470400549,-0.0012954210553818147,0.0011439566294585216,2024-08-14,2024-10-04,739111.0,739162.0,3.077445237334908,0.54781861910577,0.29893455659101015,0.10830574119839045
2024-10-06,739164.9273060635,0.22526101274350913,6.144088063113138,-0.086331223273085,0.25813098191892025,-0.020875366155598596,-0.006230840684456774,0.019923793225569017,2024-08-21,2024-10-04,739118.0,739162.0,2.713094857471008,0.4533510565119963,0.29893455659101015,0.05013195516455571
2024-12-05,739224.057568899,0.15506831455566752,14.109621690083417,1.6338304365646528,-0.605275651047776,-0.03749143012702034,-0.00022099834382403752,0.03749077876893511,2024-04-22,2024-10-07,738997.0,739165.0,3.0241506385033885,0.17743075210000353,0.22046294114951479,1.4117367833992382
2024-12-19,739238.4760261342,0.6267535902562068,10.374310811804724,0.6450851195068981,-0.012486110463369414,-0.0027984796927935564,-0.0018333713532666057,0.0021142937525328153,2024-04-29,2024-10-07,739004.0,739165.0,1.9159533266566464,0.26955201841927506,0.22046294114951479,1.4153287601872475
2024-11-26,739215.7263257463,0.1357675689099014,5.5404811031673455,1.171244201438979,-0.4158792623343389,0.06010240435614851,0.04177623472272912,0.04320931869147466,2024-05-06,2024-10-07,739011.0,739165.0,1.2303059541493337,0.16956022432838636,0.22046294114951479,0.9816019998967255
2024-11-04,739193.2401212229,0.3358393014546753,5.815673509192764,0.5892154792336832,-0.04730937640034986,0.01592790576295543,0.004621413006158302,0.015242726915486608,2024-05-13,2024-10-07,739018.0,739165.0,1.6895902512020424,0.17152208471981126,0.22046294114951479,1.462863836762007
2024-12-09,739228.9730953677,0.21877561943311835,6.305705646469608,1.0061005075789675,-0.21682249989073568,0.039660116887890805,0.020029261801435324,-0.034230885808736025,2024-05-20,2024-10-07,739025.0,739165.0,1.1636814878988015,0.18967739911680134,0.22046294114951479,0.9619786295034221
2024-10-26,739184.5029842649,0.38686166123416876,3.797050566236051,0.48368501160479593,-0.01877200963044336,-0.022052422199710434,-0.019073403455532476,-0.01106863160001106,2024-05-28,2024-10-07,739033.0,739165.0,1.238877563186193,0.08672888865797052,0.22046294114951479,0.9990593502668104
2024-11-24,739213.5306778561,0.6453785812719292,8.088629545114465,0.4883278158519158,-0.004640088001137798,0.001839243109972416,0.0006515625474711096,0.0017199655416065638,2024-06-04,2024-10-07,739040.0,739165.0,1.6402817561883265,0.20129207742163782,0.22046294114951479,1.1699775648992847
2024-11-04,739193.3255189107,0.28222326418317173,6.174179622612914,0.2918576510773533,0.03679943007743024,0.007713032761683189,0.003151818991786435,0.007039666996798396,2024-06-11,2024-10-07,739047.0,739165.0,1.613582651129815,0.21808684370888307,0.22046294114951479,0.76427529114972
2024-10-08,739166.9381016027,0.5310745952725947,4.5291712939914515,0.3082118313728439,0.016151418614050887,-0.005674896877884637,-0.0037664920362639525,-0.004244760572209584,2024-06-18,2024-10-07,739054.0,739165.0,2.9303089968665974,0.33372556730215663,0.22046294114951479,0.3472963123666584
2024-10-23,739181.4319457269,0.3647674590372419,6.489817940186805,0.1670298556891761,0.05954478341962202,0.01276117741984335,0.011634437516190546,0.005242853500011011,2024-06-26,2024-10-07,739062.0,739165.0,2.048750584865419,0.26226271177466043,0.22046294114951479,0.23646747375051813
2024-11-08,739197.322958388,0.35604973478787844,8.382777828930822,0.06440976539635214,0.0798884254223358,-0.016329534181304162,-0.012980463218571051,-0.009907636509768869,2024-07-03,2024-10-07,739069.0,739165.0,1.8395037601400936,0.20779389116346975,0.22046294114951479,0.16198524808241668
2024-10-27,739185.9501390936,0.5767691327690635,12.327444949634533,0.27469635068482345,0.013440192736838861,0.0019383501901635287,0.0005106226192437787,0.0018698839537317853,2024-07-11,2024-10-07,739077.0,739165.0,3.234794594756829,0.3244159465778844,0.22046294114951479,0.3128745993350409
2024-10-12,739170.0023082169,0.6902233835896648,3.1634040489353517,0.23230066319106737,0.015672715255494987,-0.007325514293085247,-0.0009797053181868,-0.007259706409195396,2024-07-18,2024-10-07,739084.0,739165.0,1.4321116280906558,0.46681104751825614,0.22046294114951479,0.1257523857281666
2024-10-31,739189.9238619673,0.00554540243251589,5.943990542364736,-19.025939602490272,19.01919292067253,0.0820200276109912,0.03443119991552707,-0.07444311520674543,2024-07-25,2024-10-07,739091.0,739165.0,1.3041058207986713,0.2163351710914131,0.22046294114951479,0.10846489069690271
2024-10-17,739175.1256136133,0.41288633817276776,9.332113992063352,0.1689506598950479,0.05444710452474645,0.010256423292978798,0.00036455148084620147,-0.010249942486793309,2024-08-01,2024-10-07,739098.0,739165.0,3.0156071240404843,0.23487096417742317,0.22046294114951479,0.23550781691948738
2024-10-24,739182.0659127596,0.16131192258262875,5.283037877084245,-0.38342074815821425,0.43476302384565174,-0.038858194926734695,-0.0009273525133614489,0.038847127696652925,2024-08-08,2024-10-07,739105.0,739165.0,1.267604132854539,0.34162741995660084,0.22046294114951479,0.08217475701582623
2024-10-18,739176.5187943398,0.45070557456006377,6.904000118297607,-0.01970672442872982,0.08800811934769173,0.010949501456659903,0.009031192130696707,0.006191054098280775,2024-08-15,2024-10-07,739112.0,739165.0,1.893216560368002,0.524711441767368,0.22046294114951479,0.04388637683453088
2024-10-16,739174.1993792605,0.6675346503818295,9.143088968201209,0.1071171763815634,0.031496653891718775,-0.004834357728480892,-0.0014742034038787777,0.004604100234672912,2024-08-22,2024-10-07,739119.0,739165.0,2.6073925149506993,0.47567081132404326,0.22046294114951479,0.03814222209222416
2024-12-28,739247.2293016677,0.2347814637997639,14.188179865180768,1.2941670313746128,-0.28535160757985,-0.03620883014851652,-0.02013008324452069,-0.030097493737731493,2024-04-23,2024-10-08,738998.0,739166.0,2.531571119717893,0.13040761446639657,0.25644412546348844,1.0115177824413628
2024-11-21,739210.2246474704,0.6924207854116718,5.6204038489116,0.47804406930878623,-0.003593015541386922,0.004193072497300737,0.002447970715368539,0.003404305559775427,2024-04-30,2024-10-08,739005.0,739166.0,1.3729222366555884,0.10556727180298738,0.25644412546348844,1.0474626086384717
2024-11-07,739196.3310118816,0.9406312008308872,10.817185129208323,0.46159238675039277,-0.0010534367358004861,0.0016277256379865208,0.00006425912862212971,0.001626456736881537,2024-05-07,2024-10-08,739012.0,739166.0,3.106749998171239,0.056277185925634424,0.25644412546348844,0.7621615422498839
2024-12-09,739228.5238874027,0.4804927537393072,12.055573150210572,0.655801615923197,-0.026481324871664734,-0.011557039962974395,-0.0071718884987943985,-0.00906251554849137,2024-05-14,2024-10-08,739019.0,739166.0,2.320267849987285,0.09132550326476874,0.25644412546348844,0.8987925317790966
2024-10-21,739179.706569464,0.2064667292174745,9.950209429289401,0.5490999288964885,-0.06875188033010465,-0.04809799413687271,-0.023686051649550198,0.04186153362271244,2024-05-21,2024-10-08,739026.0,739166.0,3.8278911176725687,0.029660295359412264,0.25644412546348844,1.0893754849315131
2024-10-23,739181.8471817848,0.6295330549386703,11.560082580889596,0.441824101194021,-0.0033848503373786506,-0.007249407969669262,-0.00611805774853142,-0.0038888668396255066,2024-05-29,2024-10-08,739034.0,739166.0,4.108717270298084,0.0254269653989921,0.25644412546348844,0.9363432443322485
2024-10-14,739172.6638651954,0.22933329278875397,12.27030449723673,0.319827527011099,0.03232437288419764,0.03448534841396746,0.03064322316408749,-0.015818727172205088,2024-06-05,2024-10-08,739041.0,739166.0,5.826518899668169,0.017518917053997867,0.25644412546348844,0.8377130178400721
2024-10-14,739172.6736987302,0.003936510611972866,2.589864270155454,-12.2714898859219,12.491590065262947,-0.07072571181342542,-0.06848250302151887,-0.017671250420481354,2024-06-12,2024-10-08,739048.0,739166.0,1.2066959315218515,0.2684570533450448,0.25644412546348844,0.4692763638045358
2024-10-31,739189.9894410514,0.4652808958933409,8.819367352491176,0.28491678572752105,0.018133463324798326,-0.004632627211714876,-0.001301451677322832,-0.004446060999841851,2024-06-20,2024-10-08,739056.0,739166.0,2.4144776103205436,0.2065052954715941,0.25644412546348844,0.3685577012672056
2024-10-26,739184.1453825419,0.5275362410250727,8.532374538087197,0.268160377875243,0.017342071803667432,-0.004917123328085793,-0.004864813786969107,0.0007153241515011197,2024-06-27,2024-10-08,739063.0,739166.0,2.5782073882522196,0.2180581224444315,0.25644412546348844,0.2644970038284447
2024-11-22,739211.3516408443,0.3933747666141717,13.930125936457188,0.09076849501827491,0.05635943539279894,0.00628213056916458,0.0048424033667442985,-0.00400203624693425,2024-07-05,2024-10-08,739071.0,739166.0,2.504609856771775,0.25334429596906904,0.25644412546348844,0.29145916753055967
2024-10-28,739186.057976357,0.07106256327773465,4.615835266713047,-1.3650619938249158,1.3478644851018489,0.055099004331428315,0.036813733829235175,-0.04099572270206956,2024-07-12,2024-10-08,739078.0,739166.0,1.2371520930025193,0.3766110401596725,0.25644412546348844,0.1461964513369763
2024-10-18,739176.6615575358,0.8575050097312009,7.024376998903413,0.2731205598717461,0.005642719079029208,-0.003140145342700892,-0.0013492075261598135,0.0028355161478361957,2024-07-19,2024-10-08,739085.0,739166.0,2.405253901599352,0.21936509948077393,0.25644412546348844,0.16059941919096377
2024-10-24,739182.8703147172,0.3343983631048267,11.049877959144641,0.09519168255463778,0.0863114456029778,0.009057902300210953,0.004978226927749198,0.0075672221280995615,2024-07-26,2024-10-08,739092.0,739166.0,2.961339441315866,0.28836823543688744,0.25644412546348844,0.2770868222933356
2024-10-29,739187.0442579559,0.16750087939436778,14.467674028895232,-0.348031933861438,0.3920080576500887,-0.015968940715789325,-0.0008007879103334586,-0.01594884968601364,2024-08-02,2024-10-08,739099.0,739166.0,3.2955110982302154,0.28420863036692123,0.25644412546348844,0.2636561278562468
2024-10-24,739182.9679228433,0.8500161108273536,10.020837645360928,0.170756621121538,0.00999736822656223,-0.00255987208882368,-0.00029693950630805996,0.002542591599280551,2024-08-09,2024-10-08,739106.0,739166.0,2.41153935459396,0.331276443248274,0.25644412546348844,0.10008533311641354
2024-10-28,739186.1329860449,0.052276736604483634,9.853998463597826,-4.336625847072213,3.9042331358553346,0.03716795618534523,0.015737127428822148,0.0336719436220239,2024-08-16,2024-10-08,739113.0,739166.0,2.0229976552616846,0.5572666344796562,0.25644412546348844,0.04918991857876513
2024-10-26,739184.4051357398,0.7569506090725542,3.316290645276601,0.3243993490672338,0.0017426016039743108,0.0070399795571986865,0.005913034740223825,0.0038206455379531847,2024-08-23,2024-10-08,739120.0,739166.0,0.6611081583424131,0.056499118022599625,0.25644412546348844,0.062154902368078115
2024-11-27,739216.7900938769,0.4674300273336863,3.3892868333337782,0.2526445788659604,0.00896412001364737,-0.019081045614844833,-0.01821084019976424,0.005696630668600515,2024-04-24,2024-10-09,738999.0,739167.0,0.7960331395309932,0.06479086465529547,0.24786856076109215,0.8414656532105235
2024-10-21,739179.0945173939,0.583719787780613,6.357017051390098,0.46594991456593327,-0.007204029443768668,-0.007154060478999833,-0.005930607628807542,-0.004001059171059222,2024-05-01,2024-10-09,739006.0,739167.0,2.6923551301186577,0.09246426279991798,0.24786856076109215,1.281742879222808
2024-12-06,739225.494958966,0.7677297734728834,5.459796767299183,0.43600169167728564,-0.0013858334250853028,0.0030263773319264523,0.002181505612440669,0.0020976160320917005,2024-05-08,2024-10-09,739013.0,739167.0,1.1209308111531244,0.06439021317588614,0.24786856076109215,0.8785215291985432
2024-11-15,739204.9378451778,0.7979052590030271,9.591394608974056,0.4838271480448912,-0.0024623788874749454,-0.002647636538542414,-0.0018829182093656799,0.0018613431325427334,2024-05-15,2024-10-09,739020.0,739167.0,2.4181121120547675,0.07736883926693518,0.24786856076109215,0.9715898620611626
2024-11-16,739205.6128095931,0.9874752495688459,12.185555278478878,0.4374987922445052,-0.0005024216416904816,-0.0012573395092369405,-0.0011158160945136525,0.0005795317805888557,2024-05-22,2024-10-09,739027.0,739167.0,2.97044222530117,0.032381478234041,0.24786856076109215,0.7547908697732724
2024-11-17,739206.4192521236,0.9493518559362628,13.16505405518136,0.4384962230023467,-0.0005854326196074821,0.001472061810523045,0.0004178573055135268,0.0014115102713864178,2024-05-30,2024-10-09,739035.0,739167.0,3.079769095838988,0.028678433700645014,0.24786856076109215,0.7758096084997023
2024-11-28,739217.9011314479,0.9372640862133421,11.246469704374753,0.4576772337609041,-0.0007371724822883447,0.0011285839392854455,0.0006381042917774065,-0.0009308730422717743,2024-06-06,2024-10-09,739042.0,739167.0,2.219580850354064,0.05443534855421063,0.24786856076109215,0.7199472367400632
2024-11-01,739190.3309310518,0.5998217262441307,3.700957304965412,0.20329172131990084,0.016816985744418114,-0.006034553321930539,-0.004801282861580483,0.0036556144050373315,2024-06-13,2024-10-09,739049.0,739167.0,1.0610261422842036,0.45165949465069394,0.24786856076109215,0.40583650923973386
2024-10-22,739180.3920618773,0.0436832656425088,4.68089297943424,-1.9686750934714874,2.0160437041817483,0.05252661638797959,0.033581050556727984,-0.040390078889208,2024-06-21,2024-10-09,739057.0,739167.0,1.6543966606855296,0.35818459424451937,0.24786856076109215,0.2476593421875996
2024-11-23,739212.4636075053,0.9120857764014785,4.0949951410017,-0.1531786737720281,0.009899991970015837,-0.002872830987223679,-0.0009068725990301369,-0.002725938365092083,2024-06-28,2024-10-09,739064.0,739167.0,0.7712856462916015,0.7675506752975991,0.24786856076109215,0.17901049024016283
2024-10-14,739172.5658976359,0.9091250171103367,9.447084903131083,0.3336994612905929,0.0023988079754017877,0.0007548435419052967,0.000729360853316398,-0.00019447755244682933,2024-07-08,2024-10-09,739074.0,739167.0,4.321304281822676,0.30581890613979196,0.24786856076109215,0.32965780900771513
2024-10-22,739180.789112949,0.9806353641809704,9.026543623147766,0.3135294159147519,0.0020558318728642086,0.0010064001830795799,0.00020955191961596117,-0.0009843420754432268,2024-07-15,2024-10-09,739081.0,739167.0,2.8433272693450964,0.22192332641068852,0.24786856076109215,0.2791344410551702
2024-11-01,739190.3943243086,0.9313628778692042,13.473637145184153,0.29472240984154807,0.002485331753344617,0.0006395426783927967,0.000363776226829327,0.0005260054127855056,2024-07-22,2024-10-09,739088.0,739167.0,3.1658528945528692,0.2686265371832975,0.24786856076109215,0.33428267758344893
2024-10-10,739168.7060708463,0.6460390759242925,11.150201784363931,0.2743719815245788,0.01384700691564611,0.005305186041529166,0.004932215942201745,-0.0019540329666427993,2024-07-29,2024-10-09,739095.0,739167.0,6.682988928255742,0.15122770144330913,0.24786856076109215,0.22917292820660748
2024-10-20,739178.9849457805,0.9921667793306101,4.337206845749435,0.2593818192036778,0.00329335081494884,-0.002470040238572211,-0.001965208249759194,-0.0014963473244017488,2024-08-05,2024-10-09,739102.0,739167.0,1.2839068974044232,0.3050060920424202,0.24786856076109215,0.08589684745245824
2024-10-29,739187.8502752653,0.08965379692094057,6.774326904772671,-1.8458390306390342,1.5988819604571067,-0.038086429564557815,-0.007975326958031503,0.037242049848102074,2024-08-12,2024-10-09,739109.0,739167.0,1.4341609351829026,0.5555826538761358,0.24786856076109215,0.08707074844011833
2024-10-31,739189.3551395261,0.6743953741207146,14.298107392478306,-0.024433815329131348,0.03293338647144592,0.003422719224824108,0.0029406330768687655,0.0017514805163649063,2024-08-19,2024-10-09,739116.0,739167.0,2.70401327303542,0.45383830060921054,0.24786856076109215,0.054268252168396834
2024-10-31,739189.6844674654,0.5989014372887099,11.040974728377744,-0.08494519418039449,0.04997419972898641,0.00458921970497335,0.004551588676871106,0.0005864963913737397,2024-08-23,2024-10-09,739120.0,739167.0,1.9721291486250094,0.5906836339360775,0.24786856076109215,0.04087734194777995
2024-11-09,739198.6232012134,0.8182564313318479,2.3746649920026943,0.16005301389409382,0.004608573418040213,-0.0054016565329529885,-0.005020170654913095,-0.0019939357801953216,2024-04-25,2024-10-10,739000.0,739168.0,0.7066155259545751,0.29398598176050095,0.2850091460539758,0.8459596188362513
2024-10-25,739183.400392814,0.4181603456077775,5.05805948723706,0.4617992134976855,-0.014733842765794028,-0.013963169157738018,-0.012730874860146988,-0.005735409159151914,2024-05-02,2024-10-10,739007.0,739168.0,1.9629194894977673,0.08723503605010546,0.2850091460539758,1.4671450631708294
2024-10-31,739189.6863764436,0.7289812732529152,10.250093660662557,0.4508560090751704,-0.002659281760086804,-0.0048796345708359634,-0.001162933818455782,-0.004739031386136763,2024-05-09,2024-10-10,739014.0,739168.0,3.4128170632230566,0.03875837794780654,0.2850091460539758,0.8255418534187656
2024-11-17,739206.9968825483,0.6073953468489371,7.323055906179738,0.49699317115723773,-0.007501135981147312,-0.0041397861801633126,-0.003951192649486826,-0.001235275784637757,2024-05-16,2024-10-10,739021.0,739168.0,1.8208011356966765,0.15028936134639545,0.2850091460539758,1.4810133892366457
2024-11-06,739195.8161189102,0.20102194058114736,11.535894344591387,0.5629858288743943,-0.07322072563603343,0.04980206961212346,0.007206713408957219,-0.04927787961643589,2024-05-23,2024-10-10,739028.0,739168.0,3.29974714772483,0.02561998251079645,0.2850091460539758,1.0153902466465776
2024-11-14,739203.0384721225,0.049519570915707495,13.739417462354362,0.7668537905003915,-0.30161874894918694,-0.080041944299512,-0.07209829833041029,-0.03476418020183041,2024-05-31,2024-10-10,739036.0,739168.0,3.415132923764638,0.013581547539853883,0.2850091460539758,1.1070792886580638
2024-12-08,739227.5439927275,0.49880499259727273,12.421990920451668,0.4485771317962055,-0.004478400706842262,0.008118039109990302,0.006674991858566755,-0.004620285995411938,2024-06-07,2024-10-10,739043.0,739168.0,2.236352010011054,0.022151921037376163,0.2850091460539758,0.7147816436321449
2024-11-27,739216.5676882266,0.5772483114284138,13.07325233238604,0.26317009973340666,0.010401669312604904,-0.003451205307037753,-0.0001702521606708014,0.0034470033758487164,2024-06-14,2024-10-10,739050.0,739168.0,2.5643111755625867,0.13307953493891075,0.2850091460539758,0.391169241838155
2024-11-08,739197.1273742914,0.495430411341783,14.448329355148516,0.21252549608644483,0.023850955940844333,0.003029784565336128,0.0027863369343456524,-0.0011899247878123646,2024-06-24,2024-10-10,739060.0,739168.0,3.56249422172244,0.26993491969282357,0.2850091460539758,0.377437817496609
2024-11-13,739202.9066757732,0.547558092370286,11.049185809124884,0.18776547778855066,0.020839364570980762,-0.003976641142000632,-0.002914380625761876,-0.0027055610029041873,2024-07-01,2024-10-10,739067.0,739168.0,2.390356307893928,0.2596976357367458,0.2850091460539758,0.2772268602208097
2024-11-22,739211.3788998555,0.7164210147598048,4.406968125176108,-0.13949156344227126,0.023304228836916904,0.0052720964867045954,0.004680006460247259,-0.0024274556426775035,2024-07-09,2024-10-10,739075.0,739168.0,0.8034177938119348,0.7185877237872265,0.2850091460539758,0.17827782648494536
2024-11-06,739195.9610774269,0.7570907723098803,9.237313572482648,0.19583896977892806,0.0091969315711702,0.0031824099961771787,0.0010882455901325362,0.002990560970675154,2024-07-16,2024-10-10,739082.0,739168.0,2.0656445538830543,0.23685856378500697,0.2850091460539758,0.20122629794391203
2024-10-10,739168.2600163477,0.6083991270153334,8.102620679226867,0.2865096580793409,0.01425708190075196,0.004606952622538052,0.0037831720635341077,-0.002628996311143344,2024-07-23,2024-10-10,739089.0,739168.0,7.376023203340642,0.23236995429039595,0.2850091460539758,0.2772000699963871
2024-10-18,739176.3174369773,0.2572698231650717,10.088091407124317,0.016080209042486054,0.1527329875133851,-0.013087712614784962,-0.005051262503263715,0.01207364769281941,2024-07-30,2024-10-10,739096.0,739168.0,3.6408419874510125,0.2976109705139449,0.2850091460539758,0.26055668965855894
2024-10-25,739183.8026065977,0.3288377201958686,12.151329176383665,-0.02035225214519675,0.12288418059149801,0.007465109529345116,0.0039387652681055485,-0.006341450027232311,2024-08-06,2024-10-10,739103.0,739168.0,3.1558763687236397,0.44546915319532343,0.2850091460539758,0.23191891909933848
2024-10-14,739172.6526361853,0.3131032415145845,10.962334236051671,-0.009052060139917072,0.1458403694828594,-0.004857420843115613,-0.004668644107749905,0.00134100687630828,2024-08-13,2024-10-10,739110.0,739168.0,4.536544874459477,0.8575442679862065,0.2850091460539758,0.12407479007543969
2024-10-20,739178.123374354,0.385081735962742,4.197159649721327,-0.005923823010635911,0.10381421701490558,-0.010937775590434701,-0.010935261237003654,-0.00023451342220537924,2024-08-20,2024-10-10,739117.0,739168.0,1.2010932746561855,0.8708137061235381,0.2850091460539758,0.06761109552287917
2024-10-14,739172.5444108237,0.8060487078430618,6.590645676105978,0.18630824695151751,0.014486219006234455,0.003498280236582318,0.0007406577679528022,-0.0034189750926898583,2024-08-26,2024-10-10,739123.0,739168.0,2.5058729049874016,0.506446731183739,0.2850091460539758,0.03933379465595643
2024-10-20,739178.1669417149,0.03767586616962151,3.4549812832544764,0.5918260429826668,-0.19437313078969598,-0.10012611893503473,-0.014842537373612946,0.0990198908164699,2024-04-26,2024-10-11,739001.0,739169.0,1.6284555794107842,0.02116929495378874,0.2531972408054499,1.4295052574491736
2024-11-26,739215.4213987254,0.4785606632438396,9.690934274294388,0.5663814710479746,-0.020025432492917633,-0.010268779459764095,-0.008922195597947774,-0.005083528037223201,2024-05-03,2024-10-11,739008.0,739169.0,2.308900618808096,0.09630180497714523,0.2531972408054499,1.241618022119524
2024-11-02,739191.8944445223,0.48156879472474323,14.46508670527985,0.5286864918891916,-0.018884165551536304,0.009968479303214805,0.009243843701129177,0.0037312106946293354,2024-05-10,2024-10-11,739015.0,739169.0,4.7071934061689,0.06306758244630986,0.2531972408054499,1.466473614243001
2024-12-15,739234.7893628816,0.8581914734463283,3.8444658396253244,0.3915329698598166,-0.0012978434446309615,0.0028967467988378,0.0026531497331698426,-0.0011627289064772733,2024-05-17,2024-10-11,739022.0,739169.0,0.7182352988150498,0.10001380751623527,0.2531972408054499,0.7406024413261496
2024-12-14,739233.4123277914,0.45968677554831283,14.246357696372003,0.5069701890650401,-0.013413281759171738,-0.012853495370299535,-0.012358287250254599,0.0035334231949352194,2024-05-24,2024-10-11,739029.0,739169.0,2.6184457834594568,0.03367223685272819,0.2531972408054499,1.00817099759454
2024-10-13,739171.9064698633,0.6140824451030228,5.661863552544597,0.4093796565250301,-0.0020868433735479358,0.006020178416823746,0.005991847384102041,-0.0005833636053268991,2024-06-03,2024-10-11,739039.0,739169.0,3.444692623529687,0.03759653107116797,0.2531972408054499,1.2110168135726678
2024-12-07,739226.7249403623,0.8249936135968914,5.135388648691815,0.30046702605858944,0.0018722137183478538,0.001943378228638383,0.0009168739621836518,-0.0017134938217032798,2024-06-10,2024-10-11,739046.0,739169.0,0.9327994379896082,0.15476592932992067,0.2531972408054499,0.6057035255196935
2024-11-15,739204.7304468328,0.20377645946834783,3.699452828436542,-0.4376128609044648,0.343443787138904,-0.03226306447044638,-0.03222118687238835,0.0016433032461503553,2024-06-17,2024-10-11,739053.0,739169.0,0.8514451389320892,0.5863630115777243,0.2531972408054499,0.28697944577838425
2024-11-30,739219.5191232121,0.30393432202285525,4.486785009793879,-0.6682597525042772,0.27051406478524787,0.024839602387740432,0.020898542907992913,0.013425973003988182,2024-06-25,2024-10-11,739061.0,739169.0,0.816583138678785,0.7377168380564005,0.2531972408054499,0.2404135760153249
2024-11-05,739194.3272179489,0.49177606970748144,8.845360518550223,0.14359729488938835,0.03434409332199159,0.0073491444672815496,0.0061038769595943235,-0.004092995292338921,2024-07-02,2024-10-11,739068.0,739169.0,2.262301243734713,0.25981673689601037,0.2531972408054499,0.23105725982299175
2024-10-15,739173.6100812394,0.04641853188856194,9.815983337196991,-1.2269386736473342,1.3805042527257867,0.012107525500092977,0.002879288556056632,0.011760181594956893,2024-07-10,2024-10-11,739076.0,739169.0,4.769173178029748,0.5391876603638963,0.2531972408054499,0.28822063163989475
2024-10-11,739169.4819665899,0.9085887816775962,7.840809365237176,0.3159481285289251,0.0033334864254849035,0.00159828577774199,0.00024380007493840145,-0.0015795818911320638,2024-07-17,2024-10-11,739083.0,739169.0,6.476390399877513,0.24168557559353887,0.2531972408054499,0.29406096069821347
2024-11-12,739201.7336067143,0.005071486862707087,8.124548345820346,-35.8333957033234,35.482098526507535,-0.07538063014376598,-0.0739014065459277,0.014860064313614309,2024-07-24,2024-10-11,739090.0,739169.0,1.5875119707001752,0.2938228800560025,0.2531972408054499,0.16463343956453638
2024-11-04,739193.504044161,0.5224653245734497,7.729517561535848,0.016431532269358933,0.04758231937219271,0.010146210090081107,0.009654751778502937,0.0031195107449018397,2024-07-31,2024-10-11,739097.0,739169.0,1.6862802087350275,0.3169909335160325,0.2531972408054499,0.1398052449067688
2024-10-11,739169.1497761403,0.3633228484057592,9.609847297885919,0.1722704196851509,0.07110234657240984,0.0053770830555026055,0.0013472682016966381,-0.005205563425650519,2024-08-07,2024-10-11,739104.0,739169.0,9.291899754689425,0.4999348508090922,0.2531972408054499,0.19754621457236982
2024-10-23,739181.3577770529,0.04435870460543501,8.145131119891364,-3.561506167172452,3.3836724477130127,0.036702680950268615,0.03612711285487171,0.006474450224426315,2024-08-14,2024-10-11,739111.0,739169.0,2.2547305077107507,0.5020781269140613,0.2531972408054499,0.07069696074934068
2024-10-12,739170.264988008,0.08105010844188555,8.199408702144595,-0.8441524553560236,0.9782729824129287,-0.02294056329937304,-0.016844098537111798,-0.015573881628053086,2024-08-21,2024-10-11,739118.0,739169.0,4.856161869963717,0.4215286014316179,0.2531972408054499,0.09912740538761618
2024-10-15,739173.8870014849,0.08795422027830348,11.464921426345978,-1.297332333541246,1.2811564403649374,-0.018413553231349775,-0.015225315511781582,-0.010356095314859504,2024-08-27,2024-10-11,739124.0,739169.0,4.239106868531195,0.5337650858372436,0.2531972408054499,0.08010189483694036
2024-12-22,739241.5238244951,0.12730814525325188,3.0640150617898945,0.31075826995306377,-0.03912834642118602,-0.13037857809360626,-0.07364334705917117,0.10758824777657201,2024-04-29,2024-10-14,739004.0,739172.0,0.5991298903914793,0.012469543358187582,0.3080990717146716,0.8623573537800409
2024-12-01,739220.0717893782,0.6063454189601812,5.649952871607397,0.43591309191554223,-0.0029835566442345893,0.006758054771639634,0.001153095853954734,0.006658954441057062,2024-05-06,2024-10-14,739011.0,739172.0,1.3218343272094577,0.04737921445004856,0.3080990717146716,0.9945152901168527
2024-10-31,739189.6111880994,0.5827026023346905,10.509402251439225,0.43492820403238386,-0.004299244840397381,0.009663275075921308,0.008003451254573461,-0.005415131873610138,2024-05-13,2024-10-14,739018.0,739172.0,3.80805648200422,0.024668161260810062,0.3080990717146716,0.9379727879116626
2024-10-27,739185.8887259688,0.9140760030776789,2.808992763027206,0.34242139599495397,0.0003296288275624792,0.002899717127972039,0.001992713965905774,-0.0021065256875572374,2024-05-20,2024-10-14,739025.0,739172.0,1.0951465228168187,0.03699144012548475,0.3080990717146716,0.7856874936332727
2024-11-22,739211.8790139864,0.5224021878163684,10.85779910663981,0.47713480760422733,-0.008590815213349232,-0.009728438440494654,-0.009392029797371923,0.0025361961232862034,2024-05-28,2024-10-14,739033.0,739172.0,2.5935938032079013,0.04248683964056119,0.3080990717146716,1.0936518486634776
2024-10-16,739174.7522726654,0.3682578883651995,13.373762151331288,0.34168926827726487,0.012091855609402964,0.018586837343091436,0.0052842889169603035,-0.01781984323894654,2024-06-04,2024-10-14,739040.0,739172.0,8.282018464396085,0.017913725605916385,0.3080990717146716,1.02239584086049
2024-10-25,739183.3876605227,0.348476134541387,2.560519467838377,0.2614858892484896,0.02782014491762067,-0.024927570959744797,-0.01383760393880649,-0.020734138785728218,2024-06-11,2024-10-14,739047.0,739172.0,1.011858644999556,0.15188832236882635,0.3080990717146716,0.5085335412970764
2024-11-23,739212.8867128552,0.13921284605742604,10.739293059588512,-0.3322845560772086,0.39635166115730414,-0.01759962383869482,-0.017220161832529706,0.0036349395765324856,2024-06-18,2024-10-14,739054.0,739172.0,2.3200603926245873,0.2919314709363338,0.3080990717146716,0.4006837388784931
2024-12-02,739221.8911863104,0.4680866828485549,12.888321242364315,0.10510553762633662,0.03568297392701139,-0.004350656195548265,-0.0009621829826374557,0.004242925080623671,2024-06-26,2024-10-14,739062.0,739172.0,2.3889749376962475,0.29787647829336206,0.3080990717146716,0.32766022182574617
2024-11-29,739218.0437917927,0.7555591179870289,11.584351670550731,0.18149684371368913,0.007575660549997578,-0.001767247000033941,-0.0004960466849337744,0.0016962015344572639,2024-07-03,2024-10-14,739069.0,739172.0,2.165705118677197,0.279588929551284,0.3080990717146716,0.26144657644275693
2024-11-21,739210.0309369911,0.7592963178409124,3.6656449859116083,-0.04513865693288387,0.015703040018119636,-0.0041231545656124375,-0.003452185687344548,0.0022545104905553523,2024-07-11,2024-10-14,739077.0,739172.0,0.730529744065818,0.7888873897585312,0.3080990717146716,0.21095209600180292
2024-10-21,739179.1776614679,0.5502278237656809,2.096587819886083,0.2901107844284437,0.0056352813293504625,-0.015892856294090513,-0.002960291785559643,0.015614722339156744,2024-07-18,2024-10-14,739084.0,739172.0,0.862492583881806,0.09305573315929594,0.3080990717146716,0.17170507574762872
2024-11-04,739193.6462237992,0.9494566167509622,11.662914186802,0.25009991675082227,0.0031677183687484687,0.0011240724490391108,0.0005547551447156409,-0.000977642879634641,2024-07-25,2024-10-14,739091.0,739172.0,2.8891123636535396,0.22941420473801594,0.3080990717146716,0.2746770501769379
2024-11-19,739208.9098754887,0.850246751294627,10.325856671345774,0.1006289293775497,0.00804850755486983,0.002205595971206424,0.0014302613775510032,0.00167898957116711,2024-08-01,2024-10-14,739098.0,739172.0,1.8081446828827552,0.3004749592523508,0.3080990717146716,0.15573491522702873
2024-11-14,739203.400518997,0.4132833999551814,5.5180288100962125,0.18000679057691327,0.0365621021016443,-0.01894619914398422,-0.00023288738717613665,-0.018944767759685163,2024-08-08,2024-10-14,739105.0,739172.0,1.003123686956941,0.1445350101365546,0.3080990717146716,0.06919270743294137
2024-10-26,739184.4784488768,0.010774167125733538,4.002364394636681,-11.308737136763307,11.248104164539853,-0.05826228841666324,-0.05800472400629255,-0.005472316191548155,2024-08-15,2024-10-14,739112.0,739172.0,1.1206584049030601,0.5197073660241169,0.3080990717146716,0.07049604151792493
2024-10-18,739176.0927928266,0.15144358171872144,7.869962569194539,-0.5872862001618281,0.5934870348736069,-0.032693186010283794,-0.013745796958001114,-0.02966306588153731,2024-08-22,2024-10-14,739119.0,739172.0,3.301016008458771,0.3493270336926411,0.3080990717146716,0.06868764739338158
2024-11-05,739194.5665844624,0.6158651706841095,6.074990082630929,0.0005582238998047282,0.03573378315295766,0.003938209093658503,0.0038405780550758227,-0.0008714648978843237,2024-08-27,2024-10-14,739124.0,739172.0,1.1023093696407034,0.9198569575113503,0.3080990717146716,0.0610091786593758
2024-11-16,739205.9342130165,0.3191733968074511,3.1176866760758877,0.4908615984919466,-0.03703666648973104,0.0364415439776406,0.004069348572380885,0.036213623536878695,2024-04-30,2024-10-15,739005.0,739173.0,0.8973519973073502,0.10404694673303534,0.30199873648384234,0.8466472437311913
2024-12-14,739233.8902188754,0.7463629935140926,14.614541080047907,0.49085171241082487,-0.003160481826578243,0.0030868794604532682,0.0009271345772168231,-0.0029443583815658785,2024-05-07,2024-10-15,739012.0,739173.0,3.00774387233397,0.05228757997735998,0.30199873648384234,1.0551078441917963
2024-11-24,739213.7424680796,0.9287534837723563,4.384883032130362,0.3676029411321218,0.00006100282686564378,0.0017375150834998008,0.000480994258066078,0.001669611688116966,2024-05-14,2024-10-15,739019.0,739173.0,1.0917618146744952,0.007436418456913815,0.30199873648384234,0.8265558965944272
2024-11-23,739212.1355991926,0.4575760496767928,9.930319101348674,0.5121609188136922,-0.016197087309167725,-0.0121944734834947,-0.0019027450516511941,-0.012045112901424885,2024-05-21,2024-10-15,739026.0,739173.0,2.4646361739554066,0.06120317464601214,0.30199873648384234,1.2266575727408369
2024-11-10,739199.9771861407,0.8137122222070612,2.412440827238622,0.5307715715409339,-0.008031385079818145,-0.007265321877469573,-0.0003714213871461369,-0.0072558216720374725,2024-05-29,2024-10-15,739034.0,739173.0,0.6975863546877938,0.37286340335403323,0.30199873648384234,0.6502350097430721
2024-11-09,739198.338883756,0.8871699592723654,12.962753952286324,0.3726623436721985,0.0004542110540361482,0.0017809495266029275,0.0013208667126614411,-0.0011946097034974013,2024-06-05,2024-10-15,739041.0,739173.0,3.7673233114942573,0.017454830580280266,0.30199873648384234,0.7368560511149249
2024-12-06,739225.5530290711,0.8419965818602149,5.496247783485884,0.238856401869252,0.003264167755701084,0.0015007592103765644,0.0014538882870445706,0.00037213849078628444,2024-06-12,2024-10-15,739048.0,739173.0,1.0649674889691767,0.3332003723069428,0.30199873648384234,0.5156235205231892
2024-11-27,739216.1548490579,0.4191525288922614,8.21757958694212,0.07562546249744179,0.05152291343229574,0.008240479318762116,0.0031702933052044006,-0.007606230325326882,2024-06-20,2024-10-15,739056.0,739173.0,1.7150684884223548,0.31891585502498554,0.30199873648384234,0.3345322818667305
2024-10-22,739180.2935858114,0.21761669645886356,9.407931646644665,0.023908650094248984,0.16474062026492808,0.012793925882374069,0.012646181723428733,-0.0019387179531066938,2024-06-27,2024-10-15,739063.0,739173.0,4.159079692833596,0.29784816319388185,0.30199873648384234,0.2943437781135185
2024-11-19,739208.8127451418,0.4589451417889153,10.972885499158078,0.07015257853597073,0.04550281419247463,-0.007039357582261511,-0.0030607115590940786,-0.00633913242667879,2024-07-05,2024-10-15,739071.0,739173.0,2.353419809517285,0.2703616945281384,0.30199873648384234,0.2573141587654794
2024-11-11,739200.9954222073,0.76906505459141,6.104310049179218,0.134544226284084,0.011065707224986393,0.003550453405370869,0.003439548711080579,0.0008804680844945657,2024-07-12,2024-10-15,739078.0,739173.0,1.4379691665321812,0.39266469211479466,0.30199873648384234,0.11361308033326563
2024-11-11,739200.0772976589,0.061077808346843745,11.415489262517987,-1.874416814169968,1.7664640512118546,0.03975910873810037,0.013853820662235996,-0.03726739031253318,2024-07-19,2024-10-15,739085.0,739173.0,2.6287888297471365,0.2377152689205133,0.30199873648384234,0.2507369983486785
2024-10-18,739176.508543874,0.2184118397568771,9.12370275510391,0.015244548981813268,0.17774772897224161,-0.01930081753186913,-0.008227338227130248,-0.017459451970062184,2024-07-26,2024-10-15,739092.0,739173.0,4.620020180441663,0.22046182840702253,0.30199873648384234,0.25183375436765754
2024-10-19,739177.9760239292,0.3235699355641016,4.97168232043477,0.08099622754367754,0.09788215610224606,0.025142081278021276,0.025066517423167387,0.001947807809994034,2024-08-02,2024-10-15,739099.0,739173.0,2.1874702826727668,0.2533769436828301,0.30199873648384234,0.13509334289465366
2024-10-26,739184.3827284023,0.15503837443803284,9.937592699021593,-0.6725395368701278,0.6093693277189935,0.02754487830625325,0.0018555102382363702,0.027482310722755855,2024-08-09,2024-10-15,739106.0,739173.0,3.0517402006664414,0.3451419478962301,0.30199873648384234,0.12028122846586016
2024-10-31,739189.8902506077,0.6495418586962113,13.377344905614564,0.023588021759974688,0.03220532860917619,-0.003330465685778539,-0.003247507168319939,-0.0007387143398221851,2024-08-16,2024-10-15,739113.0,739173.0,3.226909879670105,0.46952637223447896,0.30199873648384234,0.07875304823547216
2024-10-30,739188.7249619388,0.250925901969588,3.8698212180234353,-0.038696980651430166,0.16375669710776028,-0.029934708699724578,-0.02993068162921971,-0.0004910011686910324,2024-08-23,2024-10-15,739120.0,739173.0,0.9083699161454867,0.35471424227876003,0.30199873648384234,0.06554037697418005
2024-10-23,739181.3481103277,0.8956335971824785,5.124566758461885,0.1839897722269943,0.008431069254488876,0.001489388986207588,0.001067618359674654,0.001038494386273738,2024-08-28,2024-10-15,739125.0,739173.0,1.5573994605305344,0.9893449473630112,0.30199873648384234,0.06969740716163213
2024-11-15,739204.0602249757,0.8199930492502892,10.547476858063138,0.44481314068344385,-0.0016190537154210881,0.002608363935295017,0.0016404796633931334,0.0020279025846773953,2024-05-01,2024-10-16,739006.0,739174.0,3.1649358336713,0.04825637121502026,0.2810441711742235,1.030434396658175
2024-12-18,739237.2921121595,0.6290595448806126,5.813147366145644,0.43413153597839743,-0.002744963321935373,-0.0059538809015115424,-0.00587223905633274,0.000982601778272492,2024-05-08,2024-10-16,739013.0,739174.0,1.1705412471394079,0.049890381688552234,0.2810441711742235,0.8768143152120067
2024-11-29,739218.3033732321,0.49445463916559096,4.764111580259272,0.4469727206516869,-0.007554170365292506,-0.013102079827466452,-0.01281069064483291,-0.002747853891256577,2024-05-15,2024-10-16,739020.0,739174.0,1.1363903862167146,0.05983992841230119,0.2810441711742235,0.8668854509938292
2024-11-07,739196.0326049323,0.3303492553148127,12.872670043048254,0.44460273698070746,-0.015556303225346476,0.024362599962834602,0.010582872488309468,-0.021943998879996582,2024-05-22,2024-10-16,739027.0,739174.0,4.174466004934313,0.016386547473854464,0.2810441711742235,1.2473516684251793
2024-10-28,739186.9621991619,0.8224914004538413,9.157655501280772,0.4060091934056842,-0.0006906962460800269,0.0032700114354712365,0.0015242764065534497,-0.0028930185316615514,2024-05-30,2024-10-16,739035.0,739174.0,3.587739772073069,0.01897076691831242,0.2810441711742235,0.8831379081221894
2024-11-23,739212.7533141072,0.6060037614817176,13.252671570865791,0.35297304416202513,0.002626378334947927,-0.005869791220343924,-0.0031247002849354526,0.00496897344526522,2024-06-06,2024-10-16,739042.0,739174.0,3.127993061563487,0.02046004183536056,0.2810441711742235,0.7132376060579682
2024-12-06,739225.1537091131,0.631283809483037,9.059692482709998,0.24840983531466557,0.008451894683870162,-0.001166845228636783,-0.0009727968710242687,-0.0006443555193507842,2024-06-13,2024-10-16,739049.0,739174.0,1.7829346311136556,0.5047217460524693,0.2810441711742235,0.6300515372125823
2024-11-04,739193.3053499664,0.5919878143293725,4.605994020952352,0.14342134608775337,0.02340685149144053,0.006218419596603744,0.006087420291264226,-0.0012696678608715077,2024-06-21,2024-10-16,739057.0,739174.0,1.4327901359991237,0.4837849720809143,0.2810441711742235,0.24320474475165468
2024-11-28,739217.0755376162,0.011788173333741273,11.45436912851961,-13.730256329811773,13.41261058844992,0.04443540174933092,0.025962362559605216,0.03606190037904341,2024-06-28,2024-10-16,739064.0,739174.0,2.3115453802647035,0.3106415490900591,0.2810441711742235,0.2608951459017561
2024-11-18,739207.7872715523,0.21447311493327997,6.7811753412184705,-0.4868011334180779,0.3596932587746868,-0.0328987416696778,-0.02487611836982493,-0.021529188054793265,2024-07-08,2024-10-16,739074.0,739174.0,1.4852385115403002,0.3457967416220123,0.2810441711742235,0.12561764226179062
2024-11-16,739205.6926481263,0.9195946093536473,12.01901061138143,0.23983363563896842,0.003112328413377606,-0.0010090983195835972,-0.0007832652931779428,0.0006362192225084927,2024-07-15,2024-10-16,739081.0,739174.0,2.620206986696695,0.23598241036246145,0.2810441711742235,0.2745890219488451
2024-10-17,739175.6320669461,0.8733489832429695,2.317262534524449,0.25911990292786935,0.004238494421995023,-0.004337039508870948,-0.0018353129112575785,0.003929572269252569,2024-07-22,2024-10-16,739088.0,739174.0,1.4690560190344264,0.3683246768285033,0.2810441711742235,0.14498963576072615
2024-10-25,739183.1035114522,0.1223613166289346,5.15496446852473,-0.5621212580401347,0.6098362725158082,0.044612740573638884,0.021642263392156587,0.039011652832907806,2024-07-29,2024-10-16,739095.0,739174.0,1.8622731541321562,0.32446870434678127,0.2810441711742235,0.15801445469819114
2024-11-11,739200.3886585534,0.64088600463462,3.3477395646454298,0.7495657487974815,-0.03451601641630817,-0.019199515818667186,-0.006597266871853586,0.018030459713850748,2024-08-05,2024-10-16,739102.0,739174.0,0.701172361247085,0.34415930265021716,0.2810441711742235,0.07022232595937425
2024-10-29,739187.8667339373,0.1801715443030987,10.022429006311453,-0.6447811521152762,0.5330444065175116,-0.026819495151284012,-0.021675017153428698,0.015794902708415725,2024-08-12,2024-10-16,739109.0,739174.0,2.7727425827927084,0.3572942313493471,0.2810441711742235,0.0966180516916279
2024-11-03,739192.9013625532,0.6211441410502668,2.4971517234308083,0.7375161486331835,-0.0425049802902399,-0.0257941960781118,-0.008173647080861688,-0.02446491456583487,2024-08-19,2024-10-16,739116.0,739174.0,0.5577150487247369,0.40988807655117104,0.2810441711742235,0.06541526408479884
2024-10-17,739175.6272750489,0.18872241061409373,4.279095580270489,-0.10315827848550346,0.2641863613206133,-0.02801038301820022,-0.025283156762565533,-0.012055850900944985,2024-08-23,2024-10-16,739120.0,739174.0,2.405271665350845,0.41597078896161416,0.2810441711742235,0.10950361149271579
2024-10-19,739177.4224129503,0.46477482536164494,8.25364639829035,0.08465123459967547,0.06333145655712905,0.01098854929882894,0.010009357080856313,-0.004534422402104326,2024-08-29,2024-10-16,739126.0,739174.0,3.5595224389841342,0.3245456951606411,0.2810441711742235,0.07527083210376828
2024-12-06,739225.7958986503,0.5405592754840313,3.0617867661535003,0.29083825312679384,0.00048333655454998553,-0.01454988722899781,-0.0009615587205200341,0.014518079184366836,2024-05-02,2024-10-17,739007.0,739175.0,0.7116135510190655,0.005864870092239739,0.25877379424335456,0.8630370811262552
2024-12-11,739230.2092809607,0.9812068884001841,11.925327054243452,0.442536055919488,-0.0005672578614990545,-0.0009449481123014258,-0.0009199060849710913,-0.00021610120262318568,2024-05-09,2024-10-17,739014.0,739175.0,2.5909552404479546,0.04939270961081534,0.25877379424335456,1.066039741911782
2024-12-28,739247.2270679658,0.6061581196789058,12.05125802356855,0.5393479939567957,-0.008374012831118454,0.00455896170665633,0.0027053528885263678,-0.0036694955499769768,2024-05-16,2024-10-17,739021.0,739175.0,2.189847022908004,0.09238920279717512,0.25877379424335456,1.3536984559507668
2024-11-23,739212.919055858,0.42359358014361936,5.1137146836178555,0.40505736013204857,-0.003628697696182216,-0.017429591769469066,-0.0007265441953111983,-0.017414442362091404,2024-05-23,2024-10-17,739028.0,739175.0,1.2895527581218278,0.017245526189001308,0.25877379424335456,1.0326438070597734
2024-12-10,739229.5430892356,0.08149840297769907,4.489535907475332,2.4274520039177476,-1.415990606242636,-0.11415550192380926,-0.10609534730465733,0.04213378572809426,2024-05-31,2024-10-17,739036.0,739175.0,0.9049611055968239,0.22517033471723027,0.25877379424335456,0.7568027455477497
2024-11-19,739208.4013507859,0.11740771400250032,12.15256076433703,0.05453885424587037,0.2013195813714867,-0.04780600020028898,-0.040714493106651935,0.025054814032804587,2024-06-07,2024-10-17,739043.0,739175.0,3.0941959828426713,0.040684823902761486,0.25877379424335456,0.76463586572851
2024-11-29,739218.7518662498,0.48056929343354005,7.544396362313046,0.10477560893968947,0.034780720284133614,-0.006158556745970505,-0.004920479182380746,0.003703607134820933,2024-06-14,2024-10-17,739050.0,739175.0,1.6208568320542678,0.3597420000209851,0.25877379424335456,0.39229153320867216
2024-11-05,739194.416849937,0.06269547147647338,7.354297938348067,-1.4114266470279326,1.4036631689012613,0.03449017826782276,0.02064932300469454,-0.027625673863165518,2024-06-24,2024-10-17,739060.0,739175.0,2.2646362333581895,0.3469464259427999,0.25877379424335456,0.30928187255043305
2024-11-12,739201.1049079807,0.1925803001804965,10.435220090644268,-0.26093067634840345,0.2948750388219126,0.020191298149287717,0.012971293100069918,0.01547365749477182,2024-07-01,2024-10-17,739067.0,739175.0,2.7179252083369865,0.2695156667019524,0.25877379424335456,0.2601371219833972
2024-12-05,739224.101485656,0.16452100214603663,7.715991618732743,-0.9185731544102258,0.6358579002563283,-0.03734864620415821,-0.03730443406892833,-0.0018167476655717451,2024-07-09,2024-10-17,739075.0,739175.0,1.3640285714953198,0.36300683825102825,0.25877379424335456,0.13658698740499317
2024-10-25,739183.3723004692,0.1367631978175499,8.25535673913151,-0.34157484086826445,0.4431014789997786,-0.03656884583301484,-0.0028801470566079596,0.03645524980700471,2024-07-16,2024-10-17,739082.0,739175.0,3.2766495530277107,0.20073603789792166,0.25877379424335456,0.20322837580095
2024-10-22,739180.3474489297,0.8272070943934058,11.642003922689215,0.27580521690141935,0.005117897703106295,-0.0013189189097672215,-0.0009271735886294788,-0.0009380278391868174,2024-07-23,2024-10-17,739089.0,739175.0,5.258574478522599,0.27571475941051515,0.25877379424335456,0.3319818027282255
2024-11-25,739214.4165040201,0.33580285831061346,6.696518291624215,-0.043310127499574566,0.10174747791627424,-0.02185551191278492,-0.008749405207670613,-0.020027763466794534,2024-07-30,2024-10-17,739096.0,739175.0,1.1723874242473789,0.2334522148768315,0.25877379424335456,0.10460382889365717
2024-11-11,739200.4682258513,0.539451458762085,6.48111619430731,0.05043271902811551,0.03759074207056407,-0.009353898251415221,-0.0035315564648651598,0.008661611941971186,2024-08-06,2024-10-17,739103.0,739175.0,1.3843730458983736,0.33449591768886183,0.25877379424335456,0.09544095386109525
2024-10-28,739186.9967634012,0.009362134013058522,13.963307635019714,-17.30042013642576,17.101010723913124,0.019112745640576436,0.011943484502545858,-0.014921468555702566,2024-08-13,2024-10-17,739110.0,739175.0,4.131591517427416,0.5999088190135926,0.25877379424335456,0.14418481318643156
2024-10-24,739182.7061063348,0.21170372546729183,8.899001546843063,-0.3397995861283466,0.34969642848652355,-0.016802657395250057,-0.016799965628657067,-0.0003007497599210741,2024-08-20,2024-10-17,739117.0,739175.0,3.0354272062914296,0.49510856903383044,0.25877379424335456,0.09925319241865659
2024-10-25,739183.6827388565,0.6920406017444297,6.129045738987934,0.13709741888846227,0.020879693860930238,0.0029217534417317727,0.0008864363074179555,-0.0027840391245747024,2024-08-26,2024-10-17,739123.0,739175.0,1.8966240158551737,0.8068991819373369,0.25877379424335456,0.08203339380415141
2024-10-29,739187.9388582498,0.3359663507692377,11.561267332688736,-0.17488896145884966,0.16474121151937027,-0.012324937251644347,-0.002175244630834066,0.01213146277466152,2024-08-30,2024-10-17,739127.0,739175.0,2.8513811124539257,0.3884256285514309,0.25877379424335456,0.08187680246171139
2024-11-18,739207.6042200649,0.8027938811147726,12.573333417313552,0.4438415261088705,-0.0018531889848745228,0.0027788409448706902,0.0007659377186944459,-0.0026711975606403555,2024-05-03,2024-10-18,739008.0,739176.0,3.6881340944527623,0.042580390714364896,0.25113276492531134,1.090074125394696
2024-12-01,739220.8873111401,0.4873299907489349,12.011108194090879,0.4502280462455654,-0.008049288370769238,-0.01155164431428502,-0.011533657626347608,-0.0006443819689804168,2024-05-10,2024-10-18,739015.0,739176.0,2.91174059338376,0.02827181813618976,0.25113276492531134,1.1970665461951846
2024-11-25,739214.7117326908,0.2701141124817104,14.365857309036958,0.4652312815736223,-0.02713114348725176,-0.03184101904687663,-0.008188344227067929,0.030770139953575176,2024-05-17,2024-10-18,739022.0,739176.0,3.669788083050818,0.016021267301909302,0.25113276492531134,1.2783977233560253
2024-10-20,739178.6859409055,0.5288006138672531,2.3549767283459255,0.3159004746229104,0.002887065535687406,-0.01908631102981061,-0.01908171103513998,-0.0004190139592988449,2024-05-24,2024-10-18,739029.0,739176.0,1.5069113770775648,0.03396565362040451,0.25113276492531134,0.837910859627668
2024-12-01,739220.7493658899,0.4135974565168582,3.6230584548608995,0.7329573916635392,-0.06131293869177526,-0.028278823283785125,-0.0030229024323147635,-0.028116790485406617,2024-06-03,2024-10-18,739039.0,739176.0,0.8081732800964906,0.24751032270213716,0.25113276492531134,0.681588504933764
2024-12-14,739233.9114722181,0.21544105493463445,5.496589065775078,0.14137006052223502,0.09005137769045693,0.03370747709308827,0.018574068818488266,0.028128241671088017,2024-06-10,2024-10-18,739046.0,739176.0,1.029699083052024,0.10471268862915922,0.25113276492531134,0.6058958483024558
2024-10-19,739177.4219813404,0.6393153927621537,10.278566363672073,0.29757130356744776,0.008359669855858164,-0.002959607058875518,-0.0028851424085900475,0.0006597175343289083,2024-06-17,2024-10-18,739053.0,739176.0,7.315067016489143,0.1756862159176781,0.25113276492531134,0.4079916219086814
2024-10-30,739188.4947986315,0.3658538985349112,13.96207099790986,0.1376736504932382,0.06001776788606131,-0.005804771056524856,-0.005134242756965457,0.002708305435362939,2024-06-25,2024-10-18,739061.0,739176.0,5.161487687225652,0.2709271878390591,0.25113276492531134,0.3546277003250149
2024-11-13,739202.379255149,0.8471573744982739,9.49160127778699,0.23207660373389122,0.004604935717258458,-0.0014432637705828692,-0.0014388428328301218,-0.00011287875748107357,2024-07-02,2024-10-18,739068.0,739176.0,2.459447372529172,0.2847754007584303,0.25113276492531134,0.2538276043090069
2024-11-21,739210.5662649428,0.12864790333072598,9.167622730699325,-1.1627616029680965,0.8983406507520223,-0.04288161284811408,-0.030254610274004144,0.030388999286315197,2024-07-10,2024-10-18,739076.0,739176.0,1.9831400082112727,0.2939787376310011,0.25113276492531134,0.1753446064471301
2024-11-06,739195.667480859,0.7165480281351472,13.779746369535815,0.22441930433821564,0.008898115467817425,-0.0010613666057434972,-0.0010573429361333522,0.00009233085722754802,2024-07-17,2024-10-18,739083.0,739176.0,3.828025386521843,0.4359500173026944,0.25113276492531134,0.3529811137978029
2024-11-23,739212.0521070077,0.44113848434283687,9.679018465604933,-0.12300156222265933,0.07808357785049769,0.01235157572459949,0.000054942532287487,-0.012351453525745982,2024-07-24,2024-10-18,739090.0,739176.0,1.8785688295921859,0.2881250166685377,0.25113276492531134,0.1633262295122686
2024-10-22,739180.2768470214,0.1843229873750645,8.225270955854842,-0.18480719982268323,0.30107482788077106,0.031479329659225355,0.022297364571830375,0.022221064982243063,2024-07-31,2024-10-18,739097.0,739176.0,3.886636164103796,0.21432767770963976,0.25113276492531134,0.19211764656407873
2024-10-21,739179.887025935,0.892660910282953,5.918841044651691,0.22528407763707065,0.006590588660329991,-0.002852016017421415,-0.0022212951892015436,-0.0017888105115015367,2024-08-07,2024-10-18,739104.0,739176.0,2.7992865927790977,0.3485154914042655,0.25113276492531134,0.08945732135252978
2024-11-15,739204.2779263238,0.5238330662587977,12.630739480065019,-0.13438310866109437,0.06295289393381402,-0.005000344714500499,-0.00439223164334243,-0.002389926453900734,2024-08-14,2024-10-18,739111.0,739176.0,2.399230937924374,0.5221314896288983,0.25113276492531134,0.09284898860709921
2024-11-15,739204.4530244302,0.31273938233271276,9.436335037284213,-0.5262903574197533,0.25939666277534495,-0.011031703419966898,-0.004990791425785063,0.009838215350886541,2024-08-21,2024-10-18,739118.0,739176.0,1.6690642749375502,0.7792934550479943,0.25113276492531134,0.07959758630091805
2024-10-18,739176.1729654855,0.2441929870586626,8.170597247014463,0.017541752186037526,0.1684578602307986,0.02184570809926476,0.015501140665443877,-0.015393167329318688,2024-08-27,2024-10-18,739124.0,739176.0,7.424227933676137,0.23046476533629628,0.25113276492531134,0.13853891814118566
2024-10-31,739189.0850443757,0.965884558446471,5.936944883243061,0.16382389017491927,0.005979782062187474,0.0011279494662852715,0.00015858582737645304,-0.00111674550988511,2024-09-03,2024-10-18,739131.0,739176.0,1.4083063854786553,0.8624976470849385,0.25113276492531134,0.06410493133613056
2024-12-28,739247.0033700826,0.8959274556792352,10.497499886526533,0.4526936210107052,-0.0010390741888922565,-0.0008487373354520067,-0.0008484849185204547,-0.000020698010375624236,2024-05-06,2024-10-21,739011.0,739179.0,2.0788694138604837,0.10448650848024936,0.2622385010440449,1.5818484867228444
2024-10-29,739187.3549137128,0.49737382152397414,4.194224102661488,0.33322493298532624,0.0047750512471619625,0.013598179837544308,0.009943370416448096,-0.009275768413209838,2024-05-13,2024-10-21,739018.0,739179.0,2.008700245256249,0.041641709290352644,0.2622385010440449,1.244865997627951
2024-10-23,739181.8775618225,0.2317256799450716,4.055721226694949,0.29828379980510167,0.028867244346349234,-0.03980660235569932,-0.00594909739862825,-0.03935954561788539,2024-05-20,2024-10-21,739025.0,739179.0,2.580998482453277,0.04143394519137424,0.2622385010440449,1.3978646233158838
2024-12-15,739234.9839377758,0.796406886253652,6.034524122874511,0.38510934928516843,-0.0001833703720895196,-0.00270811030197945,-0.0018965181046923625,-0.0019331529909092345,2024-05-28,2024-10-21,739033.0,739179.0,1.2323429048313517,0.008936239418160173,0.2622385010440449,0.94956138993177
2024-12-06,739225.3988236386,0.3462690588538598,5.045360642184152,0.37403785325297745,0.0006598345265923059,0.023595156032504377,0.003796899772359917,-0.023287656393825473,2024-06-04,2024-10-21,739040.0,739179.0,1.112335674626189,0.0019192593041148164,0.2622385010440449,0.7677357694711235
2024-12-06,739225.6880178537,0.7186372407589111,13.201975012142423,0.30335800202693297,0.0031207301583066845,-0.0024194795379628743,-0.0024172132977228044,0.00010469530998611584,2024-06-11,2024-10-21,739047.0,739179.0,2.820079345284358,0.07021098682813169,0.2622385010440449,0.6898893919520935
2024-10-29,739187.9351397913,0.4676462285518247,4.240072824527525,0.11634437240734662,0.04455666454481635,-0.01048256729334374,-0.004506536691765672,-0.00946442518620384,2024-06-18,2024-10-21,739054.0,739179.0,1.8270064238290118,0.4688016526513838,0.2622385010440449,0.2765258981012965
2024-11-09,739198.6202877859,0.041701212696095176,11.23780216590608,-2.450214071444033,2.3939926117974086,-0.030434184987323247,-0.021741565177240497,-0.021296571543006994,2024-06-26,2024-10-21,739062.0,739179.0,3.470937481153539,0.29189619383789434,0.2622385010440449,0.2990576228267912
2024-11-15,739204.0405978648,0.3335927100242065,14.593762263296822,-0.009368578049896251,0.0984959014381038,0.005382465131466111,0.002066214160428552,0.004970079469655693,2024-07-03,2024-10-21,739069.0,739179.0,3.913876871970302,0.41829841448420874,0.2622385010440449,0.33308517919402036
2024-11-08,739197.9467897603,0.8751742596736205,6.19015939764812,0.1602194801486256,0.006628108678879264,0.002448556551545727,0.0022629439945467704,0.000935154352854227,2024-07-11,2024-10-21,739077.0,739179.0,1.8262709266902375,0.38271209308235427,0.2622385010440449,0.11290210573227799
2024-11-22,739211.2073949334,0.8709459565300941,7.1683500619858025,0.12628268749981647,0.006452618646065618,0.0020977415683621245,0.001889109733545336,-0.0009120219856224164,2024-07-18,2024-10-21,739084.0,739179.0,1.5671363976529586,0.3737283265010225,0.2622385010440449,0.10919399398884098
2024-10-22,739180.2640764704,0.20729127422864885,6.874265758368252,-0.06840787513801469,0.22175526090411618,-0.032367996591526435,-0.00324467243722377,0.03220495775690735,2024-07-25,2024-10-21,739091.0,739179.0,4.657751903347827,0.20659167431014888,0.2622385010440449,0.16648649024336876
2024-10-24,739182.5591426421,0.7009696328071707,4.398924744858268,0.21053318478323732,0.012731178626670048,-0.00661943339860853,-0.0024068936569292664,-0.0061663410092896885,2024-08-01,2024-10-21,739098.0,739179.0,2.2179024906906806,0.30647881970708296,0.2622385010440449,0.10176038638730038
2024-11-10,739199.7733127165,0.95568871711739,14.869869878144016,0.16136901705055182,0.004911066074244579,0.0008307341617607669,0.0007826102851063369,0.0002786402504343944,2024-08-08,2024-10-21,739105.0,739179.0,3.592090003057241,0.3799469807846243,0.2622385010440449,0.17866600706945174
2024-11-22,739211.0867781963,0.03279518928165027,11.007006044777931,-8.656311078631871,7.899909875396336,-0.028427859398385973,-0.027307882852734135,-0.007900805280207248,2024-08-15,2024-10-21,739112.0,739179.0,1.9752674257928236,0.8279782238313051,0.2622385010440449,0.10052929851260659
2024-11-07,739196.9551867412,0.6060957043535292,10.471035551440162,-0.008333166294915675,0.03747417853021763,0.0035391255924044056,0.0029290816923052063,-0.001986426539949138,2024-08-22,2024-10-21,739119.0,739179.0,2.446872190786066,0.6128973148855634,0.2622385010440449,0.08431225787954674
2024-11-12,739201.4691697528,0.938653124058509,6.391706834014126,0.12087650902703588,0.006063384989440673,-0.0011752007035103903,-0.0002034431774977379,0.0011574573715955765,2024-08-27,2024-10-21,739124.0,739179.0,1.2591137608605083,0.7576897013506734,0.2622385010440449,0.06082882389103812
2024-11-05,739194.2020939464,0.15832728244952168,14.779853101009532,-0.8114077334429438,0.6544700731186261,-0.02384412045470365,-0.023760791408333457,-0.001991700757665167,2024-09-04,2024-10-21,739132.0,739179.0,3.314267221102494,0.29403167995229823,0.2622385010440449,0.08905704821054472
2024-11-28,739217.0585913348,0.12724861593447592,2.597256747847199,1.9793654555136988,-0.9595960878998039,0.13346553719686913,0.12986012371641814,-0.030812300913846548,2024-05-07,2024-10-22,739012.0,739180.0,0.7071851366922743,0.35225528195398864,0.24399343855970895,0.8359054507257355
2024-12-16,739235.4588002808,0.3444837315273897,9.643768496654069,0.5373348337916646,-0.03337317400030507,-0.012396998260823697,-0.0037833623097424476,-0.011805580693557008,2024-05-14,2024-10-22,739019.0,739180.0,2.0901017294808257,0.09616187283558218,0.24399343855970895,1.7559973142871097
2024-12-20,739239.4000434418,0.048138158263515876,5.907519684884313,1.548277981074877,-0.9325412554030964,-0.10606953914092923,-0.10034002110392695,-0.03438934861890544,2024-05-21,2024-10-22,739026.0,739180.0,1.2024109598698174,0.0716410042462313,0.24399343855970895,0.9630042100517487
2024-10-27,739185.8303294061,0.2813347937029767,2.6970756338262687,0.3008153208982437,0.014363902197515686,0.04725385608566353,0.007681184666554521,-0.04662538275534997,2024-05-29,2024-10-22,739034.0,739180.0,1.3992315088840441,0.03170775587995234,0.24399343855970895,0.9335241259437813
2024-12-27,739246.4675120515,0.186076763508823,11.190480170598933,0.254439159997729,0.05200729895554817,0.013186631314380897,0.009636960936020794,0.009000901584786943,2024-06-05,2024-10-22,739041.0,739180.0,2.010014272949073,0.06558036909785124,0.24399343855970895,1.2769174587212226
2024-10-28,739186.2774926008,0.2244944276139827,6.21619578638055,0.0921259570315395,0.12292150002021339,0.004949688394196604,0.0034640478411833474,0.003535503889636885,2024-06-12,2024-10-22,739048.0,739180.0,3.0593227194017643,0.8968728415404559,0.24399343855970895,0.7328777928063013
2024-11-28,739217.1612384579,0.21449330284072637,2.7524965351018293,0.02803229011332302,0.12321558737553806,0.03809331701684837,0.03805884809318667,0.0016201491183996102,2024-06-20,2024-10-22,739056.0,739180.0,0.6427146586314588,0.25205993298347434,0.24399343855970895,0.31645525662684365
2024-12-17,739236.6579566762,0.4652699795316132,6.6729604386088806,-0.17334784960769442,0.06653698935497164,0.007351052531044503,0.005176859266460846,-0.005219013455571297,2024-06-27,2024-10-22,739063.0,739180.0,1.1895373852965108,0.6311027918530624,0.24399343855970895,0.21952000428375887
2024-11-29,739218.2523791936,0.2377408214499746,13.527577811602477,-0.31010881390788153,0.24642930102339614,-0.013503816956965505,-0.0016797108553785278,-0.013398941892909026,2024-07-05,2024-10-22,739071.0,739180.0,2.902093823598285,0.32071518342464866,0.24399343855970895,0.2940882337594157
2024-12-07,739226.7308150068,0.6286754139177452,3.9738916750454916,0.10911475717708195,0.014431235582116156,0.005058162399696983,0.0033977734218174852,-0.0037470178323166597,2024-07-12,2024-10-22,739078.0,739180.0,0.7322258263709317,0.4513580571835904,0.24399343855970895,0.24137009389060737
2024-11-07,739196.4079546169,0.5298646032642679,7.060511263201825,0.07063631337619561,0.03854038494291034,-0.009564782853688995,-0.005649437901304409,-0.0077180905953174875,2024-07-19,2024-10-22,739085.0,739180.0,2.1524007186520975,0.3023915779491592,0.24399343855970895,0.13659021362782403
2024-11-26,739215.7398728725,0.695080646558435,12.738372262713002,0.08104976699233697,0.015377390630118556,0.0031851701663364405,0.003033201309082907,0.0009721104911981177,2024-07-26,2024-10-22,739092.0,739180.0,2.517826523871914,0.26343366107772065,0.24399343855970895,0.2234706616050014
2024-10-29,739187.9617395705,0.928835116083959,10.74740774670219,0.2266552145581275,0.004668401507075261,0.0016527611881500023,0.0016521455425658707,-0.00004510710847229914,2024-08-02,2024-10-22,739099.0,739180.0,4.128399852429037,0.2441141731965288,0.24399343855970895,0.22613829526175167
2024-11-27,739216.6964151101,0.37921891010269293,9.250239829656683,-0.37445018558392323,0.1509120512379686,-0.01257077671604385,-0.012439048398915657,0.0018150763548853944,2024-08-09,2024-10-22,739106.0,739180.0,1.6254978756830334,0.49215148816993115,0.24399343855970895,0.08382729152495375
2024-11-20,739209.7423327235,0.050931170617019475,13.605261706369737,-5.205065844810022,4.539012528509578,-0.02429711282406309,-0.020587159497794428,0.012904206887586077,2024-08-16,2024-10-22,739113.0,739180.0,2.5539800726226605,0.6993321096791161,0.24399343855970895,0.10442735173984649
2024-11-14,739203.1570241832,0.2273892511811731,7.908325474422677,-0.6838353381708252,0.43076116906737416,-0.018459523976429474,-0.00500450217989409,0.017768201466884875,2024-08-23,2024-10-22,739120.0,739180.0,1.6090979329763462,0.6709674406870645,0.24399343855970895,0.07864923993204606
2024-11-11,739200.2961354615,0.48262254223507506,4.9877330601843255,-0.06594950731154438,0.06709149594215043,-0.007961801914811658,-0.006670795725324011,0.0043463518175243816,2024-08-28,2024-10-22,739125.0,739180.0,1.0406997912704403,0.8153808506638254,0.24399343855970895,0.061995467807271845
2024-10-24,739182.5038484222,0.9845260202187407,9.00032320047108,0.20869731980660725,0.005207639208433545,-0.0015012817275182246,-0.001501103148582217,-0.000023155187251659295,2024-09-05,2024-10-22,739133.0,739180.0,4.274735925571287,0.3794440812876527,0.24399343855970895,0.05704957901578345
2024-11-17,739206.367777567,0.7361939380410435,11.398428546854293,0.39643171744812544,-0.0009349057087178753,0.004184440478816531,0.0020775574582102352,-0.0036322578554658456,2024-05-08,2024-10-23,739013.0,739181.0,3.684677250799747,0.014430376853302175,0.21111688633573017,1.098617803338601
2024-12-23,739242.6738455294,0.756391231178609,7.515139890372708,0.3678200844382034,0.00017603716542653736,0.0026467804327370294,0.0017315479787933655,-0.002001796257428869,2024-05-15,2024-10-23,739020.0,739181.0,1.5355744272144556,0.006694156600404496,0.21111688633573017,1.325490465812317
2024-12-30,739249.6429857172,0.6827021990919792,6.1022548189119385,0.40098674871259504,-0.0011873303838623535,0.004746345990499037,0.0009781879525337471,-0.004644453529861624,2024-05-22,2024-10-23,739027.0,739181.0,1.1427677669286007,0.027986793984210494,0.21111688633573017,0.8735404072710373
2024-11-28,739217.6600298787,0.1977985351912926,14.060255033503294,0.24916065098483492,0.05050561546762931,0.0425175808629016,0.03879905423129895,0.01738902162831765,2024-05-30,2024-10-23,739035.0,739181.0,3.5937059540044967,0.016710944402587097,0.21111688633573017,1.2562065072464026
2024-12-05,739224.3869926912,0.9582830871517063,12.729606729669566,0.3491279042068835,0.0003978901515523942,0.0009809942616190587,0.0007960144225580677,0.0005733330449303163,2024-06-06,2024-10-23,739042.0,739181.0,2.9092484400437213,0.030533427575109275,0.21111688633573017,0.8429695763729282
2024-12-19,739238.041507834,0.9190512804650763,10.715792357777868,0.26301923845686837,0.001674222390532461,0.00006742588873081092,0.00005261311841899505,-0.000042167644484468165,2024-06-13,2024-10-23,739049.0,739181.0,2.0434742478972376,2.1296190404799407,0.21111688633573017,0.71171017284354
2024-12-19,739238.2840825235,0.010453090890636176,12.674252481335568,-17.32026539342174,16.870197260658784,-0.03464017416666158,-0.029917601092531425,0.01746077922559044,2024-06-21,2024-10-23,739057.0,739181.0,2.3238655409585713,0.4016635904705276,0.21111688633573017,0.3705363098916489
2024-12-04,739223.4551686299,0.873118390532055,6.032221874299477,0.08849963164471922,0.006184627317003354,0.0014599431285435265,0.00004373646568261823,0.0014592878606193701,2024-06-28,2024-10-23,739064.0,739181.0,1.2704582375152624,0.6131594481934068,0.21111688633573017,0.1959853634649473
2024-10-28,739186.1809891083,0.2736316461419251,2.2396458439499773,0.0936809030111168,0.0951290790728153,-0.02331547195215271,-0.0208192691431939,0.010496154757570705,2024-07-08,2024-10-23,739074.0,739181.0,1.0961278263117624,0.498489547243095,0.21111688633573017,0.259813671400816
2024-12-10,739229.9947255456,0.3704272838745653,14.460612920090508,-0.16581685991180847,0.10400066676262908,-0.00935515316696204,-0.005111191978566731,-0.007835471098508054,2024-07-15,2024-10-23,739081.0,739181.0,2.5596998469341368,0.2847747552923931,0.21111688633573017,0.279901358908006
2024-11-17,739206.8775227244,0.8807825098071238,11.948513694481072,0.17963054513050877,0.005012694471281584,-0.0014431258200858865,-0.0007877907686446875,0.001209131025752286,2024-07-22,2024-10-23,739088.0,739181.0,2.8995047810195094,0.2560482630319005,0.21111688633573017,0.26525379026612933
2024-11-15,739204.5146989087,0.8368831666172498,2.4478471449707757,0.5803861597358437,-0.01206333574022948,-0.009672871610313728,-0.0018623352670383946,-0.009491899311663521,2024-07-29,2024-10-23,739095.0,739181.0,0.5993534813401455,0.42637578219332795,0.21111688633573017,0.1433817492825943
2024-11-29,739218.9283966059,0.35223524425575775,7.450286937910527,-0.20500311752100636,0.12722506699005054,-0.01844937600496995,-0.0004861205128690069,0.0184429705259139,2024-08-05,2024-10-23,739102.0,739181.0,1.3349904683483218,0.3260249339972735,0.21111688633573017,0.12382995781882858
2024-11-04,739193.2321322056,0.29362530335391474,7.3624524677973175,-0.2117932103013616,0.1957767375975001,0.01554758024675712,0.0014818963530811118,-0.015476796655899983,2024-08-12,2024-10-23,739109.0,739181.0,2.2609435120402623,0.5021913808770881,0.21111688633573017,0.11524398702568849
2024-10-29,739187.2806973845,0.8467729430020312,9.890539686310625,0.14697002458604733,0.010813475858228049,0.0018748293666379257,0.00013842763056688155,0.0018697119952291045,2024-08-19,2024-10-23,739116.0,739181.0,3.8237851252322526,0.4937993910957128,0.21111688633573017,0.0635791138523178
2024-11-03,739192.8733452373,0.6105487212643413,10.018457276242941,0.04247608643584244,0.034071204136387596,-0.0037483640679116742,-0.003747886646361937,-0.000059823671178126416,2024-08-23,2024-10-23,739120.0,739181.0,2.89308017325568,0.553943144563556,0.21111688633573017,0.08411200437508864
2024-10-28,739186.8163749438,0.09140121393009216,3.1225181461379057,-1.0383040609600171,1.0291508240012175,0.05201519014960049,0.04373854733119668,0.02815172256995589,2024-08-29,2024-10-23,739126.0,739181.0,1.1664653560553897,0.5791563581592212,0.21111688633573017,0.06316673276629992
2024-11-01,739190.8594515258,0.09563077531756806,5.628864698084641,-0.9765883278422584,0.9443706467565675,-0.029393225147780123,-0.027528731079715728,-0.010301973098818851,2024-09-06,2024-10-23,739134.0,739181.0,1.5696856931232166,0.5458484804561283,0.21111688633573017,0.08828423779773543
2024-10-27,739185.0119976084,0.2617414498488207,12.786739825320199,0.37277213681137356,-0.006203486290327152,-0.030244198269658948,-0.01812401941240992,-0.024212216943374467,2024-05-09,2024-10-24,739014.0,739182.0,8.21992420370256,0.004198618600885575,0.20214188114559525,1.742582325786945
2025-01-05,739255.9227898796,0.7587173538613317,11.768119836951644,0.44088449715921946,-0.0017537232014049652,-0.0017747527413482847,-0.0008794259942514556,-0.0015415437760758182,2024-05-16,2024-10-24,739021.0,739182.0,2.1655768625001803,0.06370831626725712,0.20214188114559525,1.6222885367034312
2024-12-24,739243.640413132,0.6969472453851574,12.66206451178901,0.40390792745415055,-0.0011879997955766054,-0.0032238029690446657,-0.000809255026046548,0.0031205787742083356,2024-05-23,2024-10-24,739028.0,739182.0,2.523661749725381,0.020283516936978795,0.20214188114559525,1.4024792748744646
2024-12-12,739231.9192109734,0.00523397543236448,14.083587139916618,-3.9132821238325826,4.184372152533451,-0.10041395461765971,-0.03440872049376276,0.09433452303340246,2024-05-31,2024-10-24,739036.0,739182.0,3.064757444021319,0.015486548122734749,0.20214188114559525,1.2115838375073533
2024-11-16,739205.5727316069,0.16078445024461654,11.938712277980342,-0.06799877607730655,0.22308680169840292,0.03701444016880818,0.011371333800130548,0.03522444532730485,2024-06-07,2024-10-24,739043.0,739182.0,3.669169166575964,0.08116882351209757,0.20214188114559525,0.8420057710095958
2024-11-13,739202.4176723999,0.9193952173632784,11.044514265389624,0.2896884908388307,0.0018415329059610192,-0.0007151348660526537,-0.0007014904098254639,0.0001390290673458245,2024-06-14,2024-10-24,739050.0,739182.0,3.5335493222962926,0.2143616794689549,0.20214188114559525,0.4958817071641635
2024-12-12,739231.1055729449,0.8321713667132404,11.543631488935333,0.18623168539928278,0.004408059393821088,-0.0006709511309748976,-0.0006698314424922619,0.00003874608115964654,2024-06-24,2024-10-24,739060.0,739182.0,2.29342433612466,0.47361654202502185,0.20214188114559525,0.4239112726737019
2024-11-26,739215.2525536643,0.9389266033431762,12.688798656630714,0.22102674623006616,0.002648186915156919,0.0005094356536945542,0.00046812316905820274,0.0002009611500915118,2024-07-01,2024-10-24,739067.0,739182.0,3.0186973353816793,0.3846541630988594,0.20214188114559525,0.3489165345581318
2024-12-16,739235.435435862,0.08745860260530082,2.5309441656001668,0.7478184751173172,-0.3095011854432392,0.12186294065591516,0.11758371187320515,-0.03201010789463498,2024-07-09,2024-10-24,739075.0,739182.0,0.4428588535096209,0.08776283272807923,0.20214188114559525,0.2749672260655986
2024-12-04,739223.6606224655,0.7073542522346049,3.626038861117224,0.19728099605442215,0.005848178156962069,-0.00460161771894536,-0.0034890976511793917,-0.0030001805298758865,2024-07-16,2024-10-24,739082.0,739182.0,0.7063023580663619,0.24792171763497803,0.20214188114559525,0.22961432277002614
2024-12-03,739222.4927422717,0.15354060405069905,9.58396489400547,-1.285419370480458,0.8513619225038024,0.0409969011287599,0.024692553399267656,-0.03272649857203838,2024-07-23,2024-10-24,739089.0,739182.0,1.8196097352958542,0.3326911301759734,0.20214188114559525,0.1498920166407985
2024-11-21,739210.0444262987,0.2016752103979858,10.163578962103369,-0.610498389088632,0.4294403986221269,0.027934192018832064,0.02687316343099511,0.007625757074285034,2024-07-30,2024-10-24,739096.0,739182.0,2.269143639305929,0.30505112868950324,0.20214188114559525,0.1870172589418894
2024-10-25,739183.0328414146,0.3576850057889616,6.142105727828041,0.08041115181254906,0.08465705529552608,0.017593298133509436,0.009253766328249277,-0.0149630193462652,2024-08-06,2024-10-24,739103.0,739182.0,4.2524478590574635,0.28022013797574097,0.20214188114559525,0.14935329255318505
2024-11-26,739215.8535868354,0.279474887666503,3.057802664098408,1.3367472872099728,-0.3175447595037082,0.08065075075282346,0.003908180759205565,0.08055600362572253,2024-08-13,2024-10-24,739110.0,739182.0,0.5548032305217382,0.3598569303366285,0.20214188114559525,0.10382111469648736
2024-11-22,739211.1119013791,0.6683592873993892,10.994420623619137,-0.06953602064204442,0.028650013762279835,-0.0021491918228131518,-0.0020429773269500778,-0.000667284896288559,2024-08-20,2024-10-24,739117.0,739182.0,2.0531250851052936,0.8103773510340584,0.20214188114559525,0.08472722080359968
2024-11-02,739191.1327546535,0.8642940570947184,5.60950986176034,0.16213840393704973,0.00818644132587784,-0.0019659620279369144,-0.0017017447417656507,-0.0009844143076788267,2024-08-26,2024-10-24,739123.0,739182.0,1.7941248538312582,0.6415886007227255,0.20214188114559525,0.06649945025026702
2024-11-11,739200.133494222,0.5699783499725547,2.0833246485054855,-0.35665294588287777,0.0983081934002873,0.021770220312839438,0.008602924926266204,-0.019998304307680556,2024-08-30,2024-10-24,739127.0,739182.0,0.46238486792426775,1.2354588897348955,0.20214188114559525,0.0625111353050202
2024-10-28,739186.537551284,0.754024823314952,5.613311815157658,0.15924335640424378,0.013912867560696547,-0.0027091499926425494,-0.00270910246537912,-0.000016047264935226617,2024-09-09,2024-10-24,739137.0,739182.0,2.1355001818220702,0.6898427056445077,0.20214188114559525,0.07265749381291366
2024-12-26,739245.1845148901,0.9907642801389733,9.841470203160913,0.39475652405567346,-0.0002536062567541842,0.0005954293910536114,0.0005009130125531266,-0.0003219041993907905,2024-05-10,2024-10-24,739015.0,739182.0,2.024971140781539,0.0428785464342168,0.20214188114559525,1.6646741081599008
2024-10-31,739189.4351778359,0.8749691535844399,3.4375331875654065,0.29091039277462377,0.0018202417413372908,-0.003155607939159041,-0.0013189418123240955,0.0028667497207441744,2024-05-17,2024-10-24,739022.0,739182.0,1.7038751371836014,0.14682224893912688,0.20214188114559525,0.951224776242569
2024-12-26,739245.1083852509,0.22158269112345136,4.316647511777187,1.2460171211587567,-0.31988224856145964,-0.06918992106265553,-0.05373596429781987,0.04358544846207197,2024-05-24,2024-10-24,739029.0,739182.0,0.8456658832659307,0.23732120842212034,0.20214188114559525,0.7369870099673719
2024-12-27,739246.2109463642,0.20698539202876926,4.7117754127301374,0.9537655266477559,-0.2272188191686978,-0.06280439092341804,-0.023206339623470764,-0.05835972344469809,2024-06-03,2024-10-24,739039.0,739182.0,0.8785583230784766,0.15893128874462037,0.20214188114559525,0.7268680736509827
2024-11-09,739198.2438206061,0.8923811773657189,9.28761940188855,0.3254557384720893,0.0011699333400123405,0.0011646920776171282,0.0011390392178029513,0.0002430993541146152,2024-06-10,2024-10-24,739046.0,739182.0,3.30780679580164,0.09651526051052839,0.20214188114559525,0.9236628055944947
2024-12-11,739230.6299551327,0.758027778392578,4.679005922873749,0.09648674268461689,0.008680309279157696,-0.002255536035203385,-0.0017999256962908806,0.0013593050775792736,2024-06-17,2024-10-24,739053.0,739182.0,0.9647141900233985,0.6234720017549414,0.20214188114559525,0.31769237550122537
2024-12-01,739220.5119187331,0.3630453112675501,14.300091961940263,-0.06252754384324553,0.08894175425713552,-0.005834222679744563,-0.0015738005229225499,0.005617945014940475,2024-06-25,2024-10-24,739061.0,739182.0,3.2344403672319717,0.387030055059774,0.20214188114559525,0.3827259253222422
2024-12-14,739233.4446413594,0.5557958425261426,12.56137099703746,-0.010002789429336157,0.031251648134363624,-0.004492764165662551,-0.0012893764551674145,0.004303770231450727,2024-07-02,2024-10-24,739068.0,739182.0,2.3353311847595273,0.3077779870781147,0.20214188114559525,0.24951612289834277
2024-12-12,739231.2042376309,0.7507433301608437,2.5003886977821628,0.03691224360502242,0.007996079027704573,0.004934906216695902,0.0010534929624134064,-0.004821146331084477,2024-07-10,2024-10-24,739076.0,739182.0,0.4571490070525615,0.48649919876441344,0.20214188114559525,0.27042144182863287
2024-11-18,739207.2401886338,0.9092510749669387,8.526340015088543,0.1502397765922134,0.0052043938435770015,0.00185041818134573,0.0011149002963976343,-0.0014768360690839404,2024-07-17,2024-10-24,739083.0,739182.0,2.1627729540855736,0.2999310605219973,0.20214188114559525,0.13571102490885636
2024-11-22,739211.9041030201,0.8602462193937732,12.268072622195033,0.13785991671193348,0.006180148198104273,-0.0015446283351428758,-0.0008433297178339769,-0.0012940910635439523,2024-07-24,2024-10-24,739090.0,739182.0,2.743763433596645,0.2805571405488713,0.20214188114559525,0.26885158462388686
2024-11-21,739210.3402762582,0.31025101116278525,8.522319641464236,-0.3386543256436888,0.19700878875819716,0.021113881312309124,0.014784337888580133,-0.015073796378702027,2024-07-31,2024-10-24,739097.0,739182.0,1.88007786892618,0.33968229542738004,0.20214188114559525,0.13275476354679208
2024-10-29,739187.2316153706,0.5160419909439312,10.648214278648735,0.09525699202895085,0.04354695549691395,0.007340171018527221,0.003834642857071626,-0.006258883665633711,2024-08-07,2024-10-24,739104.0,739182.0,4.689121681129089,0.28751458402349045,0.20214188114559525,0.1654922191919159
2024-11-16,739205.3014640404,0.6379522327372572,2.3209287198232116,0.6303591461633375,-0.0292793529553815,-0.02113891111592257,-0.012342275736825316,-0.017161637241331257,2024-08-14,2024-10-24,739111.0,739182.0,0.5163962201408857,0.380719587686829,0.20214188114559525,0.10251586522313597
2024-10-29,739187.1552336115,0.43614140063253337,9.681027753078443,0.013534180541873829,0.07736631231962063,0.008508819143151188,0.005466989832633755,0.006520124644570474,2024-08-21,2024-10-24,739118.0,739182.0,4.000399640235997,0.40962688479948883,0.20214188114559525,0.08991446758981943
2024-10-28,739186.8522772883,0.8836346198136,2.869189463025407,0.19722764834063392,0.006799022680437377,0.002048409491643516,0.0015436262217546992,-0.001346550976742641,2024-08-27,2024-10-24,739124.0,739182.0,1.1696244173876933,1.0222172509396608,0.20214188114559525,0.07106351514816406
2024-11-12,739201.1555804801,0.7041478581568447,7.42727120384612,0.040406835005186374,0.020871954861456973,0.0027722479406577668,0.002626328867492646,-0.0008875558147271781,2024-09-03,2024-10-24,739131.0,739182.0,1.5344921837085281,0.7137820753308565,0.20214188114559525,0.06735764947155742
2024-11-04,739193.8067031032,0.5193232712079182,10.608803514120078,0.01698932930336866,0.04992837043277392,0.00402549067435612,0.002983442953733967,-0.002702525358094394,2024-09-10,2024-10-24,739138.0,739182.0,2.622535319116927,0.6071555161028829,0.20214188114559525,0.08045774674096053
2024-11-21,739210.8927907821,0.892882062835533,3.946634727054342,0.28551606767042303,0.0013072198001038082,0.002435828007246495,0.0011005687021844424,-0.002173017858338601,2024-05-13,2024-10-25,739018.0,739183.0,1.2146497046723097,0.12141411069026257,0.2056833301732881,0.8717599319683818
2024-11-16,739205.8377399998,0.11169258083269633,12.438825562310981,0.19672053253925856,0.10189159991078262,-0.07118906815570794,-0.047517713196337706,-0.053008964878297926,2024-05-20,2024-10-25,739025.0,739183.0,4.096368187222123,0.012851979438925817,0.2056833301732881,1.3436156593591884
2024-10-31,739189.862992961,0.6280998330652451,11.466402613484663,0.3266596662324946,0.0031465151872848403,-0.007650198904293696,-0.005632559968463923,-0.005176853433980351,2024-05-28,2024-10-25,739033.0,739183.0,5.7106386836918634,0.022529865368360446,0.2056833301732881,1.1422604396283143
2024-11-07,739196.2939466728,0.7805657267495014,6.033988849735396,0.30457855277242213,0.002515675541522915,-0.002105879812896392,-0.0009613602835480551,0.0018736371557964327,2024-06-04,2024-10-25,739040.0,739183.0,2.3666883412546493,0.1545347026817039,0.2056833301732881,1.3129783675376372
2024-12-09,739228.6825788744,0.3814444277661503,4.0295683224853445,0.2150294228467833,0.024474149214666913,0.01948189294293085,0.019457568901960303,0.0009732240570835285,2024-06-11,2024-10-25,739047.0,739183.0,0.8853784177414646,0.11891843969770817,0.2056833301732881,0.5246584458606338
2024-11-09,739198.4712562017,0.830764906990002,5.543295350295647,0.194228847335699,0.006182750710537449,-0.001994551254879126,-0.00043619546095635404,-0.0019462703378978394,2024-06-18,2024-10-25,739054.0,739183.0,1.9710158576558319,0.464565183879673,0.2056833301732881,0.3543220355163012
2024-10-25,739183.1282919644,0.2845073223944761,7.940164818657095,0.10570787372296009,0.09796070835576128,0.013706739357927268,0.01296861553566289,0.004437309422872783,2024-06-26,2024-10-25,739062.0,739183.0,8.65683307004416,0.2560835568716017,0.2056833301732881,0.2776943328061934
2024-12-14,739233.2653120119,0.9720338178340251,12.875446809067146,0.16034615453669585,0.0026160536274158672,-0.0006420922477416046,-0.00061468627282451,-0.00018558890217623,2024-07-03,2024-10-25,739069.0,739183.0,2.4265857156132196,0.3075872162172036,0.2056833301732881,0.27630955697084264
2024-12-12,739231.5750892231,0.5342647922212088,7.66621160092441,-0.11889379521682049,0.04536706166708138,-0.006829482019506177,-0.006540392441048946,-0.0019659835634684144,2024-07-11,2024-10-25,739077.0,739183.0,1.4123680416722757,0.4629441908264771,0.2056833301732881,0.16530325519168423
2024-12-08,739227.8857857069,0.23044975114577065,10.525673515434633,-0.801385937985937,0.4240206020370368,-0.028934510219255128,-0.018561025096522996,-0.022196716626438757,2024-07-18,2024-10-25,739084.0,739183.0,1.9514533467405322,0.32084640054225766,0.2056833301732881,0.15955934373139855
2024-11-30,739219.1910184225,0.7777764958502147,10.085829270570848,0.04910718955365392,0.011407554096055789,0.0028551122482187996,0.001575615728268123,0.0023809874058388298,2024-07-25,2024-10-25,739091.0,739183.0,2.0301254227010923,0.3081147947066709,0.2056833301732881,0.13994979798672655
2024-11-21,739210.7866919215,0.05751078456395488,2.266600003361449,10.883679461099918,-8.392279549906881,-0.3782132334567949,-0.154399646067955,-0.34526221811245755,2024-08-01,2024-10-25,739098.0,739183.0,0.5053763449868177,0.5630119704445864,0.2056833301732881,0.15581734356644214
2024-10-26,739184.3672285747,0.41780114954087566,6.312972324366404,0.09337521608567152,0.06513784304351397,0.011866110345763362,0.011410463835320146,-0.003256668512557483,2024-08-08,2024-10-25,739105.0,739183.0,4.080553403088827,0.36329610014036406,0.2056833301732881,0.12745034352088125
2024-11-03,739192.2686629795,0.7585438089937087,13.607642281387907,0.1030740698342603,0.016237403921441292,0.002036764046279194,0.0005574445642614706,-0.0019589954920802995,2024-08-15,2024-10-25,739112.0,739183.0,4.67523435987797,0.4443995990131582,0.2056833301732881,0.09084009159922883
2024-11-11,739200.9370828052,0.9963252065873929,3.035066518784059,0.2199042039482983,0.0022106051729719267,0.0016304446027287527,0.001542087785613982,0.0005294476971594885,2024-08-22,2024-10-25,739119.0,739183.0,0.7337859663409925,0.44507995819495977,0.2056833301732881,0.09199464172701759
2024-11-23,739212.4849602511,0.0367389810069212,13.63152716765621,-7.744593839028631,6.986862739057618,-0.019658218533839682,-0.01965714692985218,0.00020525716163134167,2024-08-27,2024-10-25,739124.0,739183.0,2.384204381088985,0.9579010422410521,0.2056833301732881,0.10679119229067834
2024-11-19,739208.2261082085,0.9818907916437065,2.560308715131272,-0.26229355758879,0.01611625603203507,0.004941503489972183,0.001632489765325975,0.0046640576655432985,2024-09-04,2024-10-25,739132.0,739183.0,0.4506077811390662,1.2507655313197916,0.2056833301732881,0.05689364237347717
2024-11-07,739196.0744558687,0.38721428344226794,4.051797664326365,-0.21247875397501603,0.1395391153114479,0.015484435425356356,0.008265705060476766,-0.013093733627015623,2024-09-11,2024-10-25,739139.0,739183.0,0.9503331186150343,0.8612003729539047,0.2056833301732881,0.051477810120586706
2024-11-13,739202.0720586394,0.9066500857289916,7.048118701891148,0.351691597493415,0.0001802209391833405,-0.0014282392631052613,-0.0001465992339250677,0.0014206956244347487,2024-05-14,2024-10-28,739019.0,739186.0,2.72897346788248,0.016231953053314204,0.194474513531721,1.6203162101141257
2024-11-11,739200.6928319911,0.8821070778191791,12.30703155985701,0.34175001124741994,0.0005429915241592494,-0.0023375315032055717,-0.0022079494825484464,0.0007674715701526327,2024-05-21,2024-10-28,739026.0,739186.0,4.849155376748576,0.016649591034649823,0.194474513531721,1.0658730658325157
2025-01-11,739261.5227637825,0.38073240074018744,3.1303644681890272,2.328417398040353,-0.33546277920034495,-0.07367831478157436,-0.06442219523750156,-0.03575296952469807,2024-05-29,2024-10-28,739034.0,739186.0,0.5494373321560377,0.5537702094033561,0.194474513531721,0.6340155127412826
2024-11-06,739195.4335803482,0.10911045977552927,5.36886904193414,-0.27319228696209424,0.41524969404486006,-0.039105189898426325,-0.00870566967086786,-0.038123840212834235,2024-06-05,2024-10-28,739041.0,739186.0,2.3886946518975805,0.21580350648056246,0.194474513531721,1.1375537094761627
2024-11-27,739216.6220830195,0.9946528212029191,9.897300509447247,0.28710729127670953,0.0010425859164921226,-0.0002493230436546813,-0.000026807107994630958,-0.00024787770988573865,2024-06-12,2024-10-28,739048.0,739186.0,2.687201816774493,0.42024658796701203,0.194474513531721,0.8878337817713727
2024-12-21,739240.0475355438,0.8253908263730265,10.322540232983965,0.12298448304533545,0.005497673623118308,0.0008281628733451378,0.0000405445007185065,-0.0008271698061757093,2024-06-20,2024-10-28,739056.0,739186.0,2.013074399182541,0.5308065216686707,0.194474513531721,0.4665660662391875
2024-12-19,739238.2823485879,0.8449754369158224,3.0244337243168085,-0.1424221430798902,0.009744732445169995,0.002460442070334287,0.0020470013329038504,0.0013651229704904734,2024-06-27,2024-10-28,739063.0,739186.0,0.5823123315705512,1.106513679869321,0.194474513531721,0.29264498617703133
2024-11-26,739215.960997119,0.05475651109393122,13.199298557863834,-3.0144228255390217,2.6794719250689316,-0.025432692211035276,-0.02439467321314209,0.007191783640048007,2024-07-05,2024-10-28,739071.0,739186.0,3.311949977836006,0.4370607349184571,0.194474513531721,0.3085230888688832
2024-11-11,739200.8554952148,0.8473597939238386,3.552989281204761,0.1591556315107043,0.006408905480583051,-0.002225813739676129,-0.0007308685183514326,0.00210239815748916,2024-07-12,2024-10-28,739078.0,739186.0,1.1946462341451096,0.6867030935072795,0.194474513531721,0.22164419463338428
2024-11-13,739202.7935987632,0.21986454045120413,14.6451065427786,-0.2982712875161741,0.27461809856601754,0.007050634825472509,0.0021289657879975804,0.006721529298879951,2024-07-19,2024-10-28,739085.0,739186.0,4.540329616979104,0.5847410602986449,0.194474513531721,0.33868772763482047
2024-12-07,739226.0399276997,0.6556338980709796,8.276579825178388,-0.046786105367149125,0.02325550341601498,0.004388257191247769,0.003994407146665939,-0.001817006528112055,2024-07-26,2024-10-28,739092.0,739186.0,1.5915916223185,0.41980167167913723,0.194474513531721,0.15027533971393048
2024-11-17,739206.5623192696,0.4469959734608634,11.56057686779852,-0.09488925031505518,0.07525943245322379,0.009141203259556327,0.00912417498745177,-0.0005576986918423839,2024-08-02,2024-10-28,739099.0,739186.0,3.044355202487012,0.3183330119183789,0.194474513531721,0.2180881682756146
2024-11-25,739214.8163640709,0.992217644588808,11.294921842111398,0.08028769777180925,0.00455362757865459,0.0008628059548740935,0.0006394073158447183,-0.0005793033749344544,2024-08-09,2024-10-28,739106.0,739186.0,2.38856068649682,0.4636263282997401,0.194474513531721,0.10237118730594354
2024-10-31,739189.922583305,0.504397269620502,5.771461038507992,0.06476899188920525,0.048336949948082034,-0.007679949113802013,-0.003305448456321929,-0.006932216737320559,2024-08-16,2024-10-28,739113.0,739186.0,2.7336693677475665,0.5500572070892633,0.194474513531721,0.08317803788998245
2024-11-29,739218.321432751,0.0058375978111024915,7.501476544404886,-51.31507806098278,50.43440171339386,-0.04261127856246387,-0.023174115572628745,0.035758655290074014,2024-08-23,2024-10-28,739120.0,739186.0,1.328224192727239,0.921063818452926,0.194474513531721,0.07214713543016438
2024-11-21,739210.8832439132,0.8466617413322497,9.33319429912622,0.02816193450967358,0.010646527928149905,-0.0012739629806341728,-0.0010868690717874307,0.0006646031122544002,2024-08-28,2024-10-28,739125.0,739186.0,1.840134501280306,0.7581075429739998,0.194474513531721,0.0675137306014034
2024-11-22,739211.8685104396,0.5443878786690578,13.092796689696115,-0.17909311075274525,0.05908614252775517,0.0021624226131247135,0.0021190977857459903,0.00043069261916075976,2024-09-05,2024-10-28,739133.0,739186.0,2.3229091685997734,1.1361118405951918,0.194474513531721,0.08914132588043824
2024-10-30,739188.6598088873,0.8635288551701403,6.6941921095111265,0.17679003125962492,0.007431593040044119,0.0005459761498256169,0.0005228268786400082,0.0001572959349441381,2024-09-12,2024-10-28,739140.0,739186.0,3.0967307271514053,1.75584805333339,0.194474513531721,0.0530197855943798
2024-12-26,739245.047081552,0.8205140151711028,14.87968467156062,0.3582303341682925,0.0001290316987050423,0.002237166667884779,0.0012287497900660095,0.0018695156199688258,2024-05-15,2024-10-29,739020.0,739187.0,3.2090083445670348,0.003180463022191133,0.21260492033906747,1.1848168651932072
2024-11-29,739218.4228056525,0.9486625889666831,3.1074259578572168,0.3279817099766039,-0.00040942646527867085,-0.0024605911238814453,-0.0003692929231402463,0.0024327209901348515,2024-05-22,2024-10-29,739027.0,739187.0,0.8936495160458362,0.05079809710396298,0.21260492033906747,0.7243522677579655
2024-12-25,739244.9824231259,0.7781532934889002,14.19793182093705,0.33368770859367575,0.0007179920995474405,-0.0024820455997255145,-0.002134555509421749,-0.0012665793051814982,2024-05-30,2024-10-29,739035.0,739187.0,2.9079342978804164,0.015854406278330107,0.21260492033906747,1.2866192237497511
2025-01-04,739254.1657560543,0.7563607796508511,3.7948014481737657,0.4881593951419151,-0.00535124931187365,0.005385906205795964,0.005380648715557114,0.0002379181737595047,2024-06-06,2024-10-29,739042.0,739187.0,0.6946790104711495,0.19803244166021453,0.21260492033906747,0.5722557333066055
2024-11-18,739207.3779904279,0.8900120224549224,9.323007418516145,0.26957217043626064,0.0022439322457867327,0.00039057191257969815,0.0001191913514716022,0.00037194064127295403,2024-06-13,2024-10-29,739049.0,739187.0,3.042580649884195,0.5484645655697332,0.21260492033906747,0.7483652230600667
2024-12-25,739244.5969868242,0.8819889627898652,13.634869898281465,0.16600419875903885,0.0033240638113460523,-0.00042024649797762614,-0.00005723641694872709,0.0004163305317140819,2024-06-21,2024-10-29,739057.0,739187.0,2.562459052888385,0.5116552106333335,0.21260492033906747,0.4809736083952698
2024-12-10,739229.4352752034,0.6660821132769573,9.04694225234096,-0.017113773198289814,0.019802613490358535,-0.0035931046819832843,-0.003122088026116489,-0.0017784733939168848,2024-06-28,2024-10-29,739064.0,739187.0,1.9590811838974136,0.40576874712560773,0.21260492033906747,0.20223635754729144
2024-12-04,739223.4429348399,0.5043855875802142,4.735084918221501,-0.049429469514561744,0.04540594981737799,-0.006409777011340427,-0.003539525399399856,0.005343875118498888,2024-07-08,2024-10-29,739074.0,739187.0,1.063472629920451,0.7545790443914325,0.21260492033906747,0.2449006747730223
2024-10-29,739187.2501494285,0.3655394587523571,8.710628468311953,0.08819529601277051,0.07484752036782862,-0.014572730276015414,-0.007460095840000729,-0.012518443903117517,2024-07-15,2024-10-29,739081.0,739187.0,8.389424308210362,0.21553671752469997,0.21260492033906747,0.21868496358288256
2024-11-23,739212.4994480027,0.15595814143003198,14.292750794836536,-0.7743432230909503,0.5950619034660275,0.021404049240661065,0.010398244372324757,0.018708549860159126,2024-07-22,2024-10-29,739088.0,739187.0,3.6069637061336244,0.303360083513852,0.21260492033906747,0.29214182104797454
2024-11-02,739191.1921077337,0.9613017762168676,6.563281080583336,0.18933672496778844,0.004671737554117965,0.0019332037562480565,0.0004727274798950507,0.0018745147353178275,2024-07-29,2024-10-29,739095.0,739187.0,3.2728149101049184,0.35394806944562884,0.21260492033906747,0.119715201585591
2024-11-22,739211.2004568843,0.41138688296033854,2.4442597966583905,1.1721225692639339,-0.17597108558216745,0.06550081705654962,0.005504800939984563,-0.06526909070675586,2024-08-05,2024-10-29,739102.0,739187.0,0.5861746952815601,0.45216575885304505,0.21260492033906747,0.1512179644312311
2024-11-11,739200.7525823782,0.7876383294579787,3.7609582453677985,0.16667321268185756,0.007739199358145481,-0.0034009645957426564,-0.0033938035131884994,0.00022058534712080983,2024-08-12,2024-10-29,739109.0,739187.0,1.1360171278495839,0.4765651207217031,0.21260492033906747,0.1196347783260962
2024-11-13,739202.1619320145,0.4392041587539838,12.425187112757783,-0.16307673979461726,0.0965911624510887,-0.0058276284033406235,-0.003845384189714078,0.004378843824677855,2024-08-19,2024-10-29,739116.0,739187.0,3.435840903091201,0.5858805054292373,0.21260492033906747,0.09442831870420643
2024-11-13,739202.1720871694,0.31985497693217485,4.520651938678407,-0.2841622677381416,0.18698663203117993,0.012554148110540982,0.008698374819591298,0.009052342806108251,2024-08-23,2024-10-29,739120.0,739187.0,1.2154664416734198,1.053841637172241,0.21260492033906747,0.0798416992656344
2024-11-02,739191.4778924183,0.5216679617837757,2.001219490206454,0.012734575221175064,0.060794555642514604,-0.013524573081916945,-0.012140078554826402,-0.0059609202083869975,2024-08-29,2024-10-29,739126.0,739187.0,0.8544060436201357,1.1717651165999015,0.21260492033906747,0.07060045381820634
2024-11-15,739204.3995132733,0.8741533607667902,5.609943697056105,0.052625882190866995,0.010144945271348542,0.001622570958902315,0.0014012279188284464,-0.00081810563875876,2024-09-06,2024-10-29,739134.0,739187.0,1.2479762114959496,0.974260598338796,0.21260492033906747,0.057937256661896454
2024-11-09,739198.8300296187,0.9202620221145241,2.218225943493962,0.10406062447902928,0.007847130596789712,0.001277450729952927,0.0010393587569186857,-0.0007427070363701359,2024-09-13,2024-10-29,739141.0,739187.0,0.5602301033756851,2.548428427907226,0.21260492033906747,0.023615634069579602
2024-12-25,739244.2246660923,0.47231359043908194,12.681023305731916,0.32766066909906566,0.002732369126336229,-0.009156860549329782,-0.004181539129388362,0.008146338173023888,2024-05-16,2024-10-30,739021.0,739188.0,2.7828064876428398,0.011113962080292585,0.21791893255575348,1.6952932196522859
2024-11-19,739208.0785604723,0.940840307375173,10.910677754207658,0.3380907121542162,0.0003948334772629673,-0.0015590217600719087,-0.001465661312905149,0.0005313998157986761,2024-05-23,2024-10-30,739028.0,739188.0,3.809404878893838,0.02183865953813761,0.21791893255575348,1.1954416935217536
2024-11-18,739207.0835348619,0.7148962666032964,12.704415347682474,0.29683626925841394,0.002984074902057144,0.0045771775937487645,0.002294923768491969,-0.003960287820541121,2024-05-31,2024-10-30,739036.0,739188.0,4.434840535292598,0.03668599495119314,0.21791893255575348,1.0687602345196028
2024-11-17,739206.5863631864,0.27753353149905197,2.6284243027660157,0.3826092328971301,-0.019805192537036102,0.048112850760651034,0.0332716452208322,-0.03475405059292733,2024-06-07,2024-10-30,739043.0,739188.0,0.9098241872695249,0.04346482809720138,0.21791893255575348,0.5972315387664054
2024-12-24,739243.7443721108,0.6841377455352676,5.899659801791866,0.03702242268105564,0.013771923306481405,-0.0028521577634318443,-0.0024995331370776122,0.0013737314163094225,2024-06-14,2024-10-30,739050.0,739188.0,1.1697218054812646,0.5599350249039422,0.21791893255575348,0.3245641913864146
2024-12-18,739237.784071812,0.9966781359431716,5.953589951409578,0.096954309632507,0.0028309725812179754,-0.0007018716856894587,-0.00042238762410565,0.0005605466601229075,2024-06-24,2024-10-30,739060.0,739188.0,1.2061038028047604,0.6752334554249194,0.21791893255575348,0.27624452579503034
2024-12-05,739224.4888165771,0.9183226460779463,3.858563424762698,0.06898053971759079,0.004980058789243823,-0.0011443638914362662,-0.0006291669814974135,-0.0009558857805285042,2024-07-01,2024-10-30,739067.0,739188.0,0.8980421024500608,1.035714305058053,0.21791893255575348,0.2735772631631628
2024-12-08,739227.171698874,0.6582827151737917,4.488283171110855,0.04058961597895564,0.017074893908153903,0.0034711598115706463,0.0010418873105348652,0.003311105747270781,2024-07-09,2024-10-30,739075.0,739188.0,0.9693883998777855,0.7214655651777304,0.21791893255575348,0.24619548467185842
2024-12-01,739220.242778543,0.2995286223755019,10.732446370158113,-0.33306274959226695,0.1946966381751351,-0.0193994026866855,-0.009425597692660938,-0.016955675531699865,2024-07-16,2024-10-30,739082.0,739188.0,2.486542600022131,0.28009779928015327,0.21791893255575348,0.18700782697969995
2024-11-20,739209.6611340014,0.5396052515717992,6.392738691743544,-0.016796595688732135,0.040510686644680945,-0.008280241709120936,-0.005876258661601797,0.005833694104374678,2024-07-23,2024-10-30,739089.0,739188.0,1.7474121578473039,0.4129674337646034,0.21791893255575348,0.14824372365893393
2024-12-01,739220.2408326188,0.3655684564217286,4.7201534231895845,0.073231828791816,0.05622524550215502,-0.021502467388085367,-0.012895182966989417,0.017206695209235873,2024-07-30,2024-10-30,739096.0,739188.0,1.0134081145264253,0.20251428482722866,0.21791893255575348,0.16713477124666726
2024-12-07,739226.9255716894,0.7719938424926227,8.440712458409742,-0.007129683805391724,0.01250886609751571,0.002523180980761131,0.0023356489756554723,0.0009545606969670639,2024-08-06,2024-10-30,739103.0,739188.0,1.555675295488502,0.45342375767424914,0.21791893255575348,0.13236631383081532
2024-11-09,739198.1963472832,0.8850649196751841,11.235037384875051,0.11961217709516409,0.008198255989990329,-0.0014701577840330405,-0.0014346100673493626,0.0003213376177990948,2024-08-13,2024-10-30,739110.0,739188.0,3.8579154442604224,0.4392968942158921,0.21791893255575348,0.09220043261723887
2024-11-24,739213.8626750476,0.37900763660031156,14.99795775553097,-0.38793668591237274,0.15972592826412685,-0.005802919739160064,-0.0058028953913342295,-0.000016810007896023645,2024-08-20,2024-10-30,739117.0,739188.0,3.1520166768379583,0.6955761646024096,0.21791893255575348,0.10343893311251857
2024-11-16,739205.9765665,0.3001305988427024,14.75333239505078,-0.4392669066517985,0.24728336616891258,0.009732970123224709,0.00929602761934578,0.0028835009831704966,2024-08-26,2024-10-30,739123.0,739188.0,3.5913412197330246,0.516856117856998,0.21791893255575348,0.10168334990699045
2024-11-18,739207.6556050031,0.13582959563775224,8.815969028230345,-1.2367766927976351,0.933070541146022,0.02398081740089757,0.0239703170981342,0.0007095783466868398,2024-08-30,2024-10-30,739127.0,739188.0,1.9809398528410642,0.5994802061035013,0.21791893255575348,0.09613540045464074
2024-10-30,739188.8163491717,0.026021408800376296,12.205951231045834,-2.2552804859946916,2.3736435352633847,-0.0353197258278022,-0.02713224124482866,-0.0226124858780174,2024-09-09,2024-10-30,739137.0,739188.0,8.063147676863862,0.1432706892940162,0.21791893255575348,0.1380447687117578
2024-11-03,739192.913108569,0.34089246358604647,10.371738924347136,0.03820676830819283,0.08135893804874897,0.006679909217983066,0.006433243523809032,0.001798489622951517,2024-09-16,2024-10-30,739144.0,739188.0,3.793568417891923,0.4003137750232931,0.21791893255575348,0.019084706168584528
2024-11-15,739204.9482980816,0.4227830688739206,4.404386468196034,0.19444119446901342,0.02520453150802812,0.019684543046978073,0.013875022057620177,0.013962986710187985,2024-05-17,2024-10-31,739022.0,739189.0,1.710286784057924,0.12290950197558062,0.18194683995626795,1.261690074384196
2025-01-15,739265.57139813,0.1512197369761146,3.7102129132979966,3.7336380764320682,-1.6554852818513583,0.15779415533147007,0.152364318823881,0.04103790694110562,2024-05-24,2024-10-31,739029.0,739189.0,0.6660981762960189,0.4276062621853713,0.18194683995626795,0.6815892332482747
2024-12-21,739240.6912475724,0.995672263871143,14.200986885849575,0.31994478882221744,0.000406069701799179,-0.0008734557069458831,-0.0008683372323483918,-0.00009442098767682738,2024-06-03,2024-10-31,739039.0,739189.0,3.0770901431913025,0.03259549515347555,0.18194683995626795,1.1075036689518636
2024-12-31,739250.5122802494,0.6444391900736598,12.512717559858258,0.17757066904802654,0.008739487873801686,0.0011389701258937178,0.00037042822498198466,0.0010770496171556105,2024-06-10,2024-10-31,739046.0,739189.0,2.3925235219541054,0.3951881855083394,0.18194683995626795,1.1270777346847733
2024-11-03,739192.6337312445,0.6216865023181654,11.675704096193893,0.21559086006494887,0.012977835729992452,-0.0033068945369720457,-0.000018746631862500097,-0.003306841399651521,2024-06-17,2024-10-31,739053.0,739189.0,6.780298912940665,0.20896342909602916,0.18194683995626795,0.4387086811824829
2025-01-01,739251.3635478541,0.6577395420500799,10.746827296755637,-0.06154649013259566,0.01946771031742576,0.0025361675701746802,0.000855445379180451,0.0023875424911914255,2024-06-25,2024-10-31,739061.0,739189.0,1.908740875697305,0.46979740348196247,0.18194683995626795,0.33488667425486734
2024-12-25,739244.3206216558,0.1388857926271934,4.452906784637859,-1.248322194726881,0.84554690262982,-0.02939085216251018,-0.015129723861024229,0.02519749286591195,2024-07-02,2024-10-31,739068.0,739189.0,0.8214979567819252,0.8973042867868943,0.18194683995626795,0.28804601609075664
2024-12-16,739235.352942856,0.2866569273708453,5.189679822259905,-0.33193261626565046,0.1901334328741452,0.017590517756923947,0.0065330687313485325,-0.016332339939767748,2024-07-10,2024-10-31,739076.0,739189.0,1.019929690144725,0.5970376833769773,0.18194683995626795,0.2383953217417673
2024-12-11,739230.5500650274,0.3899984018904009,12.5888875648506,-0.24101982367627048,0.1082442850501287,0.011991629655056358,0.0010564225170704425,0.011945005368330886,2024-07-17,2024-10-31,739083.0,739189.0,2.539078401181083,0.2796418982224565,0.18194683995626795,0.2150252099894892
2024-12-13,739232.349180865,0.9659724459372314,3.616345960801861,0.3770613811560931,-0.0014592767164123284,-0.0025515670061414322,-0.0010713879395103946,-0.0023157335921692767,2024-07-24,2024-10-31,739090.0,739189.0,0.6843373173405679,0.15276555525267788,0.18194683995626795,0.16870426124421647
2024-11-01,739190.0513890499,0.5356618752834931,12.74562921489621,0.13418497524238734,0.031906536518293414,-0.0037490882298607765,-0.003747303856843176,0.00011565621370627259,2024-07-31,2024-10-31,739097.0,739189.0,9.093980073478166,0.35767077835936534,0.18194683995626795,0.29400106855459285
2024-12-10,739229.5333751778,0.7541846782451707,5.67334847960371,0.13121993035993917,0.007586989955621368,0.0034857146630066843,0.0027591027943263046,0.0021301545676876547,2024-08-07,2024-10-31,739104.0,739189.0,1.0207265081307848,0.28934495902620466,0.18194683995626795,0.13272089660667752
2024-12-08,739227.5893555211,0.13402012604186234,9.723770879536463,-2.0371631875633556,1.3459517330523028,0.02601800224671226,0.025983873249182957,0.0013322056449056711,2024-08-14,2024-10-31,739111.0,739189.0,1.711137438960601,0.7130021577389595,0.18194683995626795,0.08827208279068124
2024-11-29,739218.4420461068,0.03700325555658402,3.754917217002793,-5.920542956582003,5.396188271308356,0.044270387653843515,0.018830177965352038,-0.040066090660491833,2024-08-21,2024-10-31,739118.0,739189.0,0.7333658243225784,1.2011945058590363,0.18194683995626795,0.09775201737074388
2024-11-09,739198.5391620043,0.6570600624594088,2.511115351118294,0.053359771838868614,0.026905586588273408,0.0043343849684014425,0.0034283646969757485,-0.0026520197131308727,2024-08-27,2024-10-31,739124.0,739189.0,0.8216612331531306,1.6242519278491987,0.18194683995626795,0.08063575642649902
2024-11-05,739194.5623021834,0.9519265648628772,9.16909535375273,0.14118736741089466,0.006328067308483376,0.0008796770747367367,0.000875804530636732,-0.00008245107599998728,2024-09-03,2024-10-31,739131.0,739189.0,3.5548838557464926,0.7468351902014352,0.18194683995626795,0.07834123317903982
2024-11-23,739212.3777078587,0.5431516690120249,8.724439669265418,-0.0916812904725322,0.04871588585085496,0.003988781946034004,0.003932135402952817,0.0006698451954384005,2024-09-10,2024-10-31,739138.0,739189.0,1.6070565404547124,0.760350583069259,0.18194683995626795,0.0700077468867489
2024-11-11,739200.0959749584,0.025143999048870665,14.831447175529279,-4.1034435321312825,4.020889247758957,0.014998230452860193,0.014698415856011433,-0.002983871317743873,2024-09-17,2024-10-31,739145.0,739189.0,3.7826846529544236,0.45449897785986487,0.18194683995626795,0.0211360686313662
2025-01-19,739269.8445701766,0.4136872308035614,5.207548610554795,0.5504033747562262,-0.028752745811092134,0.02210668778618852,0.007121954056787178,0.020928053308634065,2024-05-20,2024-11-01,739025.0,739190.0,0.9287129445365016,0.1033223869002341,0.20184967267364484,0.7727629367399466
2024-11-24,739213.6352690435,0.7576089356483504,3.7134772508208336,0.26601396377040204,0.0024176672923094263,-0.005073777910287647,-0.002468946330522598,-0.0044325530227986975,2024-05-28,2024-11-01,739033.0,739190.0,1.2019773959826934,0.09721413190476912,0.20184967267364484,0.865931317027395
2025-01-02,739252.9738470376,0.1222227955606359,4.331928798414053,1.4573980864963139,-0.6306023902728954,-0.1044704391114893,-0.09350553244484805,0.04659171654224452,2024-06-04,2024-11-01,739040.0,739190.0,0.8400576748971282,0.17030723405771928,0.20184967267364484,0.6709943799828776
2024-11-23,739212.0196997784,0.5725566425365324,7.376800178333468,0.15890900433960814,0.017710135653087954,-0.003038264726371924,-0.0016799531847490866,0.0025315627277567635,2024-06-11,2024-11-01,739047.0,739190.0,2.3646947142813444,0.4524251240569322,0.20184967267364484,0.9316720519666962
2024-12-20,739239.4299548581,0.10720863680134565,9.319670718860062,-1.8292854296090848,1.3444924821863726,0.028888660557523985,0.02835569413662356,-0.005523524132118397,2024-06-18,2024-11-01,739054.0,739190.0,1.9610640132338841,0.5353775770046799,0.20184967267364484,0.4090816340671362
2024-12-10,739229.5558812409,0.1451880139616353,4.014604625708843,-0.837604621601072,0.6273018513282197,0.029723277325786192,0.027168764208607525,-0.01205535011365005,2024-06-26,2024-11-01,739062.0,739190.0,0.9223814200533091,0.7632518392979045,0.20184967267364484,0.292593901662063
2024-11-17,739206.7963555849,0.07446982926878178,8.919494880025955,-1.895969938650247,1.6734969751901676,0.04370113552791917,0.028978093449770273,0.03271176159190972,2024-07-03,2024-11-01,739069.0,739190.0,2.987672907957829,0.3197218428541102,0.20184967267364484,0.20396194733479164
2024-12-13,739232.1990930537,0.43942915343573297,2.4872602272356183,0.4958069857343022,-0.033369969355361295,0.02936302677859353,0.023659994702514852,-0.017389421850003233,2024-07-11,2024-11-01,739077.0,739190.0,0.5155321377231693,0.20078100681647734,0.20184967267364484,0.2658428293497759
2024-11-08,739197.0326397868,0.9961900929448431,13.071455908387382,0.2243942607927325,0.002590132275242919,0.0005300181574508504,0.0005300135951802974,2.199125201144584e-6,2024-07-18,2024-11-01,739084.0,739190.0,5.777472378193676,0.3724341116804277,0.20184967267364484,0.39203937388874766
2024-11-25,739214.6758700069,0.4959636005260456,4.1561121816012,0.10728594300679588,0.02847406452045073,0.011987064378341732,0.009344303878274755,-0.007508241967396136,2024-07-25,2024-11-01,739091.0,739190.0,1.0661759389457857,0.28346482139509976,0.20184967267364484,0.18050957965843056
2024-11-05,739194.0696890674,0.4445665891416676,4.076558267648705,0.10175154705092389,0.04528848643443904,-0.015349363242892357,-0.010025530255346029,-0.011622895295983544,2024-08-01,2024-11-01,739098.0,739190.0,2.0511998151942037,0.3217663390400592,0.20184967267364484,0.1573649979779353
2024-11-17,739206.8366936916,0.8792802546738505,13.199486427478151,0.08866410118565542,0.007932313606054172,0.0014550375772125824,0.0012187829213667766,0.0007947971701543282,2024-08-08,2024-11-01,739105.0,739190.0,3.7809748286384037,0.3631582823345253,0.20184967267364484,0.1322627348462323
2024-11-04,739193.6803223417,0.8230188170380881,12.52853678639378,0.12283115352325308,0.011546511103558591,0.0018131199195599629,0.000977422051602664,0.0015271050964966244,2024-08-15,2024-11-01,739112.0,739190.0,6.1809602191314665,0.41834411172057734,0.20184967267364484,0.0786095567843593
2024-11-13,739202.7882449577,0.06569187974883552,8.719981797720404,-2.5576495631635447,2.2703663638566516,0.028841174104358915,0.01494139888008354,-0.02466916948792929,2024-08-22,2024-11-01,739119.0,739190.0,2.6087927437936926,0.593033351915842,0.20184967267364484,0.12330795560380196
2024-11-11,739200.4669524559,0.621441450675226,2.8495452676868855,0.02199294081143664,0.03275481821451348,0.00487500912848807,0.003631499189347002,0.003252372617123394,2024-08-27,2024-11-01,739124.0,739190.0,0.9018845217710942,1.4652928059748014,0.20184967267364484,0.07859718828691442
2024-11-14,739203.7952690157,0.6922020576461666,2.8034919787593715,-0.08723430755426098,0.03482765203384821,0.007049853535670934,0.0016656998419556375,0.006850246631393715,2024-09-04,2024-11-01,739132.0,739190.0,0.7359865762414916,1.2197692210882083,0.20184967267364484,0.06283937585370163
2024-11-16,739205.1843386762,0.4007845423633599,8.504441189498232,-0.10676732294175964,0.0930360752177508,-0.006584407283251819,-0.003531173310571617,-0.005557448544291371,2024-09-11,2024-11-01,739139.0,739190.0,1.9926298163530385,0.6658859866302151,0.20184967267364484,0.06646139568957807
2024-11-05,739194.1595278266,0.37866464016726387,2.1393584884641306,0.07505591085067773,0.0612293362842909,-0.004325207394018526,-0.004177776076614976,0.001119645504137857,2024-09-18,2024-11-01,739146.0,739190.0,0.833898717196644,2.5056695937361484,0.20184967267364484,0.022956335916278478
2024-11-17,739206.1347005572,0.33530797253243133,2.315486262048005,0.5131881368734384,-0.05894951123738133,-0.05344966971038794,-0.03166831106317089,-0.043057929194932384,2024-05-21,2024-11-04,739026.0,739193.0,0.9649530314186129,0.15971174463712137,0.1957775000767442,0.8210903635185964
2024-11-08,739197.8249851051,0.16433504579597405,10.249301845864764,0.06175572952426223,0.14815552836281107,0.05241409349578215,0.0178982983347265,-0.049263456168905984,2024-05-29,2024-11-04,739034.0,739193.0,5.75006075273695,0.04532164756868508,0.1957775000767442,1.3990533121431508
2024-11-13,739202.3693316197,0.3640651875809449,8.618251968656878,0.17862466331545265,0.039165883822898255,-0.010477368978919047,-0.010159151254548826,-0.002562597609382746,2024-06-05,2024-11-04,739041.0,739193.0,3.9040283877947264,0.1579121907170418,0.1957775000767442,1.2968465118770145
2025-01-01,739251.6852660672,0.5934684829220028,10.0024749424269,0.03404051905954408,0.019808836378906437,0.0018728900521113889,0.0002560652285483486,-0.0018553026022798227,2024-06-12,2024-11-04,739048.0,739193.0,1.9809940588490669,0.6275334346704505,0.1957775000767442,0.8667660671244838
2024-12-25,739244.9297549643,0.6685084899031465,13.406601879978538,0.07805274233152316,0.01273595724097804,0.0011804446115933603,0.000982421407004121,0.0006544445431813475,2024-06-20,2024-11-04,739056.0,739193.0,2.7556728196790283,0.5379899867043147,0.1957775000767442,0.5017467106689696
2025-01-03,739253.9411819861,0.42335325790816547,3.3758766765966364,-0.21756296394670982,0.07312385528681979,-0.011580098013275421,-0.01046108780206033,-0.004966317750068949,2024-06-27,2024-11-04,739063.0,739193.0,0.6136125094642338,0.7918869360326741,0.1957775000767442,0.30672687949255334
2024-11-30,739219.9445853819,0.08304440995722474,7.504125576921608,-2.45286424361355,1.9768117479864489,-0.04686399968670169,-0.011581827786871387,0.04541030424639796,2024-07-05,2024-11-04,739071.0,739193.0,2.04203647873344,0.46680583129079256,0.1957775000767442,0.1890506377879164
2024-12-21,739240.297214299,0.16447136475426197,6.530400192929132,-1.0858566446639695,0.6869363253988714,0.030156021244270442,0.013818300061508072,-0.02680373482735226,2024-07-12,2024-11-04,739078.0,739193.0,1.2814900077545042,0.573710689504087,0.1957775000767442,0.2151934852021944
2024-11-19,739208.6598169686,0.5460303673246986,9.32638915665329,0.009111349171294693,0.03788004482140893,-0.007602498573780458,-0.007180607545475232,0.002497370585675676,2024-07-19,2024-11-04,739085.0,739193.0,3.067296111396407,0.2917140859705979,0.1957775000767442,0.17915725311576935
2024-12-08,739227.3275916853,0.26293152401295977,4.155515612296323,0.17744270890681527,0.047388067108755656,0.03935202169655302,0.03870388543416982,0.007112725490600417,2024-07-26,2024-11-04,739092.0,739193.0,0.9072347972198892,0.07619380923000427,0.1957775000767442,0.18251432979476093
2024-11-06,739195.5253691337,0.5073849552475721,14.639495812596957,0.08448733762939992,0.040189957461964944,0.002926494381517247,0.002915762110492698,-0.0002504010384706497,2024-08-02,2024-11-04,739099.0,739193.0,8.488976381239763,0.47597190400748485,0.1957775000767442,0.3078395930177994
2024-12-16,739235.4066217953,0.4626568759976978,3.4009625337377876,0.8023497460796912,-0.06755364966056492,-0.03139754083305843,-0.027828858587802173,-0.014538232356916038,2024-08-09,2024-11-04,739106.0,739193.0,0.6038817526386869,0.292691666046653,0.1957775000767442,0.12690083173854078
2024-12-13,739232.3473608088,0.46403382230597223,9.711062034984426,-0.3827334217281464,0.09732403701333509,0.005526308340187817,0.004859672133819505,0.0026312868757715512,2024-08-16,2024-11-04,739113.0,739193.0,1.7149717181702215,0.8415267205825798,0.1957775000767442,0.08482972146731464
2024-11-04,739193.843853852,0.6683088410435526,12.008447268264598,0.09167517852979004,0.023323112510770284,0.00327424903616116,0.0016347277017216592,-0.0028369652962322452,2024-08-23,2024-11-04,739120.0,739193.0,8.546384701735043,0.39642875640302166,0.1957775000767442,0.09314088203173858
2024-11-10,739199.278343144,0.5075405518300954,9.210469602285256,-0.01376041633989851,0.054777647026804495,0.004083922001244667,0.0033075240983003336,0.0023955590686545,2024-08-28,2024-11-04,739125.0,739193.0,3.6217983039956025,0.7391199219785247,0.1957775000767442,0.11645618371360403
2024-11-23,739212.5934056336,0.2052796840539382,10.234746601810041,-0.7329519284541294,0.47280457552504684,0.016474795677625012,0.016352590619344742,0.002002916038083021,2024-09-05,2024-11-04,739133.0,739193.0,2.283306063145448,0.575612888495321,0.1957775000767442,0.09075323429542662
2024-11-17,739206.2259816823,0.08505859215467716,9.608781371583895,-1.3043627866856824,1.1687654609857843,-0.016623653576158703,-0.002329865207895928,0.01645957430595245,2024-09-12,2024-11-04,739140.0,739193.0,2.463509469216124,0.6223730337674916,0.1957775000767442,0.0575599247030015
2024-11-11,739200.5285203614,0.04273573108232976,4.347213628776046,-1.9314751034430524,1.9104384434328956,-0.008603139294195771,-0.0008968128074962157,-0.008556268608666172,2024-09-19,2024-11-04,739147.0,739193.0,1.3571347996963279,2.183012634987697,0.1957775000767442,0.02518317312278493
2024-11-28,739217.0256999539,0.32642797389476313,6.885950110740944,0.1953406147659188,0.03670468024525578,0.019553725293021573,0.009101513587337767,0.017306375219971904,2024-05-22,2024-11-05,739027.0,739194.0,2.3130195746456,0.08898471893103298,0.21685016112997463,1.7603047190109171
2025-01-03,739253.1316914426,0.9976861348944488,11.42750729771117,0.31237457986132383,0.0003429718749677308,-0.0005341243798906464,-0.00013523269063766237,0.0005167213684148024,2024-05-30,2024-11-05,739035.0,739194.0,2.374065017775093,0.056060702482610046,0.21685016112997463,1.7643158140513817
2024-12-09,739228.1307445309,0.05032172376677348,3.077470479845152,2.4849724909115647,-1.7333307779201261,-0.15625945213784284,-0.08164180058252096,0.1332352535182137,2024-06-06,2024-11-05,739042.0,739194.0,0.8308145371802086,0.18138307700325862,0.21685016112997463,0.6220568935777289
2025-01-04,739254.7384253385,0.43870850767797653,14.034733472697914,-0.05257067847229255,0.05148018115276634,-0.0031489249332606922,-0.0018069983582085021,-0.002578853460114132,2024-06-13,2024-11-05,739049.0,739194.0,2.7251754757504454,0.5110338238652177,0.21685016112997463,0.7222133595288892
2024-12-22,739241.17844851,0.3793172142875513,12.245243987277176,-0.18074253728122028,0.09555218141001583,0.006095892643435432,0.0022044074849818965,0.0056833524226855775,2024-06-21,2024-11-05,739057.0,739194.0,2.654327185995517,0.48555497231729106,0.21685016112997463,0.42270487198992
2024-12-02,739221.2274134337,0.5446544529220368,13.679625453069153,0.031067090941621314,0.030936246468962102,0.002602127294903089,0.0021381751905987603,-0.0014829947111124912,2024-06-28,2024-11-05,739064.0,739194.0,3.8176175206512744,0.4733538708379757,0.21685016112997463,0.3583626174375397
2024-12-22,739241.4269397992,0.7118866268407876,6.6639635599234,-0.0399567543891236,0.015611738951939388,0.002488237969192093,0.0019709881113157443,-0.0015187277756007448,2024-07-08,2024-11-05,739074.0,739194.0,1.3377983294215363,0.6702511823941054,0.21685016112997463,0.2142840187320982
2024-12-14,739233.0730061778,0.7005510864099375,8.07823020136153,-0.05764361515584279,0.018374047432991314,0.0032951284506045754,0.00216936235933727,-0.002480269836101375,2024-07-15,2024-11-05,739081.0,739194.0,1.7471616099918708,0.48356634817335925,0.21685016112997463,0.17419344454916869
2024-11-25,739214.6654528829,0.048246780875325315,9.96381719143691,-3.687609185616257,3.3163322036672778,0.05306192195652064,0.05304023168752436,-0.0015170313950687497,2024-07-22,2024-11-05,739088.0,739194.0,2.8751750514646495,0.30263394732243937,0.21685016112997463,0.19729146798697036
2024-12-18,739237.9199290505,0.13188014504452175,6.7299396970282315,-1.318419519922397,0.9253376381232379,0.04118809787144506,0.03929983132259994,-0.01232812492972592,2024-07-29,2024-11-05,739095.0,739194.0,1.2638121475260502,0.440247334051627,0.21685016112997463,0.18552085699567925
2024-11-09,739198.6745934942,0.17865642611460578,14.464238784586492,-0.3933738290437972,0.38405740578449105,0.011357025465729132,0.00510715032883643,-0.010143916548744178,2024-08-05,2024-11-05,739102.0,739194.0,6.973404709725394,0.4176905056928749,0.21685016112997463,0.2980585378521462
2024-11-15,739204.0419149497,0.9733883485160555,14.787190501709972,0.12185106450482226,0.005109068695972363,0.0009052785811366564,0.0007936676269738318,0.0004354549429717435,2024-08-12,2024-11-05,739109.0,739194.0,5.289506992467868,0.3715009876131863,0.21685016112997463,0.12318199086994758
2024-12-10,739229.7056811316,0.15726700788631412,13.625690070099017,-1.7596789139588647,1.0778588958118185,0.01759810257960986,0.011191663305636427,-0.013580864731516264,2024-08-19,2024-11-05,739116.0,739194.0,2.511892370286261,0.7069279997491994,0.21685016112997463,0.10445616545948523
2024-12-06,739225.1782275811,0.785891682049638,3.0401229201244,0.12142876853493607,0.007917049347018186,-0.003020770370717744,-0.001115663437123399,0.0028071958833811774,2024-08-23,2024-11-05,739120.0,739194.0,0.5883314963108086,0.6775123055076122,0.21685016112997463,0.09204758992913845
2024-11-19,739208.2823354575,0.8269803942011773,4.696765619389396,0.058508284410547985,0.011117610682502683,-0.0016048487230525582,-0.0007920423818279418,0.001395782321593073,2024-08-29,2024-11-05,739126.0,739194.0,1.3089954646324615,1.2197580304263178,0.21685016112997463,0.07524929137089222
2024-11-16,739205.6174819492,0.5661872646913605,5.318083215408242,-0.011049568567042714,0.03975531127146817,-0.004597474335710155,-0.0017608516907347987,-0.004246901410528614,2024-09-06,2024-11-05,739134.0,739194.0,1.5394547714684326,0.9206208625812108,0.21685016112997463,0.0847340449758704
2024-11-17,739206.1339764084,0.970143030204198,10.054767196310584,0.14789431287959445,0.003683040579281139,-0.000513572138398801,-0.0004538482960059864,0.00024037068363671105,2024-09-13,2024-11-05,739141.0,739194.0,2.6891457718631897,0.69194057362049,0.21685016112997463,0.020956080507280886
2024-11-12,739201.6740840777,0.092897608872776,14.64650502087693,-0.7380347555631206,0.7362453918722143,0.011430142766773822,0.010494187273290705,-0.004529922421182877,2024-09-20,2024-11-05,739148.0,739194.0,4.534108432958196,0.40854647293412705,0.21685016112997463,0.025743337275221052
2025-01-21,739271.8027460198,0.8052070731215117,7.161157977043054,0.2507001672464073,0.0019299248835586685,-0.0023697481131004358,-0.000012296694893951417,-0.0023697162089241124,2024-05-23,2024-11-06,739028.0,739195.0,1.316528137965729,0.09157196767684664,0.2898382218189467,1.0375487656721105
2024-12-24,739243.5895218924,0.3116935672596009,6.16515881834586,0.0189053606818841,0.0783310968338963,-0.026050510089480717,-0.005496720966645861,-0.025463996829582204,2024-05-31,2024-11-06,739036.0,739195.0,1.4248767687331039,0.1520202865703763,0.2898382218189467,1.1687398282432577
2025-01-16,739266.8748393995,0.4945638921572558,13.633214077908328,0.0706135485617524,0.025823366931531356,-0.0023113781087865013,-0.0007207671624048805,0.0021961246456830004,2024-06-07,2024-11-06,739043.0,739195.0,2.465234387351945,0.4052901246505042,0.2898382218189467,1.240202462772405
2024-12-14,739233.6095344011,0.3870626223042063,3.6099960008630987,0.08006446660476627,0.0452519308072899,-0.016072233432728268,-0.004339494395118111,-0.015475318281406903,2024-06-14,2024-11-06,739050.0,739195.0,0.89590078469202,0.301880733607988,0.2898382218189467,0.3336350300515573
2024-12-22,739241.2407950144,0.275181428773883,4.359517776730365,-0.2408134772536331,0.1684532824067872,-0.019329161680875003,-0.004716670685183854,0.018744852865064957,2024-06-24,2024-11-06,739060.0,739195.0,0.9477588892780177,0.5501069443997394,0.2898382218189467,0.31628648623943373
2024-12-08,739227.0503886488,0.10004451669933004,7.907513237717561,-2.0551231581948337,1.5639223214185753,-0.0406509526781524,-0.019352891004801726,-0.03574864421761544,2024-07-01,2024-11-06,739067.0,739195.0,2.0239256292008285,0.48674086905857744,0.2898382218189467,0.22431382503094574
2024-12-04,739223.8497371849,0.22033581000789076,9.810751477575245,-0.6080434578188939,0.3765327306691572,0.026428333719072362,0.024489154384543854,0.009936706732948981,2024-07-09,2024-11-06,739075.0,739195.0,2.5620505726988974,0.3199747907484047,0.2898382218189467,0.18890904130983405
2024-12-07,739226.5214844494,0.9008574254263448,10.08976660333652,0.0826696377957447,0.00544261173481852,-0.0015129971074049646,-0.00043787785818640923,0.001448248331028168,2024-07-16,2024-11-06,739082.0,739195.0,2.445301279563749,0.3211768233724747,0.2898382218189467,0.15542842931153605
2024-11-08,739197.6119519701,0.08724874758707314,3.669116547848504,-0.6416570031825789,0.709352501080393,-0.051677684626500284,-0.04752564112599114,0.020295234019826504,2024-07-23,2024-11-06,739089.0,739195.0,2.176810810998824,0.32640496145866826,0.2898382218189467,0.2525878101573536
2024-11-20,739209.650953241,0.7813392300554223,7.406126245114142,0.10040988613337054,0.010474604276458075,0.0030641151196818964,0.0026163400888900464,0.0015948561082210608,2024-07-30,2024-11-06,739096.0,739195.0,2.4147603514375593,0.36064595558361195,0.2898382218189467,0.13132003335758913
2024-11-20,739209.0338071826,0.7294243389355689,5.871089198412392,0.10807408917010243,0.01224932332040046,0.0037961324082534105,0.0037880868659529174,0.0002470205598464286,2024-08-06,2024-11-06,739103.0,739195.0,1.8896526400798213,0.4008965489732103,0.2898382218189467,0.1540682633385174
2024-12-09,739228.9345027405,0.08321535889806887,7.101287970687509,-2.889469309504835,2.2650856831267245,0.03490604902180134,0.022027002378089168,0.02707846791360347,2024-08-13,2024-11-06,739110.0,739195.0,1.417436157240812,0.7604143551179234,0.2898382218189467,0.12757493748039087
2024-12-13,739232.709447563,0.21980567942172385,3.4454506871230413,-0.05060608188086386,0.15656714604348781,-0.04556010429176502,-0.027012923115801064,-0.036688214562940046,2024-08-20,2024-11-06,739117.0,739195.0,0.6148062418820872,0.21923444880959897,0.2898382218189467,0.10421084846027845
2024-11-16,739205.4487615409,0.9308471423203004,5.898485638632776,0.12872597291404955,0.0056016566275840915,0.0011350164568623643,0.0011168087225307249,0.00020248613440847148,2024-08-26,2024-11-06,739123.0,739195.0,1.9392176513106454,0.7788470310339758,0.2898382218189467,0.08854724475192766
2024-11-10,739199.346626911,0.6156827533707151,11.845458298901407,0.07998902948447865,0.026909415868742785,0.004009174746021335,0.0027588922959985098,-0.0029089509179797634,2024-08-30,2024-11-06,739127.0,739195.0,5.301489768833537,0.34886259302736805,0.2898382218189467,0.12543126381464645
2024-11-27,739216.5961912596,0.8671361231819175,4.4554921664076765,0.029032491845016065,0.009484601775440875,-0.0016078255783473425,-0.00035584117358297777,0.00156795412865653,2024-09-09,2024-11-06,739137.0,739195.0,0.9250027240162688,1.148078969800813,0.2898382218189467,0.0818671357123716
2024-11-29,739218.2857693622,0.2599152016134066,6.572819765287821,-0.21033984218158072,0.17644482448103346,-0.006235520473649807,-0.0028217569887810465,0.005560521834645668,2024-09-16,2024-11-06,739144.0,739195.0,1.2135527723938677,1.1189641477892656,0.2898382218189467,0.03496466571717431
2024-11-23,739212.0065044225,0.8976690765233528,6.16805821069412,0.1298586785842588,0.0049421306412760786,0.00022129239706566054,0.00021127202695294628,-0.00006583658273528095,2024-09-23,2024-11-06,739151.0,739195.0,1.2539790269069149,3.2502407366108965,0.2898382218189467,0.03179699779019101
2024-11-21,739210.4114759427,0.12115503535638354,12.481717169048727,-0.09196622795429166,0.262422726101869,-0.0598979045029675,-0.010228518748928031,-0.05901810203699748,2024-05-24,2024-11-06,739029.0,739195.0,4.898090941699632,0.04252623599195709,0.2898382218189467,1.4984052217379655
2024-12-07,739226.7735000682,0.4616141168859541,4.5598673813412045,0.16426718741412108,0.02277900757185623,-0.015422756598301597,-0.010274601803781976,0.011501911965589702,2024-06-03,2024-11-06,739039.0,739195.0,1.2893265909549683,0.14952012940148837,0.2898382218189467,0.906389562947264
2025-01-14,739264.2738166447,0.04026245348754288,2.094124086983145,43.00879563360169,-35.31365501302475,0.9082772681377717,0.36233358812489586,-0.8328757210606826,2024-06-10,2024-11-06,739046.0,739195.0,0.38251159836158555,0.747518678340207,0.2898382218189467,0.5299175382728363
2024-11-30,739219.3405824158,0.5520960037276889,6.344089716906675,0.024046722874859386,0.03128214799353089,-0.005380672928725249,-0.005369304360393227,-0.0003495881167589009,2024-06-17,2024-11-06,739053.0,739195.0,1.9405217320910488,0.5059472737881252,0.2898382218189467,0.3932006416033273
2024-11-09,739198.8028308259,0.13798661758092104,12.13725650737204,-0.3594714503877772,0.4250331574754319,-0.01833294971273467,-0.00040573647920305,0.01832845937549319,2024-06-25,2024-11-06,739061.0,739195.0,6.934969661465935,0.26357663116369195,0.2898382218189467,0.3979446354530264
2025-01-01,739251.9116307035,0.6291127809320679,2.997284488537895,0.21784373841582427,0.0042736360496803735,-0.006630113599812584,-0.0039561266938044305,0.005320476287794901,2024-07-02,2024-11-06,739068.0,739195.0,0.5595381319752003,0.1352935544150538,0.2898382218189467,0.3372088760054243
2024-11-24,739213.6133719793,0.35163510518398283,8.304812263397011,-0.18154484820488567,0.12698667232064026,0.01684704410424073,0.0049856608803049195,-0.016092423081588102,2024-07-10,2024-11-06,739076.0,739195.0,2.644254409543645,0.3191514607293808,0.2898382218189467,0.16792884100924266
2024-12-25,739244.8659056718,0.2228337538557031,11.610742190942423,-0.8579438940290744,0.44158593827864134,-0.021562486811037024,-0.002844908908357669,-0.021373987245698743,2024-07-17,2024-11-06,739083.0,739195.0,2.1757825094106464,0.39304057199079395,0.2898382218189467,0.24711255231745186
2024-11-13,739202.2530647491,0.3881768168344947,6.064361642040969,-0.008708894428225306,0.08003159181121232,0.015762072992062087,0.014213245128352418,0.0068137073556514965,2024-07-24,2024-11-06,739090.0,739195.0,2.64392938124462,0.32500693116381674,0.2898382218189467,0.17167565794844286
2024-11-21,739210.6531062031,0.9034091588100948,4.982058951875606,0.15600277466070428,0.004419910811547652,-0.0020241282388877803,-0.0016254977450909389,0.0012061725449400765,2024-07-31,2024-11-06,739097.0,739195.0,1.5719478645953553,0.39595981171330547,0.2898382218189467,0.17486965146470115
2024-11-13,739202.8620253917,0.45215985688171945,8.31104774143401,-0.0010219949644455907,0.06231557230637465,-0.010145502315529607,-0.007692909209194857,-0.006614405879102186,2024-08-07,2024-11-06,739104.0,739195.0,3.348766607557311,0.33416369099464127,0.2898382218189467,0.1649329227992331
2024-11-23,739212.113351803,0.37425900940666673,7.755707103436147,-0.17096531462238365,0.11586298005377892,-0.012193874537870046,-0.010047520143881923,0.006909263000031365,2024-08-14,2024-11-06,739111.0,739195.0,2.1926948287770176,0.4585153048264724,0.2898382218189467,0.12139294445592558
2024-11-16,739205.2696420504,0.34872971142610504,4.543167284063712,-0.0969415145939507,0.11545745916475579,0.01171553729742509,0.008602770165862616,0.007952745415308004,2024-08-21,2024-11-06,739118.0,739195.0,1.5472274869306188,0.7564670346015089,0.2898382218189467,0.16054196903262008
2024-12-01,739220.755246924,0.2964884549552618,3.9046831013951584,-0.3891752083711472,0.21949428641218757,0.02016740047232118,0.01781702354595242,-0.00944868846845728,2024-08-27,2024-11-06,739124.0,739195.0,0.8225172737165182,0.8264094817799954,0.2898382218189467,0.09518972803250758
2024-11-10,739199.7796792832,0.22844851233880387,14.370102142257458,-0.2063468459462546,0.23580480709489912,-0.018645543719544393,-0.018130206257456274,-0.004353380486419112,2024-09-03,2024-11-06,739131.0,739195.0,6.098559394700222,0.2010509276292875,0.2898382218189467,0.1863051411102519
2024-11-09,739198.8324994076,0.09829363214124023,14.328965045412701,-0.5070565208226168,0.5808034033942873,-0.015337281272433476,-0.0038240734514239055,0.014852900695414808,2024-09-10,2024-11-06,739138.0,739195.0,6.304757079739986,0.25977139734372,0.2898382218189467,0.17740289787325042
2024-11-07,739196.6307301983,0.8481559946885076,6.074334106578079,0.1971734644900677,0.004665602585283441,-0.0009154461135810793,-0.000044134491339443044,-0.0009143816126458975,2024-09-17,2024-11-06,739145.0,739195.0,3.3402430225651516,0.7116263454532605,0.2898382218189467,0.04212711245422726
2024-11-18,739207.3135483235,0.8900284512228027,13.928131389328263,0.1714266611145912,0.003862546871650453,0.0010710924375755067,0.000037372146887463294,-0.0010704402517041592,2024-09-24,2024-11-06,739152.0,739195.0,3.3302342205550133,0.2304399882472465,0.2898382218189467,0.027679118833334432
2024-11-20,739209.6848827585,0.8591907011078102,4.514000898661225,0.2475043392210904,0.0023685351787769197,0.0027275729794059033,0.00019295333505150514,0.002720739489270834,2024-05-28,2024-11-07,739033.0,739196.0,1.837787206874796,0.16528421781728092,0.2747760136810166,1.1188112340792546
2024-12-28,739247.4133541415,0.3767795031655504,6.76420826737015,-0.024674340884910533,0.06489571091490641,0.016124519162269285,0.004949191076759984,0.015346192553858712,2024-06-04,2024-11-07,739040.0,739196.0,1.5015988970337026,0.22418137052198,0.2747760136810166,1.0876428154531192
2025-01-18,739268.7538073858,0.8895725754059867,2.9857517868432204,0.7258039619159635,-0.007083287743117277,-0.004550437181085667,-0.0043362096858044685,0.0013797695821195601,2024-06-11,2024-11-07,739047.0,739196.0,0.5296008390689956,0.46377725510267087,0.2747760136810166,0.5090857265957843
2025-01-13,739263.7043862276,0.005022592511104041,8.635588527895436,-54.90789722889022,53.96595816925068,-0.06320517903613745,-0.021917432365713117,-0.059283394095518686,2024-06-18,2024-11-07,739054.0,739196.0,1.5538211733502436,0.49659601546615906,0.2747760136810166,0.32402584274680707
2024-12-09,739228.3632258702,0.43606079725632096,8.408405890382886,-0.13153919360795505,0.07286979499192625,0.008064637654352537,0.006791173112340873,0.004349522761662384,2024-06-26,2024-11-07,739062.0,739196.0,2.190899548612906,0.4685932897054035,0.2747760136810166,0.2986986937208611
2024-12-12,739231.3877136488,0.109483568666817,6.004703270208382,-1.6878687810015782,1.2657610172173388,-0.0345786846608522,-0.018929684436035894,0.02893704338778853,2024-07-03,2024-11-07,739069.0,739196.0,1.4560924200148977,0.6674221889295945,0.2747760136810166,0.25080979218745586
2025-01-01,739251.3634930372,0.08318435942253012,8.423000767287222,-3.160392725948335,2.3966849366149945,-0.04550430838806873,-0.027356591947573963,0.03636287885867115,2024-07-11,2024-11-07,739077.0,739196.0,1.5379221281049156,0.5201555834569112,0.2747760136810166,0.20547757941368056
2024-11-29,739218.1741885229,0.6476778530774968,2.5462163293259787,0.4320164781710564,-0.011315245887598272,0.013152950026591363,0.007863677999426876,-0.010543370558001816,2024-07-18,2024-11-07,739084.0,739196.0,0.7295223224100684,0.21882884781920137,0.2747760136810166,0.21961467559644068
2024-12-22,739241.3384015358,0.2651469885436724,9.683364906564512,-0.6977495083143311,0.31914082418418144,0.019870209294844853,0.008719317013972185,0.017854935682628314,2024-07-25,2024-11-07,739091.0,739196.0,1.847435942380734,0.43978490782715257,0.2747760136810166,0.22741829682662498
2024-11-23,739212.7150807997,0.5723512473425353,7.412968042645172,0.04577378721214042,0.029194237269556098,0.00706210986306935,0.003780803563082864,0.005964806797830193,2024-08-01,2024-11-07,739098.0,739196.0,2.272480377488315,0.3191781620854108,0.2747760136810166,0.16793018807846447
2024-11-21,739210.335400002,0.702174132288299,11.396333768468716,0.053358622280603236,0.01800400788149702,0.002826544760596702,0.0021491512236985373,-0.0018358933251503872,2024-08-08,2024-11-07,739105.0,739196.0,3.617440338491486,0.3924578255713443,0.2747760136810166,0.16930843579241658
2024-11-25,739214.2384049878,0.769306057267209,13.755253995074204,0.03214889303693884,0.014198275168067863,-0.001230242368630054,-0.0010242491024131742,-0.000681476383874227,2024-08-15,2024-11-07,739112.0,739196.0,3.7737232097216187,0.645469085536377,0.2747760136810166,0.15042106815123552
2024-12-14,739233.9533615012,0.08072561009648173,8.710992750736514,-3.2349683825338604,2.527171604701923,-0.026152995215007423,-0.01565547000379907,0.020949592303344443,2024-08-22,2024-11-07,739119.0,739196.0,1.5363619843129168,0.895482251382494,0.2747760136810166,0.16839027498818973
2024-12-10,739229.3373575327,0.40003224884936583,12.949374568332583,-0.36586500031825336,0.1294729089649168,-0.008847842695593048,-0.005216851892045261,0.007146242138524485,2024-08-27,2024-11-07,739124.0,739196.0,2.3711093827779295,0.4520513008563881,0.2747760136810166,0.12356314001964572
2024-11-12,739201.2143970242,0.06832484183896483,7.351676510151173,-1.1076457841878904,1.1227475262313595,0.03781220716683324,0.029268279955861776,-0.023940150359862303,2024-09-04,2024-11-07,739132.0,739196.0,3.0255128715280377,0.27595757782861,0.2747760136810166,0.19411179812381038
2024-11-11,739200.6393532444,0.9021459180412117,10.539938500781679,0.1663998180029731,0.005429194078460642,0.00042360506311548205,0.00027752340611934703,-0.00032003438651649217,2024-09-11,2024-11-07,739139.0,739196.0,4.339188940867819,1.0970159347099193,0.2747760136810166,0.11240849532684641
2024-11-30,739219.6770746051,0.40761985944883083,14.408244203580987,0.007018320136264652,0.05475816212725294,-0.0052520978425283915,-0.0037707096723565924,-0.0036559923843312117,2024-09-18,2024-11-07,739146.0,739196.0,2.6031405390955857,0.29495810161999925,0.2747760136810166,0.0441235981038432
2024-11-09,739198.932469004,0.08599017765134077,8.325448731332518,-0.10033711207347037,0.27769053746864264,0.013451394706877806,0.012574612404694298,0.004776938604580191,2024-09-25,2024-11-07,739153.0,739196.0,3.6456088909822655,0.21322344704991975,0.2747760136810166,0.05280755088772643
2024-12-14,739233.0509894759,0.28866483123953707,2.5851397276556187,1.714657812894299,-0.4018889264036806,0.1015708065566407,0.10042501229554351,0.015213337898254266,2024-05-29,2024-11-07,739034.0,739196.0,0.6917363120812781,0.44182164961051834,0.2747760136810166,0.6868504940830559
2024-11-27,739216.8696787615,0.9268957033249794,9.091454445922825,0.2813156711571969,0.001226574618713202,0.0007029258517994331,0.0006994745285356916,0.00006957109354991208,2024-06-05,2024-11-07,739041.0,739196.0,3.084095507983228,0.17790246260371181,0.2747760136810166,1.4090850697575197
2024-12-03,739222.1219883632,0.31152560674760404,6.213551450444655,-0.15544736641401877,0.13319549341225723,-0.01529813140334396,-0.015252898320559927,0.00117554976782729,2024-06-12,2024-11-07,739048.0,739196.0,1.8759553063406396,0.4365208535920738,0.2747760136810166,0.6730116255810309
2024-11-18,739207.7702258885,0.925709031878766,7.06179747265916,0.1975808091802408,0.0035083460133612243,0.0010223651580301561,0.000875140676715723,-0.000528544522544291,2024-06-20,2024-11-07,739056.0,739196.0,2.8736325140377907,0.4498374637761483,0.2747760136810166,0.4231745076874735
2024-11-12,739201.3958184973,0.008409506845470151,9.742411576489701,-11.916104078254005,11.891979344096548,-0.035406867978293975,-0.02300990413608867,-0.026910789874701725,2024-06-27,2024-11-07,739063.0,739196.0,5.030759044127565,0.28991500279841337,0.2747760136810166,0.3883052705318803
2024-12-29,739248.9695523962,0.320480106113698,8.496383454349086,-0.5871657042825711,0.21681060642779973,-0.015777405246590895,-0.010474045785057139,0.011799189853870504,2024-07-05,2024-11-07,739071.0,739196.0,1.6387749144707373,0.5183366466527349,0.2747760136810166,0.20434175565326992
2024-11-26,739215.8494382707,0.14259370383762285,13.2688486114162,-0.7791090216930264,0.6282726101763713,-0.02022900340589265,-0.02003548940308428,0.002791369408464955,2024-07-12,2024-11-07,739078.0,739196.0,4.092645098262234,0.3337649671911342,0.2747760136810166,0.3394664574954086
2024-12-27,739246.0848666991,0.14768025962559286,11.238940778339702,-1.3979208774187344,0.8968837584131103,-0.02693294546724383,-0.025691860945119663,0.008081573653575454,2024-07-19,2024-11-07,739085.0,739196.0,2.089620133180339,0.4375718470531091,0.2747760136810166,0.28316594228038394
2024-12-10,739229.9556740207,0.3518843077259218,2.411526491962562,1.9240715785462432,-0.3737544307489562,0.10020368673394349,0.06141571480389121,-0.079176314704597,2024-07-26,2024-11-07,739092.0,739196.0,0.5380491042954781,0.5442651313601116,0.2747760136810166,0.18131221009403012
2024-11-15,739204.8125637284,0.3645777345973554,14.919108703366591,-0.038509791926694875,0.09516666688684138,-0.008390099076275111,-0.004068867296423006,0.007337443794252313,2024-08-02,2024-11-07,739099.0,739196.0,5.901673521541118,0.2771820058426533,0.2747760136810166,0.3332851621019345
2024-12-02,739221.6309719278,0.3174788191148344,3.6442412839222875,0.13223774069727467,0.05097349759029555,-0.02924700238242416,-0.019163902625507805,-0.02209370916160479,2024-08-09,2024-11-07,739106.0,739196.0,0.8738278965500353,0.15183458477645048,0.2747760136810166,0.14017419681407484
2024-12-12,739231.1836922999,0.7567609563117419,6.493402659946835,0.012958309594824526,0.01235001243520623,-0.0021492750092302858,-0.00031418316824581875,-0.0021261871982713233,2024-08-16,2024-11-07,739113.0,739196.0,1.2521960216086783,0.6696714570767484,0.2747760136810166,0.11415652650749891
2024-12-04,739223.0368292955,0.641292325809209,5.078413932648278,0.019850787097809013,0.021597045460084924,-0.004110556607522365,-0.0021441226262700415,-0.003507052008049301,2024-08-23,2024-11-07,739120.0,739196.0,1.081353030202685,0.6634705578120602,0.2747760136810166,0.10912972596108472
2024-11-15,739204.0050266844,0.21532355234151962,5.558064542975954,-0.27422464082680614,0.2743503456977248,0.026731729455571604,0.011052046868543575,-0.024340041489311206,2024-08-28,2024-11-07,739125.0,739196.0,2.025225210881902,0.3976000268168961,0.2747760136810166,0.16419630928939635
2024-11-12,739201.106257743,0.7734513513933721,14.5039149346758,0.14344857733634836,0.010579812973153285,-0.0021554826965696954,-0.001522579367040237,-0.0015257318657859638,2024-09-05,2024-11-07,739133.0,739196.0,5.9800680071754755,0.26174669593908123,0.2747760136810166,0.13525167889812487
2024-11-30,739219.9188991527,0.7865025193251709,2.9304392123178102,0.23337734971941265,0.003024833769535181,0.003680778116141111,0.0018437484051509673,0.003185705472696208,2024-09-12,2024-11-07,739140.0,739196.0,0.5626312114012548,0.22056128117025967,0.2747760136810166,0.06536411153684935
2024-11-19,739208.9246589659,0.033318617206999475,2.460824644632573,0.343569244376365,-0.05053622977909782,-0.07271143483856869,-0.014373211032142653,-0.07127666912046964,2024-09-19,2024-11-07,739147.0,739196.0,0.6136337186239716,0.009410364056662679,0.2747760136810166,0.02680154386378462
2024-11-20,739209.6213857954,0.7187374588294747,10.290102288333037,0.1714690862136746,0.0070747512396866505,-0.0010953520370641878,-0.0007790528964960697,-0.0007699822527576528,2024-09-26,2024-11-07,739154.0,739196.0,2.3041529361763615,0.45113657866177576,0.2747760136810166,0.043534572736198686
2024-11-27,739216.2251950926,0.15890404221434776,11.99493225777393,0.021205720197913516,0.16625126623361722,-0.04694252564470071,-0.03940238629455139,0.025515733738192454,2024-05-30,2024-11-08,739035.0,739197.0,4.282995695280557,0.046917585586724396,0.2502580481584737,1.4781223840791693
2025-01-05,739255.5634008463,0.4958127215916398,5.886522063514324,0.11041659638965051,0.022938249489986535,-0.010133685702729165,-0.00879463839948979,-0.005034473293594586,2024-06-06,2024-11-08,739042.0,739197.0,1.2121435235747995,0.19065655049561225,0.2502580481584737,0.7148305272577791
2025-01-04,739254.8512772195,0.6868738528398551,10.597639231751243,0.07057299947590528,0.011219370101087034,0.0010154242228674578,0.00007321354738031292,0.0010127813825628776,2024-06-13,2024-11-08,739049.0,739197.0,2.1408496066633256,0.7161249563457912,0.2502580481584737,0.7482965981306255
2024-12-25,739244.0051144765,0.37486855888998166,5.708706435275593,-0.2026697209321618,0.10094673217683019,-0.010781068177383104,-0.002322155649911689,0.010528011406859598,2024-06-21,2024-11-08,739057.0,739197.0,1.2546241437251962,0.6148536824435729,0.2502580481584737,0.30730602989220607
2024-12-23,739242.3737098522,0.8062419505303056,11.610784288392683,0.07068123546692462,0.00733699420018916,-0.00136834490072647,-0.00013960233416823438,-0.0013612049645953083,2024-06-28,2024-11-08,739064.0,739197.0,2.529697751226109,0.3723286304078134,0.2502580481584737,0.28456079054192773
2024-11-12,739201.5315107286,0.3316802220903495,13.498989625376996,0.02764851962819288,0.09096629807128469,-0.005926395567566373,-0.0019914715822769227,0.005581774391737257,2024-07-08,2024-11-08,739074.0,739197.0,7.169975928130099,0.37714486356876015,0.2502580481584737,0.39506303444785146
2025-01-04,739254.5620008283,0.05700385923315189,13.135451570169092,-4.303856290798982,3.581385604593119,0.037107245626343675,0.03297847968969427,0.01701080701584215,2024-07-15,2024-11-08,739081.0,739197.0,2.307306348509799,0.4188433418228345,0.2502580481584737,0.2999642106302754
2024-12-10,739229.1266390323,0.5246585770794966,13.414098232250607,-0.0453908486166294,0.040930901242170595,0.00551141500130339,0.00208248476158219,-0.005102837694300107,2024-07-22,2024-11-08,739088.0,739197.0,3.159622040741628,0.29047147364376136,0.2502580481584737,0.29842445914196236
2024-11-08,739197.8478734863,0.6944333592486015,9.585721130579934,0.1630972982349043,0.013942266287432692,-0.003951057267825217,-0.0036362980159076966,0.0015453770650363018,2024-07-29,2024-11-08,739095.0,739197.0,7.320319511184471,0.25563824874744545,0.2502580481584737,0.24773179989681215
2024-12-02,739221.191841563,0.3489216389048145,9.596348540914486,-0.2312951378863922,0.13490749892303625,0.0166639475173608,0.009974202219177272,-0.013349248553844307,2024-08-05,2024-11-08,739102.0,739197.0,2.4356241682957167,0.2943608797579131,0.2502580481584737,0.16973357238778747
2024-11-18,739207.8830935559,0.07108972961874273,14.989407952715965,-1.7832792045458055,1.6283341552539359,-0.015678173425845345,-0.006724133133616674,0.01416302070789567,2024-08-12,2024-11-08,739109.0,739197.0,5.2644543775235135,0.4925728283569921,0.2502580481584737,0.2917729917518645
2024-11-14,739203.6844663931,0.41883998996869554,3.357525089201296,0.07523571983013713,0.052046219420008866,-0.014641490274601775,-0.00415584327920662,0.01403930924582587,2024-08-19,2024-11-08,739116.0,739197.0,1.3754376805209534,0.4434378693300299,0.2502580481584737,0.14500294411019224
2024-11-15,739204.2121498187,0.9529211079495725,4.717932928518591,0.17463885929230805,0.004087855017685611,0.001183047544725294,0.00022610719607788076,0.0011612394365342336,2024-08-23,2024-11-08,739120.0,739197.0,1.8453475277721778,0.6979084720966647,0.2502580481584737,0.1290675988258203
2024-12-08,739227.3144321922,0.4252884269199725,7.722614993212385,-0.22530528385337342,0.09408108886462371,-0.006301152086662075,-0.0060560922827088744,-0.0017401907603937679,2024-08-29,2024-11-08,739126.0,739197.0,1.4830289277751636,0.8222455920960392,0.2502580481584737,0.17016552069247878
2024-11-14,739203.938624059,0.3750446730224256,8.919194357380926,0.0180720590491794,0.07563068118161127,0.010979152712673438,0.009869622653615743,-0.004809609439802723,2024-09-06,2024-11-08,739134.0,739197.0,3.2798536841654324,0.2896586883182023,0.2502580481584737,0.15413933508962033
2024-12-05,739224.0146605727,0.9454862125232446,14.556990898941283,0.14110866187621868,0.003105705672854798,0.0005831485015414495,0.0005247208738009296,-0.0002544212637489775,2024-09-13,2024-11-08,739141.0,739197.0,2.600945762869172,0.34591127732195,0.2502580481584737,0.04636407433443165
2024-11-19,739208.7943244528,0.013268639860109847,9.248696131559925,-4.385539617821483,4.442546271940103,0.021762898212801935,0.020225432905626173,-0.008034650110663918,2024-09-20,2024-11-08,739148.0,739197.0,2.4138605770437414,0.292860719395022,0.2502580481584737,0.05686464540871063
2024-11-28,739217.8292575948,0.4507258244741509,3.5508553580425923,0.5011319373144238,-0.04715188141797917,-0.017085734221218042,-0.011438465286466944,0.012691880308622198,2024-09-27,2024-11-08,739155.0,739197.0,0.623945517658722,0.3503037930333192,0.2502580481584737,0.02557174305123154
