tc_d,tc,m,w,a,b,c,c1,c2,t1_d,t2_d,t1,t2,O,D,p2,best_cost
2024-05-27,739032.8296246626,0.14368047356869543,2.9547810538132766,1.2153420971110627,-0.5605056555333393,-0.018215985780487443,-0.004840539697226072,0.01756107381097464,2023-11-13,2024-05-06,738836.0,739011.0,1.0341525222458925,1.4962348482814025,0.3702191690464896,0.15654482243505374
2024-07-09,739075.4209896758,0.8592504456356063,13.391849971390146,0.3857768804714982,-0.0032819578287144467,-0.000386054637665853,-0.00011050237944071609,0.0003699018888857598,2023-11-20,2024-05-06,738843.0,739011.0,2.734795634533272,0.5454606341893903,0.3702191690464896,0.16800011156888506
2024-05-13,739018.9347207621,0.20294639131212727,11.226387495952492,0.6348459654654547,-0.19967613155883454,0.011917927870635673,0.0009455875143326537,-0.011880356433306725,2023-11-28,2024-05-06,738851.0,739011.0,5.453699986218336,0.3028772869562228,0.3702191690464896,0.12213548738241796
2024-07-03,739069.8221238363,0.7080536563475693,14.537367326176765,0.42111885618352074,-0.00822351449781641,0.0008170294632136042,0.00010419010455594365,0.0008103589117617776,2023-12-05,2024-05-06,738858.0,739011.0,2.9643713220650216,0.49023029936598245,0.3702191690464896,0.1558726244463855
2024-06-01,739037.917321691,0.6558991991333257,5.324640972018775,0.34700764931616945,-0.008890957486447009,-0.0007584869793755615,-0.0005160296150758579,-0.0005558920167145104,2023-12-12,2024-05-06,738865.0,739011.0,1.576280768225885,1.4439334413793798,0.3702191690464896,0.17232856690629883
2024-05-06,739011.3358868234,0.9645737482117112,12.19737952424287,0.27424502027736913,-0.0018441227778555112,-0.00035157598440128626,-0.00019877517608760817,0.000289989831164946,2023-12-19,2024-05-06,738872.0,739011.0,11.701739801140796,0.41480074857078286,0.3702191690464896,0.16048705225289434
2024-07-08,739074.2294537073,0.5342009397457018,8.813414367999528,0.49726852809339994,-0.024329066141111955,-0.00173967029342951,-0.00019859152921238536,-0.0017282980455830526,2023-12-27,2024-05-06,738880.0,739011.0,1.5742063736565668,0.8476546523988081,0.3702191690464896,0.14531596304135752
2024-05-16,739021.6939238628,0.5687693154612609,5.650096326947773,0.35851324599107093,-0.01655818334187034,-0.0010698646819221546,-0.00005480294526775867,-0.0010684601418931709,2024-01-04,2024-05-06,738888.0,739011.0,2.2713718394637694,1.5579881231877806,0.3702191690464896,0.1413881641936726
2024-05-28,739033.8479201372,0.6165406624854662,2.535576316780292,0.7066259532021102,-0.04048785941745059,0.009645970342895783,0.00864238605246702,-0.004284146026473479,2024-01-11,2024-05-06,738895.0,739011.0,0.7282128061157529,1.0206196654160449,0.3702191690464896,0.09327315047612637
2024-05-07,739012.9692308416,0.7593348115998206,8.028384867758923,0.299866913694423,-0.005498036871053911,-0.0010615272686841646,-0.00074639431947271,0.000754808361121505,2024-01-19,2024-05-06,738903.0,739011.0,5.139851651047995,0.4898708755071561,0.3702191690464896,0.12423105909852618
2024-05-30,739035.3962650065,0.6943032448044434,8.038453394916846,0.3830877540388468,-0.009874431464757985,-0.0007295625394300205,-0.000012609151667880663,-0.0007294535682507779,2024-01-26,2024-05-06,738910.0,739011.0,2.094374080791995,1.1690316526937237,0.3702191690464896,0.14118774169228465
2024-05-10,739015.994793536,0.7682734543534986,2.277707462371199,0.4451378034754192,-0.016143602713113367,-0.006490932635419765,-0.005947429238457351,-0.0026000561399900576,2024-02-02,2024-05-06,738917.0,739011.0,1.0826933958231149,0.8389020239630931,0.3702191690464896,0.054605897131112364
2024-05-28,739033.5162114879,0.34582232582798206,13.528681104313327,0.5153810421746557,-0.07412747947453131,-0.0015477849533323818,-0.0002652804651138713,-0.0015248818106958625,2024-02-09,2024-05-06,738924.0,739011.0,3.4059426334852065,1.2242389151124757,0.3702191690464896,0.12255190745201408
2024-06-02,739038.1308746628,0.9706907735315504,3.986842962732956,0.5021539536637591,-0.005399875414020569,0.0017209092406898193,0.001509611087382421,-0.0008261979057971974,2024-02-16,2024-05-06,738931.0,739011.0,0.8714442645268613,0.7639721822063037,0.3702191690464896,0.0559831125882246
2024-05-15,739020.1694380095,0.9892264998217493,7.8157871796957705,0.31572037608660475,-0.0024835515841469227,-0.0008205342824081321,-0.0004336384976522239,0.0006965875120621603,2024-02-26,2024-05-06,738941.0,739011.0,2.681538693137317,0.3830888137350146,0.3702191690464896,0.10357357874636519
2024-06-02,739038.7186450582,0.8491243719685511,5.344680113849904,0.486813944422258,-0.008765541940159029,0.0019742920453394777,0.0005551835989240956,-0.001894624039691365,2024-03-04,2024-05-06,738948.0,739011.0,1.0085586123829167,0.7053699686486868,0.3702191690464896,0.06110898559668712
2024-05-28,739033.178080508,0.5461427283204597,4.374510288642786,0.7323136329294556,-0.06229807422964083,0.008974338486666131,0.008966909496040325,0.0003650826797847174,2024-03-11,2024-05-06,738955.0,739011.0,0.8771632639028117,0.8666602728915317,0.3702191690464896,0.039377068986903324
2024-05-27,739032.6499735786,0.04147633731500045,14.354403243337645,4.529928758203982,-3.680549021803751,-0.02422994687959933,-0.024072741258581536,-0.002755622268307387,2024-03-18,2024-05-06,738962.0,739011.0,2.70204247910742,0.43890992348210395,0.3702191690464896,0.055380764786024064
2024-06-07,739043.6332966988,0.3089591642506631,2.9778692296222418,0.8147755415675549,-0.15969752696922643,-0.011400734224574965,-0.01001152278460667,0.0054540033363297885,2023-11-14,2024-05-07,738837.0,739012.0,0.8894648932302515,1.4533185899869951,0.3840247768702949,0.16483085225291433
2024-07-26,739092.6213327566,0.7889583411129513,3.3243256324291828,0.777122713649236,-0.011764829931682085,0.0022288421002413317,0.001964031903922601,-0.0010537152310668913,2023-11-21,2024-05-07,738844.0,739012.0,0.595836022987291,1.252728231594962,0.3840247768702949,0.17274955604417813
2024-06-22,739058.2519364771,0.25981225324035245,7.696676173538939,0.7517722584881338,-0.1704365471967853,-0.007524412549688236,-0.003346439436314251,-0.006739297242071061,2023-11-29,2024-05-07,738852.0,739012.0,1.8313152420630037,0.7646215660382301,0.3840247768702949,0.1612956373201586
2024-07-21,739087.9460899894,0.2814919080930312,12.286128742607792,0.8954353747352122,-0.18022427342987551,-0.008702409996020259,-0.007774556385234846,-0.00391001441834137,2023-12-06,2024-05-07,738859.0,739012.0,2.1577091141099602,0.4744873037053606,0.3840247768702949,0.11778949576233369
2024-05-28,739033.5781936606,0.8104244790138293,8.086633655725924,0.3301159688723231,-0.004174233839134999,-0.0005717854638657716,-0.0003967796349032938,-0.0004117092882292123,2023-12-13,2024-05-07,738866.0,739012.0,2.6381067130380416,0.731624845821652,0.3840247768702949,0.17007523627106277
2024-06-22,739058.4305774437,0.42785406374963497,2.3098515110916664,1.201320560921539,-0.14113132838895032,0.021441320373571986,0.020960373870471494,-0.004515855021168075,2023-12-20,2024-05-07,738873.0,739012.0,0.5090575567107155,1.2192239982491948,0.3840247768702949,0.13840394558204405
2024-06-02,739038.2241754592,0.8356243491722826,11.837514065715048,0.35092788267145103,-0.004165729440456564,-0.0007409652937447277,-0.0007329987983342836,-0.00010836202367391879,2023-12-28,2024-05-07,738881.0,739012.0,3.374224926773656,0.39686588805115663,0.3840247768702949,0.12670377870254898
2024-06-29,739065.5237688288,0.8561733980457078,13.252832698604767,0.4043401177175386,-0.003927622251246356,0.0002182428065748601,0.00019298984530033344,0.00010190604610436601,2024-01-05,2024-05-07,738889.0,739012.0,2.517035250120317,1.1626333810929381,0.3840247768702949,0.16193526209767176
2024-05-10,739015.9374147939,0.8591718740426433,9.662482409633528,0.300314865822315,-0.003403395464792307,-0.0007759616870402695,-0.0007416764107085175,-0.0002281066451309817,2024-01-12,2024-05-07,738896.0,739012.0,5.253918968949471,0.3899989810869458,0.3840247768702949,0.13322865592560384
2024-06-15,739051.8921214173,0.5064771593678324,10.492363749652565,0.5252105821771941,-0.03441207601777138,0.0008523303591780795,0.00012473372916352093,-0.0008431539230683777,2024-01-22,2024-05-07,738906.0,739012.0,2.165355290358129,1.9488994908891584,0.3840247768702949,0.1515594198860353
2024-06-16,739052.7127807178,0.9544933150251054,4.446520144835826,0.6043230201550875,-0.006170287305181951,-0.0016124276955626691,-0.0011991457012368784,0.0010779483571222946,2024-01-29,2024-05-07,738913.0,739012.0,0.872609456603411,0.8214436262131083,0.3840247768702949,0.06877031479913197
2024-06-13,739049.6692906106,0.6987423927436917,13.006319727445943,0.4289128809879417,-0.010539885796051019,-0.0017575088728657641,-0.000707319722255011,-0.0016088928642737478,2024-02-05,2024-05-07,738920.0,739012.0,2.558838965868847,0.32218183133289124,0.3840247768702949,0.10596642793975229
2024-06-10,739046.2812617647,0.3553146000272734,2.2596555080394927,2.438137523630718,-0.4908221310202056,0.08004635028434186,0.020605393991644426,-0.07734879399378289,2024-02-12,2024-05-07,738927.0,739012.0,0.4484240407644238,0.9641695691938357,0.3840247768702949,0.057232865999453965
2024-05-26,739031.7986892227,0.5741386729416919,7.519129085203953,0.4052963622698288,-0.018598807779634626,-0.0011773749441505552,-0.001148075291812808,0.00026102659527806537,2024-02-20,2024-05-07,738935.0,739012.0,1.8991945171568212,1.2062007026942625,0.3840247768702949,0.13108038421725404
2024-06-01,739037.6938257413,0.07675242387121674,5.761905181912864,2.2529225357441254,-1.4967074906415323,0.034682017179101854,0.030993709895418203,0.015563812596217292,2024-02-27,2024-05-07,738942.0,739012.0,1.2058130367107651,0.5748553472631635,0.3840247768702949,0.06384864428975157
2024-06-04,739040.2319097156,0.9232295024421393,8.257859577848455,0.4083388953017304,-0.004425600656262436,-0.0005898652249683161,-0.00010949660284281828,-0.0005796132137838166,2024-03-05,2024-05-07,738949.0,739012.0,1.5415861651291038,0.8388061578229715,0.3840247768702949,0.1092692111342075
2024-05-23,739028.6493073736,0.061954717112787897,11.58065160642309,2.749851683486416,-2.0067867646632385,0.020182258319868078,0.0015580341173264526,-0.020122029733084388,2024-03-12,2024-05-07,738956.0,739012.0,2.715420036012615,0.5319524940022241,0.3840247768702949,0.061244633283030765
2024-05-30,739035.4963303506,0.030442073286671263,13.37680391923742,6.584419202744436,-5.655353380061963,0.021909300005735904,0.012882458164604116,0.017721729553815114,2024-03-19,2024-05-07,738963.0,739012.0,2.398709108824985,0.5874259274211258,0.3840247768702949,0.059618246394335675
2024-05-26,739031.0870688866,0.9568976324096967,9.145127316069875,0.3144546831218302,-0.0019830668440013214,-0.0003741156634265866,-0.0003237888991391117,0.0001874120551496013,2023-11-15,2024-05-08,738838.0,739013.0,3.44652401195333,0.5546348899104311,0.40199589387415313,0.18740362684205256
2024-07-30,739096.9262858552,0.7759432067421852,6.717766134278701,0.4970419318238714,-0.006610718505502213,-0.0004957054375254317,-0.000015035226268268293,-0.0004954773685682752,2023-11-22,2024-05-08,738845.0,739013.0,1.175224425412486,1.540387679864067,0.40199589387415313,0.2116310477010962
2024-07-18,739084.6137386804,0.12671852741399928,11.848895634966311,1.8294271670893554,-0.8901386228180921,0.018481716689543345,0.009711204141540032,0.015724705590690113,2023-11-30,2024-05-08,738853.0,739013.0,2.2135342110466056,0.5150834310356801,0.40199589387415313,0.1335736406380689
2024-05-13,739018.890135528,0.3311101318953363,4.865516277121322,0.4556099638197275,-0.06966820088947512,0.004593875742632252,0.0040415704308655025,0.0021838962409186607,2023-12-07,2024-05-08,738860.0,739013.0,2.551501213222838,1.032045612626729,0.40199589387415313,0.14673925321511505
2024-07-12,739078.1185856175,0.7312136313323959,13.717815106439616,0.4570225287373756,-0.008009523943858638,-0.0006461933014544544,-0.0005918371220391342,-0.0002594120348423378,2023-12-14,2024-05-08,738867.0,739013.0,2.567969969528931,0.6606989037792599,0.40199589387415313,0.18263190288931508
2024-06-17,739053.18614566,0.598889758523662,9.338668759403863,0.4471309336021944,-0.016819012014838843,0.0016553446419692306,0.00019966511867047651,-0.001643258873118459,2023-12-21,2024-05-08,738874.0,739013.0,2.221867123628697,0.651589336668871,0.40199589387415313,0.1571066537572599
2024-05-24,739029.088938499,0.11951482228671687,8.926514351233111,1.1093884248695187,-0.5583743776544032,-0.01919805753851918,-0.003904423352761488,0.018796831954739184,2023-12-29,2024-05-08,738882.0,739013.0,3.143872290230329,0.3894108563087581,0.40199589387415313,0.10932246008958904
2024-05-22,739027.0778180922,0.07787851029097205,2.455317276504137,2.6223199805424655,-1.782081245735879,0.050672239882086155,0.018418470189634557,-0.047206311554083794,2024-01-08,2024-05-08,738892.0,739013.0,0.8836422232779262,1.1154944493522232,0.40199589387415313,0.09222575271377821
2024-06-10,739046.2017876551,0.1344232029668984,14.620888589639403,1.3927427329451683,-0.6650151548436811,-0.012993099660440734,-0.004651674087950615,-0.012131882251556599,2024-01-16,2024-05-08,738900.0,739013.0,3.449487968042794,0.4705645910087045,0.40199589387415313,0.1312842370335423
2024-06-05,739041.6613266538,0.521926446696762,5.812540717039223,0.5239180919129593,-0.035281969546738574,0.005031216316037432,0.0006677782950736077,0.004986703296506602,2024-01-23,2024-05-08,738907.0,739013.0,1.4313195038274844,0.6296846785145099,0.40199589387415313,0.09576326329723421
2024-06-22,739058.0413571569,0.2247226359137407,4.896818010276801,1.834176537348046,-0.601407797124156,-0.03455198016384764,-0.0022273818755103878,-0.03448011170549725,2024-01-30,2024-05-08,738914.0,739013.0,0.9060126971404125,0.798783286324349,0.40199589387415313,0.062456595005911865
2024-05-17,739022.0124897462,0.3646627472700544,2.1175954491994475,0.7505507967201391,-0.13924868187461018,-0.023502414571696894,-0.023060631544230527,-0.004535500356206637,2024-02-06,2024-05-08,738921.0,739013.0,0.8144675638906392,1.0202979513032409,0.40199589387415313,0.0717882823034485
2024-05-27,739032.6292415364,0.10429502924551783,7.43294400321348,1.3085306373605505,-0.7174383145178532,-0.0026600891979600937,-0.0022271867456590834,-0.0014545493257584888,2024-02-13,2024-05-08,738928.0,739013.0,1.979618290233497,3.784348432091117,0.40199589387415313,0.1265289182540993
2024-06-07,739043.4906917838,0.6869352043806648,12.955819981918992,0.4420358142023203,-0.012508566910504695,-0.002098557338083667,-0.0019005169935214991,0.0008899314909366952,2024-02-21,2024-05-08,738936.0,739013.0,2.598062864394705,0.316036748638094,0.40199589387415313,0.11454994375086161
2024-05-21,739026.0695936541,0.7652426198624798,4.386090455501909,0.43907275670442697,-0.012380966789571068,0.0033034811542153346,0.003303376680820612,0.000026272435488096243,2024-02-28,2024-05-08,738943.0,739013.0,1.2910001430483862,0.653889390583828,0.40199589387415313,0.07186384723177561
2024-05-13,739018.2183988126,0.782709542145287,11.07953582894508,0.36150913775370414,-0.008397142086718785,-0.0010616803998129123,-0.0009326840282315544,0.0005072137368296195,2024-03-06,2024-05-08,738950.0,739013.0,4.532766097182456,0.5587490070102858,0.40199589387415313,0.10528527810524489
2024-05-19,739024.9753523325,0.5250974456882936,6.893477884526969,0.5145513582308174,-0.042673469559053316,-0.003317774132438631,-0.0014244999108638623,0.0029964020420877695,2024-03-13,2024-05-08,738957.0,739013.0,1.9049427798242584,0.9797440999133604,0.40199589387415313,0.07834230271994318
2024-05-23,739028.1900097062,0.5741357582570173,10.952742113360163,0.5331098047214038,-0.03642488503615086,-0.0019677887259219027,-0.0009012441174614393,0.0017492717086280496,2024-03-20,2024-05-08,738964.0,739013.0,2.5122921969134944,0.9703121195948133,0.40199589387415313,0.07569705877092583
2024-05-21,739026.2185628416,0.39501990732837255,13.344788719364399,0.4573369162029182,-0.051030971382072986,-0.0036885702634487016,-0.003687525713372743,0.00008777642971132484,2023-11-16,2024-05-09,738839.0,739014.0,5.7967737756955335,0.40952748575005943,0.42433359241254714,0.17750649826464387
2024-06-21,739057.4924067615,0.8772319437275771,12.929695122292786,0.380822868740272,-0.0032766259356995188,-0.0004973680527659346,-0.000021509213766391592,-0.0004969027406196603,2023-11-24,2024-05-09,738847.0,739014.0,3.244908372959697,0.44696666235169186,0.42433359241254714,0.19516741958692616
2024-05-11,739016.7388477131,0.448146274524584,11.582937421271227,0.39319646212128,-0.03361181929828079,0.002927029807721754,0.002881272924851542,0.0005155286876683847,2023-12-01,2024-05-09,738854.0,739014.0,7.529902989529683,0.4442894036124381,0.42433359241254714,0.16250449541620277
2024-06-07,739043.1713052634,0.9553519924205884,9.686860929600105,0.3395915572879925,-0.002041712647071282,0.00030315060005566913,0.0002982931271122169,-0.000054050870776769876,2023-12-08,2024-05-09,738861.0,739014.0,2.8240490168615384,0.6642270160360211,0.42433359241254714,0.207090498796128
2024-07-17,739083.5653658337,0.2464088057673975,2.617827508081918,2.6868555776639393,-0.7488091688178029,-0.06054825859812834,-0.023066351969298196,0.05598245284099542,2023-12-15,2024-05-09,738868.0,739014.0,0.4712189524179083,1.1640850006280896,0.42433359241254714,0.14571510572277005
2024-05-23,739028.7674418722,0.7405909666905911,10.3723162269488,0.36249455721326296,-0.007337774644190556,-0.0011848220820517314,-0.00013573624392497244,0.0011770212564786338,2023-12-22,2024-05-09,738875.0,739014.0,3.8678642206163367,0.4421950650949754,0.42433359241254714,0.15423464457376884
2024-05-26,739031.5169047235,0.9527578830091608,7.578487710268345,0.32862087258131406,-0.0022274733817509752,0.00018917917122403944,0.00006706791127053244,0.00017689164509049712,2024-01-02,2024-05-09,738886.0,739014.0,2.553579364929604,1.4802640929104278,0.42433359241254714,0.20220252016425933
2024-06-28,739064.2606361511,0.5219678269427436,10.549397500456422,0.5542784390507173,-0.032004016747854594,0.0020254833025570565,0.0010947281682908141,-0.0017041575180974558,2024-01-09,2024-05-09,738893.0,739014.0,2.05838043774991,0.7817932197647066,0.42433359241254714,0.1622231777890503
2024-07-03,739069.5982045052,0.12760017081674938,14.8606281114663,1.8266438890593297,-0.900745006921476,-0.013154100277403725,-0.01280994645933673,-0.0029892517152155604,2024-01-17,2024-05-09,738901.0,739014.0,2.623812107756659,0.5879695088024307,0.42433359241254714,0.1458129188623973
2024-05-21,739026.5249986784,0.014988042704989771,11.190110151112307,7.857754579163988,-7.212280411424373,0.01223097698625288,0.0007181993537273306,-0.012209872551609775,2024-01-24,2024-05-09,738908.0,739014.0,4.002527816633237,0.7898088847100342,0.42433359241254714,0.13394280869092104
2024-06-25,739061.9396577631,0.7021239096897965,8.907484590374192,0.500225901111257,-0.012406637061518608,-0.001780046374588734,-0.0005139492527870091,-0.0017042362691969003,2024-01-31,2024-05-09,738915.0,739014.0,1.5879025113558543,0.5493908772846212,0.42433359241254714,0.12075432292147587
2024-06-19,739055.316343299,0.6484612406398303,2.572042053961552,1.7008705510275663,-0.08891953704262882,0.02290763234755028,0.022203787050679526,0.005634843420948636,2024-02-07,2024-05-09,738922.0,739014.0,0.47954364278967193,0.9786399627251963,0.42433359241254714,0.060833622786836954
2024-05-28,739033.7212197958,0.7917891226806899,9.258503221861197,0.3973081838067065,-0.00716917627625049,-0.0013559308324105463,-0.000704943923650425,-0.0011582756523340636,2024-02-14,2024-05-09,738929.0,739014.0,2.4602263057676246,0.4521686746447199,0.42433359241254714,0.13427749763496521
2024-06-10,739046.6654902055,0.7422212886364957,12.973728010422995,0.456112895057851,-0.010114643816680518,-0.0016953554719357177,-0.0016678503768132195,-0.0003041468342534263,2024-02-22,2024-05-09,738937.0,739014.0,2.500751304630735,0.3413174084194428,0.42433359241254714,0.12455300879750394
2024-05-26,739031.5943321679,0.49974474324839757,12.082251567010726,0.5130954180295274,-0.04086286982829831,-0.003913535378050206,-0.0032462366444982594,0.002185796606083752,2024-02-29,2024-05-09,738944.0,739014.0,3.0866030608765835,0.43187688524397266,0.42433359241254714,0.12007137020980013
2024-06-03,739039.966867533,0.19934064437304172,2.0329681924834566,1.837764700363657,-0.6796221305776544,-0.07616074255317153,-0.02698177221874968,-0.0712210830736656,2024-03-07,2024-05-09,738951.0,739014.0,0.39844180406848223,0.8749870324518558,0.42433359241254714,0.04933029800470372
2024-05-24,739029.2067526107,0.38380284594751013,9.498070192211738,0.6644481289581304,-0.10335959794938715,-0.0021464862443913665,-0.001202146598771125,-0.001778270719666825,2024-03-14,2024-05-09,738958.0,739014.0,2.3337808223939924,1.9457879863276832,0.42433359241254714,0.08226153090622054
2024-05-11,739016.6749252824,0.10482177368048819,6.495855096980924,1.1748598741163085,-0.6726760205810749,-0.012514638383164894,-0.012446673248379787,-0.0013024971821278528,2024-03-21,2024-05-09,738965.0,739014.0,3.0612752392960796,0.8673668442660626,0.42433359241254714,0.054006557696406166
2024-06-25,739061.8140516258,0.9775034331857491,10.811812456257302,0.3716036058223485,-0.0018481302136649166,0.00026035271169355564,0.0002542840196964097,0.0000558853452456331,2023-11-17,2024-05-10,738840.0,739015.0,2.6769003785633654,0.6417860150398665,0.4179410711765042,0.23547620013997358
2024-06-03,739039.2657570386,0.049134353043653226,9.420125749836945,3.066041230228991,-2.323880366825164,0.012235358729260638,0.0025068906308065467,-0.011975788182782336,2023-11-27,2024-05-10,738850.0,739015.0,3.079608061008385,0.9906622214501838,0.4179410711765042,0.18667394600438034
2024-07-23,739089.4466836595,0.9870481152513289,6.8893183377599705,0.4197728979852104,-0.0017962725454112604,0.00017802921131357952,0.00012241101515312038,-0.00012926694647170126,2023-12-04,2024-05-10,738857.0,739015.0,1.2484151939513297,1.44558300880364,0.4179410711765042,0.2503858319153836
2024-06-15,739051.9108503019,0.3101762040127763,9.744825371131096,0.7203949315890767,-0.1298068982551804,0.004882646462393151,0.004732784835735995,0.0012004100030188715,2023-12-11,2024-05-10,738864.0,739015.0,2.5240913879322115,0.8462075753725758,0.4179410711765042,0.1897915195359778
2024-07-19,739085.210202347,0.2215909855190859,14.748206539012726,1.2191901762618604,-0.35158208030072635,-0.004558900534361804,-0.0044415108597384255,0.0010278887902054285,2023-12-18,2024-05-10,738871.0,739015.0,2.618273204325698,1.1587226400028208,0.4179410711765042,0.20561399140329606
2024-06-28,739064.6006802885,0.7726425514026392,12.596717179141745,0.4427829363061122,-0.0067135562403595845,-0.00041560028977958815,-0.0004147658427836301,-0.00002632292774109026,2023-12-26,2024-05-10,738879.0,739015.0,2.6455592507307517,0.9908274576489821,0.4179410711765042,0.2149618871883463
2024-07-08,739074.7031861893,0.5417912753038047,11.437422347441112,0.5796329567074979,-0.029444583843474623,-0.0021442637133162056,-0.0010315398631355547,-0.0018798383927898918,2024-01-03,2024-05-10,738887.0,739015.0,2.085136473778543,0.6504756937438483,0.4179410711765042,0.16832562410719462
2024-06-02,739038.4139062419,0.36273053731170074,11.797465193833247,0.6089787692912304,-0.08635444437799354,-0.005693881259663997,-0.005689051734827023,0.0002344656853667748,2024-01-10,2024-05-10,738894.0,739015.0,3.4160632405814617,0.4663067504822192,0.4179410711765042,0.14180725681839498
2024-06-10,739046.2729632828,0.7791471888700301,2.9422314800247156,0.7705979309139562,-0.020134850041216568,-0.00533653324214844,-0.0009398921026672988,0.005253112399320903,2024-01-18,2024-05-10,738902.0,739015.0,0.7159639380313326,0.9991526639404045,0.4179410711765042,0.08714147382698256
2024-06-05,739041.1555070623,0.8854998213486498,4.403926109084281,0.49201450094209265,-0.006920765477040077,-0.0018249693990730973,-0.00011865684087883924,0.0018211078665652618,2024-01-25,2024-05-10,738909.0,739015.0,1.1354123187612084,0.7625125575064342,0.4179410711765042,0.08258082477635317
2024-06-09,739045.8104224874,0.7887132150722895,4.606864970312778,0.5838936864657278,-0.01318030063734795,-0.0030444504141796595,-0.0026899500219706237,0.001425779507391988,2024-02-01,2024-05-10,738916.0,739015.0,1.0545120923257796,0.7411908444073303,0.4179410711765042,0.06005096338867093
2024-05-30,739035.7412678719,0.15642012279900233,9.043466240713503,1.125200083006374,-0.48027155246241143,-0.01354039527385658,-0.01141919891323673,-0.007276276544511672,2024-02-08,2024-05-10,738923.0,739015.0,2.4367129194495285,0.6134980991275039,0.4179410711765042,0.12562083589396258
2024-06-12,739048.8781959529,0.6269663802435731,9.28142500563672,0.49182083644891517,-0.018124763940325514,0.0005266612551867273,0.00030055637707951085,-0.0004324788340620822,2024-02-15,2024-05-10,738930.0,739015.0,1.8543509584480906,2.324719628449119,0.4179410711765042,0.17222646219639248
2024-06-05,739041.7900981882,0.5617143711130109,5.2550942551982285,0.6042412609626867,-0.038075912761351735,0.006464283691177918,0.0026440805426684692,-0.0058987966335440675,2024-02-23,2024-05-10,738938.0,739015.0,1.132733585659627,0.6296003209545097,0.4179410711765042,0.06227991753433968
2024-05-10,739015.3080284361,0.8630435072112546,9.095282901743767,0.3463727329594578,-0.005614921546336282,0.0010146363731490477,0.0008796281371399397,0.0005057087205781336,2024-03-01,2024-05-10,738945.0,739015.0,7.8608968332424105,0.5251093400844634,0.4179410711765042,0.13879413903022736
2024-06-06,739042.0208205858,0.6954269697576746,13.939433152496381,0.5516904843908365,-0.019248980276638215,0.001479482097573562,0.0010027301739432956,-0.0010878416591141903,2024-03-08,2024-05-10,738952.0,739015.0,2.669852465698379,0.6490892684969117,0.4179410711765042,0.10412738691679192
2024-05-18,739023.337402194,0.3489750698757686,11.604499099191111,0.6572402989390469,-0.12402572974336404,-0.006633820963007329,-0.004597391192799156,0.004782423526791437,2024-03-15,2024-05-10,738959.0,739015.0,3.7739633705291906,0.5622326318792419,0.4179410711765042,0.06815639114445009
2024-05-16,739021.6787502647,0.7297395392533078,14.083463338110134,0.4537652507274021,-0.017267618008727975,-0.00016465099279033672,-0.0001070907649243868,-0.00012506605252726754,2024-03-22,2024-05-10,738966.0,739015.0,4.753376537622634,5.434085778170189,0.4179410711765042,0.08436841626427909
2024-05-17,739022.9470307076,0.6347304501955343,14.119704775221695,0.36329886594002003,-0.011936119980886643,0.00046955560399265735,0.00031633691640727815,0.00034700636962287004,2023-11-20,2024-05-13,738843.0,739018.0,8.076230675392463,1.142720095217142,0.4416008144373408,0.2458465120414819
2024-05-30,739035.4426950853,0.6876224162954757,11.587687156179056,0.3962001762566759,-0.010085975853128508,-0.0015768498435896037,-0.0008009775232744106,0.0013582674392172366,2023-11-28,2024-05-13,738851.0,739018.0,4.349483139608563,0.3795603594171987,0.4416008144373408,0.19634969310205524
2024-06-25,739061.1913432147,0.7970733137744981,14.35168225712115,0.4202482550425574,-0.00551231970542554,0.0008225578921019714,0.0007358224743316659,-0.00036765033949074933,2023-12-05,2024-05-13,738858.0,739018.0,3.5370109384996193,0.3721888709211392,0.4416008144373408,0.2036062222749479
2024-05-25,739030.3485708059,0.36787333666291394,10.733579769650401,0.5469946697317473,-0.07465335395250264,-0.00661904563429972,-0.005908062882922503,-0.002984385712399728,2023-12-12,2024-05-13,738865.0,739018.0,4.432216675565404,0.38655177513352235,0.4416008144373408,0.14692611893025512
2024-06-02,739038.9182285857,0.9563632073999679,11.222602843160207,0.3553668974382671,-0.002342113232896618,0.0004326773755508705,0.0003796053736741909,0.00020762820519203772,2023-12-19,2024-05-13,738872.0,739018.0,3.7095888242081805,0.46128886036707867,0.4416008144373408,0.20182971907059394
2024-05-22,739027.1148848765,0.31976188385759846,6.94521449109755,0.5707105832621322,-0.09955953196110814,-0.0026782457858331066,-0.0006470802419621993,-0.002598901238945977,2023-12-27,2024-05-13,738880.0,739018.0,3.074357842016555,1.7114863793305832,0.4416008144373408,0.17503483162536806
2024-05-15,739020.7533676669,0.2663053238293483,7.9546986083456925,0.5717550524351349,-0.12965507763739884,-0.010706431394552582,-0.009559329104830252,0.004821503942942118,2024-01-04,2024-05-13,738888.0,739018.0,4.9067107533210725,0.40541602417631917,0.4416008144373408,0.10890109391673183
2024-07-05,739071.3391898829,0.904467932034072,11.023607875363965,0.4398046248459938,-0.0033785956213225957,-0.00028544182347822327,-0.00008136688709861366,0.0002735990940673135,2024-01-11,2024-05-13,738895.0,739018.0,2.097876548600609,0.9711538247643217,0.4416008144373408,0.20355854288592734
2024-05-30,739035.3877484538,0.6793032232747541,4.005787965070228,0.5219360506665731,-0.019428513100925516,0.004204478512507551,0.003833484600837457,-0.001726857080733606,2024-01-19,2024-05-13,738903.0,739018.0,1.2941885409535774,0.7836157297054103,0.4416008144373408,0.08615727294682839
2024-06-15,739051.9459791878,0.7920393623329587,5.8994608502845916,0.5268077257062465,-0.010081447881997621,-0.002069957879771688,-0.0018561844248106427,0.0009161359097422645,2024-01-26,2024-05-13,738910.0,739018.0,1.343302399074744,0.6538766710822651,0.4416008144373408,0.0916540292148377
2024-05-29,739034.2039850482,0.8705690074958707,6.486688422563573,0.40737862091810667,-0.00535175499980669,-0.0009181320785938143,-0.0006288004017249587,-0.0006690116355740971,2024-02-02,2024-05-13,738917.0,739018.0,2.042744515518816,0.7822962101263307,0.4416008144373408,0.17200930899523328
2024-06-19,739055.3226672736,0.747358511915862,13.837225988461869,0.48771187723547826,-0.009951698968537325,-0.00130992522664411,-0.0011363044609477896,0.000651702594308766,2024-02-09,2024-05-13,738924.0,739018.0,2.7705713065185065,0.4103275488595714,0.4416008144373408,0.15577782398148413
2024-06-20,739056.9295527077,0.13615740419253067,14.880380630544826,1.7471305488064104,-0.8402872083334201,0.02021738614004097,0.009435120900913413,0.017880749310939616,2024-02-16,2024-05-13,738931.0,739018.0,2.7802944391412505,0.38030319076530894,0.4416008144373408,0.1272455494698793
2024-05-15,739020.7385208101,0.55998032175447,12.54929531310328,0.4307145894065321,-0.025671389033053937,-0.0037097024804485564,-0.0033389646193392997,-0.001616541915400445,2024-02-26,2024-05-13,738941.0,739018.0,6.7335077322643055,0.30879034604206973,0.4416008144373408,0.12736818151681373
2024-06-06,739042.7031048913,0.20211403539354605,7.877566229242956,1.2509265489345036,-0.44983334775172307,-0.015359769035733462,-0.015052341042154091,0.0030577007672040013,2024-03-04,2024-05-13,738948.0,739018.0,1.6848164693032246,0.751400315279458,0.4416008144373408,0.10666089135434795
2024-05-16,739021.3794493262,0.6960262085774417,9.013689471212405,0.44278101272551434,-0.017895019582815242,0.0022371676679643414,0.001935642400361457,-0.001121698565795618,2024-03-11,2024-05-13,738955.0,739018.0,4.271692477604865,0.6176701939420923,0.4416008144373408,0.08944942746856943
2024-06-04,739040.3594647745,0.24617985602140552,2.45110807811769,0.7317390296544398,-0.1530271609005833,0.04848771945133934,0.044022973037552364,0.02032330638766067,2024-03-18,2024-05-13,738962.0,739018.0,0.4892151383346626,0.3169763168738123,0.4416008144373408,0.05026999344520075
2024-06-03,739039.241161755,0.13274588421749603,12.542323141184959,2.0817215494976127,-1.101646159788576,0.009397989834493815,0.009367441449963444,0.0007571351337481813,2024-03-25,2024-05-13,738969.0,739018.0,2.3874097996103076,1.2406527223964954,0.4416008144373408,0.07046701789380329
2024-05-26,739031.7079674315,0.9155960751758121,4.503909994733208,0.34543894772850564,-0.0027788828327899185,-0.0002412437710205009,-0.00008982569042644756,-0.00022389707991754573,2023-11-21,2024-05-14,738844.0,739019.0,1.9301500357338033,2.341684312638964,0.4453516002474232,0.30488857090872834
2024-06-10,739046.2655235332,0.4637458743063455,4.729963242319359,0.5489521241048279,-0.044784170524876356,-0.0025483278583958695,-0.0003143616693336558,-0.0025288637003069644,2023-11-29,2024-05-14,738852.0,739019.0,1.4781944110052747,1.7230247905272393,0.4453516002474232,0.24626721600507595
2024-07-26,739092.7200678767,0.76869296336855,14.006406719466508,0.51082221468795,-0.007168940403647253,0.0007140753322104297,0.0007097275468908137,-0.00007867902678467375,2023-12-06,2024-05-14,738859.0,739019.0,2.57214746359133,0.5509816201308837,0.4453516002474232,0.23799985803080745
2024-06-23,739059.1777159873,0.5696218459076429,6.5169638379726695,0.5009123176084948,-0.021785655748404575,0.0004667036775331162,0.00028113544224370017,-0.0003725254162300527,2023-12-13,2024-05-14,738866.0,739019.0,1.6287241538795652,4.080099360617679,0.4453516002474232,0.26324588773813157
2024-06-24,739060.4217406134,0.8626738106393999,2.95765837400726,0.6498046269288563,-0.008481112744743417,-0.002101719673243383,-0.002060416768819197,0.00041461828670107337,2023-12-20,2024-05-14,738873.0,739019.0,0.7105869453765821,1.1770005119730835,0.4453516002474232,0.15837270214323687
2024-07-01,739067.4738488809,0.7739941214088306,7.32985987326234,0.4691776419112706,-0.007225119839754406,-0.00041956480266287864,-0.00016145489456547332,-0.00038725565283723396,2023-12-28,2024-05-14,738881.0,739019.0,1.5716988397181693,1.8183940299070651,0.4453516002474232,0.2412059621634276
2024-05-16,739021.5102789634,0.2978527223840142,5.3361853433384745,0.5663230169221384,-0.11229067224861372,-0.0031505964487279236,-0.002923482687855751,-0.001174524140469117,2024-01-05,2024-05-14,738889.0,739019.0,3.368471759549026,1.9893975142114353,0.4453516002474232,0.1484020457741151
2024-07-13,739079.3588693166,0.3101644079470061,14.621864801623936,1.032018176740905,-0.19072303533559617,-0.0014538280180124345,-0.0011528053182252307,-0.0008858079951262509,2024-01-12,2024-05-14,738896.0,739019.0,2.585774498474447,2.782782808499653,0.4453516002474232,0.20301977952988898
2024-06-08,739044.7553168257,0.5346890108030041,12.60562039772284,0.5299940724444825,-0.0313301843068803,0.002450987698449047,0.0001848596994578046,0.0024440064626479498,2024-01-22,2024-05-14,738906.0,739019.0,3.3786620234379674,0.5421991742048236,0.4453516002474232,0.17142974338698572
2024-05-16,739021.7514852766,0.11248464016549733,6.116102583676725,1.152840513696946,-0.61577275466457,0.008669367308050515,0.0015144117458334243,0.008536069738818729,2024-01-29,2024-05-14,738913.0,739019.0,3.579147533812712,1.306325870831762,0.4453516002474232,0.1318342654099553
2024-05-14,739019.5895855927,0.8954411710622114,12.338692099185769,0.3479079879599689,-0.003925754314225307,-0.0005277160215286954,-0.0005263274212851217,-0.000038257613378626424,2024-02-05,2024-05-14,738920.0,739019.0,10.072916431556626,0.5398719565609508,0.4453516002474232,0.19441839978265532
2024-06-01,739037.8068398082,0.40260396472523163,3.3980074806310814,0.7851349901876475,-0.10879322979317255,-0.014386841569393202,-0.013909212970917802,-0.0036762759516217242,2024-02-12,2024-05-14,738927.0,739019.0,0.9591626905681336,0.8959631040615399,0.4453516002474232,0.06091754585389487
2024-05-25,739030.3113545898,0.2144644602628612,12.108691916701899,0.835084249177283,-0.26203502515497984,-0.005966940573499619,-0.0059401961769002505,0.0005643130227237408,2024-02-20,2024-05-14,738935.0,739019.0,4.107432956368622,0.7777960572494865,0.4453516002474232,0.14301401074758419
2024-06-03,739039.7049435391,0.6227932660095298,7.454717583207114,0.5415789604168905,-0.02468289824826125,-0.0023357852751420996,-0.0001717990691843934,0.0023294587206898567,2024-02-27,2024-05-14,738942.0,739019.0,1.8408796906127902,0.8828276963490855,0.4453516002474232,0.15823683146862175
2024-05-16,739021.9506526008,0.9722846555349172,10.274499488365265,0.3834919929573464,-0.004227438450983369,0.0006087760293199148,0.0004081397296340503,-0.0004516970389196348,2024-03-05,2024-05-14,738949.0,739019.0,5.245443918461582,0.6571318339268228,0.4453516002474232,0.1523435874596117
2024-05-22,739027.2420428308,0.013427749985649221,3.614553924041803,11.302331928021514,-10.539945773240262,-0.03828959097329751,-0.03728420152193631,-0.008716713473211603,2024-03-12,2024-05-14,738956.0,739019.0,1.2407713100706697,1.0226009401708265,0.4453516002474232,0.04264467873704729
2024-06-10,739046.5178511612,0.9814653535794928,7.2062880745428455,0.60041761447646,-0.006967293922646008,0.0012415621289952527,0.001241495848126544,-0.000012828844054612389,2024-03-19,2024-05-14,738963.0,739019.0,1.2733357620539736,0.7642914992011084,0.4453516002474232,0.03662503110657369
2024-05-20,739025.0548123899,0.2920245807838378,8.813963584391626,0.8091523836021304,-0.20584001896332188,0.007927341812253135,0.0011401153025557187,0.007844927361370218,2024-03-26,2024-05-14,738970.0,739019.0,3.096615986728157,0.8603009172442803,0.4453516002474232,0.06263457671534609
2024-07-18,739084.34062605,0.6875500870821692,3.201262938938908,0.9218424672681307,-0.025296307436361246,0.004728899769029091,0.001102210265175971,-0.004598654755128298,2023-11-22,2024-05-15,738845.0,739020.0,0.6693241897122614,1.1488941453077748,0.4470141110210369,0.17861668190453303
2024-07-14,739080.9862483084,0.7283270630716056,6.035895040551469,0.5388575253330828,-0.010229348927758099,0.001049197904990374,0.0009852225626292483,0.00036076688584520453,2023-11-30,2024-05-15,738853.0,739020.0,1.266738701046695,1.1764550727093592,0.4470141110210369,0.2628089807445637
2024-06-03,739039.5686232807,0.15695831669551777,6.3275598193029525,1.0852797811667187,-0.4478543825661813,-0.013531581063202238,-0.008818014570774392,0.010263834814513722,2023-12-07,2024-05-15,738860.0,739020.0,2.2322847854260974,0.8209871463872487,0.4470141110210369,0.17611110047635053
2024-07-10,739076.0950518368,0.9165114696159045,10.076826887044763,0.4300679909784748,-0.0028329106528616208,-0.00041587588382265884,-0.00028705461993625074,-0.00030091925149204444,2023-12-14,2024-05-15,738867.0,739020.0,2.1101554422625766,0.6195598232779397,0.4470141110210369,0.24244200181351794
2024-07-24,739090.2917486301,0.1010163577122534,7.774424593085489,2.87406215887921,-1.6400513595995951,-0.019378013200252488,-0.0077627879540217905,0.01775518287064523,2023-12-21,2024-05-15,738874.0,739020.0,1.3907355684399125,1.0996934820399513,0.4470141110210369,0.19489378409164568
2024-06-30,739066.2563712259,0.35730755043290424,11.85193341346131,0.819732530442789,-0.11776901194757637,0.0018417021406965163,0.0008253909107843428,-0.0016463889635929675,2023-12-29,2024-05-15,738882.0,739020.0,2.6071011563457,1.9278117779624004,0.4470141110210369,0.22420387062938038
2024-07-11,739077.7957422186,0.46637174437830275,7.688975238800867,0.7813496711424158,-0.06429228891639181,0.004753232108691313,0.004275501094304622,0.002076849987768508,2024-01-08,2024-05-15,738892.0,739020.0,1.4289994891759634,0.8204150781448004,0.4470141110210369,0.15631649903843406
2024-05-21,739026.1830435039,0.6345005386890238,10.537251382848792,0.4161010578829584,-0.015554631758958876,-0.001512985774410772,-0.00047660590298784846,0.0014359570908653574,2024-01-16,2024-05-15,738900.0,739020.0,5.057870609715719,0.6190554389106575,0.4470141110210369,0.18349903724846764
2024-05-21,739026.9000436611,0.4660045096061146,6.735687958352293,0.5078299300704187,-0.04588102493497139,0.002439382807234345,0.00046121404697755286,-0.002395385163830883,2024-01-23,2024-05-15,738907.0,739020.0,3.0607515849135956,1.3012517073081884,0.4470141110210369,0.1710135749256019
2024-06-05,739041.4588381527,0.39519288576899847,5.49506952007944,0.7332066422771819,-0.1002367005457641,0.011780696376067377,0.01170434971194011,-0.0013390313385781875,2024-01-30,2024-05-15,738914.0,739020.0,1.5581791609823137,0.6119158834559209,0.4470141110210369,0.08411052379967028
2024-05-25,739030.01660666,0.6770822295809776,14.268960016211537,0.4298969742775821,-0.013444999056549627,0.0015089844725818583,0.0004767884468438015,0.001431679753104522,2024-02-06,2024-05-15,738921.0,739020.0,5.421399579475938,0.4227903827387523,0.4470141110210369,0.1782922689295687
2024-05-17,739022.4060992496,0.4269573160728478,10.334147859136692,0.49161787379000693,-0.052752078111932485,0.0027322526158437715,0.0006528066361518829,0.0026531203991868135,2024-02-13,2024-05-15,738928.0,739020.0,6.035501879298042,0.7976796471559089,0.4470141110210369,0.14836709387249214
2024-05-22,739027.484856799,0.42789240050457666,14.339989387959477,0.5356286877303106,-0.05868041946658407,0.006360188170280658,0.005946169670159308,0.0022572239177927316,2024-02-21,2024-05-15,738936.0,739020.0,5.71321277968226,0.2753017603241475,0.4470141110210369,0.13231571417280094
2024-05-20,739025.8525671522,0.9266951843793434,6.496928840306568,0.40297152800152103,-0.004998321060186289,-0.0008191576254611717,-0.0008129422043799947,0.00010071835825200949,2024-02-28,2024-05-15,738943.0,739020.0,2.7403371378296866,0.870333031965348,0.4470141110210369,0.17475140411950535
2024-06-05,739041.5601619388,0.264419964700142,10.601002205475341,1.0104925505303048,-0.2664895899431384,0.0034427773210068523,0.0004534006081597438,-0.0034127911700775814,2024-03-06,2024-05-15,738950.0,739020.0,2.4399453556641135,1.9307170561091074,0.4470141110210369,0.1186436741029603
2024-06-12,739048.1354152407,0.9916399632318438,13.01434823901438,0.518746355175086,-0.004643628854187691,-0.00006631301770306445,-0.00003308811178781729,0.000057468192726097166,2024-03-13,2024-05-15,738957.0,739020.0,2.434432342078876,5.335686523690897,0.4470141110210369,0.12761730568530666
2024-06-05,739041.4298273927,0.012990697803441979,10.485251451522227,19.921949925171102,-18.70664847542095,0.030546769649095168,0.026128882887144832,-0.015823609419622048,2024-03-20,2024-05-15,738964.0,739020.0,2.143694777348795,0.7587248798420497,0.4470141110210369,0.058754423166550725
2024-05-23,739028.4834217755,0.40684271703436437,4.66884976365218,0.7460192350808241,-0.11660303134640353,0.012230986953601189,0.010544017388324924,0.006198446512946944,2024-03-27,2024-05-15,738971.0,739020.0,1.4217782819985825,0.830739737305747,0.4470141110210369,0.034569522226912834
2024-05-29,739034.9440940357,0.3522057846345253,13.87744276132049,0.5925621089447614,-0.08648582887554868,0.003928904361129068,0.002741876503933599,0.0028139656565203267,2023-11-24,2024-05-16,738847.0,739021.0,5.744929511731292,0.558676668469496,0.43615805450757056,0.22864045683818407
2024-05-21,739026.670068066,0.11050913582598733,4.66072358033789,1.181732009829685,-0.6235368001350975,0.011469355143766695,0.010366256473798406,0.004907833955349365,2023-12-01,2024-05-16,738854.0,739021.0,2.534045557294007,1.2890445456837492,0.43615805450757056,0.16344447656063196
2024-07-25,739091.7421953322,0.40138641452935253,6.040956151695634,0.9360100545990024,-0.10383389608533088,0.006145503383567935,0.005133586450878774,0.0033783874835191427,2023-12-08,2024-05-16,738861.0,739021.0,1.1366804286114494,1.1226352473216599,0.43615805450757056,0.20932539378173592
2024-05-31,739036.6381757733,0.9850308570145818,5.433840291828961,0.3545776618472033,-0.0019900217219060786,-0.00019933161940681248,-0.00019842930968179127,-0.00001894475005245842,2023-12-15,2024-05-16,738868.0,739021.0,2.0565829085746317,1.8097750120537548,0.43615805450757056,0.3136054181909842
2024-06-10,739046.4580965715,0.09163761632456759,2.758586293849839,2.836585014696072,-1.7646923217380608,0.04103647689857253,0.005146481554697315,0.04071248167152476,2023-12-22,2024-05-16,738875.0,739021.0,0.837388263368537,1.4285193830636052,0.43615805450757056,0.13186874520553868
2024-07-17,739083.2305399731,0.9281128853558092,4.734285764477411,0.6807775620974961,-0.00562059937706181,0.0010239311447091126,0.0008995240582579545,-0.0004891742610976726,2024-01-02,2024-05-16,738886.0,739021.0,0.8691655885902467,1.076113826272992,0.43615805450757056,0.15326162886141165
2024-06-21,739057.2354714463,0.443680445208141,7.904215705124993,0.6490299549769707,-0.05930442307455382,0.0031712688648986905,0.001371018775026906,-0.002859589783867531,2024-01-09,2024-05-16,738893.0,739021.0,1.9011609041292379,1.0497007948897372,0.43615805450757056,0.19318773788700827
2024-07-13,739079.9723540241,0.6426100804458629,14.660607623374778,0.6339618562357215,-0.020188771891207758,-0.0003807382398774771,-0.00027053444969249684,-0.00026790430910042707,2024-01-17,2024-05-16,738901.0,739021.0,2.5903514409030617,2.3242292728872167,0.43615805450757056,0.22944475089840383
2024-07-05,739071.5143497833,0.4494621994975482,4.865280675483028,1.1723472203102236,-0.12197373232936516,0.01186595673448112,0.006991312152327793,-0.009587621374110034,2024-01-24,2024-05-16,738908.0,739021.0,0.9095656234577628,0.9496177547138026,0.43615805450757056,0.08434574420320089
2024-05-25,739030.808932888,0.9442068016349952,10.597952601424623,0.3844925266315582,-0.0033942275632946836,-0.0004904730925462964,-0.0004564261933492209,-0.00017955217775529053,2024-01-31,2024-05-16,738915.0,739021.0,4.163909780377423,0.6165537175945376,0.43615805450757056,0.20820595496638838
2024-06-22,739058.8447353956,0.4612543805497754,6.467176779123716,0.8166592708908772,-0.07889079239291781,0.009193176047933557,0.006815218921585099,-0.006169868466925994,2024-02-07,2024-05-16,738922.0,739021.0,1.3229943345844415,0.61204945079165,0.43615805450757056,0.06478527012570025
2024-06-04,739040.1123400357,0.6074722964523512,11.104442499520886,0.528815318570594,-0.02427640709582188,0.0030343552597348147,0.0024165976881520175,0.0018350388159106225,2024-02-14,2024-05-16,738929.0,739021.0,3.1108621956848164,0.43767093084761194,0.43615805450757056,0.1584328846372845
2024-06-03,739039.5855797324,0.03878084846944408,11.901767490819951,4.565167920376545,-3.7042838824620365,-0.029121617045212784,-0.02408670813484535,-0.01636762262989964,2024-02-22,2024-05-16,738937.0,739021.0,3.235926337400435,0.41447144984833106,0.43615805450757056,0.1148696183856891
2024-06-03,739039.3659137831,0.2032005546650653,11.298784597064342,1.1384505836764174,-0.3994491775341634,0.01400105664874229,0.007448689465063656,0.011855235659165131,2024-02-29,2024-05-16,738944.0,739021.0,2.9621341857831114,0.5130903874205849,0.43615805450757056,0.11637672698104227
2024-05-16,739021.689364185,0.6828223856928518,12.630902786058343,0.44037324243244036,-0.017607533009618016,-0.0014756910223576202,-0.0014630366371311016,-0.00019284136454349147,2024-03-07,2024-05-16,738951.0,739021.0,9.30811723231618,0.6450248316781758,0.43615805450757056,0.11380718859873842
2024-06-09,739045.7016386251,0.8095733023985983,9.702538483907976,0.6149426811232795,-0.014181243736849312,-0.0015875021928353336,-0.0008787687393550786,-0.0013220925515973828,2024-03-14,2024-05-16,738958.0,739021.0,1.9566198590477888,0.7453680817702024,0.43615805450757056,0.08608823762009357
2024-06-09,739045.1735653131,0.8976321418275677,3.878794805510078,0.55088603665122,-0.007276733216048484,0.00229108974984274,0.0020984015577505625,-0.000919675564677284,2024-03-21,2024-05-16,738965.0,739021.0,0.740137263837651,0.7350145568696637,0.43615805450757056,0.049402910102244825
2024-06-04,739040.8875028547,0.9684378555280151,5.025555011925576,0.5416340392021526,-0.006337331191365183,-0.0016911179732037407,-0.001603701102375468,-0.0005366775321666041,2024-03-28,2024-05-16,738972.0,739021.0,0.9937102012071815,0.7221380433386296,0.43615805450757056,0.03856610962177996
2024-06-08,739044.3176404967,0.5082892953537875,4.8674879176199894,0.5249678665255638,-0.033927707041221375,0.001284225206951783,0.0005953198028400422,-0.0011379054066647377,2023-11-27,2024-05-17,738850.0,739022.0,1.6765082495274584,2.7587948125563275,0.4532240254088509,0.29184028776020854
2024-05-27,739032.1419981349,0.5161899604545716,11.030176066334725,0.4747148478821008,-0.030132391780321958,0.003474202554386942,0.0021829160211593946,-0.0027027691417274968,2023-12-04,2024-05-17,738857.0,739022.0,5.001285135618385,0.4058874086718186,0.4532240254088509,0.20597878467279607
2024-07-20,739086.0020856836,0.5087089984250158,3.5785732467137943,1.0442892909892676,-0.07044961926771516,0.008523713242528612,0.006857670503023395,0.0050622171736128116,2023-12-11,2024-05-17,738864.0,739022.0,0.7083868745506634,1.1749227923117882,0.4532240254088509,0.16346343797289656
2024-05-29,739034.7351091907,0.9387264438979133,11.284972199455908,0.3737718129669033,-0.002880377774114152,0.0005333129161066404,0.0005132498746009044,0.00014490421908393267,2023-12-18,2024-05-17,738871.0,739022.0,4.586932459695917,0.4492684361810714,0.4532240254088509,0.2519249084509618
2024-05-29,739034.4191997484,0.2292748149958817,11.677581200362516,0.8599232047412162,-0.24993698502923764,-0.010669514560716239,-0.004150662906999867,0.009829065998038232,2023-12-26,2024-05-17,738879.0,739022.0,4.696323958837462,0.45992744106897504,0.4532240254088509,0.15374428703800835
2024-07-02,739068.8971278452,0.3643101316422355,10.32249853045099,0.8381640431919052,-0.11581508312513507,-0.0042245232660915845,-0.0017536173077934974,-0.003843360920282689,2024-01-03,2024-05-17,738887.0,739022.0,2.2268944512234436,0.9675509341443378,0.4532240254088509,0.21206486432854157
2024-05-31,739036.93114816,0.9005340919168223,7.752525049316613,0.3996093686361232,-0.00395036628276847,-0.000034243617845183385,-0.00003217904649413269,0.000011710436791828414,2024-01-10,2024-05-17,738894.0,739022.0,2.7871665091855036,13.400305658466038,0.4532240254088509,0.25948593324850344
2024-05-24,739029.5076393824,0.43230158838247223,5.548142569489396,0.5486236594455376,-0.05835962524207281,0.004034648575542697,0.003138220625150846,-0.002535736665351224,2024-01-18,2024-05-17,738902.0,739022.0,2.5009218789696224,1.1270573100473347,0.4532240254088509,0.16395012794475838
2024-07-01,739067.6405196913,0.2818668815711754,9.489714649482087,1.070925412904769,-0.2354988018174112,0.007854540732685582,0.00472037656015488,0.006277886208888892,2024-01-25,2024-05-17,738909.0,739022.0,1.881643072939248,0.8905510144123988,0.4532240254088509,0.17678025720793838
2024-05-19,739024.2525194708,0.10920564046059769,11.19573183767524,1.221835272019564,-0.6625650152317336,0.0100976677099439,0.007899012190384795,-0.00629034971973706,2024-02-01,2024-05-17,738916.0,739022.0,6.900090222592408,0.6400295240830821,0.4532240254088509,0.13601327593260412
2024-06-29,739065.3155475061,0.9725031869867915,9.24984868959433,0.506680129518936,-0.003487648661751682,0.0005114576572989053,0.0005059523689215995,0.0000748407348461128,2024-02-08,2024-05-17,738923.0,739022.0,1.7511850049536648,0.7169344478279316,0.4532240254088509,0.19942927551174677
2024-05-23,739028.9175761937,0.1808844603571638,4.429420379952992,1.0832171420723316,-0.42977104990843296,0.026503063552331663,0.02274351337354136,0.013606798928714876,2024-02-15,2024-05-17,738930.0,739022.0,1.8753607792250444,0.6622095481712181,0.4532240254088509,0.0727607097094123
2024-05-17,739022.4221718797,0.49656883623249237,6.030293088092146,0.47420481001337395,-0.03849094825513655,0.0032791072024935725,0.001363993396083075,0.0029819567503381033,2024-02-23,2024-05-17,738938.0,739022.0,5.0849264118172535,0.9665938672263394,0.4532240254088509,0.14510231266867496
2024-05-18,739023.1917171581,0.5098820484979519,13.406665160521714,0.4914040028897014,-0.03961241659308497,0.004233518082798055,0.002103678567637564,0.003673855174260479,2024-03-01,2024-05-17,738945.0,739022.0,8.927061704221916,0.3558597569821318,0.4532240254088509,0.11885234707534538
2024-06-17,739053.7850291585,0.3977254182410669,11.70239469998587,0.9500955601845543,-0.13299763290053787,0.0021551354504045946,0.00023228820069313852,0.0021425804538941725,2024-03-08,2024-05-17,738952.0,739022.0,2.16769644193254,2.0973839770314817,0.4532240254088509,0.11934401471629447
2024-06-13,739049.5175514268,0.6540014571885807,9.310083137892555,0.7632785067961246,-0.036080963145237,-0.003669923315320761,-0.003567294280227854,0.0008618286712500132,2024-03-15,2024-05-17,738959.0,739022.0,1.7643439099358003,0.6906313512729603,0.4532240254088509,0.05986503600725426
2024-06-08,739044.8854230032,0.420400787127177,12.704525178143614,0.9205661838287577,-0.1269135732540568,-0.003955999376113223,-0.003648884456291447,0.0015282582531898456,2024-03-22,2024-05-17,738966.0,739022.0,2.5022026463943345,1.0615902951687786,0.4532240254088509,0.07712192455093592
2024-05-30,739035.1706944692,0.9339843961403367,11.780713270700714,0.5730252346525269,-0.010162654115397393,-0.0014226852800429952,-0.0011781809812915914,0.0007974477922558931,2024-04-01,2024-05-17,738976.0,739022.0,2.816998302355097,0.5663257924569597,0.4532240254088509,0.05326174347974501
2024-05-25,739030.6768912664,0.13965004875309098,2.345530491306218,1.257506127844947,-0.5954724131974237,0.019742132765853408,0.014200393680577229,-0.013714978142935737,2023-11-28,2024-05-20,738851.0,739025.0,1.289670147214632,1.7958397775050243,0.44618320112694937,0.15819674072848441
2024-07-02,739068.7563210225,0.4222692635141233,2.6670355547689324,1.0793807848288772,-0.11823814415218893,-0.015071255056830537,-0.007310543402174694,0.013179479661692268,2023-12-05,2024-05-20,738858.0,739025.0,0.6672980442915516,1.2421351459946604,0.44618320112694937,0.15767791261282366
2024-06-05,739041.2757465284,0.07113272028510599,9.48337588054374,2.381752036036702,-1.6017385026091155,0.011924538784344641,0.005117532934677349,-0.010770584101237605,2023-12-12,2024-05-20,738865.0,739025.0,3.595778549721901,1.0075265000556957,0.44618320112694937,0.1934462508285424
2024-07-17,739083.3791387865,0.9872270913675281,12.899280466553094,0.4700771280084934,-0.002226411693684276,0.0002271876364950858,0.0001937023128681556,-0.00011871662126994016,2023-12-19,2024-05-20,738872.0,739025.0,2.641564103489557,0.7500191633464942,0.44618320112694937,0.30239199869705014
2024-07-05,739071.5314748471,0.6442928657817649,12.108471162782877,0.5821500398507352,-0.018087140329981256,0.0007945224155823536,0.0006206453388370366,0.000496049626794213,2023-12-27,2024-05-20,738880.0,739025.0,2.7267310826196263,1.2113168665080758,0.44618320112694937,0.2727091890540916
2024-07-03,739069.501087038,0.303992765247527,14.737269574979322,0.9933820246549953,-0.19105312311455588,-0.004976287662455375,-0.0025133481276274215,0.004294941220652189,2024-01-04,2024-05-20,738888.0,739025.0,3.2971950696234558,0.7919447499837792,0.44618320112694937,0.21120143990281048
2024-05-22,739027.0561409908,0.34989203768714755,11.432510182804746,0.5862103532678947,-0.09201063034925278,0.0032443905822944394,0.003191107043577744,-0.0005855818362187817,2024-01-11,2024-05-20,738895.0,739025.0,7.573648534667857,0.8679552544030172,0.44618320112694937,0.16496670890696258
2024-06-23,739059.5355904845,0.9917981997445047,7.355862239492919,0.4713067744497517,-0.0029270974219160854,-0.00046183927482428184,-0.00036904314226051196,-0.0002776736842423244,2024-01-19,2024-05-20,738903.0,739025.0,1.7693037144913175,0.854547175584719,0.44618320112694937,0.20969801183385064
2024-05-21,739026.2370551348,0.1403246407812664,5.388587259343238,1.0424136526677732,-0.4801952977350386,-0.014572495406628565,-0.00839387561408052,-0.011912198560784446,2024-01-26,2024-05-20,738910.0,739025.0,3.896081557097958,0.8581100632237614,0.44618320112694937,0.1370316511946727
2024-07-05,739071.8025674508,0.19898795697222155,3.7792366051520343,2.637873409372105,-0.9715801633175641,0.04393555346797781,0.04245863151254914,0.011295904949100204,2024-02-02,2024-05-20,738917.0,739025.0,0.719502893892265,1.1643545595710691,0.44618320112694937,0.10465465228633786
2024-06-29,739065.1397064362,0.023493539598207665,6.08111673280847,11.695695669159083,-10.331472868561745,-0.05337106942564589,-0.01736583089774301,-0.05046681056762065,2024-02-09,2024-05-20,738924.0,739025.0,1.2169464529059024,0.7478619677711854,0.44618320112694937,0.06080357947421198
2024-06-02,739038.7695148634,0.8597518581083068,14.703174682989326,0.44506079959732014,-0.0060172541514928795,-0.000530486316922503,-0.00024508404924554104,-0.0004704779923093231,2024-02-16,2024-05-20,738931.0,739025.0,4.814808953155469,0.6632636170080668,0.44618320112694937,0.22184203996969706
2024-05-26,739031.5498110354,0.39378362530097555,8.743027058095208,0.621797890746543,-0.08321965514177174,-0.006427088268108336,-0.0006170451308666117,0.0063973993866671885,2024-02-26,2024-05-20,738941.0,739025.0,3.654713939336042,0.5831865210801935,0.44618320112694937,0.13808574507567933
2024-06-01,739037.3629326377,0.4285471970954854,2.1452808286682425,0.37528050798366147,-0.004155510759476702,0.030768595368651255,0.023808673787386575,-0.019489831026604582,2024-03-04,2024-05-20,738948.0,739025.0,0.6753537112945199,0.026979335440780048,0.44618320112694937,0.055559905292448655
2024-06-09,739045.8338414581,0.4899654304757325,3.5392762229215258,0.6454548969128541,-0.05007964618779278,0.010911739418053722,0.0027070777426830197,-0.01057060959559938,2024-03-11,2024-05-20,738955.0,739025.0,0.8294230654797917,0.6353576257052406,0.44618320112694937,0.05406067111744211
2024-05-22,739027.019006069,0.5370925678270596,14.761110198525476,0.5541410797357519,-0.04465617641044826,-0.0009775634442869708,-0.0003767981774436863,0.0009020273948618867,2024-03-18,2024-05-20,738962.0,739025.0,8.156956798507196,1.6621365597891924,0.44618320112694937,0.09008065783723192
2024-06-09,739045.6831810354,0.533326328483212,2.5823670523823883,0.02505751235138872,0.04969066229941899,0.03299216128643415,0.004413597915256499,0.03269560918215973,2024-03-25,2024-05-20,738969.0,739025.0,0.538553983039745,0.31105634909554764,0.44618320112694937,0.046362691672052474
2024-06-05,739041.155431503,0.019279440249298178,2.3010927076094783,-12.878846621617225,12.335104375568251,0.26875205637907545,0.25665889599943115,0.07971122199750134,2024-04-02,2024-05-20,738977.0,739025.0,0.5050507623839603,0.3845486909083133,0.44618320112694937,0.044459882107525585
2024-07-16,739082.8248037279,0.4410003730948616,5.374750166100453,0.8545864228527847,-0.0782635766565936,-0.005978665326224812,-0.005960870286932049,-0.00046093872192892006,2023-11-29,2024-05-21,738852.0,739026.0,1.1990275841864058,1.0740787471718485,0.4519851237430572,0.2180491455881843
2024-06-15,739051.9897565884,0.41110072049611,2.347759021111721,0.8645561497974809,-0.10204141475285522,0.01314191082161112,0.012968043963463953,0.0021306468043403143,2023-12-06,2024-05-21,738859.0,739026.0,0.7491587680028724,1.3596047568533607,0.4519851237430572,0.15480066348799418
2024-07-13,739079.7557864983,0.6555229021787591,3.628555526568668,0.7931843401531588,-0.025141034717342196,0.003845379371240092,0.00292900143067693,0.0024915643936794687,2023-12-13,2024-05-21,738866.0,739026.0,0.7971746203652084,1.1811309549764701,0.4519851237430572,0.16921108903681753
2024-06-16,739052.9977124578,0.8153993329882576,7.385594638146171,0.4397443779539712,-0.005635052224069688,0.0005097729914983121,0.00007146101138271435,0.0005047393651314481,2023-12-20,2024-05-21,738873.0,739026.0,2.230061728945278,1.2204107021963795,0.4519851237430572,0.3047471981713781
2024-07-22,739088.2656304081,0.47828495441488583,13.51608333519355,0.8092506393154397,-0.059468729324866534,-0.0019752244027954227,-0.0017637582439970962,0.000889195309327942,2023-12-28,2024-05-21,738881.0,739026.0,2.5869567243805722,1.0653886728276218,0.4519851237430572,0.2582874272701519
2024-05-23,739028.4380895084,0.7037981342846767,11.074484815021759,0.42255819996262317,-0.011447800719300018,-0.0011186814659939737,-0.00019204907390821816,-0.0011020732169730934,2024-01-05,2024-05-21,738889.0,739026.0,7.132029236882633,0.6503395962973091,0.4519851237430572,0.21311636284858185
2024-06-23,739059.1342298901,0.591572781022705,4.582519145613565,0.734526040252489,-0.03729390882919721,-0.004964709314221538,-0.004372223675988188,-0.002352020132109084,2024-01-12,2024-05-21,738896.0,739026.0,1.1625576567429525,0.9697236212298648,0.4519851237430572,0.10548892973209442
2024-06-28,739064.9441916307,0.5304863417693734,7.154961107376702,0.7350546520402688,-0.0472399057200719,-0.005242272908734039,-0.005221697059389626,0.0004640097731821732,2024-01-22,2024-05-21,738906.0,739026.0,1.6015611512131345,0.6681228505024935,0.4519851237430572,0.12147629555163342
2024-06-13,739049.5247196754,0.06925751112190139,2.59304461168232,3.962440728019668,-2.774179575845518,0.04211605977807793,0.034064462497125914,0.024766406400859534,2024-01-29,2024-05-21,738913.0,739026.0,0.7257066683819916,1.7593154978999332,0.4519851237430572,0.13247492235855357
2024-06-21,739057.1428833499,0.8592470436141295,13.132258227781042,0.5143606365710689,-0.006363332052006586,0.000694500362223902,0.0006857234729032949,-0.00011006394431681662,2024-02-05,2024-05-21,738920.0,739026.0,3.0983891196150393,0.5995021462603157,0.4519851237430572,0.21454776180610344
2024-06-30,739066.5899266709,0.7127609823420359,4.3495501624182005,0.7591273586393327,-0.021181289192959973,-0.003635962878076548,-0.00351402263386511,0.0009337403169160096,2024-02-12,2024-05-21,738927.0,739026.0,0.855062632939149,0.9546243833857959,0.4519851237430572,0.07638930418956065
2024-06-30,739066.6945376447,0.43761093047454647,8.533501920453624,0.927297102070307,-0.09923414780220391,-0.008635743196312743,-0.008098932320003851,0.0029972246877167665,2024-02-20,2024-05-21,738935.0,739026.0,1.5949983286034182,0.5892808064569074,0.4519851237430572,0.11336513774127281
2024-05-24,739029.2717027414,0.006039313947950655,2.4209905530085343,15.76564176530665,-15.152887863339016,0.06720932178398699,0.06548166947427898,-0.015140802406899993,2024-02-27,2024-05-21,738942.0,739026.0,1.2652570815900743,0.5624195495096365,0.4519851237430572,0.05358064520311828
2024-06-14,739050.1333833708,0.6946332763381172,14.292298022571353,0.6159467468367553,-0.020457236544588434,-0.0017090130790269966,-0.0016692664220854126,0.0003664359649154279,2024-03-05,2024-05-21,738949.0,739026.0,3.259276173900791,0.5817750622413707,0.4519851237430572,0.13783133525683675
2024-05-28,739033.1034527855,0.42063905908451427,7.319792418135964,0.7135357752394919,-0.09718686728450449,0.007594872243054872,0.0029648732557514858,-0.006992253639968657,2024-03-12,2024-05-21,738956.0,739026.0,2.777975699606452,0.7353565121079056,0.4519851237430572,0.07557603415553238
2024-06-10,739046.5195744173,0.5935243619403631,9.314759805638941,0.7750774307901026,-0.04919916458247869,-0.004533100686347411,-0.002942368706565598,0.0034484008217124155,2024-03-19,2024-05-21,738963.0,739026.0,2.0809738986587494,0.6915590232996371,0.4519851237430572,0.0575404093326765
2024-06-14,739050.7435115449,0.2949541499110549,8.311559134648546,1.384455185795982,-0.3440022986417863,0.015620438007120863,0.004893064845153325,-0.014834284612189112,2024-03-26,2024-05-21,738970.0,739026.0,1.5645249121355729,0.7815200938765706,0.4519851237430572,0.035436751603897566
2024-06-07,739043.645146119,0.9649644501842793,11.852364356290305,0.6356641548176354,-0.009241751331602667,-0.001327298010745245,-0.000012077237994552239,-0.0013272430635157535,2024-04-03,2024-05-21,738978.0,739026.0,2.4783084037897045,0.5668813320330133,0.4519851237430572,0.03461739046393933
2024-08-03,739100.4532157382,0.11360073509102978,3.1756133177478327,4.57137935116348,-2.470756872214035,0.06920892401497956,0.040413088101111674,-0.05618413898461916,2023-11-30,2024-05-22,738853.0,739027.0,0.6138628007053439,1.2770898159593596,0.4536366517815303,0.1708191150649521
2024-06-02,739038.0232963548,0.5554823785726585,11.655312466411676,0.49536750359112536,-0.025960692351682184,-0.0031446833160190418,-0.0027189391645384493,0.0015800009422742367,2023-12-07,2024-05-22,738860.0,739027.0,5.160432707724528,0.39344653012067093,0.4536366517815303,0.21209046190070813
2024-07-13,739079.9748714613,0.3052623195712017,2.417645051889213,1.7449502781235398,-0.3493045881192681,0.03446402899994553,0.01639301082439094,0.030315647626605106,2023-12-14,2024-05-22,738867.0,739027.0,0.5353663801467791,1.279731626693072,0.4536366517815303,0.1574466231403375
2024-07-14,739080.121333014,0.8015185751963874,5.547475298304078,0.6142656635789913,-0.008974180462772865,-0.0012668525207370901,-0.001128456463768053,-0.0005757615119804557,2023-12-21,2024-05-22,738874.0,739027.0,1.1971230985084824,1.0234978934697696,0.4536366517815303,0.20543283473096333
2024-07-03,739069.7168635236,0.11288800364282595,12.675124244792146,2.345990538705288,-1.265433117573873,-0.00465698977802386,-0.0035476559331102764,-0.0030169009219538803,2023-12-29,2024-05-22,738882.0,739027.0,2.9863047655718327,2.4200786441673663,0.4536366517815303,0.2268754535429103
2024-07-04,739070.6318522546,0.4184687448727863,2.828281964338636,1.368104309243612,-0.166207247661984,-0.018829105550382873,-0.012764236413868835,0.013842307777185271,2024-01-08,2024-05-22,738892.0,739027.0,0.6344831659976619,1.3060523655769847,0.4536366517815303,0.1353477877083732
2024-05-30,739035.3896029503,0.4706577105434825,5.73068950316325,0.5695420379905318,-0.05006606776477009,0.0034799733081097672,0.002670603937309981,0.0022311631126344985,2024-01-16,2024-05-22,738900.0,739027.0,2.536608897968535,1.1815874498172882,0.4536366517815303,0.1803215345770107
2024-07-20,739086.8517491585,0.8680418429964236,3.5252743360482324,1.1088684585640265,-0.014632757443381257,0.003190871190204021,0.0028539911116080676,-0.0014270226653197106,2024-01-23,2024-05-22,738907.0,739027.0,0.6173184527515662,1.1291838077879102,0.4536366517815303,0.11498850625304827
2024-06-24,739060.0361574319,0.8207004442816284,8.99491401198263,0.5393962521217033,-0.007976484769187381,0.0007062919586714658,0.0001782085742986476,-0.0006834398546546869,2024-01-30,2024-05-22,738914.0,739027.0,2.1276955426532913,1.0304215457684927,0.4536366517815303,0.2236578790922754
2024-06-13,739049.0071447957,0.4075705624172449,5.716725177346625,0.8377149486910681,-0.10917817565349917,0.01216406793864711,0.0019795067567223846,0.012001920755283847,2024-02-06,2024-05-22,738921.0,739027.0,1.6019814267700554,0.6399005596038323,0.4536366517815303,0.07089480719859743
2024-05-22,739027.4862362961,0.4586804663182481,9.524854519330635,0.5245154301929986,-0.050070860025240076,-0.005933207222412514,-0.001966069655205666,-0.005597992323589548,2024-02-13,2024-05-22,738928.0,739027.0,8.06637226175516,0.4063941320817684,0.4536366517815303,0.13602100358808633
2024-06-25,739061.727513613,0.6298207091939846,8.558315084148171,0.7105924718186536,-0.029878280009239793,-0.0034001428823893657,-0.0027130692435496876,0.002049445510465645,2024-02-21,2024-05-22,738936.0,739027.0,1.7524546433526025,0.6466765170628842,0.4536366517815303,0.15062695049404903
2024-06-11,739047.0157253756,0.47821681510907765,4.533100373678313,0.7279867203819455,-0.06661085983343135,-0.009584318608806269,-0.008256511484378035,0.004867153305931891,2024-02-28,2024-05-22,738943.0,739027.0,1.1889920812008368,0.7331845497010657,0.4536366517815303,0.05364910066263216
2024-06-20,739056.5086699483,0.5790590230763403,2.1052198473723447,-0.06463620164787516,0.0505231796314698,0.033418119165756745,0.033250990086308795,0.0033380154069315763,2024-03-06,2024-05-22,738950.0,739027.0,0.43005872596899136,0.4158474559215635,0.4536366517815303,0.06230593296235454
2024-06-06,739042.1934062373,0.4407270166346172,3.9868289530637817,0.729522287002017,-0.08124097112077389,0.010628765166605094,0.010628167189179631,0.00011274380552091126,2024-03-13,2024-05-22,738957.0,739027.0,1.0939582359249889,0.84495652579931,0.4536366517815303,0.05013558712993688
2024-05-22,739027.4524658453,0.1691954798391966,11.39007436998401,0.9031920146786722,-0.3605083484970283,-0.009119069408706286,-0.005285674190068242,-0.007430953857833412,2024-03-20,2024-05-22,738964.0,739027.0,8.961209922842851,0.5872553767277547,0.4536366517815303,0.12681168248537608
2024-06-07,739043.1234449134,0.3799991357235343,2.8315979071994715,0.26482690542670867,0.02361979487595229,-0.039910080167449825,-0.022146248074481817,0.03320178000041236,2024-03-27,2024-05-22,738971.0,739027.0,0.6751400847595116,0.07942268185240267,0.4536366517815303,0.04535981958871357
2024-05-23,739028.5783293043,0.24270176466567822,13.063056300114383,0.827554433881406,-0.2450849324168554,-0.013407649056396275,-0.012807194283162335,-0.0039674712113407905,2024-04-04,2024-05-22,738979.0,739027.0,7.166873953607563,0.339619105432234,0.4536366517815303,0.08562283256535995
2024-05-24,739029.3599401729,0.7474289095975971,14.70505085669902,0.38913320406585256,-0.007413753533147438,-0.0003771283299354782,-0.00013982876930080393,-0.00035024804427112143,2023-12-01,2024-05-23,738854.0,739028.0,11.372849911026291,0.9991998198816993,0.4556972335944976,0.3462048323513515
2024-05-27,739032.8811679494,0.8994931523424763,9.145982355816013,0.38307571326070616,-0.003549742164748961,-0.0005845395661947482,-0.0005113226457167673,0.00028325899178022516,2023-12-08,2024-05-23,738861.0,739028.0,5.1841020403457545,0.5972420790473086,0.4556972335944976,0.31237322897604614
2024-06-10,739046.6136557341,0.28226069031127526,12.588689409879047,0.8509351080585507,-0.185585152539554,-0.009532676805664686,-0.001157931195697438,0.009462088692634844,2023-12-15,2024-05-23,738868.0,739028.0,4.5306918440482,0.436514063052134,0.4556972335944976,0.18201903416005608
2024-07-15,739081.4635049165,0.30111309239639256,3.7875777854110284,1.4374408897258517,-0.2912484338797844,0.01719781182716818,0.003478838637120567,0.016842280527872785,2023-12-22,2024-05-23,738875.0,739028.0,0.8144736298608549,1.346351579990811,0.4556972335944976,0.15416073141338496
2024-06-21,739057.6660287868,0.35357770643956227,5.9671471400125515,0.8608030816878388,-0.13301860937822169,-0.007874729806182573,-0.006868010813620148,-0.0038525052867422432,2024-01-02,2024-05-23,738886.0,739028.0,1.6672459280309633,1.0009096334382994,0.4556972335944976,0.18447119651745325
2024-06-09,739045.2011789931,0.9527610591561715,11.8518540236381,0.42319647148877915,-0.0030960808155209647,-0.00026513477262072303,-0.00017576017476718923,-0.000198506444778122,2024-01-09,2024-05-23,738893.0,739028.0,4.112517824346492,0.9387356336030979,0.4556972335944976,0.28169445058845827
2024-07-17,739083.9092409454,0.2926054355528905,6.758753370341422,1.4150313044302087,-0.3029297047926765,-0.015307512522722468,-0.012885447601130603,0.008263484722066275,2024-01-17,2024-05-23,738901.0,739028.0,1.274971584059513,0.8567478605093178,0.4556972335944976,0.09556089845513123
2024-07-17,739083.2932999032,0.06606233113415662,5.061177069711027,6.109019791622215,-4.318971057230425,0.0438042657947516,0.034555153965577456,0.026921274788398897,2024-01-24,2024-05-23,738908.0,739028.0,0.9294061052342459,1.286963562478049,0.4556972335944976,0.11668847912247843
2024-06-13,739049.8582481967,0.7760655903882892,6.193733886454158,0.569852217121224,-0.012369380998039466,-0.002410350948423392,-0.0019491949658438075,-0.0014178965687576452,2024-01-31,2024-05-23,738915.0,739028.0,1.7937402357737027,0.643003848031502,0.4556972335944976,0.11617802542936499
2024-05-29,739034.0106386204,0.07712868786632666,6.729828618948968,2.02722871328584,-1.324192507748493,-0.012128359053033241,-0.0055077069840417684,-0.010805658568418256,2024-02-07,2024-05-23,738922.0,739028.0,3.132992380584233,1.2512987745165147,0.4556972335944976,0.14722410917197384
2024-06-24,739060.7058602733,0.4946473323428634,7.81226331498799,0.815658899651897,-0.06646295967154271,0.00669880692403374,0.004219681241271278,-0.005202720867733118,2024-02-14,2024-05-23,738929.0,739028.0,1.7320218558858453,0.6282044591481354,0.4556972335944976,0.12433155702446198
2024-07-02,739068.4709534845,0.2257201615243512,13.276486032977916,1.449196508726191,-0.43995806979240737,-0.005337370351983774,-0.0014165734035710526,0.005145953951069762,2024-02-22,2024-05-23,738937.0,739028.0,2.4895612594863654,1.4014291885070334,0.4556972335944976,0.18957344893536734
2024-06-06,739042.1372671494,0.5185078135327702,11.39563320900602,0.6443880888526593,-0.04878017903028667,-0.003639878981736612,-0.000982151376717071,0.003504867711469395,2024-02-29,2024-05-23,738944.0,739028.0,3.514084035387544,0.6097801580032237,0.4556972335944976,0.14756774114348867
2024-06-06,739042.6923844957,0.4997370442408192,11.73552171723426,0.6937145458303933,-0.060062437093346445,-0.0022284322778219528,-0.002221579308960909,-0.00017463044074704368,2024-03-07,2024-05-23,738951.0,739028.0,3.420085588796685,1.1477377127853359,0.4556972335944976,0.12181255456619099
2024-06-16,739052.2201559304,0.26435034121421125,2.7626933145168167,0.15176307351117865,0.06791319427295697,-0.062239397212499804,-0.05557503812792771,0.02802066563189943,2024-03-14,2024-05-23,738958.0,739028.0,0.5973049742197446,0.10440852935235073,0.4556972335944976,0.057454632986976735
2024-06-17,739053.0950647678,0.753943874036269,6.249573124296271,0.6897160538123969,-0.01932592055066064,-0.0025716022628625135,-0.0024627573120461557,-0.0007402463240859713,2024-03-21,2024-05-23,738965.0,739028.0,1.249027642733608,0.906619494958186,0.4556972335944976,0.04329173628092208
2024-06-16,739052.8938930138,0.19921032991637905,14.520406738765722,1.9220647033190823,-0.7447543399273179,0.015599012060028169,0.00933026564690478,-0.012501012767255813,2024-03-28,2024-05-23,738972.0,739028.0,2.7235435883504895,0.6550116460281801,0.4556972335944976,0.05979194376800416
2024-06-11,739047.321269268,0.6250616749240824,2.784236187743664,0.06934898224168945,0.03298986448619803,-0.023603979014939006,-0.012871270815203254,0.019785808372148404,2024-04-05,2024-05-23,738980.0,739028.0,0.5531394507647934,0.31377049959991477,0.4556972335944976,0.04405761145859808
2024-06-28,739064.8184667166,0.29117407226286757,9.908225474762329,0.9631850423519807,-0.19531481425924999,-0.007657050865297004,-0.0039006687716113876,0.006589022013009315,2023-12-04,2024-05-24,738857.0,739029.0,2.7725834228513744,0.7496015437631688,0.459395614633542,0.25045263573092197
2024-07-25,739091.637576414,0.42643430880423094,12.600030595285862,0.8790501433800523,-0.0835265822663795,0.0041752329067800955,0.0010143761100195794,-0.004050137149934666,2023-12-11,2024-05-24,738864.0,739029.0,2.5876916665072005,0.6770559258858904,0.459395614633542,0.2701944514143205
2024-06-06,739042.3398035404,0.5825386339892776,12.44492603226016,0.517895755613853,-0.024030248493458896,0.0026537365905765203,0.0024377073444064256,0.0010487615530670768,2023-12-18,2024-05-24,738871.0,739029.0,5.056449180556152,0.4238701783044952,0.459395614633542,0.21946888786420723
2024-07-30,739096.7917857812,0.5759293139152054,14.767955181580156,0.7586617441628968,-0.03236191463879213,-0.001192105955076648,-0.0010032640663155954,-0.0006438771787919677,2023-12-26,2024-05-24,738879.0,739029.0,2.7431401314842137,1.0586884349214654,0.459395614633542,0.2970200904887803
2024-07-04,739070.6583280961,0.7773329687857624,5.0778452676329575,0.6414981734192172,-0.011781464797393225,0.001808061981400313,0.0015483916962951926,0.0009335798216699639,2024-01-03,2024-05-24,738887.0,739029.0,1.1989728247731453,0.9975015988571275,0.459395614633542,0.1494954216006096
2024-06-01,739037.0911725686,0.5230739417029523,3.227288314854644,0.6308788692334149,-0.048505347152830836,-0.007409184307416362,-0.00682026441132066,0.00289482390845069,2024-01-10,2024-05-24,738894.0,739029.0,1.4755347157432948,1.0610712282998525,0.459395614633542,0.1008592270612963
2024-05-31,739036.0746030005,0.8495780862489002,6.046135719493854,0.4436826126524764,-0.0063281322368482955,-0.0007288131716507312,-0.0006288836974822037,0.0003683394279909636,2024-01-18,2024-05-24,738902.0,739029.0,2.8308947521641707,1.2200699848251195,0.459395614633542,0.24117480513598535
2024-07-08,739074.6417249257,0.5617585471175043,13.997464350879788,0.7411839844590037,-0.038145308346840455,0.0009304884942233023,0.0009292962761797914,-0.00004708788549426782,2024-01-25,2024-05-24,738909.0,739029.0,2.871600726097743,1.6452444761563654,0.459395614633542,0.2377590621454063
2024-07-16,739082.6005311331,0.8294536410522175,8.884458214186974,0.6722546500663237,-0.009295298316038739,0.001464359817026147,0.00144458100449629,-0.00023986536884123324,2024-02-01,2024-05-24,738916.0,739029.0,1.6035386468285555,0.5926205374130407,0.459395614633542,0.10792966153570244
2024-06-19,739055.568561447,0.30776127606100273,14.95608492464467,0.9669626224490661,-0.19168948702703462,0.00772593806582914,0.0005317828992385253,0.00770761480259005,2024-02-08,2024-05-24,738923.0,739029.0,3.826082009975587,0.5105556943144592,0.459395614633542,0.16982746442796545
2024-06-09,739045.286233678,0.7215609455208881,2.1195196393752878,0.49832194522679196,-0.008195970648317627,0.006914183992688566,0.005015590807462126,-0.004759179460458726,2024-02-15,2024-05-24,738930.0,739029.0,0.660191780234662,0.4035478482913731,0.459395614633542,0.08680478283516319
2024-05-31,739036.8412241235,0.9729705498049379,3.5462680688451353,0.5073053672100454,-0.005494796468112728,-0.0018753494082658542,-0.0013718208076732561,-0.0012786880286910426,2024-02-23,2024-05-24,738938.0,739029.0,1.430272657858565,0.8038917063804505,0.459395614633542,0.054338909819345894
2024-06-23,739059.3381035019,0.7502843964795873,13.695633471016135,0.6241998479860259,-0.01463549123504134,-0.0008777908678480377,-0.0003755801621073979,0.0007933828517864452,2024-03-01,2024-05-24,738945.0,739029.0,2.891965617284328,0.9133979562775664,0.459395614633542,0.18176880207110693
2024-06-05,739041.2760641888,0.4098763082383309,3.4475299440674716,0.6947739659172354,-0.08316330260997871,-0.014014855717647781,-0.006212261292191093,-0.01256280185404629,2024-03-08,2024-05-24,738952.0,739029.0,1.088648820346281,0.7054851322365941,0.459395614633542,0.05234363395036984
2024-06-05,739041.9653716998,0.7042764677125596,6.071106007720421,0.6568389113511366,-0.025979585438342813,0.003619556551101449,0.0011507745875633038,0.003431749914437227,2024-03-15,2024-05-24,738959.0,739029.0,1.793490019279072,0.8326303008015443,0.459395614633542,0.040753496851104014
2024-06-23,739059.0462694834,0.27877181869226014,6.721792484001423,1.337424597459861,-0.33331160322235936,0.016996586112003886,0.01698147422395524,-0.00071657005512875,2024-03-22,2024-05-24,738966.0,739029.0,1.2092647437638677,0.8133032378544596,0.459395614633542,0.04384538051664265
2024-06-04,739040.169332089,0.17046456331985518,5.293675763784397,1.4552517983658744,-0.618888593727022,-0.030277163438602914,-0.0038315229290544115,-0.03003374864934452,2024-04-01,2024-05-24,738976.0,739029.0,1.473013536557423,0.6582245349276679,0.459395614633542,0.041718002092134325
2024-06-09,739045.8018157561,0.03160470998571064,2.27468739633749,-4.622662615269338,4.412312943382178,0.21797898816894035,0.19445218169580017,0.09850476291478781,2024-04-08,2024-05-24,738983.0,739029.0,0.4773325022945696,0.2812430266897198,0.459395614633542,0.05008780301859428
2024-07-01,739067.0603484932,0.8626790751006379,9.394099917694327,0.47693722534043914,-0.004572911892758284,0.0005714751817641377,0.0005349156410941802,-0.00020111971630140207,2023-12-05,2024-05-28,738858.0,739033.0,2.712874222538526,0.7348345175031298,0.438673779104818,0.33690769106086355
2024-06-05,739041.4930016277,0.6262149786695067,14.899340453792957,0.48224123241031025,-0.01735831521685439,0.0012897030110592177,0.0012750156578526606,0.0001940848499130205,2023-12-12,2024-05-28,738865.0,739033.0,7.19462723155033,0.5656844807966942,0.438673779104818,0.29964742715139553
2024-06-21,739057.2780382857,0.9227464879060006,12.37373214612283,0.4487045249569987,-0.003405024824143269,0.00037754751606256296,0.00003733104705762217,0.0003756973779660875,2023-12-19,2024-05-28,738872.0,739033.0,4.0022622981549265,0.6725589484624299,0.438673779104818,0.33339790560326577
2024-06-27,739063.3302451585,0.9565577096884808,7.003710698841594,0.46393804592663807,-0.002965791573704023,-0.00008770337495630111,-0.0000823387524984991,-0.000030202844497107454,2023-12-27,2024-05-28,738880.0,739033.0,2.005460868239102,4.618567539567838,0.438673779104818,0.3581945411614964
2024-06-20,739056.3022431037,0.36786147640658134,11.19876013781071,0.8059168373601806,-0.11347906374586038,-0.001108533794754575,-0.000023307831882819126,0.001108288734529903,2024-01-04,2024-05-28,738888.0,739033.0,3.524059794005136,3.3626461824130103,0.438673779104818,0.23170164212662195
2024-06-24,739060.8074181905,0.5559570942121209,4.727154971334903,0.7484155621614317,-0.044372685361391224,-0.005264278452807088,-0.0014596627982826939,-0.00505786636280542,2024-01-11,2024-05-28,738895.0,739033.0,1.3433392431739937,0.9913301056030516,0.438673779104818,0.10990162340502499
2024-07-11,739077.9335203456,0.9632903584996331,12.947380249180512,0.5355873669113527,-0.0033559472671414645,-0.00003637571991733069,-2.674517319539772e-7,0.000036374736687365835,2024-01-19,2024-05-28,738903.0,739033.0,2.8008665223610527,6.864024758618824,0.438673779104818,0.2856965341527137
2024-06-13,739049.6339257233,0.6948379659639269,5.082140224281732,0.6192797643281639,-0.02037692021247195,0.003854187273437412,0.001448900169304218,-0.0035714769827225714,2024-01-26,2024-05-28,738910.0,739033.0,1.7208881524344235,0.7228407510030628,0.438673779104818,0.0800788150576426
2024-06-21,739057.4179340859,0.05134158737842488,11.428394951199719,4.661994698506421,-3.541775996165131,-0.009609035794975173,-0.0036563168525113013,-0.008886220568000548,2024-02-02,2024-05-28,738917.0,739033.0,3.181786226223688,1.6558665399683685,0.438673779104818,0.18294967972726633
2024-07-05,739071.9443785715,0.9974402693065993,8.522829896610777,0.5858085659900114,-0.003794780435836842,-0.0007369169222991924,-0.0006815531399221904,-0.00028023537933872183,2024-02-09,2024-05-28,738924.0,739033.0,1.810457130206398,0.6026583809096269,0.438673779104818,0.14217699813012613
2024-07-16,739082.3905707267,0.5629195278611331,8.873222533763812,0.9029803990864107,-0.04973524261248436,0.005303245754378773,0.004733940425171314,-0.002390444222789003,2024-02-16,2024-05-28,738931.0,739033.0,1.5818294994644024,0.5949595351458125,0.438673779104818,0.07979990815273906
2024-07-09,739075.0230991532,0.8551088798467821,10.449782391923726,0.6747060616129484,-0.008995066122757873,0.0010767694035069897,0.0010569997130430147,-0.0002053873291023167,2024-02-26,2024-05-28,738941.0,739033.0,1.928891310720509,0.6835901925893139,0.438673779104818,0.16899415682986485
2024-06-19,739055.0383098016,0.32656501412956823,9.845621995770589,1.0371991508022746,-0.199229897954143,0.005628738181773273,0.004816952408668317,0.0029119860939875366,2024-03-04,2024-05-28,738948.0,739033.0,2.4764613278364607,1.1740050423492245,0.438673779104818,0.14437202037012808
2024-06-20,739056.0954258848,0.17281618029363724,2.639764215543928,-0.2791655667462059,0.31260086360875217,-0.10544037598697052,-0.08012728987595837,0.06853678067583749,2024-03-11,2024-05-28,738955.0,739033.0,0.6202949101277991,0.1940897015035435,0.438673779104818,0.05915122835365511
2024-06-01,739037.7019455606,0.19798921951166665,6.381655622840306,1.1763127982081447,-0.43891596159200624,-0.014546938703192505,-0.0033181168174243212,0.01416345743172781,2024-03-18,2024-05-28,738962.0,739033.0,2.822377377483408,0.9360907311967116,0.438673779104818,0.09670540382442193
2024-06-01,739037.0685622565,0.8233482314067391,11.17385022698655,0.5464234712986876,-0.012913652477589521,0.0009924636695101945,0.00028298207171590154,0.0009512650957461948,2024-03-25,2024-05-28,738969.0,739033.0,5.01007966677502,0.9587716594979991,0.438673779104818,0.09268710017180995
2024-05-28,739033.9995761008,0.646157883700856,11.567105641282884,0.587335394728122,-0.031583487497930274,0.0030323301346257226,0.0014069943536123726,0.0026861483455427686,2024-04-02,2024-05-28,738977.0,739033.0,7.443870766896661,0.5818319252846995,0.438673779104818,0.07986239896953307
2024-06-06,739042.902507822,0.6636101557988546,6.454396567313022,0.6395120335213633,-0.027759420634659873,-0.00517585532634226,-0.004963673381877787,0.0014667736421355095,2024-04-09,2024-05-28,738984.0,739033.0,1.8316834107485023,0.5514239785531212,0.438673779104818,0.04635258275980673
2024-08-21,739118.7844680886,0.20696246996441375,10.750365839632538,1.6815333287938325,-0.5141095040561457,0.008783170676929077,0.0008116636537041675,-0.008745586844421723,2023-12-06,2024-05-29,738859.0,739034.0,1.9158457911059825,1.1268670116627266,0.4428526401797847,0.3107339923533659
2024-08-13,739110.464430337,0.4382646392861903,12.69807146404952,0.9312821261039707,-0.07978790304409897,0.004394274850897857,0.0026715081908321044,0.0034889390151664093,2023-12-13,2024-05-29,738866.0,739034.0,2.3488499137923298,0.6266838438115377,0.4428526401797847,0.2583243378967558
2024-07-11,739077.0901194661,0.7621816749670287,14.399136801293448,0.5583438905205483,-0.009148068617727633,0.0006088402124043461,0.000439327152067394,0.0004215187512993012,2023-12-20,2024-05-29,738873.0,739034.0,3.564197879507939,0.7953314015677297,0.4428526401797847,0.32159379872042404
2024-08-12,739109.6590994667,0.8920663203956156,8.542272981932147,0.6442643310186338,-0.005079741216910329,0.0005475354673560043,0.0003328545650825262,0.00043474466818637405,2023-12-28,2024-05-29,738881.0,739034.0,1.50364929914432,0.9688421590681192,0.4428526401797847,0.2609166020098385
2024-07-02,739068.1946570906,0.5860113971410778,7.155533866445379,0.6725604030544516,-0.030634167481307605,-0.0023278386156066573,-0.0021130302314530214,-0.0009766964017928544,2024-01-05,2024-05-29,738889.0,739034.0,1.8863759661683293,1.0777480236767751,0.4428526401797847,0.22031660873763234
2024-06-20,739056.3128248262,0.5233162339735103,9.071247560023965,0.6465382761850339,-0.04103227087159666,-0.0008051164726878828,-0.00046070429142881954,-0.0006602757684880216,2024-01-12,2024-05-29,738896.0,739034.0,2.8469933399516427,2.940113042934641,0.4428526401797847,0.23725779957429902
2024-07-04,739070.3874163862,0.8123991913865993,7.401835504667369,0.6141938628862169,-0.009501467500329477,0.0014637132154205125,0.000019045326639920042,-0.001463589304596688,2024-01-22,2024-05-29,738906.0,739034.0,1.7764858191937696,0.7124669883252008,0.4428526401797847,0.15011281275281352
2024-07-28,739094.2422812408,0.04549762112567369,14.489483239032863,7.670766170430998,-5.9870102911095975,-0.0033793962273058987,-0.001286241886857261,0.003125044106828449,2024-01-29,2024-05-29,738913.0,739034.0,2.540047621888348,5.562969550546009,0.4428526401797847,0.21399791140520752
2024-06-14,739050.3068255113,0.19750237316513403,6.821654810848511,1.3177383848033237,-0.4701424257429314,0.018733780235559175,0.018729718651810685,-0.0003900783744870873,2024-02-05,2024-05-29,738920.0,739034.0,2.2564192799576466,0.7265852905350149,0.4428526401797847,0.1303319461478947
2024-06-07,739043.121977486,0.3005689229299969,13.836417946065414,0.8067743666707134,-0.1639523796073049,0.006531790912668174,0.006029804915247646,0.00251112429219859,2024-02-12,2024-05-29,738927.0,739034.0,5.602129618405173,0.5452627798135048,0.4428526401797847,0.17098193692092442
2024-06-22,739058.1687792278,0.31769659865311334,4.490082748522157,0.9270640104463277,-0.16975241853137552,-0.018250961092774316,-0.016876064276132335,-0.00694953490226589,2024-02-20,2024-05-29,738935.0,739034.0,1.1637524741828644,0.6580947886467869,0.4428526401797847,0.0625029120819175
2024-06-19,739055.9206513371,0.01637088050225,2.3441385828026977,-9.947309908778522,9.633731667534825,0.2373870118269444,0.0602610511143692,0.22961097339351455,2024-02-27,2024-05-29,738942.0,739034.0,0.6148651189533223,0.28341729400946597,0.4428526401797847,0.06315031526434259
2024-06-14,739050.4166366814,0.5639835012884474,7.094422098916331,0.73540382243904,-0.04784914810340766,0.005101032033383426,0.004199500785511847,0.002895638264370955,2024-03-05,2024-05-29,738949.0,739034.0,2.0560479740551023,0.7457023889164645,0.4428526401797847,0.08787634702848855
2024-06-21,739057.1973547227,0.5165668647369578,13.14615975510109,0.8167201159056696,-0.06401236410537738,0.0012860374316274212,0.00008055518063850021,0.0012835120328299054,2024-03-12,2024-05-29,738956.0,739034.0,3.0819949040152776,1.9558605935353994,0.4428526401797847,0.11969417878879626
2024-06-10,739046.0759078908,0.3285152616815697,9.346662341379686,0.9976429728609919,-0.2032402093743427,-0.009666174586735486,-0.005901970877212692,0.007655172820112176,2024-03-19,2024-05-29,738963.0,739034.0,2.868836959869655,0.7390162622899746,0.4428526401797847,0.084825618176319
2024-06-14,739050.6856425173,0.9487709952782499,3.0703213431572536,0.37994694371808346,0.00034671206799702115,-0.0039836939408580616,-0.003914428702690736,-0.0007396386590627588,2024-03-26,2024-05-29,738970.0,739034.0,0.7701290235040794,0.026894319580682873,0.4428526401797847,0.048654045721299014
2024-06-02,739038.9523581042,0.4876615985605389,4.569767271649068,0.6285367588359073,-0.05350527030219727,-0.011033015893695916,-0.0020017637807151927,0.01084990237176185,2024-04-03,2024-05-29,738978.0,739034.0,1.8256919668688194,0.5175195894341418,0.4428526401797847,0.060887975497660396
2024-05-29,739034.4738303116,0.9333834767185787,5.511654352959661,0.4979825702382605,-0.00689020414535912,-0.002662585141072107,-0.0010076264356206884,-0.0024645584999541644,2024-04-10,2024-05-29,738985.0,739034.0,4.077565200505214,0.4382346567327717,0.4428526401797847,0.045140796484819584
2024-07-23,739089.4708857867,0.3433993875745412,11.38692771585965,1.0213208777993066,-0.15261585429271657,0.006722471191576055,0.002363201996891524,-0.0062934009282309255,2023-12-07,2024-05-30,738860.0,739035.0,2.606266032504171,0.6846421844460027,0.4285726831183139,0.2518680227976398
2024-07-11,739077.7807305921,0.7168974534853066,8.952095539689749,0.5560168652225241,-0.01105444671420421,-0.0008315700502774496,-0.000058880388014778075,-0.0008294828801281366,2023-12-14,2024-05-30,738867.0,739035.0,2.272124754322925,1.0645608739174055,0.4285726831183139,0.33613891770814786
2024-07-08,739074.8072856474,0.08223702358824393,11.007835432675119,3.2620265182997223,-2.073728822437338,-0.01617195243377388,-0.00335928513147287,0.015819205066175426,2023-12-21,2024-05-30,738874.0,739035.0,2.8351754845823707,0.9579767388549728,0.4285726831183139,0.22025699842195853
2024-07-13,739079.2038122579,0.07084898960531728,13.452766225859598,3.9851839290159665,-2.700356888293302,-0.006097052524987731,-0.002228991192700854,0.005675002004873767,2023-12-29,2024-05-30,738882.0,739035.0,3.201819671987908,2.332508822347334,0.4285726831183139,0.234718269926588
2024-06-05,739041.8408899336,0.3852940278522151,7.491214388836434,0.6572700956810614,-0.08480742065946062,-0.0020355889302305715,-0.00014790922190696177,0.002030208155572263,2024-01-08,2024-05-30,738892.0,739035.0,3.680108410072364,2.1428107944851424,0.4285726831183139,0.21174146922094647
2024-07-27,739093.8098595758,0.6916297730639466,7.157123345628931,0.7945665434153081,-0.02086006378127546,0.0023635387014467346,0.001087382111841517,-0.0020985507704326814,2024-01-16,2024-05-30,738900.0,739035.0,1.3584442018199872,0.8528803183936728,0.4285726831183139,0.11391384917704238
2024-06-04,739040.6759391836,0.5724763399892719,6.245438268832452,0.5528934084050748,-0.0298831296679011,-0.003008683492715953,-0.0029299843577428293,-0.0006836431984038204,2024-01-23,2024-05-30,738907.0,739035.0,3.1402032699117455,0.9104250492367786,0.4285726831183139,0.18336990423496752
2024-07-12,739078.6345585417,0.0825322273052982,6.601784114292635,4.085773305762885,-2.6415365511032074,0.038018032769533694,0.0060564847523740025,0.03753251667700421,2024-01-30,2024-05-30,738914.0,739035.0,1.3952109412218265,0.8686188124694288,0.4285726831183139,0.08754025810445926
2024-06-04,739040.2371838107,0.8880348610188378,14.700525134467235,0.45277937758647413,-0.005235064509945184,0.00028940945797599265,0.000044026263916355114,-0.000286041120210933,2024-02-06,2024-05-30,738921.0,739035.0,7.312215192585392,1.0927139407821618,0.4285726831183139,0.251400079924501
2024-06-20,739056.9876456383,0.6090042795446772,10.918455253307512,0.6323497703874302,-0.027519098489306594,-0.0011967679062572514,-0.00007719912222835076,0.0011942753941091404,2024-02-13,2024-05-30,738928.0,739035.0,3.0744474365234717,1.2825769014926105,0.4285726831183139,0.2189621734719945
2024-06-03,739039.1105514426,0.6944881421219963,2.1943810785411033,0.4733782516882262,-0.009077460081593733,0.008125884456643988,0.006216273339634539,-0.005233349211516199,2024-02-21,2024-05-30,738936.0,739035.0,1.1253579350418037,0.3535464575596828,0.4285726831183139,0.06693188825043263
2024-06-03,739039.0164416762,0.9828644065027168,9.011434219746228,0.46277392653682825,-0.004099203858265101,-0.0004937704368824128,-0.0004801773890929311,0.00011506050296667677,2024-02-28,2024-05-30,738943.0,739035.0,4.5523727252389135,0.9054701202942148,0.4285726831183139,0.20619495641920083
2024-06-15,739051.5140484965,0.4628538005344175,3.8065603085238324,0.6550859517085592,-0.05411354139863982,0.012622039229079257,0.012235623716956325,0.0030992558070400667,2024-03-06,2024-05-30,738950.0,739035.0,1.1001838968750615,0.5212997905212812,0.4285726831183139,0.05575615470914712
2024-06-05,739041.089783509,0.6871336682293302,9.908592190711062,0.57787715927031,-0.02194608126725527,-0.0013046353405878753,-0.0006382168683793663,-0.001137871961525934,2024-03-13,2024-05-30,738957.0,739035.0,4.1400585506117995,1.16653324042623,0.4285726831183139,0.11889654228407673
2024-06-03,739039.8172011895,0.5685740839223788,11.021130910515737,0.6204630024275238,-0.04096519529465879,0.002064815110912827,0.0005376630262098473,0.0019935846890716275,2024-03-20,2024-05-30,738964.0,739035.0,4.8344416438453575,1.0235162897532828,0.4285726831183139,0.11208318019088202
2024-06-05,739041.1047101247,0.6189285334222684,5.821443330853348,0.6167731615345279,-0.03203430817587667,0.005484422391242323,0.004857391587096056,0.002546494833132129,2024-03-27,2024-05-30,738971.0,739035.0,2.261549077469517,0.6210038383955231,0.4285726831183139,0.06484562743110699
2024-06-17,739053.6850140543,0.4117528306865422,6.6541228940668375,0.8847283912782035,-0.11258682382006883,0.012988015972378808,0.005309657119595258,-0.01185310508563467,2024-04-04,2024-05-30,738979.0,739035.0,1.4673561855729063,0.536402174046766,0.4285726831183139,0.0492806528706286
2024-05-31,739036.2492614493,0.2045915048983345,5.408320064348937,0.7580733266358661,-0.21199116381572722,-0.03670660690679767,-0.014008870288191888,-0.03392825583284205,2024-04-11,2024-05-30,738986.0,739035.0,3.1800322480161665,0.2184734816570121,0.4285726831183139,0.10065903509220056
2024-06-08,739044.167690029,0.2054618203277308,3.1601627243173103,1.0742825558157048,-0.3570157496828491,-0.016946516788310724,-0.015284686519325059,-0.007318660346160354,2023-12-08,2024-05-31,738861.0,739036.0,1.5643002716630936,1.3697099625988982,0.4213555004433487,0.16671862679793206
2024-08-17,739114.2686894294,0.7169467377108193,14.349407667237848,0.7000989254539332,-0.013063046006463271,-0.0009710237754549255,-0.0009688278234901431,-0.00006526730368331226,2023-12-15,2024-05-31,738868.0,739036.0,2.617840167544223,0.6721520252266896,0.4213555004433487,0.2951316148009635
2024-07-06,739072.8774842544,0.7702064680804928,9.453893309596982,0.5417731804429577,-0.008550454546304539,0.0006198177832929582,0.0005906899465019535,0.00018777505581870006,2023-12-22,2024-05-31,738875.0,739036.0,2.527855424295399,1.123884378516941,0.4213555004433487,0.31588449641464394
2024-07-28,739094.310236799,0.705858626236176,3.6415653258429703,0.8166278775402689,-0.018960951591855475,0.0024853394500095197,0.0010736863062685456,0.0022414526311089044,2024-01-02,2024-05-31,738886.0,739036.0,0.7379419561608621,1.4787815974275564,0.4213555004433487,0.18128910088756806
2024-07-12,739078.4029186178,0.21669889459074293,12.598338548519115,1.4935503160862786,-0.4615165850421744,-0.0024525551503480417,-0.0023201519865481304,-0.0007949349186036978,2024-01-09,2024-05-31,738893.0,739036.0,2.9581345845251743,3.2367708298407125,0.4213555004433487,0.22989419171088676
2024-06-01,739037.9626764174,0.7941560730457022,12.936137570741618,0.4511470667145163,-0.007851360141914066,-0.000609758776161148,-0.000018296456365540565,0.0006094842120924908,2024-01-17,2024-05-31,738901.0,739036.0,8.740641554371036,0.7904748831343135,0.4213555004433487,0.2434020498047335
2024-06-16,739052.0782549151,0.9295542138476935,10.285981037488922,0.4791322537059428,-0.004187940033894,0.0002194142421595063,0.00008206613901807598,-0.00020348896404743017,2024-01-24,2024-05-31,738908.0,739036.0,3.5899009959807686,1.7249028705035148,0.4213555004433487,0.27033304050088347
2024-07-10,739076.3259981999,0.885595208553263,10.977718870110829,0.5800946178556693,-0.005735446110858786,-0.00039191310354440024,-0.0003900121249426476,-0.00003855415836877278,2024-01-31,2024-05-31,738915.0,739036.0,2.422313925636388,1.1805940028395605,0.4213555004433487,0.24412668531174403
2024-06-14,739050.6304966031,0.46705127916341704,2.1131123636374958,0.4717505661180702,-0.02000212889331191,0.017755506631720167,0.017668771912714563,-0.0017528590489619496,2024-02-07,2024-05-31,738922.0,739036.0,0.7310876591526426,0.24899184740445945,0.4213555004433487,0.13583216002132162
2024-07-15,739081.517147636,0.8332616016014325,2.852108897740978,0.383613429665903,0.0001963696292932235,-0.004294081612856949,-0.002640652119448565,-0.0033861620283040126,2024-02-14,2024-05-31,738929.0,739036.0,0.5488833164148051,0.013360394793633342,0.4213555004433487,0.1191231213040328
2024-06-21,739057.715165908,0.9891436683000101,4.130327940823735,0.5254093615163113,-0.003534278672877336,-0.0012878699309565311,-0.0002818436110606486,0.0012566515578975239,2024-02-22,2024-05-31,738937.0,739036.0,1.1276539903767764,0.6572091884113788,0.4213555004433487,0.06466649027896894
2024-07-08,739074.778705972,0.2932006306466269,6.34734123764458,1.2030682336465426,-0.2533921942089523,0.018988229797092308,0.018625642046377712,0.003693010856657586,2024-02-29,2024-05-31,738944.0,739036.0,1.2280478750811292,0.6164272179434228,0.4213555004433487,0.05694530431047315
2024-07-04,739070.7330275804,0.5922406753285226,11.865462674732862,0.8297996124408739,-0.04256256767401596,0.0020462081484072772,0.0004296203809750856,-0.002000598439182428,2024-03-07,2024-05-31,738951.0,739036.0,2.3370919264980325,1.0382251955708521,0.4213555004433487,0.13324245277771143
2024-07-01,739067.113999791,0.6640955222399066,9.000909378212178,0.8371196573329158,-0.033306974540901396,-0.0031525296659256487,-0.0022575505320900626,-0.0022004337957778138,2024-03-14,2024-05-31,738958.0,739036.0,1.7974575756218996,0.7795072624807106,0.4213555004433487,0.05542304720039502
2024-07-02,739068.5489328908,0.6432553742397594,14.035775855452995,0.8540079777335806,-0.037219573102703546,0.002324055432210157,0.0014988751772202261,0.0017761212951537336,2024-03-21,2024-05-31,738965.0,739036.0,2.5852490999570357,0.7339591759149497,0.4213555004433487,0.08939967305106003
2024-06-10,739046.8405556532,0.8688446042340228,11.893927916515853,0.5997176303828946,-0.011193863319940874,0.0012782885529020102,0.001224862105086926,-0.0003656972080866078,2024-03-28,2024-05-31,738972.0,739036.0,3.657356691837586,0.6396875616297433,0.4213555004433487,0.08185026073572761
2024-06-04,739040.549631096,0.8023987732620304,2.5012463467464343,0.4540140428289659,-0.0043453039874239395,0.006300078984148104,0.005650331369410949,0.0027865302119939764,2024-04-05,2024-05-31,738980.0,739036.0,1.0304119348349545,0.221262573098004,0.4213555004433487,0.05034414030139456
2024-06-09,739045.9479398312,0.8301725392954673,7.2951134933720185,0.565835290294932,-0.010701990081559665,0.002908058675166854,0.0027972025747410815,0.0007952754328376201,2024-04-12,2024-05-31,738987.0,739036.0,2.065849728220544,0.41879133754448983,0.4213555004433487,0.05868512015489235
2024-06-19,739055.2036160314,0.01894180076215424,9.129969224752173,9.858495477152461,-8.865265975413262,-0.021430505625289812,-0.014706051936147962,-0.015588412613441337,2023-12-11,2024-06-03,738864.0,739039.0,3.5863526025392,0.8582450408101766,0.43405677195251907,0.214572600659576
2024-06-11,739047.8244730431,0.7403531573558936,5.567724725956047,0.477926719978335,-0.009732181436540047,-0.00041032695747815517,-0.00036795412377703775,0.00018159838883853612,2023-12-18,2024-06-03,738871.0,739039.0,2.656291430114661,3.153852109695219,0.43405677195251907,0.33920335256718626
2024-06-20,739056.7648248678,0.828998069882342,5.520252650618888,0.5110901478705699,-0.006999770656065208,-0.0008888909747633097,-0.0005317423042470041,0.0007123042095128692,2023-12-26,2024-06-03,738879.0,739039.0,2.0235711902376057,1.1825782266023963,0.43405677195251907,0.29066640331787763
2024-07-21,739087.418216903,0.140644440323112,8.265112877884894,2.342869423333967,-1.0877551586825713,-0.020448056781119862,-0.01694082248760241,-0.011451268906433314,2024-01-03,2024-06-03,738887.0,739039.0,1.8686130363692892,0.9052173913185098,0.43405677195251907,0.17034379807159752
2024-08-02,739099.9289934265,0.665515575339554,5.584068509212125,0.843541299656935,-0.024401900882049,-0.002189177128995738,-0.0008293107749749902,-0.0020260158293133857,2024-01-10,2024-06-03,738894.0,739039.0,1.082317753449412,1.328465384167712,0.43405677195251907,0.156343244968788
2024-06-14,739050.6255119503,0.8891843759683409,6.487112155264873,0.4929364076537963,-0.005518511820272323,0.0008184770788802762,0.0006087797268116404,-0.0005470758383218312,2024-01-18,2024-06-03,738902.0,739039.0,2.630933005262012,0.9241785235387818,0.43405677195251907,0.22286779383912894
2024-06-26,739062.9485149324,0.18111574753490658,6.894143519023253,1.6551366382847001,-0.6407137918237938,0.025820965237418,0.0028106678899432773,0.025667535756367234,2024-01-25,2024-06-03,738909.0,739039.0,2.0416419934067855,0.6518797528243379,0.43405677195251907,0.09910064390843999
2024-06-27,739063.4492809322,0.051083477708382855,9.861341501527708,4.71009134548435,-3.570634947957486,-0.01281049860533982,-0.00964572311277632,0.00843023725342687,2024-02-01,2024-06-03,738916.0,739039.0,2.820174879489543,1.4438559767317292,0.43405677195251907,0.19834851067135742
2024-07-30,739096.8334536498,0.7390071584839856,10.633098159235262,0.7932615972299795,-0.016380506065166573,-0.0019185043188806635,-0.0019090671659324173,0.0001900562483122498,2024-02-08,2024-06-03,738923.0,739039.0,1.8624385553790084,0.593407943868629,0.43405677195251907,0.12458985783638223
2024-06-08,739044.560992018,0.9394989226076753,9.593673493877727,0.47259192252787363,-0.004487853067723173,0.0005709016317763432,0.0004959008995950947,0.0002828621058849474,2024-02-15,2024-06-03,738930.0,739039.0,4.619318858835776,0.7698191279063857,0.43405677195251907,0.23146568985116323
2024-06-21,739057.431054295,0.9523431795019133,2.7364311599558433,0.4028298543402651,-0.0004819161609025132,-0.0030181062028109733,-0.00242929503001275,0.00179094687486855,2024-02-23,2024-06-03,738938.0,739039.0,0.8138507607292328,0.05557070688499647,0.43405677195251907,0.07433185997967644
2024-06-05,739041.3594021744,0.4133871831203594,3.439170727897346,0.6114935841020233,-0.06426356783740404,-0.016239286877847935,-0.005417037428461623,-0.015309152288735325,2024-03-01,2024-06-03,738945.0,739039.0,2.0305324293257763,0.475664950116367,0.43405677195251907,0.07458376362319356
2024-07-02,739068.5574734524,0.05210628841861588,9.733018690667972,6.16022891040916,-4.7136791784762915,0.030963278730377842,0.0172010193667962,0.025745864958827292,2024-03-08,2024-06-03,738952.0,739039.0,2.125381771008746,0.8149963424617355,0.43405677195251907,0.10822423930988334
2024-06-06,739042.7554529003,0.9884874278922358,2.99627361463971,0.4699989257462067,-0.0029628598014202413,-0.0022471514647306352,-0.0017513167755587983,0.0014080409287685405,2024-03-15,2024-06-03,738959.0,739039.0,1.4805401125147117,0.4349791455189201,0.43405677195251907,0.05652621256209229
2024-07-08,739074.1041586685,0.12327987085680928,6.997074284504121,2.5254607526821826,-1.3069968985379625,-0.03962793038382806,-0.03793955136784629,0.011443920154915244,2024-03-22,2024-06-03,738966.0,739039.0,1.2525714227594267,0.5810972922735391,0.43405677195251907,0.047819810287655494
2024-06-28,739064.619518233,0.8611824732882798,7.894905837349369,0.6623226314107685,-0.009841736273472708,0.0018085600285416266,0.0009995802914366226,-0.001507225470130453,2024-04-01,2024-06-03,738976.0,739039.0,1.5593300234250833,0.5935906110514095,0.43405677195251907,0.05011264693937466
2024-06-16,739052.958738523,0.7067272388258462,14.014173761038201,0.6847872748711495,-0.024510116184920647,-0.001950141419158938,-0.0019501398240045651,2.4943036464935647e-6,2024-04-08,2024-06-03,738983.0,739039.0,3.594998811654391,0.633816580207013,0.43405677195251907,0.09752485563502271
2024-06-22,739058.1229184739,0.6102919815192837,3.9618090237415724,0.654670417683485,-0.030606451545001176,-0.008445699737120125,-0.0014401801559444454,0.008322002473444402,2024-04-15,2024-06-03,738990.0,739039.0,0.8010564048742729,0.5582406670208157,0.43405677195251907,0.04164312431495504
2024-06-29,739065.8522265293,0.3598054249161858,6.755122297682522,0.8034298545943741,-0.11121904992988892,0.0015476649226695562,0.0010486057974402208,0.0011382849355220874,2023-12-12,2024-06-04,738865.0,739040.0,2.204163454264781,3.8276897774999483,0.40199589387415313,0.30419839072267235
2024-08-13,739110.6531536677,0.30658441541097187,6.5980877402434865,1.3871376014087915,-0.25542485046672814,-0.01030172911306361,-0.00614114482634085,-0.008271152455422965,2023-12-19,2024-06-04,738872.0,739040.0,1.2782339098854303,1.1520862945419568,0.40199589387415313,0.19408812652615362
2024-06-08,739044.0302610289,0.6309278961245034,10.449399921811537,0.4980486844495541,-0.017852746403763674,-0.001174582415222112,-0.0010980469847887496,-0.00041705715357172107,2023-12-27,2024-06-04,738880.0,739040.0,6.16371646345943,0.9177194163281246,0.40199589387415313,0.27096201637650097
2024-07-10,739076.8897432607,0.7189959714480928,7.224245154580159,0.6374688932659984,-0.014418875625022245,-0.0014876475593944036,-0.00004890804490661362,-0.0014868433892362468,2024-01-04,2024-06-04,738888.0,739040.0,1.8778458356466485,0.9646401260903967,0.40199589387415313,0.2223855754639411
2024-08-09,739106.9691821221,0.6504277896144698,5.04101664274254,0.870115577206701,-0.026117320538936412,-0.002104352193025066,-0.0010602334788155456,0.0018177467157687538,2024-01-11,2024-06-04,738895.0,739040.0,0.9244198908523554,1.6013680131415708,0.40199589387415313,0.18174994351353888
2024-06-15,739051.6255001223,0.7909987790910487,9.717750956121296,0.5049692922486211,-0.008596824755070743,-0.00021157110923175664,-0.00011509810053603257,0.0001775239744782469,2024-01-19,2024-06-04,738903.0,739040.0,3.9411621881847716,3.3074383599879806,0.40199589387415313,0.26150767180034057
2024-07-09,739075.4073371734,0.3444058832579156,2.838856512646121,0.7526439108625615,-0.09761020141249924,-0.01651287956419715,-0.00967686802504085,-0.013380336943725368,2024-01-26,2024-06-04,738910.0,739040.0,0.6964739398622629,0.7171326818697508,0.40199589387415313,0.1905732488090099
2024-06-23,739059.4620594746,0.9615129362141335,2.375789899851765,0.5141788141478135,-0.003226257555973217,0.0012728976087256706,0.0009488526562846847,0.0008484968821162683,2024-02-02,2024-06-04,738917.0,739040.0,0.7526864289991568,1.0257763077508848,0.40199589387415313,0.17960405321568987
2024-07-17,739083.7727459765,0.4057097546044567,10.277093271342611,1.043451397835007,-0.12235820204512256,0.007192315040551778,0.0071918853755642345,-0.00007861543927639589,2024-02-09,2024-06-04,738924.0,739040.0,2.1177435032839083,0.6715982195591937,0.40199589387415313,0.16226364628475207
2024-06-29,739065.7746941268,0.2476076167680426,11.48711126863529,1.2045479432564137,-0.32073341116094334,-0.002727477866353077,-0.0007477235103732738,-0.0026229839998522693,2024-02-16,2024-06-04,738931.0,739040.0,3.0242795986530595,2.5347558878520595,0.40199589387415313,0.21360454549724472
2024-07-19,739085.2680630231,0.5929039978014189,5.221180630488082,0.5840825471486241,-0.01866833854717239,-0.00706948237523655,-0.00510051014718247,0.004895138128007101,2024-02-26,2024-06-04,738941.0,739040.0,0.9631612879984274,0.2998704784247748,0.40199589387415313,0.0683276979300446
2024-06-08,739044.9110724293,0.9574611369053836,2.6622622722310414,0.45042974273992104,-0.002254001819312602,0.0029154923911737466,0.0005065641446990243,0.0028711476190362213,2024-03-04,2024-06-04,738948.0,739040.0,1.2636375070217571,0.27804344915196433,0.40199589387415313,0.060746359793873494
2024-06-13,739049.985595063,0.1736127268112724,11.363102542514046,1.340026583712424,-0.5361229834434473,-0.0081905402124884,-0.001858767183163429,-0.007976837313822073,2024-03-11,2024-06-04,738955.0,739040.0,4.07378032946085,1.000084073848357,0.40199589387415313,0.17128271108844792
2024-06-15,739051.2446507202,0.3668861479721544,5.18817825205919,0.8135482800079737,-0.12172548631917575,0.013748832002940803,0.010855270137192006,-0.008437623580942485,2024-03-18,2024-06-04,738962.0,739040.0,1.7104785933676436,0.6260833279899086,0.40199589387415313,0.09208510376346773
2024-06-29,739065.338445203,0.2688973135989848,3.8735802595268183,0.5235204013726577,-0.06043166648761951,0.04156136435145276,0.0023827637533005925,0.0414930047556231,2024-03-25,2024-06-04,738969.0,739040.0,0.8233625345707948,0.10093660180398199,0.40199589387415313,0.05645799919226278
2024-06-16,739052.954794545,0.3100804530948436,10.984068238052874,1.004511321252789,-0.21136390040248781,-0.007512748848180892,-0.005827723508321715,-0.0047412059611872765,2024-04-02,2024-06-04,738977.0,739040.0,3.0919378280177616,0.794224192381143,0.40199589387415313,0.14142485438540287
2024-06-15,739051.1942617722,0.32508180564722805,2.285467560477087,0.6077779692861949,-0.08831200204598658,0.03794539457950038,0.018408733074286247,0.03318089083182753,2024-04-09,2024-06-04,738984.0,739040.0,0.6518961352117176,0.33103831224182234,0.40199589387415313,0.058272812380470274
2024-06-13,739049.82578541,0.3754070776854398,8.236414606651492,0.7411122799773359,-0.0985161381526911,-0.01475879517749369,-0.0026939361278310696,-0.01451084915607552,2024-04-16,2024-06-04,738991.0,739040.0,2.3458868942309943,0.30424309443070024,0.40199589387415313,0.10292243776109346
2024-08-30,739127.0587089271,0.7009539255200753,14.070696684292843,0.7308486897884368,-0.014154615352193867,-0.0010803243509396483,-0.0010674318674653432,0.00016640285920807438,2023-12-13,2024-06-05,738866.0,739041.0,2.4851203301991194,0.6527062595348361,0.4123676376709349,0.29603208931363717
2024-06-28,739064.9273077301,0.3917005318245349,6.460741519138605,0.7861221917725907,-0.09449799260287237,0.00333527129454051,0.0032651120752991416,0.0006804981586467819,2023-12-20,2024-06-05,738873.0,739041.0,2.140934158138193,1.7177628750511116,0.4123676376709349,0.2711785588239311
2024-07-18,739084.5140574676,0.5956967418338769,5.010467955622745,0.7596244462409184,-0.031833096533071516,0.0030003160864709977,0.001029837907939821,0.002818036639596223,2023-12-28,2024-06-05,738881.0,739041.0,1.2301727864418697,1.2614173830050688,0.4123676376709349,0.1803650876182638
2024-07-09,739075.9770559486,0.21391113796626665,6.293134448306532,1.5690251240995148,-0.5029922975328979,0.019887992900119594,0.01983447586566197,0.0014580221979381257,2024-01-05,2024-06-05,738889.0,739041.0,1.6789479471487019,0.8596798871679084,0.4123676376709349,0.1275815537774769
2024-07-12,739078.892818252,0.1929838170140193,14.331890882248937,1.6163469017642613,-0.5660054142407375,0.001710831761299774,0.0010001475874779544,0.0013880382266832983,2024-01-12,2024-06-05,738896.0,739041.0,3.590596613997522,4.454825329817041,0.4123676376709349,0.23801508159102855
2024-06-24,739060.9292874637,0.4365689671672385,13.423590916091161,0.7455899757787264,-0.0736617228054819,-0.002393739773836401,-0.00005274547042301965,0.0023931585865120146,2024-01-22,2024-06-05,738906.0,739041.0,4.381346282321123,1.000804129596534,0.4123676376709349,0.22568047460594406
2024-06-14,739050.2022247815,0.363683777698989,3.9075756716086385,0.8158244776518053,-0.12540412592238043,0.010197412387109516,0.009979311499406427,0.002097751508303411,2024-01-29,2024-06-05,738913.0,739041.0,1.6804074003067269,1.1445595022759079,0.4123676376709349,0.15092793074293648
2024-07-23,739089.9804640206,0.25867276239227227,12.532703267070234,1.4365654649435233,-0.35378558150342543,0.0047236579055643544,0.0007789738550669097,-0.004658985269554181,2024-02-05,2024-06-05,738920.0,739041.0,2.4818568157383143,1.5458510145620203,0.4123676376709349,0.222797498047061
2024-07-24,739090.6153431296,0.0928974929930433,6.606722111104519,3.349383561501427,-2.0060821780384512,-0.0402786080450179,-0.03636988257904402,0.017308896765268752,2024-02-12,2024-06-05,738927.0,739041.0,1.25465984109597,0.7003130508038701,0.4123676376709349,0.08808695047825106
2024-07-20,739086.1566926361,0.5589685248909128,2.148741367498096,-1.2077014111748652,0.1443258806852585,0.05703624971894958,0.011778377841623952,0.05580684185135654,2024-02-20,2024-06-05,738935.0,739041.0,0.4131762779181489,0.6582584810712507,0.4123676376709349,0.09975557111893872
2024-07-02,739068.8603490366,0.778256336176175,13.368281942135106,0.6119595505639509,-0.011301531162601899,-0.00040787668336390084,-0.00004990940532548115,0.0004048116106190539,2024-02-27,2024-06-05,738942.0,739041.0,3.225234007360038,1.6130784024360432,0.4123676376709349,0.22374584714992762
2024-06-26,739062.0684494629,0.7754638276150507,11.39652587614417,0.6170701314622353,-0.01285159456078849,-0.0007093640938456621,-0.0003551471774195224,0.0006140585477040634,2024-03-05,2024-06-05,738949.0,739041.0,3.0475996972803574,1.2327552983029957,0.4123676376709349,0.17916453045595243
2024-07-11,739077.2924542895,0.5504949353588274,7.97428659976478,0.9079944751121122,-0.055697405044148475,0.00517047417917204,0.0027308658484178727,0.004390464093399434,2024-03-12,2024-06-05,738956.0,739041.0,1.531346274364189,0.7436457076110868,0.4123676376709349,0.06255672570899679
2024-06-30,739066.4755326151,0.7441635163048613,3.954540146694285,0.4389976223894851,-0.0038690623560023864,-0.0056224270090620915,-0.0014719431005574617,0.0054263310791871295,2024-03-19,2024-06-05,738963.0,739041.0,0.8821559820552475,0.12949538418808804,0.4123676376709349,0.05859084848008826
2024-07-06,739072.0372651059,0.06488007778448536,12.84234372839219,4.8672385085436,-3.4741502610399677,-0.020057343985540814,-0.018861082761562963,0.006823240052627691,2024-03-26,2024-06-05,738970.0,739041.0,2.4325733402350735,0.8750688967319201,0.4123676376709349,0.14606087635944803
2024-07-01,739067.4709057526,0.07925449570722033,3.5322470147773823,0.9251206250340361,-0.4346467718720505,0.09531444589930683,0.08694011270349426,0.03906738281732735,2024-04-03,2024-06-05,738978.0,739041.0,0.6846540082619106,0.10231765336545161,0.4123676376709349,0.060240103133967
2024-06-27,739063.1093019492,0.6553420899914107,5.937861826875139,0.6251013032116621,-0.01975684825374826,-0.005830948404738418,-0.005735906185257445,-0.0010484939354363878,2024-04-10,2024-06-05,738985.0,739041.0,1.1927452016101203,0.37395249919038687,0.4123676376709349,0.04470666648556096
2024-06-15,739051.7984404876,0.8082968765694536,3.9839808146432154,0.5204332478719658,-0.008172393018928085,0.004496144368409593,0.0025837216863273935,0.003679632648673347,2024-04-17,2024-06-05,738992.0,739041.0,1.0852605825403971,0.3687760079115419,0.4123676376709349,0.041509563035293864
2024-07-28,739094.068851032,0.8995473277211181,14.209290875059086,0.5483978799484908,-0.004024507212246854,0.0003529210624332332,0.00020262010613248494,0.0002889608431948222,2023-12-14,2024-06-06,738867.0,739042.0,3.3304491436412578,0.7219161293594929,0.40459893222031545,0.3524891123276586
2024-07-06,739072.9745498702,0.6294976640060926,2.634220513782563,0.57695225980002,-0.016686639468938183,-0.004086988968246157,-0.003999539029138355,0.0008409318527471837,2023-12-21,2024-06-06,738874.0,739042.0,0.7798081664583173,0.9756800222944839,0.40459893222031545,0.209809201818697
2024-08-04,739101.4838049826,0.09811501168658146,5.053719090473525,3.271597574138631,-1.887758211559012,-0.023737649722177113,-0.021639160578886405,0.009758214169300842,2023-12-29,2024-06-06,738882.0,739042.0,1.0501052785763314,1.5439492215668937,0.40459893222031545,0.20052149416556744
2024-07-12,739078.9859470794,0.7872325334893808,9.509541153052922,0.5729814077119091,-0.008452804944809883,-0.00031440029719833934,-0.0001300917140288113,0.0002862231521373665,2024-01-08,2024-06-06,738892.0,739042.0,2.4526044122537995,2.2256730696107496,0.40459893222031545,0.2875109786154196
2024-06-15,739051.4885967436,0.9541346942611053,5.809433817705452,0.48437139480965535,-0.004036987724629272,-0.0007820749498545001,-0.0006682522411000925,0.00040630059002495013,2024-01-16,2024-06-06,738900.0,739042.0,2.5615302800602624,0.8477834472036273,0.40459893222031545,0.20868483472361074
2024-08-04,739101.2401634192,0.11659301875014164,11.370311603521474,3.156067260373757,-1.6650811476409528,0.023794842551861945,0.020999184243155194,0.011190567152290476,2024-01-23,2024-06-06,738907.0,739042.0,2.1489410789931047,0.7175509577255097,0.40459893222031545,0.1595724639618203
2024-07-23,739089.3737734141,0.6472298362703889,4.029561231448586,0.6893818710668665,-0.02016209872464353,-0.0025568277445287015,-0.0024936708510895924,-0.0005647776567976408,2024-01-30,2024-06-06,738914.0,739042.0,0.8393981828914454,1.2665870301695044,0.40459893222031545,0.19545497495208738
2024-07-25,739091.0042738538,0.213718777888186,14.471924658457437,1.6919678836969818,-0.5300182361443809,-0.0027275855910005465,-0.00268566828123233,-0.00047634970286164973,2024-02-06,2024-06-06,738921.0,739042.0,2.865084927400584,2.869649229276084,0.40459893222031545,0.2340311144694464
2024-06-11,739047.862419601,0.8275224813186468,7.340729379654179,0.5059798270966758,-0.008191160392815163,-0.0013449804604073348,-0.0009873859405038546,0.0009132586946604148,2024-02-13,2024-06-06,738928.0,739042.0,3.525715237760805,0.6865466340043421,0.40459893222031545,0.19719373426791065
2024-06-09,739045.0283064776,0.36190117993790755,14.835526939264833,0.6638256741111608,-0.09470483054279533,0.005336024832344128,0.0008633693013577028,-0.005265714999965939,2024-02-21,2024-06-06,738936.0,739042.0,8.461417421735797,0.432953556873118,0.40459893222031545,0.23091638910183093
2024-07-07,739073.8303704665,0.5463341108745104,4.759124736740434,0.6071603110225096,-0.027071533174963566,0.008962841493930729,0.008199916179525101,-0.003618549750119362,2024-02-28,2024-06-06,738943.0,739042.0,1.0706243315014947,0.34673554543512425,0.40459893222031545,0.06421883892124274
2024-06-07,739043.2007235843,0.9997333618573896,9.613131287698042,0.47425772916607634,-0.003937738506988435,0.00024582898825273384,0.000037149296183666067,-0.00024300580498914202,2024-03-06,2024-06-06,738950.0,739042.0,6.658203106638681,1.665839249214545,0.40459893222031545,0.1862723125701032
2024-06-07,739043.2844719621,0.27793923789439884,11.368102996922552,0.7404913399177803,-0.1620352125802886,-0.0039059728291938774,-0.003545736933398053,0.0016384057316604426,2024-03-13,2024-06-06,738957.0,739042.0,7.612228427429762,1.0142430675704048,0.40459893222031545,0.25141710700289854
2024-07-05,739071.6159909787,0.3716272828894159,13.54352235792829,1.1346006823813677,-0.17436633800615486,0.006929384379926886,0.005052832287447768,-0.004741861845277662,2024-03-20,2024-06-06,738964.0,739042.0,2.781168131096904,0.690468634626372,0.40459893222031545,0.13576069479208236
2024-06-28,739064.3583673222,0.4625787845947532,6.377673911015192,0.7754951113766607,-0.06732245667717615,0.011837130609231033,0.007123101722844885,-0.009454051137263771,2024-03-27,2024-06-06,738971.0,739042.0,1.4507383257148734,0.4125123132712142,0.40459893222031545,0.056363767507665544
2024-06-26,739062.4919751653,0.2689801866755131,8.821873425650283,1.075661220403627,-0.2562580130191004,-0.015022836917580584,-0.014094032510759781,0.0052003727402820275,2024-04-04,2024-06-06,738979.0,739042.0,1.9722857822459487,0.5200977440221329,0.40459893222031545,0.1425238421138453
2024-06-30,739066.3284483665,0.6185985549502572,5.990714520633287,0.6492518686973302,-0.02433163176167508,-0.006674318836439488,-0.004729438210583113,-0.0047094528496129315,2024-04-11,2024-06-06,738986.0,739042.0,1.1388767127443487,0.37643895801233623,0.40459893222031545,0.044230235112232896
2024-06-23,739059.4295543791,0.31607302757230543,13.965911690269877,0.864404711345013,-0.15086247620942597,-0.011822796104349845,-0.0034102515855871547,-0.011320277905070624,2024-04-18,2024-06-06,738993.0,739042.0,2.9739752111962847,0.28878802248904345,0.40459893222031545,0.1291185364810408
2024-07-19,739085.3871163493,0.5130712613603338,4.518699376554524,0.7779795557540966,-0.04785477156744156,0.004233781362834757,0.003274481877928463,-0.0026837796219892985,2023-12-15,2024-06-07,738868.0,739043.0,1.1757299335373004,1.2833971208523776,0.40633053438459327,0.2013643230982637
2024-06-24,739060.4312304577,0.9716725814475917,4.265110828310609,0.5152448462010519,-0.0036505212794600357,-0.000797371669161141,-0.0007613005090936893,0.00023711413630256946,2023-12-22,2024-06-07,738875.0,739043.0,1.605000579701264,1.0429985643947572,0.40633053438459327,0.2002353173214061
2024-06-26,739062.5874581377,0.011581895267873678,13.031092418787306,17.065474458269772,-15.99350207280831,0.015004979642851354,0.012486456737914547,-0.008320926163268846,2024-01-02,2024-06-07,738886.0,739043.0,4.560492315433974,0.9473423859332509,0.40633053438459327,0.25478482395888785
2024-06-13,739049.0250926991,0.7339599304826113,3.814160002880012,0.5493179991934807,-0.014023179086685895,0.0024599246332678263,0.0023837792219171105,-0.0006073103181357169,2024-01-09,2024-06-07,738893.0,739043.0,1.9753670082196548,1.0969785159711332,0.40633053438459327,0.15664073443534057
2024-07-02,739068.7939968816,0.30082441197074866,3.1927772033198893,0.859200334785015,-0.15526216014746677,0.014432018120182796,0.0104919500734636,-0.009909698818694329,2024-01-17,2024-06-07,738901.0,739043.0,0.9515522900934548,1.0136383218961706,0.40633053438459327,0.19868662468505538
2024-07-15,739081.2322349929,0.4684215220199105,8.824454569400075,0.8788285136413525,-0.0734470782813036,0.005740648843548495,0.004613726037183124,-0.0034159305026234335,2024-01-24,2024-06-07,738908.0,739043.0,2.1220678733198923,0.6791450063727981,0.40633053438459327,0.15576386252734895
2024-07-27,739093.3768624639,0.7625645115642874,9.827718377897092,0.7352240186916741,-0.013420902021031932,0.0017533370888660376,0.0007952397025353616,-0.001562621119371136,2024-01-31,2024-06-07,738915.0,739043.0,1.9776335618189362,0.5939367160263872,0.40633053438459327,0.11908250238948052
2024-06-17,739053.9806779017,0.23241392980265335,4.769000849734399,1.0889645804843444,-0.31793313158685516,-0.01868610286413567,-0.011303805909399799,-0.014879328352169579,2024-02-07,2024-06-07,738922.0,739043.0,1.887292445593264,0.8291857059109051,0.40633053438459327,0.1544516052538995
2024-08-01,739098.4406219604,0.49409207505105146,12.751843862767991,0.9440779829804812,-0.06628152933398095,0.0028197419830067114,0.0023779323794197475,0.001515381948433384,2024-02-14,2024-06-07,738929.0,739043.0,2.2673582716227307,0.9107895762188166,0.40633053438459327,0.21832660442537
2024-07-13,739079.5760983024,0.6002357279185516,6.718788797146933,0.7708801923726072,-0.03348563749427195,-0.004855401379407544,-0.0027907367085974262,0.003973249448302924,2024-02-22,2024-06-07,738937.0,739043.0,1.4548009356934126,0.6161185533799046,0.40633053438459327,0.0629083364363515
2024-06-16,739052.8609271332,0.9932173595391456,13.405539454109594,0.49405096859595315,-0.0036325395386620054,0.0004533443159863879,0.0004370900402597385,-0.00012030530139152676,2024-02-29,2024-06-07,738944.0,739043.0,5.1237199685602395,0.5936660062089791,0.40633053438459327,0.20231373102698536
2024-07-10,739076.9294417745,0.14492129851931138,10.528398427144348,2.28470774972882,-1.0665584772503436,0.014397199510996122,0.011028517759730789,-0.00925479063959469,2024-03-07,2024-06-07,738951.0,739043.0,2.19750776340413,1.0197097082097022,0.40633053438459327,0.17013405250362673
2024-07-06,739072.8025524793,0.7874011823837528,4.322663449936914,0.461808821051075,-0.004063780009035711,-0.004026974478117708,-0.0030868884066913354,-0.0025860478363800648,2024-03-14,2024-06-07,738958.0,739043.0,0.9278142675751375,0.18382134990844287,0.40633053438459327,0.06302105735224346
2024-07-02,739068.9757998171,0.818965504656836,14.359514701080485,0.6714969669216587,-0.012005595045916619,-0.0009465533883371176,-0.0005140696331410829,0.0007947928845017868,2024-03-21,2024-06-07,738965.0,739043.0,3.1698164611734394,0.7233765445304342,0.40633053438459327,0.1352316324145741
2024-07-11,739077.2017634211,0.23886610786420387,4.891977851296328,0.802561188270796,-0.16904365260814072,0.038319608403213884,0.03603131133228304,0.01304365715019189,2024-03-28,2024-06-07,738972.0,739043.0,0.8748174733160924,0.21540107030504574,0.40633053438459327,0.0561260769070267
2024-06-24,739060.8067067851,0.7841587302228306,12.77775213208996,0.6299631913683091,-0.013688916625347538,0.0013646802868757695,0.0013623495131536907,0.0000797250863733266,2024-04-05,2024-06-07,738980.0,739043.0,3.0758532284394278,0.6155845097108817,0.40633053438459327,0.13546124676377858
2024-06-20,739056.1601796477,0.8105748465699858,12.533740924150104,0.5763342821216204,-0.010479472729590118,-0.0022014572617726066,-0.0009425985062694113,-0.0019894527215769714,2024-04-12,2024-06-07,738987.0,739043.0,3.3098426904914127,0.30785171865490607,0.40633053438459327,0.11405637922009229
2024-06-16,739052.7459543156,0.6352377698077144,6.477428280886956,0.5205978060993102,-0.014418380654920937,-0.0066535738209666665,-0.0038580621584739998,-0.005420830284412518,2024-04-19,2024-06-07,738994.0,739043.0,1.8519043244873554,0.21251774868419251,0.40633053438459327,0.086766329140978
2024-07-26,739092.0757018941,0.4470336540711214,9.963737604456242,0.8208019950073315,-0.0683864040447948,-0.0031399911236515794,-0.00002772281204947552,-0.003139868739661391,2023-12-18,2024-06-10,738871.0,739046.0,2.4868480434950997,0.9771456095775507,0.3963326245448918,0.29175837847759983
2024-07-24,739090.9613236503,0.633390896544976,4.019371353466647,0.6736863892707352,-0.02062742848982637,-0.002555726357565387,-0.002293001935363236,-0.0011286626330196702,2023-12-26,2024-06-10,738879.0,739046.0,0.9919239438843681,1.271874975403433,0.3963326245448918,0.21463427379246308
2024-07-14,739080.6538217429,0.5410057933851732,13.576373380377524,0.7225834794110269,-0.03885995580821523,-0.0009169167130473358,-0.000737588449130658,0.0005447013295142222,2024-01-03,2024-06-10,738887.0,739046.0,3.717919732357383,1.688847968424125,0.3963326245448918,0.28128089257508543
2024-08-15,739112.9358276359,0.614283294641507,10.16767818487448,0.8582627376192494,-0.030224395893782213,-0.002296131487243915,-0.0016843988261720814,0.0015604551903541054,2024-01-10,2024-06-10,738894.0,739046.0,1.9176816331837645,0.7952575262751408,0.3963326245448918,0.1865506659706396
2024-07-24,739090.7106667539,0.009187619991315234,14.888682334945479,31.386858744835138,-29.83062856638015,-0.006539240119268678,-0.0009547546064295609,-0.0064691657096533385,2024-01-18,2024-06-10,738902.0,739046.0,3.4122414546897026,2.815022561098451,0.3963326245448918,0.2529601887881201
2024-07-02,739068.1252186869,0.052578965158082594,11.671880997930996,4.305541048363306,-3.217906099016245,-0.005925888544695653,-0.0006962657024196616,-0.0058848423186852825,2024-01-25,2024-06-10,738909.0,739046.0,3.6650694034432933,2.446194983333174,0.3963326245448918,0.2648801740434533
2024-07-26,739092.5847783876,0.46167762977652516,6.9777096016547615,1.0036288317941722,-0.08695424019611235,-0.00651654673630222,-0.003017421012508911,-0.005775859399230631,2024-02-01,2024-06-10,738916.0,739046.0,1.4798207786623656,0.8828749423398928,0.3963326245448918,0.11992499599439709
2024-06-14,739050.6658110063,0.03262376779699206,2.8060944064926048,3.2776064352320478,-2.6148638104848683,-0.07492971753250217,-0.07138547323845568,0.022772280957828805,2024-02-08,2024-06-10,738923.0,739046.0,1.4778808838531365,0.4057203750999689,0.3963326245448918,0.12851825040807402
2024-07-09,739075.7254234564,0.33447456611173815,9.35280675599427,1.0330760998047297,-0.17390326908318543,0.008364055124121968,0.004311323907015252,0.007167280117879423,2024-02-15,2024-06-10,738930.0,739046.0,2.366372671278563,0.7435531151674236,0.3963326245448918,0.19760554646532338
2024-06-28,739064.8969695222,0.10234296265522172,6.339744477808861,2.3877673564855764,-1.3709886718889015,0.03590238239788558,0.023030075402120334,-0.027542634021034677,2024-02-23,2024-06-10,738938.0,739046.0,1.9215164757943224,0.6164485407709134,0.3963326245448918,0.13862180730469903
2024-07-30,739096.1484664151,0.2681166387547734,13.7711594241707,1.5311596484663166,-0.36389727687497214,-0.005463589863832532,-0.0012477006573887491,-0.005319215851018385,2024-03-01,2024-06-10,738945.0,739046.0,2.4181000922545834,1.2967431879896483,0.3963326245448918,0.21001394859956865
2024-06-26,739062.0473316744,0.3869105346700584,7.13258110672856,0.8659506013262283,-0.1178477286069146,-0.007313131371020318,-0.003670902956011787,0.006325058255648358,2024-03-08,2024-06-10,738952.0,739046.0,2.1856498860949696,0.8741413757322709,0.3963326245448918,0.16254612751946054
2024-06-18,739054.8005128795,0.9157943411459062,10.641837770217265,0.5490071078600546,-0.006653471054839336,-0.0007467423753179558,-0.0007423717712466807,0.0000806742111927265,2024-03-15,2024-06-10,738959.0,739046.0,4.043640267078256,0.7667588486228543,0.3963326245448918,0.14680567841401782
2024-07-18,739084.1856933042,0.3868675945415677,12.422448241786842,1.1504916030445582,-0.15617888238751704,-0.004604319563964138,-0.003299319014130397,0.003211581026550714,2024-03-22,2024-06-10,738966.0,739046.0,2.2337132082581377,1.0563601500307434,0.3963326245448918,0.16408292598904609
2024-07-02,739068.5771060864,0.8666448888998357,11.221412055753296,0.6357529336316645,-0.008875163332722527,0.0010675149525863324,0.00028705500772474097,0.0010281962830780646,2024-04-01,2024-06-10,738976.0,739046.0,2.5201542481402734,0.6420902234186943,0.3963326245448918,0.12904855464650536
2024-07-09,739075.5560501221,0.608175357191325,14.03769831380687,0.7823667242473219,-0.03513741618021696,-0.0034805349459300656,-0.0013392054530610657,0.0032125771997466323,2024-04-08,2024-06-10,738983.0,739046.0,2.550361962759518,0.43737780245207647,0.3963326245448918,0.13530837056520956
2024-07-03,739069.8076444585,0.5415084021735707,6.231539056041022,0.6821869690839026,-0.03601962893540542,0.009339785913548615,0.004816166387306252,-0.008002258571222417,2024-04-15,2024-06-10,738990.0,739046.0,1.1996698498703906,0.3351291394937223,0.3963326245448918,0.049018285419047125
2024-06-16,739052.6688290009,0.5862819766635444,13.95180663025149,0.5225658122238269,-0.01791936929970101,-0.006019007964746672,-0.0038435986091209682,0.004631976534013017,2024-04-22,2024-06-10,738997.0,739046.0,4.71184575386958,0.1251047781049378,0.3963326245448918,0.1191978742824849
2024-07-23,739089.0161814283,0.16090780293594434,7.392464836932286,1.9389853321382007,-0.7976415810732614,0.017253972182535052,0.017235780218695852,0.0007921087857776452,2023-12-19,2024-06-11,738872.0,739047.0,1.931793168334971,1.0062514742717237,0.3884378466978837,0.23858743490119522
2024-08-30,739127.5190984089,0.5122033796055762,13.973567635953081,0.9309951239842004,-0.052066748228245495,-0.0025163270548173096,-0.0021425907921633776,0.0013195478559500085,2023-12-27,2024-06-11,738880.0,739047.0,2.497494922413241,0.7584527082136762,0.3884378466978837,0.26701685876672215
2024-06-20,739056.3815609943,0.08257153168962118,6.512594447110052,2.217476640791009,-1.3913728919769868,0.020895849627498075,0.011220285933236701,-0.017627867574707447,2024-01-04,2024-06-11,738888.0,739047.0,2.9929131797267425,0.8442281119969697,0.3884378466978837,0.27559305719974814
2024-07-21,739087.8888718062,0.044216378534019725,10.913562978368343,6.133960547375401,-4.792207526747766,-0.01972054151303696,-0.01852638976820588,0.006758153573568047,2024-01-11,2024-06-11,738895.0,739047.0,2.6944507201586925,0.9845400587941914,0.3884378466978837,0.24037509148706554
2024-06-13,739049.8938550149,0.764809352543339,3.3485568066267843,0.5289449985089506,-0.011236804201874657,-0.0018014260133382416,-0.0009525422390411025,-0.0015289862538212285,2024-01-19,2024-06-11,738903.0,739047.0,2.09291723605152,1.4246950087659382,0.3884378466978837,0.18923191134204867
2024-07-30,739096.6560236636,0.4512379031635879,7.101716435331833,1.029222409627476,-0.09281398614600764,0.006490483407221301,0.002653933839603974,-0.005923091256634489,2024-01-26,2024-06-11,738910.0,739047.0,1.4966488386464776,0.9086123303524225,0.3884378466978837,0.1345127888026226
2024-08-04,739101.5995038439,0.5013038161733755,10.672600687342545,0.9954599784730874,-0.06844210321724988,-0.0056847515866079775,-0.005305667320234195,-0.002041150383592747,2024-02-02,2024-06-11,738917.0,739047.0,2.0691696308301757,0.5655130161298408,0.3884378466978837,0.1251152540016099
2024-08-10,739107.1273752638,0.6900824510154836,13.979417937125307,0.7626518871402581,-0.01817980345690089,0.0007452691507867248,0.00012342519148982457,0.0007349777746436052,2024-02-09,2024-06-11,738924.0,739047.0,2.4779010476486603,1.2041703607519145,0.3884378466978837,0.25194907115444976
2024-07-11,739077.579002835,0.7907119207817042,4.789105550438505,0.5493840678936289,-0.007234515952638963,0.0025550848403460176,0.0025489677731017433,-0.0001766970091845798,2024-02-16,2024-06-11,738931.0,739047.0,1.1945740742473003,0.4674853771669229,0.3884378466978837,0.0905854085078656
2024-06-16,739052.4930202727,0.3541631925242457,14.31306853979824,0.7169641835486036,-0.10611355985404972,-0.006423352641956305,-0.0041642757575306825,-0.00489063048881934,2024-02-26,2024-06-11,738941.0,739047.0,6.857868752965987,0.40877073108623063,0.3884378466978837,0.24685206844342314
2024-06-13,739049.0475284809,0.1122921444362353,11.776101723926367,1.2664443621381782,-0.638282637905053,0.016806803394144008,0.010407639696054412,-0.013196578203705801,2024-03-04,2024-06-11,738948.0,739047.0,7.307522911600554,0.362139367385362,0.3884378466978837,0.32577233181881937
2024-06-12,739048.4166446817,0.7044292194805118,9.057907619204514,0.5391818021936853,-0.01655881727419608,-0.0015162017405956163,-0.0005171753991820508,0.001425270965348717,2024-03-11,2024-06-11,738955.0,739047.0,6.038588007625706,0.8493404303634418,0.3884378466978837,0.19531827202960017
2024-06-27,739063.3854560968,0.42870320744195534,4.891854754159327,0.6919642740570334,-0.06313361638650225,0.015128681119189564,0.011461870522208517,-0.009874336258111238,2024-03-18,2024-06-11,738962.0,739047.0,1.4189584852755648,0.3657150030450223,0.3884378466978837,0.06697232823326696
2024-07-17,739083.0137619154,0.9601883663510644,3.561134546730404,0.11212151731081468,0.004685992460186753,0.003892427268943308,0.0022361874622146096,0.0031859779782427316,2024-03-25,2024-06-11,738969.0,739047.0,0.6531584568164869,0.32460046402731446,0.3884378466978837,0.06404075982065408
2024-06-30,739066.7171924858,0.6858516571716994,10.56124299351135,0.6598017829109165,-0.020612321558217853,-0.002664736841099357,-0.0005761164012178592,-0.0026017133440408005,2024-04-02,2024-06-11,738977.0,739047.0,2.5468123327123457,0.5023284087650802,0.3884378466978837,0.14829647440676968
2024-07-05,739071.2210796785,0.720133128809615,5.831727548081481,0.5634090710801302,-0.01054764791923128,-0.004636797379907164,-0.004061253102066937,-0.0022374345092685097,2024-04-09,2024-06-11,738984.0,739047.0,1.1891646515775425,0.2809008612353114,0.3884378466978837,0.04832728828548395
2024-07-04,739070.9311020331,0.5584565432368401,9.51569433243884,0.6252067793046209,-0.027558566662885028,0.0064838272063863596,0.006410572131553583,0.0009718951529997947,2024-04-16,2024-06-11,738991.0,739047.0,1.8264294940474608,0.24944459286302753,0.3884378466978837,0.12403546926157455
2024-06-12,739048.627323005,0.5272045442416476,9.342095682587766,0.48800707523099957,-0.01638478989667797,-0.008540743240702732,-0.0014544809325723908,0.008415983621680397,2024-04-23,2024-06-11,738998.0,739047.0,5.111096816206147,0.10826299686872987,0.3884378466978837,0.11677220553165686
2024-08-14,739111.1443143378,0.5428162382684004,12.553164561048867,0.8130941400777173,-0.03927595579843838,0.0022468411847435575,0.0022088835417606828,0.0004112527305667591,2023-12-20,2024-06-12,738873.0,739048.0,2.652118029930718,0.7558819862877877,0.4327938797619385,0.27980733916997697
2024-06-17,739053.8171227707,0.4129017436122734,2.255661867080712,0.5642226841040849,-0.048199680656241285,0.013540503296341619,0.007859118585443711,0.011026308746728046,2023-12-28,2024-06-12,738881.0,739048.0,1.2175218184860823,0.6516014960675424,0.4327938797619385,0.19823050555849825
2024-08-03,739100.776305278,0.8267260976471693,8.17487740404512,0.6752591721001305,-0.00809971988736564,-0.0009815573944575071,-0.00017213259633858433,-0.0009663463602104307,2024-01-05,2024-06-12,738889.0,739048.0,1.807798411363383,0.8345160616732326,0.4327938797619385,0.19238227772249109
2024-07-28,739094.7187870918,0.9392379563693918,13.615293591156954,0.5703166649417211,-0.0036241585536459864,-0.00010239718677963504,-0.00008123322608481705,-0.00006234057138201786,2024-01-12,2024-06-12,738896.0,739048.0,3.1371769210993317,2.4415621770333504,0.4327938797619385,0.3026087298563787
2024-06-28,739064.7502342779,0.7552667572905003,7.420753261300483,0.5643847225237394,-0.011280768555383154,-0.0014490984232754815,-0.0005794368727088017,-0.0013282090012061095,2024-01-22,2024-06-12,738906.0,739048.0,2.6560858280625985,0.7923064352141675,0.4327938797619385,0.20829363172780274
2024-06-15,739051.3959126548,0.17214935878196871,4.407035414583703,1.1222900212437246,-0.43217964686790344,-0.015682820363153976,-0.012956070574060508,0.008836916307339366,2024-01-29,2024-06-12,738913.0,739048.0,2.600478189973524,1.0764627629858008,0.4327938797619385,0.3134558334414914
2024-08-08,739105.0903217987,0.6864797230332124,5.754900129016003,0.7027378532187689,-0.0160336709118896,0.0021317451627088503,0.002038499217366721,-0.0006235851020733652,2024-02-05,2024-06-12,738920.0,739048.0,1.0773145891045584,0.8971965643506565,0.4327938797619385,0.1760401063004064
2024-07-08,739074.4863549278,0.3317013098609752,12.49619116910669,0.9528175078359258,-0.15726923764044126,-0.0002995015007066319,-0.00018891483610539522,-0.00023240553699255167,2024-02-12,2024-06-12,738927.0,739048.0,3.4150328880129175,13.938444326013236,0.4327938797619385,0.2599909276778319
2024-06-16,739052.8758616443,0.600538379897606,8.016696476517957,0.5678729974394596,-0.02543355713991533,0.002544259421249979,0.0018901893911391085,-0.0017030678401767927,2024-02-20,2024-06-12,738935.0,739048.0,4.064159234702744,0.7488434589663818,0.4327938797619385,0.23444230008268513
2024-07-07,739073.8924834522,0.44769613664913577,7.077559515109263,0.8644051587772756,-0.08317331602767793,-0.008569737540274602,-0.008569552986847027,-0.00005624157548459714,2024-02-27,2024-06-12,738942.0,739048.0,1.8338644342209875,0.613926403945618,0.4327938797619385,0.1154712075544442
2024-06-19,739055.3064135221,0.01342197276126567,5.751492769697927,10.417181469323138,-9.606062850096592,-0.04432645136910673,-0.03295019497709324,0.029649939999084704,2024-03-05,2024-06-12,738949.0,739048.0,2.4509928512250507,0.505729438044404,0.4327938797619385,0.24555078573041186
2024-07-23,739089.8455880906,0.13246569131001198,12.045589956478088,2.688599910408321,-1.3275234700346457,0.013412666289680691,0.002700326039841168,0.013138030913226401,2024-03-12,2024-06-12,738956.0,739048.0,2.2290306649743608,1.088434812037221,0.4327938797619385,0.19705746621852768
2024-07-23,739089.7733164472,0.7439393869008059,10.162817386629357,0.7782805850155886,-0.017182199119978387,0.001807599621917548,0.0014028812646067837,-0.0011398862007111652,2024-03-19,2024-06-12,738963.0,739048.0,1.7956144988433873,0.6958248527926836,0.4327938797619385,0.11390175196459798
2024-07-07,739073.1142280874,0.7775524129924312,4.223316419412238,0.4456865572140213,-0.0032646859474992134,-0.004427952855009762,-0.004356068976425071,-0.0007946254204442081,2024-03-26,2024-06-12,738970.0,739048.0,0.9493630737758597,0.13574207204152453,0.4327938797619385,0.06321661391862911
2024-06-12,739048.3104633066,0.7645240822950521,7.978709090942395,0.5057565483521544,-0.010556512264794326,-0.003115813275381658,-0.002551925021833067,-0.0017877279015518204,2024-04-03,2024-06-12,738978.0,739048.0,6.885906919490363,0.32464414347218223,0.4327938797619385,0.1544925681794087
2024-06-29,739065.8183800088,0.25979400038366346,11.024818031179448,0.9575278145227587,-0.21890138423673633,0.01717015453490305,0.016419525176038927,-0.005021294628467404,2024-04-10,2024-06-12,738985.0,739048.0,2.6529914944901596,0.30042217867110005,0.4327938797619385,0.17641904372910208
2024-06-17,739053.7187342574,0.7149805044109868,11.315000747255311,0.5194703415932109,-0.011279542292076818,0.0039041464154662654,0.0005255527246885105,-0.0038686113228095917,2024-04-17,2024-06-12,738992.0,739048.0,4.2839062216450525,0.18255973364838313,0.4327938797619385,0.13322194383963185
2024-06-27,739063.0103550729,0.20697487866410175,14.268461942795994,0.7534920499187537,-0.16642377645257725,0.0160333446600739,0.011677156040537817,-0.010986908928067595,2024-04-24,2024-06-12,738999.0,739048.0,3.2934912007752573,0.15056766647857814,0.4327938797619385,0.12510581051223668
2024-07-05,739071.0515723998,0.20086893247682408,11.93110200000693,1.2763332841916373,-0.41896158903397895,0.00535685536102574,0.005356839465188818,-0.000013050024742746523,2023-12-21,2024-06-13,738874.0,739049.0,4.158732452095497,1.316729303468416,0.4327938797619385,0.29659560148432557
2024-07-17,739083.4853263792,0.8933598186161398,6.141426176444305,0.5939909306472074,-0.005444236369230358,0.000840790862220338,0.0008320203784562949,0.00012112540537254397,2023-12-29,2024-06-13,738882.0,739049.0,1.7253571836178847,0.9419029748799731,0.4327938797619385,0.20270342634332605
2024-06-28,739064.9446022969,0.7380686609967654,8.273250307704526,0.5358645038461697,-0.010651986780009238,0.00042046437744751823,0.00001088664675815729,0.00042032341550845296,2024-01-08,2024-06-13,738892.0,739049.0,3.138884942051131,2.260070634324546,0.4327938797619385,0.2873029133178374
2024-07-03,739069.2014540436,0.20869772165354644,2.73500955442888,0.8652193991337245,-0.2329124488343968,-0.032366382793699404,-0.02667216292530692,-0.01833517003014054,2024-01-16,2024-06-13,738900.0,739049.0,0.9251378872312132,0.5491075251644483,0.4327938797619385,0.20272453692688172
2024-07-12,739078.8623846854,0.6336274251039208,2.258198317188006,0.36424508920554804,-0.0011943419026075605,-0.008884802548453788,-0.001300268414457772,0.008789142072772194,2024-01-23,2024-06-13,738907.0,739049.0,0.6289899267387427,0.0377183577838881,0.4327938797619385,0.21966007555701741
2024-08-17,739114.2514098656,0.28911233065324066,9.460374301802112,1.6868077127528613,-0.3535462304234334,0.016279734135103537,0.004936608182596319,-0.015513208667492957,2024-01-30,2024-06-13,738914.0,739049.0,1.6883416457680493,0.6636776582429486,0.4327938797619385,0.0875115264061236
2024-06-25,739061.6389765649,0.53568071743098,8.52454364527739,0.6425155079345314,-0.03839238692215098,-0.0031304790188143947,-0.002409048129496199,0.0019990962950813553,2024-02-06,2024-06-13,738921.0,739049.0,3.2689035900965453,0.7706713094390583,0.4327938797619385,0.2317283583669257
2024-07-02,739068.6429993163,0.6762692612181539,10.81644073226093,0.6034318681971431,-0.01733642321774524,0.000814072446649941,0.00008250470103706196,0.0008098808077127191,2024-02-13,2024-06-13,738928.0,739049.0,3.3887595455125603,1.3314710175264735,0.4327938797619385,0.255930241174712
2024-07-28,739094.7725347606,0.8526258214617937,4.482380531470774,0.4008646033823073,-0.0011591066100050038,0.0026908329770576585,0.002421694853344418,-0.0011730200968892814,2024-02-21,2024-06-13,738936.0,739049.0,0.8873099219932794,0.08193819614318888,0.4327938797619385,0.09504364009994913
2024-06-21,739057.2340730277,0.2710084007138592,2.078715486282108,0.4189733458148756,-0.02293949066513112,0.046589095489321164,0.04651373863709853,0.0026487613166861572,2024-02-28,2024-06-13,738943.0,739049.0,0.8700932176601307,0.06419292924333068,0.4327938797619385,0.12607429536424497
2024-06-16,739052.0918527524,0.4692816745612006,14.02529570735931,0.610267580528516,-0.051012095487114585,-0.0031016496533404657,-0.0027049704539553986,0.0015176842277942258,2024-03-06,2024-06-13,738950.0,739049.0,7.806215021582498,0.5503031415934945,0.4327938797619385,0.24610831732743357
2024-07-20,739086.4539701226,0.6028743491620557,12.959671012500154,0.833164223659849,-0.03732204556444704,0.0019072059082202034,0.0012074611196368848,-0.0014763034989172417,2024-03-13,2024-06-13,738957.0,739049.0,2.5580573011496774,0.9103338344582312,0.4327938797619385,0.17499094158646136
2024-06-21,739057.7505747258,0.4889289864665257,11.199714019001783,0.6811207111450683,-0.055359297101824946,0.002881931755705717,0.0018338566407195413,-0.002223173512309346,2024-03-20,2024-06-13,738964.0,739049.0,4.227207495876044,0.8385823684932638,0.4327938797619385,0.21942822298232897
2024-07-07,739073.8712133507,0.15349214923053459,9.99497868105442,1.697749896479973,-0.7276350221492575,-0.02067408030225677,-0.020550220920797814,-0.0022596496300455837,2024-03-27,2024-06-13,738971.0,739049.0,2.2584944198572843,0.5404950120188087,0.4327938797619385,0.19780767969485713
2024-06-18,739054.0387657812,0.07806298368418621,5.355819357374073,1.4295190426579862,-0.8113536335333076,0.059784208128205577,0.05947251714922496,0.006096822570138,2024-04-04,2024-06-13,738979.0,739049.0,2.302213002989204,0.19780758025291625,0.4327938797619385,0.15141145659469496
2024-06-24,739060.9276292882,0.5886203564906326,14.331420684186856,0.609301508601178,-0.027219758492180415,0.004026725287254447,0.0036749007042582295,0.0016460927534184629,2024-04-11,2024-06-13,738986.0,739049.0,4.191560788149179,0.2776376108504817,0.4327938797619385,0.1750509505501348
2024-07-04,739070.4183401397,0.4952530026139076,10.318416318841452,0.6420993728350646,-0.03758787466759495,-0.007577844809044429,-0.007305053515150972,-0.0020149255794549865,2024-04-18,2024-06-13,738993.0,739049.0,2.11022245340924,0.23807628332385883,0.4327938797619385,0.12525281660184096
2024-06-24,739060.638261546,0.45996833453164154,11.437381417011984,0.5279510481393855,-0.02360852409721139,0.004953321559383049,0.00464183590200932,-0.0017288012984337557,2024-04-25,2024-06-13,739000.0,739049.0,3.0046641967690126,0.19167860750923876,0.4327938797619385,0.0960096219215115
2024-06-29,739065.5467033468,0.10294181300064478,6.057881192752956,2.042788054612537,-1.146877950015845,-0.01580442826285915,-0.007375241513569099,-0.013978045833820549,2023-12-22,2024-06-14,738875.0,739050.0,2.416186158573205,1.2331317348672675,0.4089223284920222,0.2976098490848968
2024-08-01,739098.8604773408,0.361984750222099,7.695743635500331,1.148793180199909,-0.16120672569325367,-0.009082149574568604,-0.004344357955526118,0.007975712811347563,2024-01-02,2024-06-14,738886.0,739050.0,1.8025220815272196,0.8348994788968962,0.4089223284920222,0.17908174669293558
2024-08-21,739118.9165095022,0.4802257145673997,9.25111302104,1.0775377243254172,-0.07824065136086712,-0.005270429469235148,-0.0005185229744801611,-0.005244860409497901,2024-01-09,2024-06-14,738893.0,739050.0,1.7480889083758155,0.7706157415073568,0.4089223284920222,0.1483126469298933
2024-06-28,739064.6059986922,0.9583709131432627,5.2667146977722,0.5380097424100786,-0.004272777476231708,0.0008900730755872683,0.0006398538403942552,0.0006187221854904688,2024-01-17,2024-06-14,738901.0,739050.0,2.0251725273371446,0.8735312435624889,0.4089223284920222,0.1469583825117401
2024-07-01,739067.8082484746,0.9342492040385304,3.0084915944148616,0.4944944132752844,-0.003240722265089982,-0.000998696280377115,-0.00047468730459287095,-0.0008786729899669387,2024-01-24,2024-06-14,738908.0,739050.0,1.050672803469106,1.007679247499477,0.4089223284920222,0.20944137403089308
2024-08-10,739107.9344875221,0.4028039107165179,13.211233588930948,1.0750228742914438,-0.1178671620281449,-0.0038074901527790014,-0.003255422652335963,-0.0019746403769210605,2024-01-31,2024-06-14,738915.0,739050.0,2.5295472226673374,0.9438529661242041,0.4089223284920222,0.23787784952156832
2024-08-01,739098.4227695712,0.057652091179726486,7.190745091207825,5.554302004516737,-4.037205328032559,0.045720714733781566,0.043352657260579616,-0.014523459099489494,2024-02-07,2024-06-14,738922.0,739050.0,1.4796648237697188,0.7079604524676674,0.4089223284920222,0.11561037704252469
2024-07-02,739068.1121320153,0.8312083215758139,3.8737013538469913,0.5061552384843979,-0.005244468946472649,-0.0024147647691940776,-0.00020058869989487927,0.0024064191372276385,2024-02-14,2024-06-14,738929.0,739050.0,1.2568956770900224,0.46602630827252134,0.4089223284920222,0.1054843717393952
2024-08-02,739099.8360045317,0.7929652049407896,4.881633633346298,0.4232454408823844,-0.0021800078879775048,-0.003277850993347644,-0.0002234891075090113,0.003270223196268871,2024-02-22,2024-06-14,738937.0,739050.0,0.9198969395496432,0.10803334079636799,0.4089223284920222,0.09000534251406717
2024-06-21,739057.6502341487,0.45229677680415115,13.754269241766309,0.6525240722915838,-0.05809594034410381,-0.003137250032884853,-0.0029126250737020747,0.0011657413730660833,2024-02-29,2024-06-14,738944.0,739050.0,5.906936036474685,0.6089513876712956,0.4089223284920222,0.25419104162438744
2024-07-27,739093.6958567088,0.4724748727140914,3.741534249610793,0.07427664583169462,0.03349763032679469,-0.023878407086493757,-0.018567244914596878,0.015014517683551871,2024-03-07,2024-06-14,738951.0,739050.0,0.7047324170042477,0.17714860029534968,0.4089223284920222,0.08855051457147826
2024-07-15,739081.8553602082,0.2503967322272103,10.840339017628695,1.3762112712553722,-0.3641647621612458,-0.007994594290899323,-0.00029449489827201907,0.007989168331620748,2024-03-14,2024-06-14,738958.0,739050.0,2.3427912307834995,1.0521733147594439,0.4089223284920222,0.21245666811980632
2024-07-14,739080.906885136,0.6206461110754514,13.77434502721474,0.7840172124048005,-0.0329300757333231,-0.002016949910008055,-0.00016847384710258785,0.0020099013663172527,2024-03-21,2024-06-14,738965.0,739050.0,2.897740712322389,0.7356490829325412,0.4089223284920222,0.18064538117820364
2024-07-10,739076.3834712594,0.3278807392694985,12.409161930876824,1.046508679111819,-0.1836360011295929,0.008684335911330034,0.0013511563270741332,0.008578581864190839,2024-03-28,2024-06-14,738972.0,739050.0,2.7162556439704844,0.5587205781261371,0.4089223284920222,0.1985762879477123
2024-06-20,739056.5896026539,0.9428315914627561,9.222070878545846,0.510676521672853,-0.004575083860970793,-0.0014332348372639088,-0.0012958799875861704,-0.0006122557933744441,2024-04-05,2024-06-14,738980.0,739050.0,3.600315165038135,0.3263528227195793,0.4089223284920222,0.13465893789814748
2024-06-23,739059.3227576419,0.6734788630442067,3.3033053688366847,0.5174408955750188,-0.013208230870523844,0.008175549279342768,0.004687364984160185,-0.006698374095572077,2024-04-12,2024-06-14,738987.0,739050.0,1.0770678498591806,0.32938434766855695,0.4089223284920222,0.04934588032019558
2024-06-28,739064.7900061827,0.7128060892979652,9.979857111812047,0.5186777667174284,-0.008907129962186365,0.003687578439758779,0.002046413423963771,0.003067641903416151,2024-04-19,2024-06-14,738994.0,739050.0,2.486974613581151,0.17252164869194658,0.4089223284920222,0.1138281185640525
2024-06-24,739060.0029010812,0.238312546683128,10.193505509972923,0.47919199630248266,-0.028936838756018695,0.010698264786625973,0.010680201705253517,-0.0006214185223029372,2024-04-26,2024-06-14,739001.0,739050.0,2.879197430259651,0.06323551899467171,0.4089223284920222,0.06069296761587871
2024-07-02,739068.4806630637,0.4937060432200241,13.107099517060005,0.6577100962476259,-0.04493538742377852,0.0016182388393177864,0.0015952741616525683,-0.00027165656671663895,2023-12-26,2024-06-17,738879.0,739053.0,5.224943821574158,1.045942274159144,0.4093536418478569,0.30903193211972635
2024-06-20,739056.4537169626,0.45639175504127827,12.24521461805999,0.6130658250479479,-0.05154006519940128,0.001936479262292532,0.0008574342637000134,0.0017363059686363595,2024-01-03,2024-06-17,738887.0,739053.0,7.587265914042886,0.991981337961316,0.4093536418478569,0.3098179976738205
2024-07-07,739073.1952654173,0.5046123360787796,6.2253810203634385,0.7533895964860643,-0.052871752024099244,0.0052181311268037255,0.004336360284166085,-0.0029025629954274805,2024-01-10,2024-06-17,738894.0,739053.0,2.1629443850039305,0.8212977625944967,0.4093536418478569,0.18352566704272993
2024-07-30,739096.7621224744,0.06509373451407764,9.51362005008734,4.807044052841788,-3.3550615494142946,-0.036414956482491226,-0.03130188333472976,-0.018607556403802655,2024-01-18,2024-06-17,738902.0,739053.0,2.260626058510252,0.630396919159344,0.4093536418478569,0.17371480491947675
2024-08-12,739109.7050390075,0.7720188347834542,11.004728062355676,0.7317914999180676,-0.011398809327316083,0.0012349440483772846,0.001182210980486288,-0.0003570210081215482,2024-01-25,2024-06-17,738909.0,739053.0,2.2137946907115142,0.6475313333593393,0.4093536418478569,0.1737372592508222
2024-08-14,739111.0106711751,0.9561076440693357,6.396538003468011,0.6398860779673146,-0.003641162346597946,-0.00048205659404336487,-0.0004618583098201164,0.00013807773720189237,2024-02-01,2024-06-17,738916.0,739053.0,1.2343002684523383,1.1290256820766627,0.4093536418478569,0.18430607714543024
2024-08-06,739103.1367835834,0.07519669166284172,13.896071023129727,4.145571893183217,-2.7194677715995406,0.008840889359740952,0.008636197162586895,0.0018914077403105968,2024-02-08,2024-06-17,738923.0,739053.0,2.8285876312671836,1.664541661619141,0.4093536418478569,0.2667624968262134
2024-08-16,739113.4850078387,0.4387777853766678,5.848345762154693,0.690390649472233,-0.046937587529347555,0.012083103458691685,0.009248318430938795,0.0077762455846896155,2024-02-15,2024-06-17,738930.0,739053.0,1.0329359864576804,0.291443156020534,0.4093536418478569,0.11005363239473169
2024-07-12,739078.8600432432,0.8770310644282193,10.282454800411609,0.5937770808258125,-0.006417738750889266,0.0008092944745905245,0.0006961452153919376,-0.0004127219229574145,2024-02-23,2024-06-17,738938.0,739053.0,2.773984321451383,0.6763844677982644,0.4093536418478569,0.21033347219543094
2024-07-22,739088.7265012653,0.7571288853236078,3.076416150670976,0.050275482617007115,0.01238440904840691,0.009231681861040014,0.00604342014649596,-0.006978611818720252,2024-03-01,2024-06-17,738945.0,739053.0,0.6815700814239902,0.3301559976465857,0.4093536418478569,0.09590667156471828
2024-07-16,739082.7418218979,0.869441770835415,8.047345682845775,0.6362806515212924,-0.007316369542453057,-0.001159271456777971,-0.00040206121089205685,0.0010873164641428603,2024-03-08,2024-06-17,738952.0,739053.0,1.8964053411139354,0.6818648985552926,0.4093536418478569,0.11682210288499131
2024-06-28,739064.9607583913,0.12605653226126726,9.818937333305588,1.6888629582458607,-0.8354280143503933,0.01131861944199553,0.005440946267389229,0.00992508185296738,2024-03-15,2024-06-17,738959.0,739053.0,3.409003344264233,0.9475812172812764,0.4093536418478569,0.2833929494779327
2024-07-24,739090.2915283703,0.17964808857845085,2.472045699822514,-1.213939426798823,0.686710355035226,-0.14338615732397827,-0.14336742266319727,-0.0023178073795721513,2024-03-22,2024-06-17,738966.0,739053.0,0.4736460638212749,0.34804265730758865,0.4093536418478569,0.1064941145007956
2024-06-27,739063.7884394373,0.11994305652266916,7.438228332299297,1.3959588443933404,-0.6628581898908601,-0.03984571281478994,-0.036946469147600636,-0.014921100738354062,2024-04-01,2024-06-17,738976.0,739053.0,2.4818476406669405,0.2682530274646939,0.4093536418478569,0.19746773056653344
2024-06-26,739062.718341141,0.8069153663503972,2.4419413353240924,0.4750212878683483,-0.0065556873922587005,-0.00521002803284524,-0.003288066177732821,0.004041412242506662,2024-04-08,2024-06-17,738983.0,739053.0,0.8179017556228018,0.4157870278493392,0.4093536418478569,0.07234207020429059
2024-07-05,739071.4783018294,0.07021440958952586,3.8677814461247966,3.606253153415799,-2.4878954058907303,-0.08954598729352412,-0.07440561706620777,0.04982256506211652,2024-04-15,2024-06-17,738990.0,739053.0,0.9133552708675509,0.5043712366414913,0.4093536418478569,0.05201888054857743
2024-06-30,739066.6505220174,0.8522859202628481,9.075490877382162,0.4904276734798439,-0.0038400353852635094,-0.002171677365628622,-0.00183346119512098,-0.0011638739735767005,2024-04-22,2024-06-17,738997.0,739053.0,2.3539716844879437,0.16605620589809528,0.4093536418478569,0.10032331847031564
2024-07-10,739076.3600330786,0.43705815937714776,10.356389501294746,0.3957677778289161,0.00494999113191478,-0.005089329920593119,-0.0047819812097487846,0.0017418193793427362,2024-04-29,2024-06-17,739004.0,739053.0,1.8635801191120454,0.04104636211344356,0.4093536418478569,0.01135532197802112
2024-08-03,739100.48729304,0.9750254994750409,2.127701458670279,0.3224888590665643,0.0007670596523238959,0.002116267408058965,0.0001634188201391629,0.0021099483480969228,2023-12-27,2024-06-18,738880.0,739054.0,0.5271386791619596,0.16609779923606716,0.42007645528922843,0.24500301733270088
2024-07-04,739070.5938845461,0.7249799069878039,5.341668680099967,0.6049319934534482,-0.013953307163686037,-0.001927975726759961,-0.0002576616190689592,0.0019106807407398983,2024-01-04,2024-06-18,738888.0,739054.0,2.0388625812579333,0.982255831680327,0.42007645528922843,0.19255269054461369
2024-07-14,739080.3827350516,0.5767942914551959,7.794167283352498,0.697216127036474,-0.03203131008677901,0.002818400954712821,0.0017495865409004566,0.0022095997097723637,2024-01-11,2024-06-18,738895.0,739054.0,2.4185801048128317,0.8410525953539422,0.42007645528922843,0.2201751626299339
2024-08-15,739112.9584809074,0.6826343899191615,9.007608099187735,0.8444250207416288,-0.021569145515846166,-0.0023329293188324215,-0.0022064258047004965,0.00075778913625076,2024-01-19,2024-06-18,738903.0,739054.0,1.8207882106617812,0.7006643807076709,0.42007645528922843,0.11581005808562285
2024-08-15,739112.88249254,0.031804617106745654,2.9254105283760303,-3.5836440399509617,3.3288709576425655,0.18598196767511682,0.1813304521052816,-0.04133472438038481,2024-01-26,2024-06-18,738910.0,739054.0,0.5759779311237083,0.19459401260197934,0.42007645528922843,0.2153435252524245
2024-06-21,739057.8062385838,0.23804185146995344,4.866660068038629,0.9079535007501313,-0.2415235383873466,0.01176320447865701,0.0038338842887845493,-0.011120895236756226,2024-02-02,2024-06-18,738917.0,739054.0,2.796712075792293,1.0042830283917363,0.42007645528922843,0.32165115622968116
2024-07-09,739075.3389561562,0.9794651278248476,3.9658904332336835,0.4926259215094815,-0.0023396028293080472,-0.0010580589484578673,-0.0008063476582348542,0.00068504904384353,2024-02-09,2024-06-18,738924.0,739054.0,1.2364955565893905,0.5461105166291508,0.42007645528922843,0.13737480612412653
2024-07-11,739077.304372675,0.17423119788679722,6.4804590902971535,1.5500780801938183,-0.5917956217948575,0.027240488047499557,0.01602642926728702,0.022027204861411995,2024-02-16,2024-06-18,738931.0,739054.0,1.8947261659516161,0.5840862905675019,0.42007645528922843,0.15283974302483802
2024-06-25,739061.7232578188,0.3152987892513564,8.555673079975122,0.8092330094196577,-0.1440266637120378,-0.007102419362579368,-0.003944957744263082,0.005906070537838256,2024-02-26,2024-06-18,738941.0,739054.0,3.7436120956622396,0.747316739991678,0.42007645528922843,0.28176368526832907
2024-07-23,739089.9958931484,0.21146336329228693,13.80860257278122,1.5673742146396137,-0.495126291644106,-0.0070672774408593085,-0.00577053710780135,-0.004080111752583074,2024-03-04,2024-06-18,738948.0,739054.0,3.016118814169604,1.0728753138486595,0.42007645528922843,0.25298968089073165
2024-07-29,739095.171934282,0.6024268318399065,3.0378437437081853,-0.11033093306995363,0.03311663369608379,0.01865520571148006,0.013998687625147098,-0.012330995292805515,2024-03-11,2024-06-18,738955.0,739054.0,0.5923272256989642,0.35203432995444545,0.42007645528922843,0.10409002694440148
2024-07-11,739077.9675221888,0.17038132873514014,5.948950702101861,1.3836539265186496,-0.5110994087753649,0.0415538227557036,0.01036000837137477,-0.04024165021662848,2024-03-18,2024-06-18,738962.0,739054.0,1.4927425623365884,0.3522702976638986,0.42007645528922843,0.08037797948816158
2024-07-10,739076.7826274798,0.40798693122787755,6.295508315473678,0.7405957249612913,-0.07149357227793554,0.015656256198482144,0.015623069886487718,-0.0010188451670549153,2024-03-25,2024-06-18,738969.0,739054.0,1.5571662392965873,0.2959337709564719,0.42007645528922843,0.07722233025612715
2024-07-20,739086.5654237478,0.08337944560835832,14.318586860470122,3.142036427965754,-1.9665484916758806,0.02043845845538273,0.008835483184756568,-0.01842999785470117,2024-04-02,2024-06-18,738977.0,739054.0,2.764891003478451,0.5602932210456559,0.42007645528922843,0.23382154837862043
2024-06-22,739058.4995693509,0.5183045038826503,5.999491945671491,0.5114803543803002,-0.020886989682267418,-0.011905956077224328,-0.011835714518102239,0.0012913759943482047,2024-04-09,2024-06-18,738984.0,739054.0,2.680080735911176,0.1515591232441575,0.42007645528922843,0.11362581988367389
2024-06-23,739059.7605508022,0.055108993156752786,2.7311419054144443,2.1638866146869145,-1.4934788574743785,-0.08853715537513666,-0.08852861652506135,-0.0012296089133240287,2024-04-16,2024-06-18,738991.0,739054.0,1.0778182092174322,0.34037035304796515,0.42007645528922843,0.09078541347704988
2024-07-05,739071.831763285,0.6436626104883191,12.616688492192305,0.5215249687305819,-0.010481395795794697,0.0035571912519739867,0.0031055823281087034,0.0017346377161987407,2024-04-23,2024-06-18,738998.0,739054.0,2.85299373893643,0.15032278293004211,0.42007645528922843,0.11868517915578776
2024-07-10,739076.2535014093,0.6011994308234293,8.17230438536113,0.40806357043841446,0.0015154830705846093,0.003114391312952638,0.003010898780296478,0.0007961920528390347,2024-04-30,2024-06-18,739005.0,739054.0,1.5136391198624761,0.03579743726777056,0.42007645528922843,0.006107132950669574
2024-08-29,739126.4033542076,0.6375193061501442,7.443728913101176,0.8523140637241867,-0.025103233452383814,-0.0019213669495983575,-0.0017881782021838546,0.0007029008978820663,2023-12-28,2024-06-20,738881.0,739056.0,1.4792980251768433,1.1189795293603235,0.431107538721502,0.20850275598773993
2024-09-01,739129.9744569386,0.27013907836911405,9.217955984313267,1.7624173158876506,-0.39391931149641407,0.013690991363799577,0.0071615951589410936,-0.011668538867530331,2024-01-05,2024-06-20,738889.0,739056.0,1.732582906474552,0.8431894412262587,0.431107538721502,0.16316256829753467
2024-07-06,739072.6259098017,0.34298011589222327,12.079656938110418,0.8593046525238959,-0.13136456297735527,0.001964271027784232,0.0011661723018565105,0.0015806336808303215,2024-01-12,2024-06-20,738896.0,739056.0,4.543093008404408,1.8988521758930006,0.431107538721502,0.30754560480322446
2024-07-15,739081.534200709,0.603048224847165,8.96362348055726,0.6789487470486465,-0.027031658480903005,0.0023252082085596665,0.002319456646946524,0.00016344441284070176,2024-01-22,2024-06-20,738906.0,739056.0,2.75023069152778,0.7821306085483041,0.431107538721502,0.2266114233526968
2024-08-11,739108.3672886145,0.3290541888185257,6.350966236458512,1.1947359833597613,-0.19177168880040724,-0.009929353409500099,-0.009561318181513708,0.0026782930688419157,2024-01-29,2024-06-20,738913.0,739056.0,1.3308022224412104,1.000670608630606,0.431107538721502,0.19458497940482958
2024-07-31,739097.6599824224,0.5040738803983992,9.023317633932884,0.9318403508511934,-0.06361934684398897,0.0059898472217423376,0.0007014080585765709,0.00594863820341919,2024-02-05,2024-06-20,738920.0,739056.0,2.082827757314422,0.5933369700097739,0.431107538721502,0.12701948679366262
2024-08-16,739113.4173687394,0.1460016646830349,7.384835027350508,2.321961914991138,-1.012942152888554,-0.03369502159398335,-0.004806682703430874,0.03335041651325427,2024-02-12,2024-06-20,738927.0,739056.0,1.3841205968747838,0.5943413070461718,0.431107538721502,0.10719666976509547
2024-06-27,739063.3522308852,0.9925116177509452,7.718998907150875,0.5112505239568365,-0.0034750711788697425,0.0007225144661792221,0.00034407910981160334,-0.0006353241062870989,2024-02-20,2024-06-20,738935.0,739056.0,3.5132811077278046,0.6184317489212833,0.431107538721502,0.18007997780048265
2024-07-17,739083.7236484775,0.18267474954390608,11.460564474523983,1.5763792407423165,-0.5756285954047802,0.010809326686909693,0.003130259855739015,-0.010346159512586635,2024-02-27,2024-06-20,738942.0,739056.0,2.976035020646097,0.8488212225474514,0.431107538721502,0.26635465701912286
2024-07-01,739067.387618771,0.8519140025827197,3.5889043481837235,0.4551776860195676,-0.0028256802981614267,0.003219631259996859,0.003051996066302616,0.0010253513844640377,2024-03-05,2024-06-20,738949.0,739056.0,1.3374100311162105,0.2083294950249995,0.431107538721502,0.07393489513838089
2024-07-03,739069.4155160545,0.1627662217010453,10.9739687633471,1.4354504177740735,-0.5821228933657646,0.010113528617578372,0.009623043210697237,0.0031113502637328564,2024-03-12,2024-06-20,738956.0,739056.0,3.7282906982917674,0.8537142570669601,0.431107538721502,0.29102104002864665
2024-08-02,739099.1493510038,0.5549102982289079,13.00429635794873,0.892837400046996,-0.04761047633738796,0.0023869883053983573,0.0012847119072410683,0.0020117724735917676,2024-03-19,2024-06-20,738963.0,739056.0,2.378259136134075,0.8511148378146266,0.431107538721502,0.1976978409774285
2024-07-13,739079.2259443694,0.40703747545426017,6.115987330995428,0.730632880383142,-0.0684917059588083,0.01599477288531432,0.012785320278317731,-0.009610845177903116,2024-03-26,2024-06-20,738970.0,739056.0,1.5069518439230103,0.2849887553914169,0.431107538721502,0.06781438712122043
2024-07-28,739094.5843080623,0.6306939349182118,7.077194624834679,0.670957947000053,-0.019603983549797005,0.005253872278815273,0.0009099441913671873,-0.005174473450574534,2024-04-03,2024-06-20,738978.0,739056.0,1.2455056110657368,0.33252349315994034,0.431107538721502,0.053645734828363545
2024-06-26,739062.7579516735,0.2559481186175157,14.914081335176284,0.7676674923950264,-0.1580841729741455,-0.012127778247882668,-0.011352425949612659,-0.004266782193688484,2024-04-10,2024-06-20,738985.0,739056.0,5.7985438690932,0.22369824578879555,0.431107538721502,0.24734358826468822
2024-06-21,739057.1531787546,0.3137811131038269,13.438878498360333,0.5638121397082684,-0.062373756500344366,-0.01438208225285565,-0.0032104047099829882,0.014019186550082878,2024-04-17,2024-06-20,738992.0,739056.0,8.62864519231124,0.10126139455199736,0.431107538721502,0.20300459673639948
2024-07-08,739074.5834397668,0.03133302176329101,10.067788408204242,2.4058279117525943,-1.77795853819801,-0.03560631991683308,-0.0279536442366865,0.022054563970040925,2024-04-24,2024-06-20,738999.0,739056.0,2.248026719001363,0.15540419581130205,0.431107538721502,0.1205759598184658
2024-06-26,739062.1165624047,0.42807870917927626,6.476814139796516,0.40891134969364135,0.0036153146427220094,-0.006308380972506032,-0.004214704060793886,-0.004693819358923357,2024-05-01,2024-06-20,739006.0,739056.0,2.284734474159883,0.037878291402167225,0.431107538721502,0.00846481788687358
2024-08-12,739109.3575058661,0.23656349375568736,10.79841883277743,1.477162869410422,-0.3893115739654701,-0.009139906192821007,-0.002777999390635316,-0.008707502776295721,2023-12-29,2024-06-21,738882.0,739057.0,2.5236729449089155,0.9331321099092051,0.426879202611981,0.2647990410690226
2024-08-21,739118.5739408219,0.04185298647304526,4.562060682122832,5.536683467638047,-4.2961793763699765,-0.053983866287797284,-0.0011792829342946367,0.05397098397416559,2024-01-08,2024-06-21,738892.0,739057.0,0.9459535384751196,0.7301024672939355,0.426879202611981,0.22727892575521982
2024-07-09,739075.6444167254,0.3944078483906751,7.03992644794224,0.8418259263239405,-0.10133282927838609,-0.0072901908656580255,-0.007280579349496256,-0.0003742287982135793,2024-01-16,2024-06-21,738900.0,739057.0,2.5130494939412213,0.7787332107943163,0.426879202611981,0.22848826702712655
2024-08-08,739105.7581291402,0.9025734516803177,14.961132290706141,0.6144654843863998,-0.004590933773238743,0.00009356935909492034,0.00008924115600716706,-0.00002812900702013179,2024-01-23,2024-06-21,738907.0,739057.0,3.3460151500678537,2.959957429361621,0.426879202611981,0.29375210545584035
2024-06-25,739061.1535348548,0.24804553660059808,4.948194641667792,0.9113044809312992,-0.23055219239684055,0.010775222699139643,0.008320806940246369,-0.006846137310863848,2024-01-30,2024-06-21,738914.0,739057.0,2.809525171737513,1.0725749347081206,0.426879202611981,0.3423341455133773
2024-07-29,739095.5865473299,0.29599409419655004,7.9171608633139074,1.3210752092361333,-0.268140285349892,-0.015183382740947358,-0.011553618061243567,0.00985134615943448,2024-02-06,2024-06-21,738921.0,739057.0,1.9020747387538504,0.6602480149343157,0.426879202611981,0.14073911757003368
2024-06-26,739062.3555735329,0.8507480764769753,13.502991690893703,0.5081921201782958,-0.00618190829783489,-0.0006006652329555195,-0.000307851445759727,0.0005157772866510839,2024-02-13,2024-06-21,738928.0,739057.0,6.925053202967148,0.6484269228604542,0.426879202611981,0.260491597549011
2024-06-28,739064.5608383893,0.30962337982327554,5.292109065873026,0.7769329987139787,-0.13321919212886363,0.017688293488707093,0.004033774835660209,0.017222206220976227,2024-02-21,2024-06-21,738936.0,739057.0,2.3864915304487564,0.4406419303433725,0.426879202611981,0.17868551799815208
2024-06-23,739059.8423586407,0.9358144800917108,2.1242407993015466,0.38605518495150704,0.0007847276371711711,0.0039127501002459665,0.00390964695225123,-0.00015580133416465418,2024-02-28,2024-06-21,738943.0,739057.0,1.2563827277083957,0.08835331564184976,0.426879202611981,0.1131846634529248
2024-07-26,739092.5730672469,0.7957851839332408,4.974656623836676,0.5099009281463672,-0.004749387708738094,-0.0028188375487826238,-0.00007670037268703487,0.002817793849673264,2024-03-06,2024-06-21,738950.0,739057.0,1.0991472249611374,0.2695257829081181,0.426879202611981,0.08548938045900685
2024-07-02,739068.3433909782,0.7509524300930219,10.127327010524592,0.5964521003911506,-0.01321909818496923,-0.001186992654474214,-0.001154438471788506,0.0002760858138882894,2024-03-13,2024-06-21,738957.0,739057.0,3.6813573466279723,0.8257933674241662,0.426879202611981,0.20809540797053472
2024-07-20,739086.0814847203,0.8174064120320947,11.452145965879915,0.658778409919661,-0.009797435709345412,0.0009570949911682874,0.00011567037387119196,-0.0009500795686298708,2024-03-20,2024-06-21,738964.0,739057.0,2.6147724710338753,0.7306485794891245,0.426879202611981,0.18139553090076024
2024-07-26,739092.1749326122,0.9105823021097657,9.045829153681115,0.5840650986515226,-0.004346132354689944,0.0013663301910772532,0.0008254944915197473,0.001088768586762016,2024-03-27,2024-06-21,738971.0,739057.0,1.7807528266754462,0.3201976256971666,0.426879202611981,0.0924258496808393
2024-07-13,739079.7193256472,0.11394484904350737,8.538938409440703,1.5832027326268925,-0.769552831719557,-0.04136359648117208,-0.037165663449019885,-0.018156557334787295,2024-04-04,2024-06-21,738979.0,739057.0,2.0237377315807823,0.24826240839396294,0.426879202611981,0.17128629043597493
2024-07-24,739090.9907543367,0.22467995017279413,2.965972264690738,3.120593787205432,-1.1279938039956614,0.10495905822581479,0.09123938327268673,0.051882355803006396,2024-04-11,2024-06-21,738986.0,739057.0,0.5323693505695114,0.8141117486846573,0.426879202611981,0.0655533465113409
2024-06-21,739057.7335419444,0.9559783198027705,6.462400447149125,0.4515249152195754,-0.0019612809941539247,-0.002180945024751464,-0.00025610244191540967,-0.002165856121775667,2024-04-18,2024-06-21,738993.0,739057.0,4.607937196844796,0.1330299043239821,0.426879202611981,0.0812872351147233
2024-07-14,739080.3095112888,0.24339894605698925,9.941933601968675,0.6027827394688416,-0.07458023938210537,-0.014550762113777612,-0.011642425954074685,0.008728035059257845,2024-04-25,2024-06-21,739000.0,739057.0,1.9573568913061499,0.1254832815087369,0.426879202611981,0.08445512412882308
2024-07-13,739079.8936129535,0.4436160817438398,3.0560662042366893,1.033653515038586,-0.12191873277422377,0.025611977331400186,0.02529211820914026,0.004035113296926466,2024-05-02,2024-06-21,739007.0,739057.0,0.5633069362789298,0.6909901467481538,0.426879202611981,0.005942774279209987
2024-09-01,739129.8444323298,0.15601519181086057,7.109035213289631,2.5169670103754544,-1.0406210867343737,-0.019063478356703425,-0.00058002769198231,0.019054652317296042,2024-01-02,2024-06-24,738886.0,739060.0,1.4145918783645075,1.1979720904549696,0.4170856391311831,0.21979063351178746
2024-07-09,739075.4151329681,0.03873492355033382,10.556921871219993,5.079285357254298,-4.063867771663496,0.018898281348542743,0.018765677013598075,0.0022348163571075164,2024-01-09,2024-06-24,738893.0,739060.0,4.15163172713876,0.7890102661371239,0.4170856391311831,0.35840638276370934
2024-08-03,739100.4186944003,0.9495142852856762,9.314457045665641,0.6020357014548402,-0.0037642507949456876,-0.0005071162065049373,-0.0004754194485725536,-0.00017647434606459756,2024-01-17,2024-06-24,738901.0,739060.0,2.366146530728883,0.7566848163804037,0.4170856391311831,0.20628600137181594
2024-08-16,739113.4515427783,0.5481572321561862,7.7882391510601146,0.9386646184351898,-0.04804864267688527,-0.0036340071442058806,-0.0035945096263420855,-0.0005343299264251071,2024-01-24,2024-06-24,738908.0,739060.0,1.668955308482091,0.9305960753652273,0.4170856391311831,0.16483280209779785
2024-08-05,739102.2676334898,0.2678315414294162,12.084413082515232,1.3350789885190282,-0.30316434881644533,-0.009242032621620875,-0.006326327758047303,-0.0067374137528331,2024-01-31,2024-06-24,738915.0,739060.0,2.8628562391441568,0.7270207219982702,0.4170856391311831,0.2542051314451736
2024-08-28,739125.9513919558,0.05717694849141332,12.524133954694886,6.724670311413194,-4.882432197418989,-0.038514078157452676,-0.01240117729104063,0.036462926625746205,2024-02-07,2024-06-24,738922.0,739060.0,2.2503383215857093,0.5787486393759065,0.4170856391311831,0.18553541553384123
2024-07-22,739088.9695086333,0.37029358235360516,10.066323061632886,0.9649024413745385,-0.12881369362316403,0.007456633229658971,0.006087396613682193,-0.004306388462434033,2024-02-14,2024-06-24,738929.0,739060.0,2.7375800238571477,0.6354692974128918,0.4170856391311831,0.2303208700463085
2024-07-13,739079.1444244818,0.5542487984353425,6.636385818229691,0.6848321344280881,-0.03446528982268392,-0.005351912972384419,-0.0017700891162414551,0.00505071846221309,2024-02-22,2024-06-24,738937.0,739060.0,2.117530934832556,0.5378312414368757,0.4170856391311831,0.14450681533101165
2024-07-25,739091.5284963965,0.3942468552489048,7.472779875110322,0.9233538222757626,-0.10546843841443412,0.011547858024534357,0.010918580792750356,0.0037600024503962135,2024-02-29,2024-06-24,738944.0,739060.0,1.8352900672870294,0.4818447465857051,0.4170856391311831,0.12420529249581708
2024-07-05,739071.6242028263,0.8868827020509527,11.443210378873658,0.5590747691596419,-0.0061392141809958655,-0.0005342913976364146,-0.000534227048597716,8.292052511099223e-6,2024-03-07,2024-06-24,738951.0,739060.0,4.260964121160446,0.8905389213447931,0.4170856391311831,0.21797905572686452
2024-07-13,739079.4735375388,0.5307363084646727,2.2405315205889753,0.3439329498462182,-0.0006463496263757451,-0.016806834178336682,-0.0021425653853753028,0.01666970571628357,2024-03-14,2024-06-24,738958.0,739060.0,0.6527909495223333,0.009109810189452476,0.4170856391311831,0.13248206525422435
2024-07-19,739085.7366572937,0.3352989275933978,2.2332273075367683,0.509556661106567,-0.05574738727402136,-0.039040192555673474,-0.02608265329018168,0.029048783660047407,2024-03-21,2024-06-24,738965.0,739060.0,0.5493852461737169,0.21439359252863618,0.4170856391311831,0.12846055649438973
2024-07-15,739081.0708341307,0.25274534605973914,10.94522533030011,1.0612073811802596,-0.25235498867229267,-0.014876478752983579,-0.005839444126512068,0.013682489261143807,2024-03-28,2024-06-24,738972.0,739060.0,2.864013788133526,0.3917150057531983,0.4170856391311831,0.23567800309911469
2024-07-15,739081.4964428972,0.1728085947970959,12.526266940581182,1.2856247093779172,-0.45824968172244995,-0.019456258993883813,-0.016940199469610406,0.009569517018475701,2024-04-05,2024-06-24,738980.0,739060.0,3.094365738440606,0.32492753019384546,0.4170856391311831,0.23669159961676098
2024-06-24,739060.7241822631,0.682508351709865,2.865676865822028,0.4691049616942009,-0.00923736109000035,-0.008744992094503565,-0.007761737159281029,-0.00402868750378655,2024-04-12,2024-06-24,738987.0,739060.0,2.108508158175818,0.251576025565865,0.4170856391311831,0.06438299866525429
2024-07-13,739079.908251629,0.235012696383671,9.313934613717453,0.7589846735644868,-0.14445304264279127,0.02235416904269292,0.02206311710787898,0.00359551624572999,2024-04-19,2024-06-24,738994.0,739060.0,2.167424277056095,0.163052065140937,0.4170856391311831,0.12559581298244402
2024-06-25,739061.9931858123,0.7703383697101276,9.288279576250172,0.43654011678743077,-0.0014566574007776366,-0.0018007851585118916,-0.0018002812359104758,-0.0000425988115485464,2024-04-26,2024-06-24,739001.0,739060.0,5.057222068072153,0.06708752466705988,0.4170856391311831,0.052989193196866215
2024-07-17,739083.2183744158,0.03718227658407348,2.059547722120987,16.413112841808022,-13.92972964819482,-0.29852282039823286,-0.29189126204347227,0.06257288103631323,2024-05-03,2024-06-24,739008.0,739060.0,0.38529798138524113,0.8424211640788896,0.4170856391311831,0.008810903450370038
2024-08-17,739114.9068040639,0.18808959042266143,3.5170637085190677,0.9526010806333507,-0.270230727841189,-0.04096111921327427,-0.03655070113596942,0.018489443844342923,2024-01-03,2024-06-25,738887.0,739061.0,0.8069920690271375,0.3528153255942921,0.4226329117305298,0.2307447665300759
2024-07-22,739088.1414610026,0.9085922291743449,6.665925142504042,0.5952884439731656,-0.0050270514379384835,-0.0007754081575514481,-0.0006585073204371341,0.0004094214451247479,2024-01-10,2024-06-25,738894.0,739061.0,2.0873762245269205,0.8836729260665638,0.4226329117305298,0.1824146943304882
2024-07-03,739069.5673531886,0.6627230542344863,7.107843198096339,0.586372571010149,-0.017883056757826775,-0.002188558368281255,-0.0021872499387107355,0.00007566661736719559,2024-01-18,2024-06-25,738902.0,739061.0,3.363683955818892,0.7618647173970676,0.4226329117305298,0.23497297595156647
2024-07-31,739097.8712030883,0.26736395213149416,3.3755778853465856,0.7514216909204292,-0.13124954828917337,0.027260308894174797,0.00710367685136817,0.026318476707384898,2024-01-25,2024-06-25,738909.0,739061.0,0.8776536323768586,0.38134825551076124,0.4226329117305298,0.21625741236748958
2024-07-10,739076.956002613,0.7243592045187842,11.859015550821244,0.5832396594754367,-0.012324525688319708,0.0005125817977222816,0.00031259333908044044,0.00040623331192646766,2024-02-01,2024-06-25,738916.0,739061.0,4.362388394206128,1.4686299446979647,0.4226329117305298,0.29057602908450825
2024-07-06,739072.3187734024,0.9594944680761035,3.1060957485452843,0.45169869419968844,-0.001709067641756535,0.0015212374724200932,0.0001965516930994113,-0.0015084862874533617,2024-02-08,2024-06-25,738923.0,739061.0,1.2752367769218258,0.34704826123463184,0.4226329117305298,0.1547211058548213
2024-07-17,739083.0011726432,0.724087227087027,8.850626416707712,0.6390389937641414,-0.014218619385976676,0.0019518239211731446,0.0017163806341244882,-0.0009293299403689357,2024-02-15,2024-06-25,738930.0,739061.0,2.73180879019052,0.5959827221294259,0.4226329117305298,0.18592375842185202
2024-08-20,739117.5378917317,0.9662105570734911,7.401037929736698,0.5966122578945742,-0.002754855291814291,-0.0008275515846562602,-0.0002446743088523728,0.0007905543041782148,2024-02-23,2024-06-25,738938.0,739061.0,1.3610478600280582,0.43459313805161826,0.4226329117305298,0.08099647220943022
2024-06-28,739064.7146972573,0.9046259805601213,13.426384978390818,0.5054170686250109,-0.004795715153330007,-0.00020963211402610734,-0.00005217163418973469,0.00020303631157265296,2024-03-01,2024-06-25,738945.0,739061.0,7.420971722497997,1.5413651184087651,0.4226329117305298,0.2631712139763873
2024-07-26,739092.30512881,0.03786407674768389,7.3148129379813,5.9371684624092325,-4.754040777076187,0.058003301970977,0.05469156591074639,-0.019318790277003048,2024-03-08,2024-06-25,738952.0,739061.0,1.7463267271668619,0.42426219291170447,0.4226329117305298,0.1623569378948003
2024-07-08,739074.9476704367,0.5581782615901819,12.815763951487247,0.6820185072813282,-0.03613704510485901,-0.0017016181656725378,-0.0016095673211023217,0.0005520846136112361,2024-03-15,2024-06-25,738959.0,739061.0,4.319714098286847,0.9249514628732988,0.4226329117305298,0.2602849267231506
2024-06-29,739065.6390436471,0.1410582858763703,5.088283440462194,0.9307325648865168,-0.3377767880112439,0.052139857102913856,0.05037894913238954,0.013436003238626548,2024-03-22,2024-06-25,738966.0,739061.0,2.4837718269432196,0.1795921176996266,0.4226329117305298,0.16194804983824287
2024-07-24,739090.9437578681,0.837600037368784,7.5708604050709924,0.5527515124201194,-0.005056326962751703,0.0022487354171743935,0.0020662733916553436,0.0008873135000616283,2024-04-01,2024-06-25,738976.0,739061.0,1.6207911853002481,0.24876440525762905,0.4226329117305298,0.0730451676763877
2024-07-13,739079.7165729813,0.5101944587627479,14.08895603426494,0.6728163402625483,-0.03921774150849313,-0.005134065667749719,-0.005053526065581831,0.0009058170815630453,2024-04-08,2024-06-25,738983.0,739061.0,3.682742665935224,0.27661650128589205,0.4226329117305298,0.21504721302198698
2024-07-23,739089.5187712181,0.8142028481473085,5.965936524864919,0.5776647549724487,-0.006784245712985214,0.0028377686748530745,0.0026942391477860865,-0.0008910704049143802,2024-04-15,2024-06-25,738990.0,739061.0,1.1866800499764043,0.32627107016085166,0.4226329117305298,0.05537430077043118
2024-07-13,739079.2445741721,0.1763876095446362,12.671577030117845,0.8304939847280172,-0.21837775254019945,-0.019865951896682846,-0.0076932441582786976,0.018315841205973248,2024-04-22,2024-06-25,738997.0,739061.0,3.0368731742453683,0.15301585000667345,0.4226329117305298,0.15439465218032394
2024-07-19,739085.3828245125,0.9542205060910183,10.893864027472654,0.417159053572644,0.0001646778319404054,0.0006225188519168361,0.000597988267365391,0.00017303107548990513,2024-04-29,2024-06-25,739004.0,739061.0,2.0897384524016918,0.023171248125743116,0.4226329117305298,0.007404396075108565
2024-07-01,739067.1643110452,0.9900469592571537,4.417596230922015,0.4317012880855319,-0.0005971650709766857,-0.001134757386564243,-0.0010199882882581503,-0.0004972908788408644,2024-05-06,2024-06-25,739011.0,739061.0,1.55346390613796,0.11794000840480051,0.4226329117305298,0.00491168760748644
2024-08-23,739120.6464587725,0.8587583340648488,4.201793827590876,0.5530853520596514,-0.0038624943100346565,0.001022140347049253,0.000916440197394969,-0.0004526679286901577,2024-01-04,2024-06-26,738888.0,739062.0,0.9215137229547923,0.7723133591586906,0.41964974310012076,0.24066228591614364
2024-07-20,739086.8498560437,0.2578657743631035,2.437215021307076,0.5837068378299087,-0.0883717827461464,-0.036391263133241855,-0.036057062200305384,0.00492059934521765,2024-01-11,2024-06-26,738895.0,739062.0,0.7928031320850557,0.256930903143035,0.41964974310012076,0.22545469750536992
2024-07-29,739095.528992651,0.09857555283071576,5.294687112406527,2.696694774278987,-1.535412773246922,-0.03343143697089241,-0.027573493645463562,-0.018904058456382652,2024-01-19,2024-06-26,738903.0,739062.0,1.4728589950602564,0.8550647947092992,0.41964974310012076,0.22844417706304448
2024-07-11,739077.5345684547,0.8686661482626508,12.869415463615278,0.5359286821542306,-0.005364399899547813,0.00013412396605646759,0.00012849034793929796,0.000038463863003533843,2024-01-26,2024-06-26,738910.0,739062.0,4.870943293938533,2.6996585260923216,0.41964974310012076,0.3016387730653825
2024-08-13,739110.2630943245,0.41673708064684944,4.695646448968274,0.7584205525999567,-0.06333187264182213,0.010375027906921635,0.0003707159885271357,0.010368402660258366,2024-02-02,2024-06-26,738917.0,739062.0,1.036842045425676,0.5417511117981492,0.41964974310012076,0.2017516057025724
2024-08-03,739100.0323817743,0.6947324285197239,5.387554350000238,0.6180650645689432,-0.012275641580559713,-0.002943579669080675,-0.0018320106782172062,-0.0023039961248064694,2024-02-09,2024-06-26,738924.0,739062.0,1.3138196771054227,0.5377672024408878,0.41964974310012076,0.1368025966623468
2024-07-12,739078.2081970104,0.005672083019718333,4.754185575812373,24.906679008694372,-24.005294073914097,0.07788741794239802,0.0777922973805458,-0.00384816085819085,2024-02-16,2024-06-26,738931.0,739062.0,1.669424901035296,0.3677106196125019,0.41964974310012076,0.16107530822783858
2024-08-11,739108.5676699969,0.8722871477731236,11.371087375497577,0.6774665465272416,-0.00645862817510385,0.0008124216113828383,0.0003719048400501987,0.0007222988748358423,2024-02-26,2024-06-26,738941.0,739062.0,2.31736893562285,0.6098405411898511,0.41964974310012076,0.17880468248864284
2024-07-24,739090.8934328215,0.9408898988289971,4.719834548494058,0.4782509768312524,-0.0019327526342910223,0.0015338747199002227,0.001470859520418378,0.0004351366768540732,2024-03-04,2024-06-26,738948.0,739062.0,1.2007577999337966,0.2511877265430296,0.41964974310012076,0.09056981433465773
2024-08-14,739111.3833484845,0.3674282409586725,4.327851208685548,0.5645378480665653,-0.04337007590113604,0.020813771493937636,0.020058007729743997,-0.005557824188959282,2024-03-11,2024-06-26,738955.0,739062.0,0.7939764836729517,0.1769047980871351,0.41964974310012076,0.12380843905766474
2024-07-28,739094.7638156575,0.16514789389231457,5.645391083918352,1.4646706674759162,-0.5441017794712354,0.04095467176392658,0.00956369730482439,-0.039822365991395596,2024-03-18,2024-06-26,738962.0,739062.0,1.2572120929417452,0.38864734322515226,0.41964974310012076,0.07864836002457651
2024-07-15,739081.4123224965,0.08274928771402214,7.532552246906336,2.049773065716257,-1.209956344793549,0.050753211351651596,0.046848855779492195,-0.019521095631591927,2024-03-25,2024-06-26,738969.0,739062.0,2.105486488708893,0.26189565047877145,0.41964974310012076,0.18398785380344831
2024-08-05,739102.9172432336,0.8785485242063245,6.120670183214651,0.5704233140598319,-0.00424679858849139,0.0016049619960062532,0.0004706477378240741,0.0015344033744441057,2024-04-02,2024-06-26,738977.0,739062.0,1.0949990699027319,0.3798076315555438,0.41964974310012076,0.07209490509140098
2024-07-26,739092.9507070233,0.14638107545425585,8.41291526944916,1.2686566413800353,-0.48309336428365246,-0.037919175621743476,-0.016560616322278395,-0.03411172623686627,2024-04-09,2024-06-26,738984.0,739062.0,1.6850770574813407,0.22167187956894746,0.41964974310012076,0.14407096054002674
2024-07-03,739069.4297630531,0.24522236536817382,8.723933845000266,0.66561268428006,-0.11293590665085623,-0.02560156236010824,-0.02403765936410242,0.00881084147933046,2024-04-16,2024-06-26,738991.0,739062.0,3.2721902865523114,0.1239976021791653,0.41964974310012076,0.16319532578757848
2024-07-26,739092.5525436697,0.4434908647206365,3.652799299230816,1.480741944214009,-0.18936954830651853,-0.034195037056750116,-0.03405669773776023,-0.0030727672400217227,2024-04-23,2024-06-26,738998.0,739062.0,0.656768101957202,0.6723662912104812,0.41964974310012076,0.047368185849506514
2024-06-28,739064.2781026578,0.15433827357208732,7.0116615685136185,0.41396394312828094,0.005512102608806675,0.014375423060222206,0.01432387512400286,0.0012163016041839344,2024-04-30,2024-06-26,739005.0,739062.0,3.636735517118337,0.008440134178061975,0.41964974310012076,0.01145191995144465
2024-07-06,739072.7408373222,0.06653243782256425,4.952566236715574,0.36696387764608024,0.043047852021630875,0.014876368094257615,0.014854979144992444,0.0007974473510429933,2024-05-07,2024-06-26,739012.0,739062.0,1.3656503138687364,0.0388738643173976,0.41964974310012076,0.007508520776074562
2024-07-20,739086.2565489423,0.17373218876190458,9.763572975766092,1.4739677338420902,-0.5497691193707148,-0.014439937093423649,-0.012879185744559287,-0.0065298053431303025,2024-01-05,2024-06-27,738889.0,739063.0,3.322156076371909,0.6774645194308068,0.408059143285211,0.3105284667865183
2024-07-12,739078.6873092573,0.5425560787655742,6.118484014378535,0.6968801666103343,-0.038651135165282687,0.003448659801924743,0.002742022058852171,-0.0020915471446227804,2024-01-12,2024-06-27,738896.0,739063.0,2.390572958507823,0.993831373522144,0.408059143285211,0.2541203156913497
2024-07-07,739073.8382813509,0.7131680019930918,14.406566999765097,0.5597759935115065,-0.01232705679334318,0.0004664980912555539,0.000053226817609800306,0.00046345158866078784,2024-01-22,2024-06-27,738906.0,739063.0,6.282289673899826,1.3080997772668208,0.408059143285211,0.3103437918415859
2024-07-09,739075.0823768465,0.5034114637198964,12.507886193689849,0.6644208379401577,-0.04291628504065255,-0.0010275672191887174,-0.0008466176986080116,-0.0005823511503851499,2024-01-29,2024-06-27,738913.0,739063.0,5.168546437546857,1.6809355415141822,0.408059143285211,0.33509110429612454
2024-08-16,739113.4641371663,0.34107967355642127,9.179430253388285,1.282788318952691,-0.19872438943991577,-0.011091014327878897,-0.010533082172671798,-0.0034734390400521695,2024-02-05,2024-06-27,738920.0,739063.0,1.9632695957390083,0.665763554731089,0.408059143285211,0.17567449400113241
2024-07-19,739085.6534520356,0.9585711836967927,8.138518629462162,0.5730933782868556,-0.003914165817837195,-0.000737468686335927,-0.0006819142719263292,0.00028080774396234593,2024-02-12,2024-06-27,738927.0,739063.0,2.5211566273089256,0.6251361917619667,0.408059143285211,0.15302457287607935
2024-08-16,739113.1298796603,0.9065973426661442,5.47328376076123,0.5054791057537242,-0.00236402570225504,0.0013551914577612817,0.0003832352805262478,-0.0012998748428018423,2024-02-20,2024-06-27,738935.0,739063.0,1.1044641667093902,0.2889468841780304,0.408059143285211,0.11462087576398121
2024-08-09,739106.3855746648,0.12567438635796815,10.66576304067747,2.4301613671404305,-1.1946325720427413,-0.021892702649134392,-0.015566045844339883,-0.015394435554944035,2024-02-27,2024-06-27,738942.0,739063.0,2.26123078783367,0.6429686763874207,0.408059143285211,0.2530203390876707
2024-07-06,739072.6905854939,0.4772082356581083,10.711362266995785,0.674328900658308,-0.05087749091486859,0.00201240872861594,0.002010846625914873,0.00007927633982718061,2024-03-05,2024-06-27,738949.0,739063.0,4.3414060204628955,1.1263483194651898,0.408059143285211,0.30966706845528397
2024-08-15,739112.0685046312,0.695274130945173,6.327397917144664,0.6278962016696927,-0.01149461098548118,-0.0033604109634814026,-0.003119762304933798,0.001248777403783462,2024-03-12,2024-06-27,738956.0,739063.0,1.1652196245144346,0.3758657979123092,0.408059143285211,0.08602766552421316
2024-07-02,739068.8627063757,0.4058289485905672,12.5600871012123,0.680583722215826,-0.07169550029545348,0.0020510219173493663,0.0018442146909563746,0.0008975316591118971,2024-03-19,2024-06-27,738963.0,739063.0,5.784169709109764,1.1294629001965597,0.408059143285211,0.33513413878327764
2024-07-26,739092.1195144663,0.4745320716147349,8.916120490037425,0.7109552952737684,-0.046588294083937935,0.009227661536666402,0.00818302240904035,0.004264725277015627,2024-03-26,2024-06-27,738970.0,739063.0,2.034330549195055,0.26870440914058086,0.408059143285211,0.1465129509523602
2024-08-04,739101.1003119351,0.3961525648589118,12.144348236996027,0.8740723043185965,-0.09061829707338892,-0.010759720512847694,-0.010149784376853996,-0.003571199044853978,2024-04-03,2024-06-27,738978.0,739063.0,2.266782337924,0.2747281527607095,0.408059143285211,0.17138175387926136
2024-06-28,739064.8420624234,0.02617422592099074,8.820144184105057,2.394445956134426,-1.8439601221344502,-0.048863205724845336,-0.047776201827232696,0.01024926400636092,2024-04-10,2024-06-27,738985.0,739063.0,5.2910385307420125,0.11198703099035898,0.408059143285211,0.27418928818220917
2024-06-30,739066.6813272402,0.6596396188504868,10.706248918286645,0.4877831628024117,-0.008832713794416358,-0.0049454092683723925,-0.0012027176076937587,-0.004796930600691128,2024-04-17,2024-06-27,738992.0,739063.0,5.128823124411792,0.11004271971500923,0.408059143285211,0.15112209723518957
2024-07-11,739077.7540944599,0.6485729434897608,10.761797855312984,0.4786637788614519,-0.00618123857474393,0.003514524680379391,0.0033325845033105525,-0.0011161380995603626,2024-04-24,2024-06-27,738999.0,739063.0,2.868602763390345,0.10599439634175921,0.408059143285211,0.10897638106341093
2024-07-12,739078.8839425978,0.9883613189485572,14.65156697966506,0.41850401039417334,0.00010025902256654304,-0.00038533975719894515,-0.00025389216720316627,0.00028987151621196155,2024-05-01,2024-06-27,739006.0,739063.0,3.5527419861354566,0.017551381749228538,0.408059143285211,0.015873979260936023
2024-07-07,739073.420417868,0.07574068629024079,5.3101609016615114,0.3170162596577535,0.08109708134333003,-0.014130721994268675,-0.00016093301528786194,0.014129805541616582,2024-05-08,2024-06-27,739013.0,739063.0,1.485381330273305,0.08185824463254233,0.408059143285211,0.005070439033555972
2024-07-06,739072.43630652,0.16269858871064893,14.111806486441717,1.2565082453784673,-0.49185338972538173,0.007837650895383188,0.007282567415173398,-0.002897064618084232,2024-01-08,2024-06-28,738892.0,739064.0,6.879012468868404,0.7235206434916913,0.38931812844486835,0.4580379799552917
2024-09-07,739135.2492644342,0.4988404832509742,14.077384688608616,0.9631364474969316,-0.057808919260687666,-0.002319778903894019,-0.0008099203503548244,-0.0021737992522385444,2024-01-16,2024-06-28,738900.0,739064.0,2.6761727327046088,0.8830554359672639,0.38931812844486835,0.2755771053020218
2024-08-03,739100.4946362948,0.6415464976210147,4.1466815633881655,0.5996076475625711,-0.014952951267508053,0.0033163148983563627,0.000448025006050199,-0.0032859120650154464,2024-01-23,2024-06-28,738907.0,739064.0,1.1008771631109748,0.6975873692737573,0.38931812844486835,0.2246489711471874
2024-07-11,739077.6920741765,0.9550777494331624,4.577156115856545,0.523966837691603,-0.0033976622512743985,0.0006078345620554254,0.00028257637341744745,-0.0005381574565267624,2024-01-30,2024-06-28,738914.0,739064.0,1.8074752783041306,1.1663739627128047,0.38931812844486835,0.22330732636160905
2024-07-02,739068.7283305803,0.7238825333572937,14.031186689554179,0.5339415201431598,-0.011345074641663015,0.0007059150769949201,0.0004463248325899566,-0.0005469097180909213,2024-02-06,2024-06-28,738921.0,739064.0,7.6860024128211775,0.8291413882622539,0.38931812844486835,0.313937325240609
2024-07-17,739083.5379513387,0.4650472704964256,12.689321665686483,0.7243448458756767,-0.0556006535997586,-0.0011539825430321054,-0.00004314260777692995,-0.0011531757997014383,2024-02-13,2024-06-28,738928.0,739064.0,4.189656907561659,1.7657912113532037,0.38931812844486835,0.3278805601362886
2024-07-24,739090.0023819748,0.8022321753873498,7.815342083703837,0.6052535141402359,-0.00838323291207484,-0.0014939130338329325,-0.00036988889102587745,0.001447397098570935,2024-02-21,2024-06-28,738936.0,739064.0,2.2125359826084336,0.5760209780396527,0.38931812844486835,0.16280832490059038
2024-07-15,739081.4487523357,0.507345745652405,8.973552966378683,0.7106050478435356,-0.04600756191913632,0.004102652707671995,0.003993803178485115,-0.000938773354591268,2024-02-28,2024-06-28,738943.0,739064.0,2.958103249778627,0.6340216039052278,0.38931812844486835,0.2616563740122466
2024-06-29,739065.8897851695,0.1964559424445878,7.210794697547248,0.8456145399103961,-0.24788740766137865,-0.01663810254763815,-0.01598443113986021,-0.004617836887633674,2024-03-06,2024-06-28,738950.0,739064.0,4.7238624855728695,0.40591276431810713,0.38931812844486835,0.4185453590614672
2024-07-29,739095.2053342471,0.47872225182104644,2.2216511771072174,0.15435755349837044,0.02090005093459582,-0.026531332437802285,-0.012895969257334564,0.02318632307717335,2024-03-13,2024-06-28,738957.0,739064.0,0.526190662675725,0.16974462328221712,0.38931812844486835,0.14626006043559273
2024-08-12,739109.9100719463,0.874201632304165,12.792954162272434,0.6719318348523207,-0.006269830589038499,0.0008041626108944989,0.00003552748822018188,0.0008033774345483089,2024-03-20,2024-06-28,738964.0,739064.0,2.354310502279086,0.5327858703245146,0.38931812844486835,0.19019328431489543
2024-07-11,739077.1208192476,0.0414423761132885,3.057834477989355,3.76158859644858,-2.910200947952199,0.0864127791893198,0.06504508215009898,-0.05688853746853594,2024-03-27,2024-06-28,738971.0,739064.0,1.0173231704114511,0.4564315740958161,0.38931812844486835,0.11131320283228946
2024-07-26,739092.3765632636,0.39121471830715693,5.470103242323875,0.7557484583256531,-0.07467229828996579,-0.01642460148446435,-0.011557120915595189,-0.01167049656466171,2024-04-04,2024-06-28,738979.0,739064.0,1.2059042212115625,0.32515043525222836,0.38931812844486835,0.08195160306173237
2024-07-06,739072.2948649998,0.891581644357738,7.540154304028542,0.46542240984845856,-0.002575002953044367,-0.0023152547839015037,-0.0004038302500951416,-0.0022797644271913037,2024-04-11,2024-06-28,738986.0,739064.0,2.8106838680915267,0.13151031755879167,0.38931812844486835,0.09976722674157094
2024-07-30,739096.0351428328,0.7575628292602337,13.586505773332119,0.532907531674195,-0.005801393026574543,-0.0021263735437429053,-0.0016802552668028407,0.0013031525950214253,2024-04-18,2024-06-28,738993.0,739064.0,2.5261475915321285,0.15212605674863294,0.38931812844486835,0.1429347239752034
2024-07-08,739074.31597637,0.0020626270132459994,13.83897437638758,12.43128136834134,-11.932387471122178,0.023113720421303982,0.01929534940226906,-0.012725311908105035,2024-04-25,2024-06-28,739000.0,739064.0,4.34920863843712,0.07694391634882304,0.38931812844486835,0.11377058508350497
2024-07-05,739071.1192802038,0.020691710456163474,2.933106278731408,0.6439427164676044,-0.2120761673556455,-0.014884682348693343,-0.003589148271598235,-0.01444547622288676,2024-05-02,2024-06-28,739007.0,739064.0,1.0260380413282868,0.10051268821416257,0.38931812844486835,0.017574958043240354
2024-07-07,739073.4794436669,0.8283429739621877,5.481718032364048,0.41264654163512837,0.0004220450803609753,-0.0011016814350270617,-0.0006141027964968477,0.000914647330733566,2024-05-09,2024-06-28,739014.0,739064.0,1.6022451738885515,0.05788903519827151,0.38931812844486835,0.0038500378158968828
2024-09-10,739138.2947543897,0.4330195552651589,14.127780902483702,1.0566937369906917,-0.09030403381664347,0.003089871800345896,0.00019728976471196724,-0.0030835668456047293,2024-01-09,2024-07-01,738893.0,739067.0,2.77833924052321,0.8957777029163639,0.40112670650956617,0.2909199201477515
2024-08-25,739122.528257153,0.5415448779797113,6.753050388463209,0.878012858931881,-0.0429791205936968,0.003112729611298232,0.0023965882969534205,-0.001986315727158889,2024-01-17,2024-07-01,738901.0,739067.0,1.4871299469013226,1.1072624960111475,0.40112670650956617,0.23068395002615602
2024-08-17,739114.3835237663,0.7166284208282597,5.77994491210808,0.676984526002584,-0.012447237417713456,0.0016175619462044774,0.0014031381735360223,0.0008048042717175474,2024-01-24,2024-07-01,738908.0,739067.0,1.3536075694915295,0.9540747024639594,0.40112670650956617,0.22471609597883901
2024-08-22,739119.8457095564,0.8483911297050495,7.136631837246136,0.6812092912896869,-0.00653303440241297,0.0007786815548955061,0.0005734860174329303,0.0005267435350750874,2024-01-31,2024-07-01,738915.0,739067.0,1.538914271556155,0.9973736352224348,0.40112670650956617,0.20570721648625412
2024-08-01,739098.9590286263,0.8963691006318744,11.300243970544006,0.5989940623147748,-0.004949552388348092,0.0006408943541851759,0.0006383904836523687,0.00005659649820022888,2024-02-07,2024-07-01,738922.0,739067.0,3.0780494565429426,0.612602178547813,0.40112670650956617,0.23778148552144124
2024-07-03,739069.5948303589,0.5980417425858139,5.922063493991444,0.5691808089267358,-0.022258229257458437,-0.0037658248750575413,-0.0012534417123942325,-0.003551101359188775,2024-02-14,2024-07-01,738929.0,739067.0,3.7629028240165487,0.5968826158892223,0.40112670650956617,0.24166357264188376
2024-07-13,739079.7649170418,0.38355318979580455,4.0433067103620175,0.6073345354400468,-0.05226454892237065,-0.018857906615490513,-0.01885102448676422,0.0005094288154164594,2024-02-22,2024-07-01,738937.0,739067.0,1.5537595468303407,0.26290729573375543,0.40112670650956617,0.11490845068139907
2024-08-12,739109.4030199307,0.3745502752342416,2.3110159540037905,-0.9037607041711292,0.231386160745874,-0.07369766774601384,-0.0642450729990645,0.036109788514289615,2024-02-29,2024-07-01,738944.0,739067.0,0.5006497392217102,0.5088512114229053,0.40112670650956617,0.17096881031250588
2024-07-11,739077.1756262495,0.9373742306564496,6.737159508910709,0.5188500731824047,-0.0036496321049624744,-0.0011634982978595083,-0.0007009867453273229,0.0009286257976156918,2024-03-07,2024-07-01,738951.0,739067.0,2.6995874986251707,0.4364349444773369,0.40112670650956617,0.14513731977770442
2024-07-16,739082.409036488,0.7021676066643653,7.01729257589485,0.5679484767454126,-0.011725906437932568,-0.003655035854186345,-0.002686668501720218,-0.0024781241811604486,2024-03-14,2024-07-01,738958.0,739067.0,2.332648455714246,0.32101549001554325,0.40112670650956617,0.14676638787349108
2024-07-05,739071.948917211,0.5902113099745948,5.687191704816113,0.5218487325757366,-0.01562182005901205,-0.008209766739920204,-0.008069043877310333,-0.0015135391735731935,2024-03-21,2024-07-01,738965.0,739067.0,2.781674769821015,0.19747424989166787,0.40112670650956617,0.11792881153607394
2024-08-12,739109.8596732399,0.41578065563136846,11.46502669069507,0.8343253962339625,-0.07419046876356875,0.010158480962089366,0.0009555428633251749,0.010113440230380587,2024-03-28,2024-07-01,738972.0,739067.0,2.131824333955801,0.2648552303120837,0.40112670650956617,0.17883747771055514
2024-07-05,739071.4141875086,0.6893749877078049,10.783181806736863,0.5176079340233363,-0.01062556637240757,0.003582791134366673,0.003547613284504632,-0.0005008316045365826,2024-04-05,2024-07-01,738980.0,739067.0,5.201066040763535,0.18960037503147717,0.40112670650956617,0.21370166385286488
2024-07-12,739078.5664796941,0.4494509106824133,7.706750549328527,0.5584678532704798,-0.02971394959975735,0.012710966502905896,0.011644816876143178,-0.00509577367620333,2024-04-12,2024-07-01,738987.0,739067.0,2.5377116575357865,0.13633041942527543,0.40112670650956617,0.12457227003378603
2024-07-06,739072.1326253713,0.5235437310643575,8.97247083070469,0.4868344394120452,-0.013048349473191875,-0.008226983552764256,-0.0050756052132355485,-0.0064746806945848445,2024-04-19,2024-07-01,738994.0,739067.0,3.8881803338226875,0.09254561788775638,0.40112670650956617,0.12910929658995876
2024-07-30,739096.6413405861,0.21210778741904562,14.390159850709024,0.48952004437719643,-0.031253294221905425,0.00943894516291145,0.003690256683700613,-0.008687674682954723,2024-04-26,2024-07-01,739001.0,739067.0,2.682896965102575,0.048804889397984726,0.40112670650956617,0.06259664421318584
2024-07-28,739094.1819636271,0.8321957868826049,8.049547684127539,0.409694457796987,0.000296812044352892,-0.000770244625069777,-0.0004753513509077372,0.0006060675503927517,2024-05-03,2024-07-01,739008.0,739067.0,1.4782997960807207,0.03983885786465956,0.40112670650956617,0.010539788968568655
2024-07-02,739068.5436859021,0.6237901914943887,12.538739172091354,0.39272506895240605,0.004415825651243875,-0.0004920313074455777,-0.0003453629465752906,0.00035045576416922795,2024-05-10,2024-07-01,739015.0,739067.0,7.077054155726433,0.4464818960494262,0.40112670650956617,0.007610832671374307
2024-07-31,739097.0124820146,0.5003582068689997,13.0348322111986,0.7494651052614666,-0.04670240724297949,0.0016437173514673284,0.00011040992226214998,0.0016400049940719194,2024-01-10,2024-07-02,738894.0,739068.0,4.0361382544117905,1.0906557897858005,0.38623374618027684,0.3446109136367246
2024-07-15,739081.8739681513,0.6669307487066266,14.128703133947795,0.5899345650965575,-0.01586491593984579,0.00027396767023888036,0.0002506728063450315,0.00011055056985482357,2024-01-18,2024-07-02,738902.0,739068.0,5.761593327896114,2.7334862878573194,0.38623374618027684,0.3509058447635139
2024-09-08,739136.7750893801,0.5631971451336261,14.496291423133853,0.8985804748316071,-0.03804950497813968,0.0020687748373535287,0.0018102820152045378,0.0010013532608895413,2024-01-25,2024-07-02,738909.0,739068.0,2.7628592518371042,0.7145610166661219,0.38623374618027684,0.2744834276324369
2024-08-07,739104.3562357995,0.16312266055739502,12.67114874362268,1.7954295743254027,-0.7095605544279792,0.014873422665148996,0.013959317262967365,0.005133825408795,2024-02-01,2024-07-02,738916.0,739068.0,3.31737004372532,0.6141533879227571,0.38623374618027684,0.33679278835591364
2024-08-22,739119.1261016999,0.7824807985528739,12.1818010841549,0.7051528131086153,-0.00985016279648297,0.0010873613776310484,0.0010845008048168574,-0.00007882112607213737,2024-02-08,2024-07-02,738923.0,739068.0,2.606635957816571,0.5818776693446441,0.38623374618027684,0.22321657848317442
2024-08-31,739128.7115995571,0.8237818536624075,12.687129668225472,0.7209599036412683,-0.007873115078495387,-0.0008528376700884452,-0.0008498150297943253,-0.00007173915707309257,2024-02-15,2024-07-02,738930.0,739068.0,2.39422832013056,0.5994170153282621,0.38623374618027684,0.21550698087147777
2024-07-31,739097.2443170421,0.7874257314637041,4.777476667365788,0.5026945053866914,-0.004494979792817498,0.0028090129818748527,0.0016765317527031504,0.0022538401040268045,2024-02-23,2024-07-02,738938.0,739068.0,1.2886217629983054,0.26374547982291496,0.38623374618027684,0.10448621148338548
2024-07-09,739075.4710124121,0.08528382514892544,10.440299361367801,1.8625329869922889,-1.0971140215610362,0.01308692169140631,0.007532714711305483,-0.010701669422808901,2024-03-01,2024-07-02,738945.0,739068.0,4.752448533653997,0.6848066693170642,0.38623374618027684,0.4550757502820769
2024-07-14,739080.6333591623,0.9660126832497229,2.3799389075558723,0.3714368214960574,0.00034991325909623756,-0.002418643982505534,-0.0008412898064267104,0.0022676133214709995,2024-03-08,2024-07-02,738952.0,739068.0,0.8790042313973874,0.05872262657720444,0.38623374618027684,0.14069420652575712
2024-07-19,739085.3909158583,0.7921460020641247,9.5783835823594,0.5830320794385145,-0.00870221119121483,-0.0013084191115740034,-0.0012803258758928725,0.0002696779988268477,2024-03-15,2024-07-02,738959.0,739068.0,3.023636566343658,0.5500418693100226,0.38623374618027684,0.23790941486040967
2024-08-06,739103.942309506,0.7623998460064552,13.287138721578676,0.6663387417766901,-0.010957847028123713,-0.0012204915978047863,-0.0012031337944266574,0.00020510683318844942,2024-03-22,2024-07-02,738966.0,739068.0,2.844121763331351,0.5151595677587214,0.38623374618027684,0.24042416504983183
2024-08-14,739111.4885491115,0.3369286974866435,5.335446687123638,1.0233011991415282,-0.15021361285746776,0.01973538182218383,0.0012200528988463753,-0.019697633527695674,2024-04-01,2024-07-02,738976.0,739068.0,0.9649795610140601,0.48065224692384584,0.38623374618027684,0.09198836642196445
2024-08-09,739106.5806282564,0.41425565349347504,6.207315814106406,0.8176926953790659,-0.07331960277207075,-0.013965644210478122,-0.005186741193179677,0.01296676266493045,2024-04-08,2024-07-02,738983.0,739068.0,1.1500864730163292,0.35036743350653543,0.38623374618027684,0.08648648149786797
2024-07-29,739095.00295111,0.9343825231607981,13.6918086122292,0.505555908166886,-0.0023867154862349522,-0.0010766188968692593,-0.0010759409908352407,0.000038199912780805846,2024-04-15,2024-07-02,738990.0,739068.0,2.9593357960541162,0.15128732350810592,0.38623374618027684,0.16248725531834804
2024-07-03,739069.4103385413,0.4716179514687998,6.537405114237373,0.446460599614602,-0.00879011277764729,0.011796352339453343,0.011259074896875023,-0.0035195398822978367,2024-04-22,2024-07-02,738997.0,739068.0,4.097873137158346,0.05375658115939944,0.38623374618027684,0.1075687098772527
2024-08-02,739099.8226289051,0.7543902873640553,11.72392339605579,0.4028692753708881,0.0007769296756098515,0.0012682141107514045,0.0012653452532821981,-0.00008525503331290956,2024-04-29,2024-07-02,739004.0,739068.0,2.056843626282632,0.039419602919068895,0.38623374618027684,0.006838053554349197
2024-07-22,739088.2803597146,0.509123579212324,5.078357023939317,0.4121679045640552,0.0007165231740925536,-0.002277073629163887,-0.0002299205896539527,0.0022654361246980184,2024-05-06,2024-07-02,739011.0,739068.0,1.0812604297517383,0.031546642822159424,0.38623374618027684,0.015130238840811643
2024-07-20,739086.0020972639,0.4219173549668177,6.89433329667587,0.3505251490814156,0.014894285133047714,-0.002670413731962619,-0.0024524738190216163,-0.0010566369607713185,2024-05-13,2024-07-02,739018.0,739068.0,1.4583233117599583,0.3413313873442265,0.38623374618027684,0.004230090202389689
2024-08-29,739126.2346826914,0.1215256541306802,3.0713420222242656,0.3396087996108372,-0.029043577110199732,0.08937829466696913,0.06047779789559596,0.06580969168196286,2024-01-11,2024-07-03,738895.0,739069.0,0.6825251812508955,0.012857538282219364,0.4054651081081644,0.23541079145879956
2024-07-11,739077.171731681,0.14558142309770175,3.1570488462868855,1.0571487563808497,-0.4043925028312953,0.045287226248887,0.0411819264625053,-0.01884096054225171,2024-01-19,2024-07-03,738903.0,739069.0,1.5372062789680392,0.4117674687147464,0.4054651081081644,0.2792921808312601
2024-07-27,739093.4311809819,0.11565946325869761,8.979110593520119,2.212202139829345,-1.1496436110179105,0.026669320732535026,0.016524267742464238,0.020933256887311597,2024-01-26,2024-07-03,738910.0,739069.0,2.880975258220163,0.5552635017523636,0.4054651081081644,0.34725615021097317
2024-07-23,739089.2252641383,0.8853711573630134,6.437053078502659,0.5726975856876093,-0.005249136232542633,0.0007387399313865881,0.000010631875720250506,0.0007386634209460533,2024-02-02,2024-07-03,738917.0,739069.0,2.1943226523810186,0.9773149657624597,0.4054651081081644,0.2354531902635974
2024-07-09,739075.4117994386,0.5821956419993278,13.311172463130806,0.5791777447041645,-0.023573130053658263,-0.0002120484792617281,-0.00019579394479771393,-0.00008142044422478471,2024-02-09,2024-07-03,738924.0,739069.0,6.6985304231938745,4.862221394326851,0.4054651081081644,0.36928100515060797
2024-07-19,739085.9756711121,0.8854276324842754,8.285479407581944,0.5637634251462859,-0.005321000503966713,-0.0009531207153614892,-0.0008956393721768044,-0.0003259895904134618,2024-02-16,2024-07-03,738931.0,739069.0,2.9162325433609046,0.5965966637768424,0.4054651081081644,0.20179820382730043
2024-08-28,739125.3711148535,0.5327577198415895,12.367541280394995,0.8897806568019035,-0.04600665726602879,0.003287656478587172,0.0005503237268462067,0.0032412696458126266,2024-02-26,2024-07-03,738941.0,739069.0,2.332488812575142,0.6028102522194166,0.4054651081081644,0.24867445516428036
2024-08-20,739117.2804465378,0.3873868387873528,4.310612734365753,0.5110134750465671,-0.028748762564425295,0.01876916695258829,0.018284499573691295,-0.004237771045468973,2024-03-04,2024-07-03,738948.0,739069.0,0.8606770831826145,0.13765120350451132,0.4054651081081644,0.14696343578032345
2024-07-07,739073.675283598,0.8628419058241188,7.799958471883728,0.5169227986562769,-0.005564626696315834,0.0011086177602525763,0.0010605461791520054,0.0003229166149852327,2024-03-11,2024-07-03,738955.0,739069.0,4.014819563480038,0.5552558490946959,0.4054651081081644,0.23839070930965295
2024-07-18,739084.1368039282,0.21398773464396298,6.931479742250516,0.9374095491554956,-0.24379725633357452,-0.031897953702288026,-0.027731156608853735,-0.01576269023766369,2024-03-18,2024-07-03,738962.0,739069.0,2.3034522424236448,0.23595485254709855,0.4054651081081644,0.20289142592208886
2024-08-01,739098.8678343109,0.12952670550558845,7.761378138911917,1.3922585397945217,-0.5941156932028462,-0.04052325562310261,-0.020815720462932497,0.034768376837355675,2024-03-25,2024-07-03,738969.0,739069.0,1.815507532080053,0.24467363347139748,0.4054651081081644,0.21610072486471413
2024-07-27,739093.4138470065,0.005471584298448074,13.90990694337532,26.902035213083824,-25.944941211829676,-0.03653051355908023,-0.004877649894130639,-0.036203410784074345,2024-04-02,2024-07-03,738977.0,739069.0,3.4580054115759595,0.27937386961430855,0.4054651081081644,0.3283625700188571
2024-07-07,739073.495643374,0.6123379525063465,11.507975445875552,0.507066649437853,-0.012987742850391976,-0.004972269725571761,-0.004968099887768921,-0.0002035920651398593,2024-04-09,2024-07-03,738984.0,739069.0,5.47831821598267,0.13898606301052252,0.4054651081081644,0.22828051740429525
2024-07-31,739097.1804307451,0.6531300509143717,14.085588377407078,0.5426191549561813,-0.010103111516484803,0.0033521860660129686,0.001456977717618298,-0.003019001051926825,2024-04-16,2024-07-03,738991.0,739069.0,2.9737627568851064,0.13974996367408277,0.4054651081081644,0.18208897087337622
2024-07-13,739079.660846408,0.2528476568429317,2.9520490132330153,0.7663121503985478,-0.15432326346955436,0.03483794366833774,0.013290132926979161,-0.032203333458222905,2024-04-23,2024-07-03,738998.0,739069.0,0.9565788932810773,0.3794147895645518,0.4054651081081644,0.10424376688776331
2024-07-23,739089.8971774558,0.6384578076825661,10.309393952574938,0.39977968221140897,0.0017294486310568142,0.0022803200548411878,0.00019961438193075168,-0.0022715663430851706,2024-04-30,2024-07-03,739005.0,739069.0,2.3001047216092383,0.04696895813976811,0.4054651081081644,0.00719147179547666
2024-07-14,739080.3284329849,0.9096790418456939,4.762878647521999,0.4074751828322238,0.00032627747853269956,0.0005505625763630877,0.0005423987897417222,-0.00009446006234528807,2024-05-07,2024-07-03,739012.0,739069.0,1.3621978617824977,0.11318766026896451,0.4054651081081644,0.011168069118522785
2024-07-13,739079.9535986655,0.16961951442198744,6.827056499773639,0.3039152015797149,0.06509695097363702,-0.009280345596538576,-0.005416816301225092,0.007535443951750624,2024-05-14,2024-07-03,739019.0,739069.0,1.8650199530775056,0.17427649484135208,0.4054651081081644,0.003281378269221969
2024-08-08,739105.6835578806,0.31721025600453895,7.347272056865749,1.1304960298526172,-0.19465350790967842,0.007854765685066108,0.006716385924433633,0.004072775967489719,2024-01-12,2024-07-05,738896.0,739071.0,2.104059361617506,1.069917028352505,0.3928315268767133,0.3349061180662583
2024-07-15,739081.9633866933,0.04659233624135562,6.335872928053704,3.9010805407626328,-2.9645814343870023,0.022299698163668634,0.015874344252190514,0.015661472879447587,2024-01-22,2024-07-05,738906.0,739071.0,2.798990447211548,0.9776252924017325,0.3928315268767133,0.5268825399053095
2024-08-12,739109.0025420154,0.12118355917870474,5.453214923365932,2.108367989588617,-1.0273520850774736,0.038667029533995985,0.016717566468320514,-0.034866346874317104,2024-01-29,2024-07-05,738913.0,739071.0,1.4237779091002662,0.5904315901026158,0.3928315268767133,0.22966772335330723
2024-09-07,739135.8854639264,0.7564275230567834,4.3118246008307235,0.4094568880035358,-0.0019361987838844017,0.003005706784633226,0.002598592743091351,0.0015104929760654878,2024-02-05,2024-07-05,738920.0,739071.0,0.8249556943500221,0.11300809860816824,0.3928315268767133,0.21357526614806152
2024-07-29,739095.0613197573,0.4176952012249592,9.043988223116482,0.8428514530065331,-0.08414266736832038,0.006898219530795298,0.0003275965744995764,0.006890436356242009,2024-02-12,2024-07-05,738927.0,739071.0,2.7977865084435987,0.5633506004968035,0.3928315268767133,0.27499717850448585
2024-07-05,739071.0944098977,0.383579038959707,12.873653903820136,0.6054519605187427,-0.06271953330400461,-0.0021629738400094347,-0.00004349687073055911,0.002162536440109585,2024-02-20,2024-07-05,738935.0,739071.0,14.902629629740458,0.8639817890657673,0.3928315268767133,0.4728477988624201
2024-07-06,739072.731758591,0.3564066642525226,13.515332549307661,0.6452485967154106,-0.07831128102536064,-0.002839384636622514,-0.0005046953770741868,-0.0027941703045891676,2024-02-27,2024-07-05,738942.0,739071.0,9.301084149565806,0.7273093656925852,0.3928315268767133,0.45191910173975613
2024-07-29,739095.2841741351,0.9100064072537082,13.511834471501967,0.5778468538685799,-0.004615561571367524,-0.00034985729418042413,-0.0003490543884564092,-0.000023688819948870927,2024-03-05,2024-07-05,738949.0,739071.0,3.861664871615412,0.8885129250369987,0.3928315268767133,0.28895650108391646
2024-08-01,739098.8298802768,0.02470477769156699,6.807514178815928,6.425766901441534,-5.467094640259341,-0.06343277952775722,-0.03351244469385724,-0.05385753029297033,2024-03-12,2024-07-05,738956.0,739071.0,1.7720293809955758,0.312777313917187,0.3928315268767133,0.2571877702391356
2024-08-15,739112.7337018052,0.5944286262540374,9.755244091889072,0.6848842635413936,-0.022881992329218545,0.00429848400562297,0.004245193344808795,0.0006747578912377433,2024-03-19,2024-07-05,738963.0,739071.0,1.983517210945031,0.32436956306181114,0.3928315268767133,0.19889882443689183
2024-07-13,739079.2203902458,0.7087568467898212,11.731270561755313,0.5507822714431403,-0.011576516182987365,0.0018089261989833337,0.001226475304612739,-0.0013296512025878745,2024-03-26,2024-07-05,738970.0,739071.0,4.829694439761838,0.38664219761914503,0.3928315268767133,0.2882185761155967
2024-07-19,739085.0866686107,0.43885389900067084,2.561599958157745,0.7366276212132187,-0.07363345351758199,-0.022804315376703636,-0.014454659738509729,-0.017638016091501556,2024-04-03,2024-07-05,738978.0,739071.0,0.8269649508432974,0.5531804015028908,0.3928315268767133,0.10513292656386561
2024-07-10,739076.233095982,0.7779097091378022,6.497538880146413,0.45820528114043413,-0.0034940808432905074,0.0039148401506221295,0.0034190954612477774,0.0019067668005810106,2024-04-10,2024-07-05,738985.0,739071.0,2.955930704049832,0.10685607563933691,0.3928315268767133,0.09168834691038479
2024-08-10,739107.8454696746,0.16192982140254733,9.435332864276159,0.8974137033475792,-0.2548292317600591,-0.029597664140246335,-0.021228813883780635,-0.020624237771288096,2024-04-17,2024-07-05,738992.0,739071.0,1.7202110369037842,0.1477615431763451,0.3928315268767133,0.17095668440387168
2024-08-06,739103.257506577,0.3673931793097965,11.869584251359381,0.5538812607010414,-0.03146733791895037,-0.010831861983997985,-0.0012093052433592606,0.010764144874014118,2024-04-24,2024-07-05,738999.0,739071.0,2.2161314560427217,0.08991920697253405,0.3928315268767133,0.10019116879239424
2024-07-18,739084.4843723073,0.809405095414077,3.153997736275384,0.44049513090689923,-0.0018655427545164072,0.0017567501748912537,0.0017443180461563623,-0.00020862821197935086,2024-05-01,2024-07-05,739006.0,739071.0,0.8841615813433601,0.2725208645184173,0.3928315268767133,0.01621682736371022
2024-08-01,739098.2504721442,0.7028895976119672,6.935036675929616,0.37574640803984954,0.0026601666362353255,-0.000441481877625022,-0.00011003190357135689,-0.0004275502642588105,2024-05-08,2024-07-05,739013.0,739071.0,1.2588467649110582,0.6107089928779248,0.3928315268767133,0.009608012533524894
2024-07-20,739086.5504136388,0.02951902508654248,7.9606396085894024,-0.48077576225015684,0.8102459181587972,0.013763653688368885,0.0015293952793992243,0.013678417778847885,2024-05-15,2024-07-05,739020.0,739071.0,1.8420203470380494,0.21829166938533096,0.3928315268767133,0.0036848479901734777
2024-09-28,739156.2284116826,0.27927890704601627,7.143376630925297,1.4730007750075085,-0.28750852469373384,-0.013516063319521982,-0.01343097742289208,-0.0015142037917964786,2024-01-16,2024-07-08,738900.0,739074.0,1.2921688166935212,0.8316394757913648,0.4217814855403122,0.2408323905008564
2024-09-26,739154.1097126567,0.4056863758978221,4.697238121308045,0.6407797063908659,-0.043914372561354775,-0.013518594911389986,-0.01338826197297493,-0.0018726584635893031,2024-01-23,2024-07-08,738907.0,739074.0,0.8421102746794563,0.2805582047102486,0.4217814855403122,0.23933380757732356
2024-08-12,739109.515339041,0.4015136674140597,8.055232411604084,0.9698822417870345,-0.1049560791516121,-0.005385876908597715,-0.0028338007514580304,-0.00458009207064683,2024-01-30,2024-07-08,738914.0,739074.0,2.186725523702254,0.9713448291167581,0.4217814855403122,0.3234577435583065
2024-08-31,739128.4674634157,0.7218037362638684,6.86921771665312,0.6852951203052973,-0.011347614839382764,0.0019395222845637944,0.0019215761597395507,0.0002632332703898969,2024-02-06,2024-07-08,738921.0,739074.0,1.4621075356609052,0.6147827270859456,0.4217814855403122,0.18627386724618014
2024-08-12,739109.5972026612,0.3045083728975298,12.566721012072705,1.1093166388492395,-0.19808247424160097,0.008258803555465991,0.007193792341989069,0.004056745975300542,2024-02-13,2024-07-08,738928.0,739074.0,3.2591388832500714,0.5811740055033316,0.4217814855403122,0.329792591422163
2024-08-07,739104.5232914673,0.028523239149331532,8.431524110760165,7.125671799411141,-5.991411151488849,0.0420325457880854,0.04144832396515308,-0.006983648466755237,2024-02-21,2024-07-08,738936.0,739074.0,2.292780783420479,0.4822099702059887,0.4217814855403122,0.3203914956975456
2024-08-10,739107.5328258146,0.32514340938675185,14.658115386903514,1.018878851202433,-0.16074346511417292,-0.0028384042007874497,-0.0022722015198258366,-0.001701069857574638,2024-02-28,2024-07-08,738943.0,739074.0,3.7106946890916266,1.25619165624502,0.4217814855403122,0.3694543236375441
2024-07-11,739077.0877879255,0.17557208854640674,14.510610761106891,0.9672565510470461,-0.3190261562990185,-0.008976916757291955,-0.00800172176203214,-0.0040690887567575084,2024-03-06,2024-07-08,738950.0,739074.0,8.585148703657932,0.4300004165143398,0.4217814855403122,0.49182467984786576
2024-08-28,739125.1240638687,0.18451213261868185,5.5798089302981095,1.4575380201219061,-0.4744570656910463,0.035373265222076226,0.034887018827211985,0.005844981592879817,2024-03-13,2024-07-08,738957.0,739074.0,1.0571813180984984,0.4435344615923073,0.4217814855403122,0.11538602919215021
2024-08-14,739111.2829928033,0.7815288247689545,5.510891816592086,0.5481301517500006,-0.0055942970807894765,0.0024436193341855965,0.0010767936842784609,-0.0021935794519241094,2024-03-20,2024-07-08,738964.0,739074.0,1.2049566045890143,0.32466471228490223,0.4217814855403122,0.09883387533569918
2024-08-02,739099.0740222409,0.8745565482376998,13.962354497291903,0.5741741469838719,-0.005007064641765428,0.0007899700269418234,0.0006231167255316264,-0.00048556996388698616,2024-03-27,2024-07-08,738971.0,739074.0,3.6238742427434802,0.39701034205443525,0.4217814855403122,0.25746926569687956
2024-07-23,739089.4770939454,0.032447917013147094,7.117852327284783,3.1161653924910664,-2.4072119991747187,-0.06506085322333906,-0.007419407085194132,-0.06463642178101317,2024-04-04,2024-07-08,738979.0,739074.0,2.226539790993527,0.1686678986050889,0.4217814855403122,0.20409115686540838
2024-08-07,739104.5974599214,0.31953066447998585,8.478405750167902,0.6805504984787641,-0.07655964868848462,0.017637805404466037,0.013583129940235866,-0.011251255952669433,2024-04-11,2024-07-08,738986.0,739074.0,1.8281646611956648,0.1635888618860288,0.4217814855403122,0.16796797195256202
2024-07-08,739074.4637864035,0.5529399734069836,7.061946318427442,0.45982976566450634,-0.00822694662089035,-0.008744403747963817,-0.00725066130780249,0.004887996267075042,2024-04-18,2024-07-08,738993.0,739074.0,5.809091312374505,0.0736651458616616,0.4217814855403122,0.11371910237251721
2024-08-09,739106.2716191735,0.9273318416560601,12.799545595502753,0.44678667065182187,-0.0006972898871636482,0.0008419085768909841,0.000837377904762733,-0.00008722554934064531,2024-04-25,2024-07-08,739000.0,739074.0,2.427849367471436,0.06000522289860268,0.4217814855403122,0.07118265686067202
2024-07-08,739074.6615404042,0.8351057926591878,9.64324197397523,0.40031076889484346,0.0011097553121401783,0.001062652515088153,0.0008762283885796003,-0.000601210594442891,2024-05-02,2024-07-08,739007.0,739074.0,7.102456701610037,0.09043871640821158,0.4217814855403122,0.010084089168732647
2024-07-28,739094.2118684734,0.9885358693867963,6.585509151895053,0.39177500256857406,0.0005955454241120337,-0.00016234592826145868,-0.00015017380470130329,0.00006167680929336011,2024-05-09,2024-07-08,739014.0,739074.0,1.4447251376655892,0.5506511698383696,0.4217814855403122,0.008248698088086622
2024-07-22,739088.5016656597,0.7372771381268807,10.419294442113745,0.3834141137998032,0.002355063750442563,0.0009541318841088383,0.00007850378099533503,-0.0009508968443750981,2024-05-16,2024-07-08,739021.0,739074.0,2.5502535746582167,0.174657289117689,0.4217814855403122,0.004529256884365893
2024-08-12,739109.8609391479,0.9123199569042517,8.006212565426734,0.6147935410799059,-0.004465453794995544,-0.0005518403814632354,-0.0003634837810174423,-0.00041521963772292035,2024-01-17,2024-07-09,738901.0,739075.0,2.2812530848573864,0.922087599200395,0.4054651081081644,0.25388271945669905
2024-07-10,739076.7122620638,0.688698806871841,13.064980330583499,0.5374064932066424,-0.012680380030560892,0.0003997770686715942,0.0003626424198941351,0.00016826223559960918,2024-01-24,2024-07-09,738908.0,739075.0,9.545033728781181,1.671994947201963,0.4054651081081644,0.3976521199759228
2024-09-22,739150.3852901512,0.8205226654246303,10.670673807765361,0.8040867304908484,-0.00842944331723904,0.0008423095322383205,0.0004888182500824799,0.000685960688732117,2024-01-31,2024-07-09,738915.0,739075.0,1.9336931400720339,0.7695306409084928,0.4054651081081644,0.21022498494840675
2024-08-16,739113.9085670939,0.8920202633310081,11.01585021656278,0.6321056379479215,-0.005044916880351523,0.0007190666318938812,0.0007190664463009842,5.166307038385775e-7,2024-02-07,2024-07-09,738922.0,739075.0,2.7978077087031235,0.5681219606872747,0.4054651081081644,0.22503758421595443
2024-07-30,739096.2836055667,0.9539260154114202,12.201912509571281,0.5446698995945429,-0.0032263916258163964,-0.00032808175811130716,-0.00017172110841279378,-0.00027955232234930157,2024-02-14,2024-07-09,738929.0,739075.0,4.003914398535146,0.7688148875341108,0.4054651081081644,0.3084934345301972
2024-07-17,739083.5728606463,0.17343136360217828,13.844669901576673,1.0889973457115976,-0.3742331165486984,-0.006862295123325184,-0.0015239997793323448,0.006690928114410406,2024-02-22,2024-07-09,738937.0,739075.0,6.255414186979476,0.6831528086007994,0.4054651081081644,0.47212434138339804
2024-08-03,739100.5280115426,0.5937808275976625,11.952672556579891,0.6929114834129542,-0.026604353821266444,-0.0019461732913042624,-0.001897708943663554,0.00043161469498318014,2024-02-29,2024-07-09,738944.0,739075.0,3.4497911907739014,0.67909784987424,0.4054651081081644,0.3245341742028255
2024-07-20,739086.393169828,0.3162712931161656,2.5095797683417445,0.6435288999012422,-0.08504241868817465,-0.026184170860926847,-0.02548488698144479,-0.006010934970301761,2024-03-07,2024-07-09,738951.0,739075.0,0.9886122138533162,0.4093130081539585,0.4054651081081644,0.1604196096569167
2024-08-11,739108.6740492337,0.9145596980025843,11.673872427919145,0.6067366140668672,-0.004373927686983911,-0.0006652272799129539,-0.0005449167618456103,0.0003815665821322433,2024-03-14,2024-07-09,738958.0,739075.0,2.783943049137317,0.5151084383036394,0.4054651081081644,0.2372400117168993
2024-09-01,739129.5231299278,0.6878857095363494,10.311658041894209,0.6610149770871753,-0.01222481963739839,-0.0028436535172234653,-0.0017051035360636472,-0.0022757388376790145,2024-03-21,2024-07-09,738965.0,739075.0,1.8125304720102622,0.28678310745437935,0.4054651081081644,0.17031626226323085
2024-07-23,739089.7834909256,0.3579322048054337,8.806977204400244,0.6593366299660889,-0.06729930568206664,0.017043746816127237,0.01628744244187543,-0.005020809121530334,2024-03-28,2024-07-09,738972.0,739075.0,2.908945873233451,0.16047944470229683,0.4054651081081644,0.20453591581973454
2024-07-09,739075.1748093681,0.5894911810345415,2.460614612688165,0.4686572765440113,-0.013056138353191991,-0.01156267958215106,-0.010358095304198784,0.005138620514167993,2024-04-05,2024-07-09,738980.0,739075.0,2.4671112645555557,0.27051413700515237,0.4054651081081644,0.12030755022554067
2024-08-18,739115.2974433915,0.8476824909706153,3.754211898275364,0.8318101931678162,-0.012888497346202194,-0.004320982320710559,-0.0009715784129693531,-0.004210335331460569,2024-04-12,2024-07-09,738987.0,739075.0,0.6919444312808478,0.6734947708118069,0.4054651081081644,0.07180341247804273
2024-08-01,739098.5055201192,0.48960873272417993,10.437334885699638,0.5184982788140899,-0.015880396476373057,0.007950680892106616,0.0038151471845543515,0.006975527120461671,2024-04-19,2024-07-09,738994.0,739075.0,2.478448576526472,0.0936950301200324,0.4054651081081644,0.12056304479362089
2024-07-21,739087.3070948574,0.35047661756142895,3.6029542761221656,0.49397604656001065,-0.02449984247280364,-0.0108320594570655,-0.0009820430202951416,0.010787451209052659,2024-04-26,2024-07-09,739001.0,739075.0,1.116886263826143,0.22001513381932553,0.4054651081081644,0.05469433151283949
2024-07-14,739080.7763668962,0.9924907228107775,7.158954867094733,0.4081797187196688,0.00024210522541007925,-0.0006266059673317799,-0.000626575785347058,-6.150082317593799e-6,2024-05-03,2024-07-09,739008.0,739075.0,2.886759537499922,0.05356566094507412,0.4054651081081644,0.007262126681741336
2024-07-30,739096.1054067505,0.9055587094279793,9.980894180898058,0.3905251078658681,0.0008325913224489083,-0.0004630909803051997,-0.00004924656164646298,-0.0004604650173531445,2024-05-10,2024-07-09,739015.0,739075.0,2.1384827040095167,0.16312206801396537,0.4054651081081644,0.004201087638011164
2024-07-22,739088.3292708825,0.40214841589812667,3.322584940692055,0.31481570353345306,0.02597195511191345,-0.003610215671276054,-0.0035025488707675443,0.0008751049085750846,2024-05-17,2024-07-09,739022.0,739075.0,0.8485582256551419,0.8707265087561223,0.4054651081081644,0.006648949010950594
2024-08-31,739128.5310248345,0.9969298337955625,9.46906565803825,0.6350847609024083,-0.0027195740529844647,0.00034436744594867885,0.0003386039887285283,-0.00006273975331754936,2024-01-18,2024-07-10,738902.0,739076.0,2.2025183316398906,0.8314502422602797,0.3724588116399944,0.24743378854142387
2024-09-03,739131.655534288,0.11276605531914966,7.363203902785694,2.886936253639956,-1.5006792024655835,-0.03225985418938322,-0.03072972987900922,0.009817428068664136,2024-01-25,2024-07-10,738909.0,739076.0,1.624760702580771,0.712421512569342,0.3724588116399944,0.2892867468487204
2024-07-25,739091.7882156374,0.13592087092776842,9.30612403257123,1.6228326275796234,-0.7340676932293833,-0.019525819401920178,-0.010901857828437955,0.016198985128856945,2024-02-01,2024-07-10,738916.0,739076.0,3.569512590975834,0.5490907845073888,0.3724588116399944,0.47505819635875945
2024-09-17,739145.6148663482,0.5408320728282671,13.130019830804791,0.9370482848201978,-0.0442028111060941,0.0028029808780865636,0.002265370335358215,0.0016506965337692847,2024-02-08,2024-07-10,738923.0,739076.0,2.4292120650351388,0.6495712741955976,0.3724588116399944,0.28430380728773175
2024-07-27,739093.6693950058,0.21098147345197532,5.779375504739994,0.9609439304068076,-0.25406352657934794,0.02877514082589814,0.023077691979987144,-0.017188044171083192,2024-02-15,2024-07-10,738930.0,739076.0,2.0475241179368657,0.32232075560492945,0.3724588116399944,0.26713314733819177
2024-09-14,739142.4625381171,0.3795914371020338,6.37389261237277,0.8001245528360623,-0.07312955577666104,-0.0141479821857492,-0.0020603236173793085,-0.013997159230356205,2024-02-23,2024-07-10,738938.0,739076.0,1.139969300372491,0.3078293999732969,0.3724588116399944,0.13185994836083526
2024-08-30,739127.627535473,0.6874478630619064,5.153964905041488,0.5041112669910349,-0.006052216603249876,-0.003818750090328861,-0.0020874914248415325,-0.0031976916367279307,2024-03-01,2024-07-10,738945.0,739076.0,1.036335219536693,0.21139345363407738,0.3724588116399944,0.14011159436984444
2024-08-12,739109.4806866685,0.6531234411855736,11.258138915603277,0.6902255788676674,-0.018876447156679438,0.002165073618835192,0.001598467175007709,0.0014602898566377113,2024-03-08,2024-07-10,738952.0,739076.0,2.774287118568369,0.5057970085860382,0.3724588116399944,0.2801104687982701
2024-08-03,739100.2518493439,0.7325698155142678,12.399656191250214,0.6218056010358105,-0.011580456473839188,0.0011012364225139201,0.00019393186209722214,-0.0010840258719858865,2024-03-15,2024-07-10,738959.0,739076.0,3.4773499103466534,0.6212758731149131,0.3724588116399944,0.31499265126186476
2024-07-20,739086.2987587416,0.4301869940189308,10.971659107792663,0.6416277627079165,-0.05068386177610343,-0.006781994257671546,-0.006780875505236562,0.00012318073539568195,2024-03-22,2024-07-10,738966.0,739076.0,4.292065608113555,0.2930199910194672,0.3724588116399944,0.3532415493185904
2024-08-19,739116.1847018804,0.23272321160380655,3.801944587229209,1.628329454794676,-0.467863739675305,-0.04668713747710597,-0.005590908302999959,-0.04635116557491991,2024-04-01,2024-07-10,738976.0,739076.0,0.7560548513461285,0.6134173560197727,0.3724588116399944,0.10787757459521338
2024-08-24,739121.3177802291,0.31307360628861997,14.373959899158375,0.8613929846881676,-0.11857296460141876,-0.015965641523846476,-0.014124064254080648,-0.0074439585043558736,2024-04-08,2024-07-10,738983.0,739076.0,2.552725206342722,0.16175932706022025,0.3724588116399944,0.20619783231949107
2024-08-08,739105.601887594,0.5221342057691097,5.407633144960007,0.6281450090532109,-0.027360334850294706,-0.009214365157471042,-0.00276276177059607,-0.008790430743379374,2024-04-15,2024-07-10,738990.0,739076.0,1.172477783238386,0.2867021259499173,0.3724588116399944,0.11208865449485912
2024-07-11,739077.8008917249,0.9792678814858975,10.646293441752963,0.43178326475106105,-0.0007980800666165406,0.00120904396380508,0.000918531765763947,-0.0007861849029942414,2024-04-22,2024-07-10,738997.0,739076.0,6.445038442487522,0.06071660065768792,0.3724588116399944,0.12330879548125553
2024-08-04,739101.2601548388,0.21700795304782222,4.51357671300054,0.49528096966216095,-0.035621500834817334,0.011249695834536267,0.01118981898031339,0.0011591408703866958,2024-04-29,2024-07-10,739004.0,739076.0,0.9684624081218893,0.152239116728035,0.3724588116399944,0.02031139505493164
2024-07-11,739077.1973166714,0.4479704434384465,3.7618290873445335,0.39279524234252383,0.005046070258063775,-0.0019264231861380397,-0.00030430796142025653,0.0019022363041185182,2024-05-06,2024-07-10,739011.0,739076.0,2.402372814756671,0.31192623040295037,0.3724588116399944,0.01757966786485541
2024-08-04,739101.4900607533,0.8097988068918569,14.164103817012341,0.3640932912668109,0.00223173557591509,-0.0005371508382146936,-0.00034266289480037565,-0.0004136582690117226,2024-05-13,2024-07-10,739018.0,739076.0,2.6745741540949473,0.2375387736711481,0.3724588116399944,0.005071067892791252
2024-07-12,739078.3801816647,0.19582451840407772,10.825497655299348,0.3281677203468023,0.04778862535967755,-0.005699930284108222,-0.0023601162425637874,-0.005188357790792828,2024-05-20,2024-07-10,739025.0,739076.0,5.358769521245811,0.15166109637493705,0.3724588116399944,0.007400464636292335
2024-08-30,739127.8086677906,0.7984673900259882,13.729464477889213,0.6577878024843502,-0.007600244115761516,-0.0006013528477135961,-0.0002547695850231612,0.0005447180059447069,2024-01-19,2024-07-11,738903.0,739077.0,3.2496609888677797,0.7350243996983364,0.420929333805746,0.31304715431973756
2024-07-17,739083.3485564782,0.8827731962093177,4.155661453737439,0.4891079849714909,-0.0035919270983685745,-0.0011446744787428386,-0.0007028831449063096,-0.0009034572191818519,2024-01-26,2024-07-11,738910.0,739077.0,2.18728101431147,0.6665833963058428,0.420929333805746,0.2671921545754756
2024-08-03,739100.1441348953,0.3477197889105577,13.09632132009845,0.874927448142389,-0.12006720124323611,-0.004671308100791218,-0.001621129856289594,0.004380988171812855,2024-02-02,2024-07-11,738917.0,739077.0,4.311532974523949,0.6824423347857166,0.420929333805746,0.42662958489060365
2024-07-19,739085.6729805163,0.6082734018995694,14.045315111355235,0.5790604042263542,-0.019548662949151075,-0.0001760810800356809,-0.00009416520779323586,-0.000148786627046212,2024-02-09,2024-07-11,738924.0,739077.0,6.539302163233191,4.808080214749134,0.420929333805746,0.40864055635613444
2024-09-14,739142.3356593052,0.19400295706927234,6.933921153993651,1.4866347960845614,-0.4493713401153354,0.032222312187869515,0.013347286218823917,0.02932792787302433,2024-02-16,2024-07-11,738931.0,739077.0,1.2954889767142561,0.3901917838353639,0.420929333805746,0.12726564702804874
2024-08-21,739118.9579545715,0.4991046910106566,3.177092061350579,0.26877669273152877,0.007869486212257512,0.015141808648497028,0.012092096851374634,0.009113482478431342,2024-02-26,2024-07-11,738941.0,739077.0,0.7306030708577761,0.08164516622901886,0.420929333805746,0.19824332862566008
2024-08-08,739105.3609618626,0.179849817407749,12.936575457326782,1.4256706904819074,-0.4964884865697495,-0.009553282153485129,-0.0019619949846863527,0.00934964039865508,2024-03-04,2024-07-11,738948.0,739077.0,3.5280183290729297,0.7225156395929602,0.420929333805746,0.4211319624570816
2024-08-23,739120.1678480835,0.8067272877887768,11.813467158226924,0.6534440561557912,-0.007637887299118805,-0.0011230502699589252,-0.0002088156988543437,-0.001103466317006,2024-03-11,2024-07-11,738955.0,739077.0,2.522938952823123,0.4644333717544071,0.420929333805746,0.2464724141483389
2024-08-04,739101.4160159914,0.19777974968195228,2.3725738102387943,1.456174493947484,-0.5081915438980075,-0.06325477757753707,-0.04415061090841209,-0.04529779732832148,2024-03-18,2024-07-11,738962.0,739077.0,0.6578753665365291,0.6697245083714154,0.420929333805746,0.15043962636894836
2024-07-23,739089.5902376287,0.20347247436472077,11.055010660451646,0.8899638548006353,-0.2352210577104257,-0.017127934353809573,-0.01352479427390166,-0.010509332760791574,2024-03-25,2024-07-11,738969.0,739077.0,3.975457796276994,0.2527654492114042,0.420929333805746,0.3905726778699106
2024-08-08,739105.3307411519,0.3503049745698202,10.591627959558402,0.7239312152976908,-0.07805466931335317,-0.015885452377021374,-0.015814962468241822,0.0014948442563412958,2024-04-02,2024-07-11,738977.0,739077.0,2.546540269484939,0.16251104705250194,0.420929333805746,0.20464150516135668
2024-07-24,739090.7144526351,0.3024566409448564,6.908009407948785,0.6139159648657845,-0.06903121727563816,-0.022549806080370424,-0.01986256846751557,-0.010675772952604752,2024-04-09,2024-07-11,738984.0,739077.0,2.2557359568646826,0.134033366072946,0.420929333805746,0.16318901386575754
2024-08-20,739117.7726461042,0.4515252308458183,12.317795290839877,0.6303780132869137,-0.03269844412096951,0.008791548496792947,0.008083110956203192,-0.0034575485884033863,2024-04-16,2024-07-11,738991.0,739077.0,2.223889266888143,0.13633606442074842,0.420929333805746,0.1493503916899833
2024-07-18,739084.3642442436,0.11982457349486357,3.6268199373702723,0.5903537927098741,-0.1266803312277677,0.030296758621652483,0.008833646409532952,0.028980342891174002,2024-04-23,2024-07-11,738998.0,739077.0,1.4210950212899587,0.13814428429992617,0.420929333805746,0.151130949578333
2024-07-13,739079.6388766135,0.3859363246306321,8.061582772642275,0.3889060739855806,0.007389497267617619,0.006487891955098933,0.006260177424595627,0.0017037959483520069,2024-04-30,2024-07-11,739005.0,739077.0,4.288317616523993,0.05452637464300714,0.420929333805746,0.010844958246737079
2024-07-18,739084.2437547774,0.12751563662199475,8.443383279093503,0.31764324129685895,0.06495842156272044,-0.01284130888748621,-0.010514373289792857,0.007372053192070906,2024-05-07,2024-07-11,739012.0,739077.0,3.09062817252904,0.07639643800589056,0.420929333805746,0.007773918953538748
2024-07-26,739092.5284731535,0.9539333452422529,12.504071675566042,0.38437236387229845,0.0009613261350311258,-0.0002963465205761797,-1.2187622876968368e-7,0.00029634649551453897,2024-05-14,2024-07-11,739019.0,739077.0,3.0945767238366897,0.2474785099153922,0.420929333805746,0.006680680533275793
2024-07-28,739094.1333657006,0.2533993788592582,8.067106812998961,0.276936884027991,0.05564465535834829,-0.005642928790186939,-0.005432567904727763,-0.0015263850404280133,2024-05-21,2024-07-11,739026.0,739077.0,1.7723734873208632,0.30974665552632236,0.420929333805746,0.006184051043735549
2024-08-05,739102.2547666999,0.9266239168666837,4.80169259655696,0.5274828650183458,-0.003006271200336394,-0.0007192335093960974,-0.000038020809142100814,0.0007182278601602736,2024-01-22,2024-07-12,738906.0,739078.0,1.5978171430249721,0.8066170459312277,0.42007645528922843,0.2633160781636128
2024-08-09,739106.1431546111,0.618102303988913,2.4853943241388516,0.37847301656674315,-0.00226823399465922,-0.007964328243145866,-0.007511337351082074,-0.002647703828378518,2024-01-29,2024-07-12,738913.0,739078.0,0.7619043713297204,0.07082780198766121,0.42007645528922843,0.24773307876180164
2024-08-02,739099.7938651347,0.7917569995591045,6.866865862953591,0.5866961543742011,-0.007758733852556221,-0.001054291678274493,-0.00014407618046134374,-0.0010444007837523475,2024-02-05,2024-07-12,738920.0,739078.0,2.3062092511152907,0.8485226183923181,0.42007645528922843,0.29148102890308036
2024-07-24,739090.5491975453,0.6135068780371583,7.037269233428818,0.6014219030619997,-0.019857453406213338,0.003005865767038121,0.00019395674543308658,-0.002999601605272383,2024-02-12,2024-07-12,738927.0,739078.0,2.8755935321965995,0.5759293869517925,0.42007645528922843,0.2943908792444386
2024-09-18,739146.2004401045,0.47190538212195954,11.931595325746903,0.9658835191205012,-0.06463529296432498,0.004294115618732159,0.002034871935493466,0.0037813655143586105,2024-02-20,2024-07-12,738935.0,739078.0,2.146515990954736,0.595322645801493,0.42007645528922843,0.283501223331753
2024-08-29,739126.666084612,0.5933717535135689,6.520448685095682,0.6434234695152218,-0.01807578626737687,-0.005413027438066439,-0.0013732579666776896,-0.005235936267967399,2024-02-27,2024-07-12,738942.0,739078.0,1.3839245446073891,0.303882965683373,0.42007645528922843,0.1077639044242799
2024-07-24,739090.5040414449,0.34603832308199506,8.617138254567912,0.7488189637797786,-0.09693060260195518,0.011743907587038832,0.01034914836498208,-0.00555108039326553,2024-03-05,2024-07-12,738949.0,739078.0,3.32754135141281,0.33144343819563654,0.42007645528922843,0.34957247852436757
2024-08-08,739105.4400683701,0.21463594234067657,13.60287028117758,1.2365663848285213,-0.3524591498099975,-0.008056046666271908,-9.763067126007858e-6,-0.008056040750373186,2024-03-12,2024-07-12,738956.0,739078.0,3.669378373731512,0.6903331182953553,0.42007645528922843,0.42281871271151195
2024-08-27,739124.1881250448,0.4849226896525457,6.781551227396334,0.7129246573957809,-0.03783272977550117,0.009181528038453965,0.006937980765105312,-0.006013724305615033,2024-03-19,2024-07-12,738963.0,739078.0,1.348984236764945,0.29464303015721377,0.42007645528922843,0.11000031371810888
2024-08-13,739110.5366936604,0.5987939970458734,5.5377622973049485,0.5796718040567139,-0.015145225517958568,0.005960565290435146,0.0028400974224047117,-0.0052404375020402945,2024-03-26,2024-07-12,738970.0,739078.0,1.2895212139241123,0.2747460281102791,0.42007645528922843,0.11069513326734251
2024-07-20,739086.2952866502,0.39366775502536655,4.827147821153022,0.5418911165821746,-0.0355072383396074,0.01765281702604408,0.01512501863965253,0.00910251394424394,2024-04-03,2024-07-12,738978.0,739078.0,1.9738051326968957,0.16403711435131485,0.42007645528922843,0.15174885668790866
2024-08-03,739100.183035031,0.6857707731716963,8.126173263193234,0.5096946643380195,-0.006970893604045535,-0.004080677772060167,-0.003613378601436346,-0.0018961609008910196,2024-04-10,2024-07-12,738985.0,739078.0,2.1303508612750486,0.14416141814167113,0.42007645528922843,0.12770829759791538
2024-08-17,739114.8977353716,0.3247131498364995,10.445514341197379,0.6705894356411449,-0.068068628024486,-0.014599458858794613,-0.014474400103839675,0.001906814255139311,2024-04-17,2024-07-12,738992.0,739078.0,2.000270156402796,0.14493733961428854,0.42007645528922843,0.16164861540018324
2024-07-31,739097.6154449867,0.6991904206953957,14.875412243270313,0.4446495038975609,-0.0023955427016938815,-0.0019708207421322847,-0.0006763102455679233,0.0018511452804571293,2024-04-24,2024-07-12,738999.0,739078.0,3.8232934625800654,0.05713250308410942,0.42007645528922843,0.13573434372905296
2024-07-13,739079.2936486141,0.08510513803991128,7.09632147069191,0.3489506943224275,0.050706166549818875,-0.015832188008830895,-0.014575196492607127,0.006182380152405846,2024-05-01,2024-07-12,739006.0,739078.0,4.559455198700695,0.0384098259554947,0.42007645528922843,0.016213373780821275
2024-07-14,739080.8493258782,0.8778629071967627,12.347931881094725,0.3936727719605695,0.001246464048687269,0.00048292777133534365,0.00008078609439726414,-0.00047612271451691747,2024-05-08,2024-07-12,739013.0,739078.0,6.230199874533215,0.18349745703658954,0.42007645528922843,0.009153040740306042
2024-07-28,739094.2075180805,0.12364843898380265,7.978482337380022,0.17849217432912254,0.15226625943912545,-0.008305967978647705,-0.008248351853028683,0.0009766246827514365,2024-05-15,2024-07-12,739020.0,739078.0,1.9318840158915134,0.2841068968113884,0.42007645528922843,0.007221864293045108
2024-07-27,739093.8969449648,0.7720727061774864,4.86966746211467,0.374265288256546,0.0025821924647156896,-0.0005298258194965795,-0.0004935264977830432,0.00019273555715338544,2024-05-22,2024-07-12,739027.0,739078.0,1.1137409001476077,0.7727061795438638,0.42007645528922843,0.00839949446420085
2024-09-28,739156.3162116954,0.847864936386495,12.617136181397374,0.7437347170002575,-0.006317748875162094,0.0005876041002772158,0.00022087976010440666,-0.0005445096052769099,2024-01-23,2024-07-15,738907.0,739081.0,2.403724707120744,0.7225092743490547,0.4251828493638026,0.27591109789692897
2024-09-04,739132.7740917099,0.20278318042227866,6.166829110069828,1.4967045791725215,-0.44521804472305404,-0.026649808822309697,-0.025371264290429376,-0.008155443493203716,2024-01-30,2024-07-15,738914.0,739081.0,1.4144616199947007,0.5493494278401604,0.4251828493638026,0.22990178084135243
2024-07-16,739082.3292454317,0.8172250373662022,2.8434638647458934,0.4282657958585511,-0.002120060620435028,-0.0030215477936119776,-0.0014992921920920171,-0.002623332611738992,2024-02-06,2024-07-15,738921.0,739081.0,2.17171954110564,0.20165674888759214,0.4251828493638026,0.19669871303392988
2024-08-08,739105.8043736889,0.4977520215239858,7.5606759635944,0.7116678961315963,-0.041429714329069965,-0.005371682734307676,-0.0027834852541516967,0.004594255678342167,2024-02-13,2024-07-15,738928.0,739081.0,2.3701339322375334,0.5077547461904438,0.4251828493638026,0.28447190622485724
2024-07-25,739091.1301951092,0.5112728213477856,10.868698079257403,0.6388586503009684,-0.03566439002554297,-0.0023961401518475802,-0.0023870336430093122,-0.00020870556877533393,2024-02-21,2024-07-15,738936.0,739081.0,4.720200805389911,0.7001607578249117,0.4251828493638026,0.40511050939204485
2024-07-23,739089.5534943652,0.838872164666117,2.3402230937640343,0.3959778210792235,-0.0004781049866454504,-0.003206112158651957,-0.001466479428848905,0.002851068792333658,2024-02-28,2024-07-15,738943.0,739081.0,1.0581722378376681,0.053454354011426904,0.4251828493638026,0.1997398349662555
2024-08-20,739117.7571746727,0.6224740267314549,5.250191990607218,0.5767266794581533,-0.012892205278191297,-0.004945700457113567,-0.002254672661780054,-0.004401863718893963,2024-03-06,2024-07-15,738950.0,739081.0,1.2685855438884375,0.30906188746306407,0.4251828493638026,0.12054339842522767
2024-07-24,739090.8888806838,0.49535561080997603,10.908145690968556,0.6394321121917789,-0.03820481480287058,-0.0028975272648679618,-0.002804441957769254,-0.0007285393305488489,2024-03-13,2024-07-15,738957.0,739081.0,4.52354256372264,0.5987654383732801,0.4251828493638026,0.4039283832062107
2024-07-19,739085.9561241093,0.9957800496986147,11.705090619814252,0.5049637796598181,-0.0025818400382659292,0.0003707737832636021,0.00037074443841488675,-4.664733651006935e-6,2024-03-20,2024-07-15,738964.0,739081.0,5.96701202376021,0.5923916845994891,0.4251828493638026,0.3009785544108792
2024-07-19,739085.7956184109,0.032316658848757805,5.0539428571683125,2.278255211181195,-1.686685875653077,0.07151137954166345,0.005654763330058648,0.07128745370423087,2024-03-27,2024-07-15,738971.0,739081.0,2.55420544297358,0.15081869491425,0.4251828493638026,0.25543768095103075
2024-08-19,739116.7936796012,0.9800799922778265,7.011493492814855,0.49262010094555797,-0.0014427893124446965,0.000983439693185664,0.0009578196591369438,-0.00022301374554924134,2024-04-04,2024-07-15,738979.0,739081.0,1.504236423415024,0.2050719077426609,0.4251828493638026,0.10549465429390474
2024-07-31,739097.3760125667,0.47482569557475196,7.86530736470196,0.5426125600275469,-0.022196308759925846,-0.010152420196232562,-0.0056917429133371104,0.008406883991667042,2024-04-11,2024-07-15,738986.0,739081.0,2.399823602719394,0.13198655312460433,0.4251828493638026,0.14868371712944556
2024-08-07,739104.1360003639,0.5188649164624787,3.27568886819971,0.8644807234273924,-0.062225575018141556,-0.017830989961699302,-0.0014023199609589216,0.017775761636040183,2024-04-18,2024-07-15,738993.0,739081.0,0.8181759113529092,0.552770839709058,0.4251828493638026,0.08856774173686938
2024-07-18,739084.1892711229,0.11652753782584216,11.782685589507295,0.4904093359963742,-0.05326824525784773,-0.016458474430691,-0.003379073037871845,-0.016107862862292974,2024-04-25,2024-07-15,739000.0,739081.0,6.13828326534835,0.03200833579972317,0.4251828493638026,0.11389593581332225
2024-07-27,739093.8503338996,0.5782553342559426,12.026009247336445,0.39196199497910694,0.003072503508329728,0.002295874958518375,0.0022958696251364854,-4.948689463321639e-6,2024-05-02,2024-07-15,739007.0,739081.0,3.6573006012894016,0.06434906938978946,0.4251828493638026,0.010804185497253956
2024-07-22,739088.7042634365,0.1843692509269337,6.457671460066738,0.33018318935447366,0.046083295781284006,-0.005476447430074385,-0.002347414161838052,0.00494784025683636,2024-05-09,2024-07-15,739014.0,739081.0,2.3348509208384196,0.24024654641571566,0.4251828493638026,0.010429623575906436
2024-07-30,739096.6931067156,0.20086255043535012,6.607394342504818,0.2861267790637848,0.06321047526063932,-0.00311738782489337,-0.002158207969700246,-0.002249498879820961,2024-05-16,2024-07-15,739021.0,739081.0,1.6546555314498919,0.6164061547033202,0.4251828493638026,0.010784511997682706
2024-07-19,739085.9704616871,0.22294601705779288,13.500167263045508,0.36425383967132513,0.024426222244605018,-0.005886019374393958,-0.005658173892245689,-0.001621817585565747,2024-05-23,2024-07-15,739028.0,739081.0,5.277910960516334,0.06853228080859411,0.4251828493638026,0.008163548631037876
2024-08-02,739099.6860463218,0.49260210309558905,3.482275083848964,0.5818114884260047,-0.02787070573767567,-0.008870564180742396,-0.0018094122276218053,0.008684062198948296,2024-01-24,2024-07-16,738908.0,739082.0,1.3207552707196137,0.44445716295938426,0.48490823546994427,0.22568069094754759
2024-08-13,739110.1014832282,0.46460508401502787,2.120669068769109,0.3810958660948895,-0.007151397138432553,-0.01727182252691867,-0.0073841020400515845,0.015613804483964863,2024-01-31,2024-07-16,738915.0,739082.0,0.6540019008164469,0.09071180012906328,0.48490823546994427,0.27717901356078534
2024-07-27,739093.470476496,0.5485282097378975,3.3109983173946107,0.5065986153258372,-0.014703035603252134,0.008213110123174891,0.0070305616534871345,0.00424574854789048,2024-02-07,2024-07-16,738922.0,739082.0,1.4252389944350647,0.2965782991741387,0.48490823546994427,0.1894180535806842
2024-09-07,739135.2813291771,0.43357099389074294,8.92630400810239,0.916112798168129,-0.07428823802335857,-0.007111444175333393,-0.0034204304925696317,-0.006234845106687342,2024-02-14,2024-07-16,738929.0,739082.0,1.9230907451911277,0.507400392536091,0.48490823546994427,0.24026404449568228
2024-08-13,739110.1216958874,0.9195259019638069,8.218801165388726,0.5578581704217539,-0.0033975258158002873,0.0008811203543891229,0.0005674910927726502,-0.000674037787177037,2024-02-22,2024-07-16,738937.0,739082.0,2.377343263977694,0.43140286504661757,0.48490823546994427,0.19119091977536867
2024-07-30,739096.1213017827,0.3665309168751499,12.823170415101034,0.7680969693278951,-0.09135965784926393,0.002354858538223801,0.00234625642048879,-0.00020109585863628882,2024-02-29,2024-07-16,738944.0,739082.0,4.85113765089156,1.108931807661051,0.48490823546994427,0.4428278329961617
2024-07-23,739089.839550026,0.2760470200581851,14.187254641434835,0.8097621516323714,-0.15233466289274103,-0.002853101450180676,-0.0018610375988585847,-0.0021625741468578015,2024-03-07,2024-07-16,738951.0,739082.0,6.489721178544146,1.038881998086344,0.48490823546994427,0.48862919918197933
2024-08-07,739104.7668188693,0.9398427439478705,14.609905349596476,0.5706226002908475,-0.0036589582770605563,-0.0002735138019521641,-0.00025776695615880647,0.00009146581968665448,2024-03-14,2024-07-16,738958.0,739082.0,4.333177330067119,0.8605696018048357,0.48490823546994427,0.321803405639936
2024-08-27,739124.4407711368,0.08849197958013023,11.556106081652262,2.5535246068936854,-1.46856212708574,-0.040416380409550604,-0.036768812637226755,-0.016779100770244502,2024-03-21,2024-07-16,738965.0,739082.0,2.4343122188466118,0.2782449545244814,0.48490823546994427,0.28100914217084494
2024-09-01,739129.7389131471,0.6382108868480222,7.121213402074331,0.6333037849407488,-0.013873792617954779,0.0043333873734815315,0.0015014917952640358,0.004064943851691428,2024-03-28,2024-07-16,738972.0,739082.0,1.3546049816097536,0.28693127800700474,0.48490823546994427,0.1035223724899329
2024-08-28,739125.0355070832,0.20948056962345502,12.331391977259582,1.1066014953994334,-0.28331675549118696,0.025525028407647803,0.01962563411467606,0.016320587024004088,2024-04-05,2024-07-16,738980.0,739082.0,2.3844693066696863,0.18855483310396096,0.48490823546994427,0.20461736064883004
2024-08-29,739126.482007699,0.07236243862349447,13.606265150844298,2.1065054682243356,-1.2426069363701573,0.044501355734378134,0.03978975584661099,0.019928522069254304,2024-04-12,2024-07-16,738987.0,739082.0,2.4748484500076415,0.1485028524996078,0.48490823546994427,0.19365150353366353
2024-08-10,739107.790083256,0.9385951246352129,10.184252322468183,0.4719427063362878,-0.001347550595439027,0.0010941382401120816,0.000560533492462999,0.000939649238973137,2024-04-19,2024-07-16,738994.0,739082.0,2.4059693132013344,0.11350683829259998,0.48490823546994427,0.105881602662124
2024-07-28,739094.6901103511,0.046361348636857945,5.82143583076798,0.702118081799356,-0.2431605560283487,0.016343581745403388,0.006694521303356246,-0.014909595862651418,2024-04-26,2024-07-16,739001.0,739082.0,1.8522512583482742,0.11848730855301147,0.48490823546994427,0.07486113675345829
2024-08-21,739118.6728191858,0.2917770571750021,3.090465405349945,1.385459282368232,-0.2877688902738247,-0.038524056275782634,-0.012633627114213604,0.036393603529723095,2024-05-03,2024-07-16,739008.0,739082.0,0.5432833753237949,0.7052434912244927,0.48490823546994427,0.017124282897922265
2024-08-15,739112.704021526,0.07066283675328912,3.559725720980185,1.1907619003418348,-0.5730720374194505,-0.03120953373607227,-0.022266957015769414,-0.021868187425594068,2024-05-10,2024-07-16,739015.0,739082.0,0.6558070518937817,0.3644991073173883,0.48490823546994427,0.012555647323354858
2024-08-06,739103.4395778342,0.9122347214894555,13.43380963629439,0.40113660313146376,0.0005193533016481199,-0.00040903009788386736,-1.6204753167043522e-6,0.0004090268879115863,2024-05-17,2024-07-16,739022.0,739082.0,2.853499734348244,0.08622139383289239,0.48490823546994427,0.013090996686938621
2024-07-30,739096.5095504945,0.6926901755234715,3.120674813976418,0.46572137403495467,-0.004244934572641979,0.0022166543141125946,0.0018052371913433688,0.0012863417241404723,2024-05-24,2024-07-16,739029.0,739082.0,0.7636125106635492,0.42507302195257224,0.48490823546994427,0.011575083168804455
2024-09-14,739142.0977975522,0.613780265485269,11.534020609307522,0.8388460043570124,-0.02667442519619168,0.0018763597857303195,0.00011225177936069034,-0.0018729990879699585,2024-01-25,2024-07-17,738909.0,739083.0,2.5190608841237463,0.7565038641771039,0.4837079952778481,0.31504495273256355
2024-09-25,739153.8086391566,0.3922044848238232,4.304805532470455,0.6971966990863321,-0.05462300278672331,0.013185095561546525,0.00427604088747716,0.012472458430307053,2024-02-01,2024-07-17,738916.0,739083.0,0.8300262299729861,0.377442940897923,0.4837079952778481,0.2631750334380529
2024-08-20,739117.7690340126,0.3445517172198181,2.3317325530414954,0.3950773326028885,-0.015370479420722548,-0.02849503754785224,-0.028494704725238254,-0.0001377224563886642,2024-02-08,2024-07-17,738923.0,739083.0,0.6394493304269628,0.07970652273558983,0.4837079952778481,0.27449273540699787
2024-09-09,739137.5299171809,0.8135575774605808,6.889934505903443,0.5997458521479941,-0.005066892694291937,0.0015811335893296656,0.0013141397195755825,0.0008792156872692395,2024-02-15,2024-07-17,738930.0,739083.0,1.4655905056703744,0.3783958310555054,0.4837079952778481,0.12878427038379003
2024-08-23,739120.199941874,0.11637418595743035,11.103587010498536,2.2439001872128648,-1.1242887200417895,0.025800507892065408,0.00963830189374425,0.023932600027861062,2024-02-23,2024-07-17,738938.0,739083.0,2.8077082013333055,0.45671255875259226,0.4837079952778481,0.34852074593040194
2024-09-20,739148.4910333322,0.944897447368551,7.712942211876925,0.5766112957383291,-0.0022085412217511423,0.000835671569045675,0.0003588021558690193,-0.0007547237801043536,2024-03-01,2024-07-17,738945.0,739083.0,1.3916873834213792,0.3237684162885786,0.4837079952778481,0.10658573972756459
2024-08-12,739109.138068344,0.8493718916438027,8.475774759738135,0.5604767296862418,-0.00471131343283599,0.0014542437196828992,0.001416578854173436,0.00032882996540131574,2024-03-08,2024-07-17,738952.0,739083.0,2.4196753541384552,0.3246558842117745,0.4837079952778481,0.18565777082033033
2024-08-19,739116.4925661582,0.008456839348679692,5.504458167712443,19.56835734543946,-18.500850590424502,0.0860977429678122,0.05936407319441521,-0.06235966771816194,2024-03-15,2024-07-17,738959.0,739083.0,1.3561915166152902,0.3301364174914785,0.4837079952778481,0.13446021612604786
2024-08-13,739110.7383854162,0.35618384797605446,10.783993791508125,0.7783968616105944,-0.08781788664285421,0.013259241673502297,0.0007124646887619776,-0.013240086246834185,2024-03-22,2024-07-17,738966.0,739083.0,2.835560354563732,0.21875545281808614,0.4837079952778481,0.25772332005849735
2024-08-18,739115.9774687804,0.5060376974450814,14.290198286493304,0.6939823221872434,-0.03467181160595458,-0.005264462587820359,-0.0051691199206777465,0.0009973793582247056,2024-04-01,2024-07-17,738976.0,739083.0,3.2879380225592736,0.2332207064120132,0.4837079952778481,0.27888140053197524
2024-07-24,739090.284632995,0.647475797792265,4.228167249612822,0.4906600626000899,-0.008728318574862115,-0.006047597351085012,-0.0013855635613705469,-0.005886734862234973,2024-04-08,2024-07-17,738983.0,739083.0,1.8100021789402454,0.22101365284378496,0.4837079952778481,0.1304374346957141
2024-08-01,739098.5864526504,0.06016302215683081,5.112886466704265,1.3909114393840194,-0.7909776118602714,-0.05148383605878353,-0.03461591453021953,0.03810936678251471,2024-04-15,2024-07-17,738990.0,739083.0,1.5795891970422125,0.1807826662746015,0.4837079952778481,0.19965881757992873
2024-08-19,739116.6930231849,0.9618790088631846,9.288900994878166,0.48240624275165367,-0.001264575210465955,-0.0008281108724824898,-0.000539219108518745,-0.0006284985044786985,2024-04-22,2024-07-17,738997.0,739083.0,1.8740459772850138,0.15812927895371878,0.4837079952778481,0.12114001241630912
2024-08-20,739117.5577799683,0.5886956916760936,2.735149947599695,1.0981152892127388,-0.061236096523393305,0.016823753355010417,0.016228279827296053,0.0044363961497143395,2024-04-29,2024-07-17,739004.0,739083.0,0.5178823329976978,0.7834194024901798,0.4837079952778481,0.017599948556269455
2024-08-06,739103.9823966715,0.3950546534760079,9.117245289831708,0.43155653837399954,-0.002524222311974703,-0.0036495390168185906,-0.00171535366347458,0.003221288072260154,2024-05-06,2024-07-17,739011.0,739083.0,2.1602233146172543,0.029969750875378565,0.4837079952778481,0.024326967157476873
2024-08-12,739109.63924175,0.9910017862815037,12.351042081337036,0.40915678971126984,0.00021188629410322446,-0.0003044447690105972,-0.0001332594092532591,-0.0002737307933415389,2024-05-13,2024-07-17,739018.0,739083.0,2.428607959125811,0.05584254267007272,0.4837079952778481,0.01703580110630843
2024-08-08,739105.6641330676,0.1891018404163632,3.2973616783469977,0.6855418413049257,-0.12388286770247152,-0.02010709509235724,-0.014658066985043553,0.01376358766147376,2024-05-20,2024-07-17,739025.0,739083.0,0.6662281504989633,0.3533386029179107,0.4837079952778481,0.01264588722346949
2024-07-30,739096.9891220509,0.9768497205596884,10.95288560865788,0.419296486337628,-0.000014749403876129172,-0.0002748616261328963,-0.00022824638909723442,0.00015314208887335292,2024-05-28,2024-07-17,739033.0,739083.0,2.6504278760139566,0.004785855271146116,0.4837079952778481,0.016710237870217047
2024-08-15,739112.0745504561,0.2892467138453712,7.576223294427156,1.078545983615767,-0.20540243542633993,-0.0073469000019240165,-0.006270273841198351,0.003828917026347631,2024-01-26,2024-07-18,738910.0,739084.0,2.379962675835127,1.0673752477043899,0.47607283662751565,0.43388166545697937
2024-09-16,739144.8204339731,0.66734386502857,14.925802081906896,0.7998450604932172,-0.018640261025826405,-0.0015711683583888648,-0.0015297835233791237,-0.00035823509320014144,2024-02-02,2024-07-18,738917.0,739084.0,3.1371811999931865,0.5304460980495651,0.47607283662751565,0.29133989183410214
2024-09-03,739131.0121241029,0.3357938493547888,13.740715049333032,1.1120982392861893,-0.16207960679884734,-0.007375791368867292,-0.004444125602605264,0.005886598843587495,2024-02-09,2024-07-18,738924.0,739084.0,3.2418029984063943,0.5370109659213715,0.47607283662751565,0.3452313917973271
2024-08-05,739102.3696917216,0.9182472516185025,13.264516885871945,0.5484579293511238,-0.003681041702764872,-0.0002993370724157902,-0.0002831049594178169,-0.00009723304415419828,2024-02-16,2024-07-18,738931.0,739084.0,4.714371829800411,0.8512917625324168,0.47607283662751565,0.34378162530418677
2024-08-31,739128.3032975934,0.05664007890585478,7.925086101368307,3.6800455723426726,-2.568078803726164,0.05449161444429035,0.02149188566713539,-0.05007429375653713,2024-02-26,2024-07-18,738941.0,739084.0,1.8184024724615422,0.3368205119542982,0.47607283662751565,0.2429372913578026
2024-08-10,739107.1786343848,0.5774897870899832,9.177683888676654,0.6542394885376821,-0.02422848319395945,-0.004303848158849259,-0.004072254776336282,-0.0013927849837776466,2024-03-04,2024-07-18,738948.0,739084.0,2.814420550416117,0.3542260518313562,0.47607283662751565,0.2546841471420577
2024-08-18,739115.8475412533,0.8080155573542238,5.052312143912987,0.5305828590416938,-0.004378752850980676,-0.002052822735357288,-0.0020428401426878327,-0.0002022012221103823,2024-03-11,2024-07-18,738955.0,739084.0,1.3022380974407881,0.34113676942079046,0.47607283662751565,0.12127959993170911
2024-09-04,739132.0585499859,0.5687459695106559,14.718305281851098,0.7799446855078839,-0.030562148787799562,0.002806232612782516,0.00188567921177188,0.002078257776921709,2024-03-18,2024-07-18,738962.0,739084.0,2.9602591726541023,0.4208436160100509,0.47607283662751565,0.3058404312421723
2024-08-18,739115.3570437209,0.7501089990486931,6.412428913568811,0.5304345221443352,-0.005580356473013124,-0.0028787875987103103,-0.0028754381497704687,-0.0001388289787215142,2024-03-25,2024-07-18,738969.0,739084.0,1.5723001999774466,0.22675356902082486,0.47607283662751565,0.11202278007196065
2024-07-18,739084.5037984098,0.9488661000065883,10.792188532842227,0.4782171173258857,-0.00239199800339925,-0.0011781561478913674,-0.0001938333680388414,0.0011621017744797332,2024-04-02,2024-07-18,738977.0,739084.0,9.211831288712412,0.178506225237018,0.47607283662751565,0.21793518228171813
2024-08-16,739113.1437094681,0.2729981364227066,4.595918284203094,1.0546094749834871,-0.21328543496201274,0.030961608961363966,0.006365291271351557,0.030300235915043123,2024-04-09,2024-07-18,738984.0,739084.0,1.0889194227253072,0.40919004722431784,0.47607283662751565,0.10818946414757645
2024-08-23,739120.6768489868,0.6278212724713262,10.073634122935895,0.5724434035382968,-0.011258582302266255,-0.003732387091911669,-0.0010695835844784663,0.003575850159008771,2024-04-16,2024-07-18,738991.0,739084.0,2.024767742092883,0.18799525241705095,0.47607283662751565,0.16138894025518005
2024-08-03,739100.3143316024,0.9351377461921635,4.692812530316411,0.4801782742546657,-0.00207800867214111,0.0015642295031065357,0.0009676277231030997,0.0012290282860338206,2024-04-23,2024-07-18,738998.0,739084.0,1.3712839243783064,0.2647215303792901,0.47607283662751565,0.0905648602414722
2024-07-30,739096.2389826811,0.69511192028817,9.22933479219379,0.4315660845758969,-0.0007829443724650967,0.0013765810857478485,0.0003488367178105532,0.001331648763730844,2024-04-30,2024-07-18,739005.0,739084.0,2.950797164165151,0.04283644729744114,0.47607283662751565,0.02773330322756378
2024-07-20,739086.317952714,0.2475722446431719,10.45174124908447,0.42774214285427636,-0.0015330215978964497,-0.005055290111347188,-0.0004141993867031327,-0.005038293061934704,2024-05-07,2024-07-18,739012.0,739084.0,5.768279783711532,0.007183159243682384,0.47607283662751565,0.02770600271184989
2024-08-18,739115.6456043742,0.5643586882276653,10.660107501898171,0.40623331865816337,0.0018329626388748823,0.0014036372242979345,0.0003256352659186761,-0.0013653421296601393,2024-05-14,2024-07-18,739019.0,739084.0,1.8941813888224328,0.0691341084711985,0.47607283662751565,0.0227810827609707
2024-07-18,739084.7286805802,0.6142324482526577,12.695813303957145,0.42893328661251406,-0.0009620955570388291,0.0020532520076175596,0.0019732473584513207,0.0005675726113462703,2024-05-21,2024-07-18,739026.0,739084.0,8.869324983015476,0.02266982569489897,0.47607283662751565,0.021595296150488497
2024-08-05,739102.0858519522,0.10654740093029583,11.209038447637104,0.6173419639804975,-0.13459050159462063,-0.003791560137047757,-0.0029604443488559064,0.0023689021782624825,2024-05-29,2024-07-18,739034.0,739084.0,2.3649061749713796,0.3374201113593738,0.47607283662751565,0.018758959009168845
2024-08-14,739111.4438968287,0.5813194671854748,9.02049436663985,0.732065485562645,-0.029498616915547917,-0.002496194572182271,-0.002177579481761182,0.0012203011688943569,2024-01-29,2024-07-19,738913.0,739085.0,2.893537982379581,0.7615663504198394,0.4683789335187336,0.3437943007929705
2024-10-01,739159.6201145437,0.4165185493943092,13.89316523444581,1.1599665373483017,-0.10656598912755043,0.004680228100923604,0.003683227587452431,-0.0028876235238867814,2024-02-05,2024-07-19,738920.0,739085.0,2.579645027048616,0.6826290194992504,0.4683789335187336,0.3296640759426671
2024-10-02,739160.3265771853,0.017945445077029557,5.986488258916654,13.863515028746146,-12.382196604008005,-0.06280431897948781,-0.05400570645838908,-0.03205879212334058,2024-02-12,2024-07-19,738927.0,739085.0,1.0772179427554405,0.5910038141818185,0.4683789335187336,0.2128258405661621
2024-09-17,739145.7759515927,0.3127717802528421,11.364233069638574,1.211838443416303,-0.19486669838263446,-0.00973840852063511,-0.0014475458277780873,-0.00963022385987266,2024-02-20,2024-07-19,738935.0,739085.0,2.249269626522256,0.5507278866107769,0.4683789335187336,0.30372508652578073
2024-09-21,739149.659998636,0.6845039545025798,14.003335737496604,0.7962479789029707,-0.016529071669041582,0.0014736450281605978,0.0011140881737115344,-0.0009645917324021324,2024-02-27,2024-07-19,738942.0,739085.0,2.600356725397245,0.5482770149665923,0.4683789335187336,0.27598631851563454
2024-08-22,739119.7181159523,0.5026396010501711,12.471389375194205,0.7848291914763083,-0.045383292393686846,0.0034448248843767367,0.0008473223228735154,0.003338991369437998,2024-03-05,2024-07-19,738949.0,739085.0,3.1614270448694657,0.5309708909816835,0.4683789335187336,0.33477257919362724
2024-09-13,739141.0304680112,0.8656411867245108,5.595277510344895,0.5916024400587279,-0.0038726905535900556,0.0011289213877470924,0.0007241203489774015,0.0008660907688629797,2024-03-12,2024-07-19,738956.0,739085.0,1.0638326658011055,0.5307199041708095,0.4683789335187336,0.15150285101342503
2024-09-01,739129.1458385787,0.7467486862275815,12.618966685086429,0.6557313264164393,-0.00943603135768418,-0.0017408887333572438,-0.0016951506705132338,0.0003964313133302194,2024-03-19,2024-07-19,738963.0,739085.0,2.6618291139168466,0.32075174978605603,0.4683789335187336,0.2337555810610439
2024-09-04,739132.204919988,0.5688962726936625,9.840671798267,0.64710351979605,-0.020054421375003555,-0.005236455564292897,-0.0016685137575858636,0.004963519791192613,2024-03-26,2024-07-19,738970.0,739085.0,1.933247894405417,0.22140175244017923,0.4683789335187336,0.18041936241869538
2024-07-30,739096.3284218198,0.016966552067046562,9.557298175012884,5.133758178485996,-4.445143976788488,-0.05564329085280431,-0.048427300137981265,-0.027403875971760912,2024-04-03,2024-07-19,738978.0,739085.0,3.5687070446152314,0.14181804155663208,0.4683789335187336,0.2971236651444897
2024-07-31,739097.4793071692,0.6653874264971241,10.568145584449777,0.5074329733614187,-0.007698615136174243,-0.004349799075085219,-0.0013301749885524215,0.004141423244905282,2024-04-10,2024-07-19,738985.0,739085.0,3.6981488400302194,0.1114343836238559,0.4683789335187336,0.15652858164792033
2024-08-20,739117.862833909,0.013562206556746673,11.826484060003105,6.6367250262680795,-5.886840512619249,-0.0505893873822956,-0.04761508010022783,-0.017090648400948885,2024-04-17,2024-07-19,738992.0,739085.0,2.527571192776016,0.13344353969262238,0.4683789335187336,0.1859682436760461
2024-08-23,739120.0215101601,0.45753207088739234,14.525437162210496,0.5205618311642839,-0.01523813606293065,-0.005916327885267108,-0.005659776788431754,-0.001723328857507559,2024-04-24,2024-07-19,738999.0,739085.0,2.86663948123156,0.08112821897683412,0.4683789335187336,0.11990191932924463
2024-07-26,739092.8317174608,0.007721982156839726,12.080731036591665,1.546494850165809,-1.0913323229737633,0.016307284388781155,0.016207771763714234,0.001798793649069612,2024-05-01,2024-07-19,739006.0,739085.0,4.625632082567257,0.042777061842216704,0.4683789335187336,0.03146614642396923
2024-08-22,739119.98015344,0.296594980321963,13.539138096799366,0.4277094372444368,-0.0014927098935292428,0.006506130282459658,0.0019078503665059434,-0.006220115612379062,2024-05-08,2024-07-19,739013.0,739085.0,2.408793269743343,0.005026034140436221,0.4683789335187336,0.019054249722196184
2024-08-16,739113.3511705821,0.848420133218774,2.67458028194102,0.6492834909240041,-0.007331810011731511,0.0033294268904886515,0.003329403735335311,0.000012417175371540882,2024-05-15,2024-07-19,739020.0,739085.0,0.5072741621768923,0.6985492764765211,0.4683789335187336,0.012918950386521272
2024-07-22,739088.5352436057,0.3853661548035555,5.0128966740387,0.4471821349534508,-0.006824988677840687,-0.0032300801259652536,-0.001041554841783671,0.00305754495170761,2024-05-22,2024-07-19,739027.0,739085.0,2.279255221259325,0.16243269733213192,0.4683789335187336,0.024100010361936527
2024-08-10,739107.4291964219,0.19644975640636902,3.8680733020255538,1.0448640899253212,-0.2979173049545799,-0.023480202038155637,-0.01640672431561564,-0.01679700226183216,2024-05-30,2024-07-19,739035.0,739085.0,0.7216615596023923,0.6443928308671611,0.4683789335187336,0.008993247898621359
2024-08-21,739118.6592678506,0.636681758730235,8.755584252263393,0.7208014400971411,-0.021131706828878088,-0.0016260175542225778,-0.0006671107791815619,0.0014828675918435005,2024-01-30,2024-07-22,738914.0,739088.0,2.6454260020903226,0.9450322356361891,0.48090181985450564,0.34196029977666037
2024-08-27,739124.7652170411,0.4488408214995844,7.871043793452233,0.8421106806033155,-0.06370564934880864,0.0053645706030332274,0.000425484447016883,-0.005347670590105105,2024-02-06,2024-07-22,738921.0,739088.0,2.145170393897871,0.6771782507428182,0.48090181985450564,0.3172280003355075
2024-09-08,739136.9952956118,0.010757954229559276,14.718536735164804,24.262702984527177,-22.749686481759387,0.02887341400898518,0.008522489171340759,0.027586975456882563,2024-02-13,2024-07-22,738928.0,739088.0,3.3980415555259995,0.5758937083406331,0.48090181985450564,0.4068940287394067
2024-08-16,739113.3207794864,0.7466988459049612,4.242520182624649,0.5152556539933553,-0.005256414667365295,0.0026584406556148703,0.001810120228260346,-0.0019469903642978655,2024-02-21,2024-07-22,738936.0,739088.0,1.314200555297947,0.3480039805402951,0.48090181985450564,0.18197818609000058
2024-08-23,739120.5466174114,0.11809032237738062,8.589004783337366,1.9141000004979987,-0.919935953739096,-0.034700770153996606,-0.004030561721361825,0.03446589649915978,2024-02-28,2024-07-22,738943.0,739088.0,2.319167622471508,0.36449362974918526,0.48090181985450564,0.30614638185199144
2024-09-02,739130.6492364602,0.9826692303304974,9.866984855718789,0.5814094990157584,-0.002304814595592507,-0.0006012457919015204,-0.0003645809884057503,0.0004780974850094619,2024-03-06,2024-07-22,738950.0,739088.0,2.2669178407471184,0.3817744336813156,0.48090181985450564,0.18751601522205508
2024-07-24,739090.2371365115,0.2507492027789667,9.185543433517672,0.7700626297092539,-0.15355120476082243,-0.01748240364570397,-0.006830597814380372,0.01609277386684799,2024-03-13,2024-07-22,738957.0,739088.0,5.9747892588847575,0.2397655543529751,0.48090181985450564,0.42786873035014567
2024-09-15,739143.9996078074,0.697920052047616,14.478525972198252,0.7266582979751008,-0.013329860854791832,0.0018990470751320066,0.0010909961189804786,0.0015543832416546968,2024-03-20,2024-07-22,738964.0,739088.0,2.6905575219243265,0.338353919914136,0.48090181985450564,0.24538440290123784
2024-08-08,739105.1465069408,0.10035226727958095,8.871007686005042,1.421530665632481,-0.6888531785854014,0.0448338375011911,0.006101731180766681,0.0444166844967166,2024-03-27,2024-07-22,738971.0,739088.0,2.9044006611502478,0.17381009095444225,0.48090181985450564,0.25500569960158054
2024-09-02,739130.3176711854,0.34703540592316845,8.633172061822854,0.7452009193177447,-0.07584441435556465,-0.01512818062706975,-0.00699037898525146,0.01341627559078164,2024-04-04,2024-07-22,738979.0,739088.0,1.7507340208484719,0.2015302714356245,0.48090181985450564,0.1686468913943027
2024-08-27,739124.4390951365,0.6058830837779804,14.82627189811481,0.5938130310694757,-0.01364701905605307,0.004082476791656726,0.003971493360798277,-0.0009454402358430708,2024-04-11,2024-07-22,738986.0,739088.0,3.149665724720022,0.13660636659846348,0.48090181985450564,0.18055658169716127
2024-09-06,739134.297008954,0.6634669760348989,10.544605986945392,0.5570141373976801,-0.007845918841862146,0.0027314165217131353,0.0010959599326828171,-0.0025019008855351084,2024-04-18,2024-07-22,738993.0,739088.0,1.8725425424939284,0.1807360697020475,0.48090181985450564,0.1503955594768452
2024-08-18,739115.1065761059,0.7009584597827715,3.1054705105364757,0.8870063604169702,-0.02840404052024323,0.00918856720274325,0.00016965134862129708,0.009187000906674559,2024-04-25,2024-07-22,739000.0,739088.0,0.7147274929689885,0.6977457494822071,0.48090181985450564,0.06591217214619136
2024-08-13,739110.9430189837,0.12846911083232218,2.542708695350038,2.0441128560294604,-0.9705391407078703,0.06778668434484632,0.04986224355474519,-0.04592157708697628,2024-05-02,2024-07-22,739007.0,739088.0,0.6114093766489573,0.7233871219128164,0.48090181985450564,0.020798255591200427
2024-08-15,739112.0723830806,0.6858188295873765,13.485122845796369,0.43256183587249125,-0.0003956523679096024,-0.0008803577363635265,-0.0008618849607061133,-0.00017939915965169367,2024-05-09,2024-07-22,739014.0,739088.0,3.014673214687628,0.022856465997020983,0.48090181985450564,0.02904055092977527
2024-08-16,739113.0753250697,0.2270418844566296,6.862936412157969,0.49652804703612285,-0.03022608126646952,-0.007890531418882945,-5.230266782162212e-6,-0.007890529685431155,2024-05-16,2024-07-22,739021.0,739088.0,1.4207407087740809,0.12672771375225678,0.48090181985450564,0.02520509429710019
2024-07-23,739089.0381261446,0.7366351850314571,2.160346825685055,0.4830024464324274,-0.0062622396716699,-0.0037533399095147084,-0.003360843971752836,0.0016710141453286683,2024-05-23,2024-07-22,739028.0,739088.0,1.40079089741061,0.5689063328532794,0.48090181985450564,0.012455711384341622
2024-07-24,739090.8626073775,0.49999340157179717,10.415492324072387,0.4667162096468517,-0.008741968340267409,0.0013517378241701045,0.0002010919650520462,-0.0013366963630098024,2024-05-31,2024-07-22,739036.0,739088.0,4.895284770483662,0.3104568400598895,0.48090181985450564,0.01858112399942972
2024-10-09,739167.0669518054,0.6569397920874195,11.688639900905303,0.8983299995513139,-0.021400369857939184,0.0014379333440377223,0.000749402389200211,0.0012272116202825501,2024-01-31,2024-07-23,738915.0,739089.0,2.180515215321542,0.8364579516157928,0.47969675845139526,0.2904756336550821
2024-09-23,739151.2031298807,0.9283812880583484,3.9964361041135676,0.46946764644629346,-0.0012654575951121043,0.0009511140129938165,0.0006963643232970508,-0.0006478384018813971,2024-02-07,2024-07-23,738922.0,739089.0,0.8295418628604194,0.3090783044758044,0.47969675845139526,0.2721944977610045
2024-09-17,739145.986718313,0.8781548421059275,4.447454633869796,0.5020799584205607,-0.0021100961102376477,0.0011316347888046842,0.00030507288926600007,0.0010897375039283163,2024-02-14,2024-07-23,738929.0,739089.0,0.9463872606475838,0.3681760384083876,0.47969675845139526,0.2470561521854992
2024-10-01,739159.6168030136,0.3330936446798763,3.8486210905323,0.6788201878744492,-0.06809827952215636,0.018885777492286215,0.009810303704823735,-0.01613786022703339,2024-02-22,2024-07-23,738937.0,739089.0,0.703293660815882,0.31207750285693026,0.47969675845139526,0.277082037343517
2024-07-28,739094.8654861739,0.7501382210940788,6.958574636782215,0.5282174910153828,-0.0072220220163491545,0.0027468645694473945,0.00003367989507014257,-0.00274665808348135,2024-02-29,2024-07-23,738944.0,739089.0,3.596360907360472,0.2834278777284509,0.47969675845139526,0.18106487444659838
2024-08-24,739121.6356833462,0.7913386544546861,2.26252821502922,0.5595176378258213,-0.007004287487095364,-0.0026937317499659,-0.0024844884377630987,-0.0010409168763142566,2024-03-07,2024-07-23,738951.0,739089.0,0.5956379102616108,0.9094482557806703,0.47969675845139526,0.23706371456940703
2024-07-28,739094.8202169925,0.626551035714883,9.677614519610906,0.5716768402170388,-0.016010795580312605,-0.0033735607743031167,-0.0002937469927307206,-0.0033607476849918812,2024-03-14,2024-07-23,738958.0,739089.0,4.863046914103617,0.30726458537116225,0.47969675845139526,0.3121240272544467
2024-09-17,739145.1499992067,0.630565579989994,4.346914952174857,0.9076153010287473,-0.029560770373410445,-0.005169089905032704,-0.0022360414247848937,0.004660430151065131,2024-03-21,2024-07-23,738965.0,739089.0,0.8065134303833622,0.8295656856002108,0.47969675845139526,0.15765823843437188
2024-09-06,739134.7128113745,0.4613317875851729,11.457818776896747,0.7771462253984688,-0.047834569582472154,-0.007404158084514538,-0.0060546352311371945,-0.00426180116363425,2024-03-28,2024-07-23,738972.0,739089.0,2.315217439161413,0.26012232021285986,0.47969675845139526,0.2156560370937316
2024-08-06,739103.3568096342,0.10241512071976837,13.614253360087211,1.3265908718636161,-0.6214309967323763,-0.030043486849620302,-0.014528742349348117,-0.026296896163417585,2024-04-05,2024-07-23,738980.0,739089.0,4.660424025778716,0.15560115956936138,0.47969675845139526,0.31524185772202123
2024-08-11,739108.7959666156,0.21389436447945492,10.229653233533627,0.7901914929421706,-0.16238348827014484,0.025055567618112437,0.002941805265635651,0.02488226779143901,2024-04-12,2024-07-23,738987.0,739089.0,2.9580442452843676,0.1355114682343588,0.47969675845139526,0.1865865907575317
2024-07-23,739089.9518434159,0.8471968660173235,6.8204317694623215,0.4661507060886462,-0.0024252486614316257,-0.0021891509490148254,-0.00218853990846805,0.00005171988607072553,2024-04-19,2024-07-23,738994.0,739089.0,5.007654921829505,0.13761096388018856,0.47969675845139526,0.10568769588802167
2024-07-26,739092.3197148353,0.20954091591303597,10.28635979550199,0.5216382544035486,-0.046622068357397586,0.013584168482571842,0.009353050074181576,-0.009851400289946105,2024-04-26,2024-07-23,739001.0,739089.0,5.426230886492172,0.06991423408718672,0.47969675845139526,0.06315611282706106
2024-07-30,739096.8587858381,0.9812039879507317,7.404246939752635,0.4440539146855864,-0.0005228218620699569,0.00047581500192762753,0.0004755541059688812,0.000015754629653733594,2024-05-03,2024-07-23,739008.0,739089.0,2.858165155523348,0.14561094450582035,0.47969675845139526,0.03199293557791402
2024-08-14,739111.6625793503,0.10378890176920799,10.476879486769915,0.5585210665178526,-0.08726958373215415,-0.012367267747163775,-0.012269993478071086,0.0015480864246321601,2024-05-10,2024-07-23,739015.0,739089.0,2.418650901147258,0.06990497897041299,0.47969675845139526,0.026658981730870897
2024-08-17,739114.7091709962,0.008169653601405315,12.770667630567164,2.8953978144581645,-2.3897561087517927,0.016311865967023637,0.01486734304701044,0.006711116304211563,2024-05-17,2024-07-23,739022.0,739089.0,2.606943469780696,0.09372166095806884,0.47969675845139526,0.027362244173710203
2024-08-04,739101.4601859469,0.04396494704302035,8.763624158788577,1.0055334742725732,-0.49500514425270653,0.00788079651938825,0.007819944526034074,0.0009774565922595609,2024-05-24,2024-07-23,739029.0,739089.0,2.4554981576349095,0.31511016164592576,0.47969675845139526,0.024099310917336022
2024-08-06,739103.511231829,0.4752188517005024,4.532359768658066,0.575390813493508,-0.02845069116436792,0.005515153598730311,0.005191434705056218,-0.0018616994711085238,2024-06-03,2024-07-23,739039.0,739089.0,1.0761900979085988,0.5408844473213369,0.47969675845139526,0.008648333430478711
2024-10-02,739160.157139195,0.7500282294216538,9.712705108663862,0.7824837829576267,-0.01096098203733016,-0.0010071280341340217,-0.0009802741691449972,-0.00023101824699738472,2024-02-01,2024-07-24,738916.0,739090.0,1.9277589120244039,0.8404312401586135,0.4744579795951159,0.2682536713016519
2024-09-24,739152.8856041479,0.8647332922980779,12.387866607674745,0.7126077095029049,-0.0055148315439912205,-0.0005748896804652807,-0.0004736502270309468,-0.0003258122268101752,2024-02-08,2024-07-24,738923.0,739090.0,2.5557024765920597,0.6696276799968337,0.4744579795951159,0.2579386103456097
2024-09-06,739134.1734019886,0.9063752582474287,6.173732949211836,0.5542270005831083,-0.002671703917924211,-0.0010262282495653661,-0.0010262077313260335,-6.4894046468671155e-6,2024-02-15,2024-07-24,738930.0,739090.0,1.5041796261829534,0.38221221632569513,0.4744579795951159,0.14433181453274654
2024-08-22,739119.4755243285,0.10270951110374862,8.824890997191364,2.1777483213175333,-1.1548385658716696,-0.03494163033887006,-0.032746476826809326,0.012189576947929093,2024-02-23,2024-07-24,738938.0,739090.0,2.5528092860943716,0.38466212466864325,0.4744579795951159,0.32571749396514915
2024-08-02,739099.6654927225,0.008535239434001253,5.115119285378753,12.132339405495001,-11.367186143198403,-0.07793980244897862,-0.07188258220796517,0.030124859848652284,2024-03-01,2024-07-24,738945.0,739090.0,2.2572475195383763,0.24336247516828985,0.4744579795951159,0.2674188934282664
2024-08-01,739098.3243035718,0.9838464582759732,3.551475979743349,0.45854397695965854,-0.0012743212293808799,-0.001128226953224767,-0.00014819757406879337,0.0011184514012790032,2024-03-08,2024-07-24,738952.0,739090.0,1.6203285515187906,0.31289663480266316,0.4744579795951159,0.14763885552285128
2024-09-12,739140.4678071921,0.8155410112783368,12.604925177040807,0.6638140205115074,-0.006459482933376699,-0.0011170075342225138,-0.0007871562610608718,-0.0007925218307293046,2024-03-15,2024-07-24,738959.0,739090.0,2.567337922605833,0.37415123752528084,0.4744579795951159,0.23398745401271212
2024-09-11,739139.3537505405,0.07883968181407132,2.764707650791871,9.677649690199702,-6.551403917688842,0.20580366191001795,0.08854327729606118,0.1857827637356216,2024-03-22,2024-07-24,738966.0,739090.0,0.5528022579170909,0.9077723003306467,0.4744579795951159,0.1590442507850689
2024-08-26,739123.757253051,0.22504319740527007,2.7332515492848204,2.7871804945335406,-0.9315083575724046,0.09451265351349715,0.0886553958623182,0.03275457920135774,2024-04-01,2024-07-24,738976.0,739090.0,0.64223881310078,0.8114898385795849,0.4744579795951159,0.12588944820924003
2024-08-20,739117.2613013127,0.35637603588697814,2.6360647562287802,1.7251543769803208,-0.3130854298929546,0.054914766195824305,0.05088688124722446,-0.02064356711600307,2024-04-08,2024-07-24,738983.0,739090.0,0.668885269866536,0.7707723669876324,0.4744579795951159,0.11266589051418735
2024-08-22,739119.2059505911,0.011854855594703121,5.184336990715751,12.618471536288098,-11.626709620264737,-0.07424856765642306,-0.04213850550430436,-0.061132611206246884,2024-04-15,2024-07-24,738990.0,739090.0,1.2269718414781166,0.35807317777204084,0.4744579795951159,0.1551110729693778
2024-09-03,739131.8259990091,0.523781836193041,7.9211859323231755,0.5958301594322859,-0.018997514804715437,0.005812623047709131,0.0015996442202221852,-0.0055881772576994344,2024-04-22,2024-07-24,738997.0,739090.0,1.4756028412964093,0.2161149736762548,0.4744579795951159,0.11361882385853593
2024-09-01,739129.2854690196,0.014995815637781632,7.478111160937903,3.195124417393069,-2.602103578020283,-0.028873107168827163,-0.027228416916984927,0.009605708187188875,2024-04-29,2024-07-24,739004.0,739090.0,1.38029766136064,0.18072125461667357,0.4744579795951159,0.022902241414074934
2024-07-24,739090.3295479658,0.21651566690523022,12.340389116751536,0.4801939850433878,-0.025008559303599902,0.004776510940462269,0.003600831072412615,0.003138323175248777,2024-05-06,2024-07-24,739011.0,739090.0,10.77006292845174,0.09186252312177091,0.4744579795951159,0.03555915050239142
2024-08-19,739116.0319719563,0.8479634351757461,14.56319745356521,0.444483649272343,-0.0005106147103021667,-0.00048314966256264124,-0.00040863827315420435,0.0002577757904612921,2024-05-13,2024-07-24,739018.0,739090.0,3.0733355331587027,0.06153639203280159,0.4744579795951159,0.032334403148554784
2024-08-01,739098.2815279126,0.3117344226737047,2.252986691703399,0.48840143858828394,-0.015030414346178682,-0.01421781166835282,-0.0014488229467855519,-0.014143800080092231,2024-05-20,2024-07-24,739025.0,739090.0,0.7817920428329271,0.14627305450730146,0.4744579795951159,0.012806513137314388
2024-08-10,739107.5376207058,0.6632452700572075,5.708334480536269,0.5123485068484016,-0.007754834704272127,0.0023114363827649253,0.0005456771593127329,-0.0022461020879233845,2024-05-28,2024-07-24,739033.0,739090.0,1.314573166384827,0.3898121298555182,0.4744579795951159,0.014195224836539767
2024-08-16,739113.8679655025,0.15220599264225146,14.942982192860336,0.8313287843788854,-0.22722497036025222,0.002143752664963911,0.0021090760239627646,0.0003840231942022337,2024-06-04,2024-07-24,739040.0,739090.0,2.6868084322537253,1.079632255033758,0.4744579795951159,0.018675736732385404
2024-10-16,739174.1853102902,0.7585592033829025,8.08348053721594,0.7532796793341674,-0.008905137837139109,-0.0012433485408224847,-0.0008715255978311553,0.0008867686994309446,2024-02-02,2024-07-25,738917.0,739091.0,1.4521353491605107,0.6721076551117927,0.47607283662751565,0.22208191103112485
2024-09-01,739129.1818603907,0.2948037338908747,9.994905140476156,1.155391438201851,-0.20891750892621752,-0.00964086276750614,-0.009068894569064671,0.003271297326302739,2024-02-09,2024-07-25,738924.0,739091.0,2.674884416999689,0.6391653761229096,0.47607283662751565,0.34979765408871216
2024-09-16,739144.6052257324,0.8557656396909534,5.029706232151536,0.5551793580608522,-0.0032261265976258084,-0.0010753964119293612,-0.0005474316686316333,-0.0009256327624764211,2024-02-16,2024-07-25,738931.0,739091.0,1.1066812594031878,0.5104169021325872,0.47607283662751565,0.23101220895478
2024-09-14,739142.0389644194,0.05247143751064921,12.494387549411083,5.2502047834034675,-3.8296562278517867,-0.031915055921016726,-0.027662884493489814,-0.015916520220873205,2024-02-26,2024-07-25,738941.0,739091.0,2.72611301627279,0.5039322710552576,0.47607283662751565,0.3601443187343481
2024-10-03,739161.1126595171,0.37823139648351145,12.419187449238441,1.0922261513477463,-0.11687656631847959,0.008423523082612766,0.00012772229749220964,-0.00842255472751792,2024-03-04,2024-07-25,738948.0,739091.0,2.1973932432007985,0.4225694224570603,0.47607283662751565,0.26834311906578656
2024-07-30,739096.2570846834,0.9245506880037138,4.604642565407264,0.4695734205852456,-0.0018788284908232782,0.0015688800941631431,0.0015650416099431865,0.0001096791183762498,2024-03-11,2024-07-25,738955.0,739091.0,2.4118182869910636,0.24045410009379162,0.47607283662751565,0.11634980710037073
2024-08-28,739125.451069784,0.4850617702157226,4.943665832256043,0.748089850331916,-0.04327831760201361,-0.008703470705651768,-0.008171605498060118,-0.002995874815177052,2024-03-18,2024-07-25,738962.0,739091.0,1.2250406362299207,0.48789440554904384,0.47607283662751565,0.13376120818202553
2024-08-02,739099.5739914753,0.01181475826708445,12.822911876951315,9.13856590585479,-8.364194201729008,0.03402776255071478,0.02873959612638905,0.018218788068910374,2024-03-25,2024-07-25,738969.0,739091.0,5.55760136463072,0.22647949961860417,0.47607283662751565,0.44587450055002004
2024-08-10,739107.3126972846,0.23411373756485082,13.093973599257886,0.8855342691745657,-0.18978210433920517,-0.019685177399628107,-0.015517851415207626,0.01211208061029846,2024-04-02,2024-07-25,738977.0,739091.0,4.330476672887111,0.17237384231179073,0.47607283662751565,0.3018136884137583
2024-09-01,739129.1512977418,0.4686515733105693,8.713934073914675,0.6448978158871264,-0.03136413433460461,-0.008417290280017682,-0.005648937527312466,0.0062402147776018935,2024-04-09,2024-07-25,738984.0,739091.0,1.8531533024108968,0.2003995814482793,0.47607283662751565,0.15695748529533196
2024-07-28,739094.5314535211,0.5741203591901166,5.616691309876126,0.516453981532057,-0.01299753214131889,-0.006902608665387216,-0.0012381028796519344,-0.006790663270025711,2024-04-16,2024-07-25,738991.0,739091.0,3.019824216582872,0.1924730993371188,0.47607283662751565,0.14632623374291093
2024-09-05,739133.8334368406,0.08496138457268711,3.673369809122006,6.301131485991941,-4.073132277037159,0.1308965208193062,0.02447971542202635,-0.1285871015905393,2024-04-23,2024-07-25,738998.0,739091.0,0.6747332756306911,0.719709673374342,0.47607283662751565,0.10227536855803497
2024-07-26,739092.0561344216,0.522164688176301,14.167477143186487,0.4548939174814146,-0.004278993325462109,-0.001886201834108262,-0.0018690641156645412,0.00025368620484468173,2024-04-30,2024-07-25,739005.0,739091.0,9.948143011579608,0.08361196393065397,0.47607283662751565,0.03989347326222858
2024-08-02,739099.4675194803,0.9524432222787576,5.682149507852962,0.45203072411825795,-0.0007412493131036848,0.00047289215523789907,0.0002909627065289322,-0.0003727837092670543,2024-05-07,2024-07-25,739012.0,739091.0,2.111666044820363,0.26274147480444476,0.47607283662751565,0.035751563546980086
2024-08-23,739120.3470293935,0.0237738711082709,7.895011073531942,1.4463170157792309,-0.9248291500242297,-0.015971319290307266,-0.015139463294435034,-0.005087208569480445,2024-05-14,2024-07-25,739019.0,739091.0,1.557292105677357,0.17436843848667147,0.47607283662751565,0.03193734959701129
2024-07-29,739095.260476495,0.9543896667739569,7.329489453655295,0.4481364258338047,-0.0006879364798788386,0.0004895309012678021,0.0004471126420827391,-0.00019932583521926867,2024-05-21,2024-07-25,739026.0,739091.0,3.2528458180816333,0.18298699809224575,0.47607283662751565,0.030139549063225385
2024-08-21,739118.6624634198,0.48114897513609434,6.347972321765025,0.5808089115581259,-0.02357966923754671,-0.004009412130671386,-0.0033977958271714124,0.002128466384613908,2024-05-29,2024-07-25,739034.0,739091.0,1.1301299865128651,0.44576046657645535,0.47607283662751565,0.011905991964722175
2024-08-14,739111.2665699921,0.31236788404363663,9.537897756239737,0.6354737501971651,-0.06527681264621292,0.005129230993859069,0.003742415773843077,0.003507610976726896,2024-06-05,2024-07-25,739041.0,739091.0,1.887369399007572,0.4167929800850536,0.47607283662751565,0.015364374194057747
2024-08-31,739128.7085119761,0.37017725887492486,13.059065927814649,0.9918629633290608,-0.11873597684176801,0.006353158123291571,0.0013984347502263759,-0.0061973380082826655,2024-02-05,2024-07-26,738920.0,739092.0,3.6121394664411195,0.5297735674021721,0.4780877476456945,0.3725652826193962
2024-08-31,739128.9319095225,0.574861924357778,5.940409820122983,0.6554349506551521,-0.02072166839893904,-0.005161253340418958,-0.00157936788223721,0.004913667992095456,2024-02-12,2024-07-26,738927.0,739092.0,1.606174607870882,0.3885229517914347,0.4780877476456945,0.15806063288943534
2024-08-30,739127.9230780682,0.815089902507026,7.132231358690252,0.5695875179222017,-0.004830541829266508,0.0016994305188962402,0.0005074388717417917,0.0016219031660371596,2024-02-20,2024-07-26,738935.0,739092.0,1.9080529966872477,0.3248422608477931,0.4780877476456945,0.13014117728420135
2024-08-19,739116.4683993025,0.6706075178621856,9.78196727068194,0.6379965269291652,-0.014230837448718064,0.002350758114184533,0.0015113800125516376,0.001800498311319351,2024-02-27,2024-07-26,738942.0,739092.0,3.0582126343432914,0.4150158912918224,0.4780877476456945,0.2605098447629859
2024-08-16,739113.3295558734,0.872817604456336,12.498047019654225,0.5900378745905331,-0.004948096589001003,0.0005545711395359912,0.00043412295763822897,0.0003450889833907832,2024-03-05,2024-07-26,738949.0,739092.0,4.061357980920824,0.6231064502619532,0.4780877476456945,0.30758050329513525
2024-08-03,739100.9155751849,0.4094003809475554,4.864919677790204,0.6071970262993173,-0.04295536335725294,-0.014957618822172301,-0.000554570609225086,0.014947334620887641,2024-03-12,2024-07-26,738956.0,739092.0,2.1589537364765783,0.2416726497058885,0.4780877476456945,0.14779008991098497
2024-09-23,739151.7154864278,0.5623979725035658,6.33353637405011,0.8306369090864049,-0.031907200953775416,0.005035959788062259,0.002402519746703806,-0.004425922486180519,2024-03-19,2024-07-26,738963.0,739092.0,1.1598699933559848,0.5626054452071484,0.4780877476456945,0.13273207751755323
2024-08-06,739103.3598688656,0.6403650728036506,14.614966351248908,0.5888117471415583,-0.014909387761666846,-0.001899576685358762,-0.0018898328262814262,0.00019215481328277242,2024-03-26,2024-07-26,738970.0,739092.0,5.728963870636382,0.34390049102912273,0.4780877476456945,0.3398150831451863
2024-09-02,739130.5294677728,0.37798484380706665,4.038385001177208,1.2496330839264227,-0.1662578337426353,0.02364247592174211,0.023618152600970582,-0.001072163899514403,2024-04-03,2024-07-26,738978.0,739092.0,0.8843528923884856,0.6581968932358024,0.4780877476456945,0.12099881626115158
2024-08-31,739128.6035623591,0.719356824461081,13.906237172749899,0.5752783094603655,-0.00719543179204542,-0.0024841507487200383,-0.0014919832712804945,0.001986200105876918,2024-04-10,2024-07-26,738985.0,739092.0,3.0253106002068937,0.14983513021009165,0.4780877476456945,0.1545791381835126
2024-07-27,739093.6247785001,0.3753362390349909,5.748384315477768,0.5510151615087577,-0.03674676619044592,0.01463342578858998,0.003990474389430092,-0.014078823262527046,2024-04-17,2024-07-26,738992.0,739092.0,3.783882356911779,0.16396374107849265,0.4780877476456945,0.1651281434099204
2024-07-27,739093.9118780483,0.2204014448852279,7.256681011292007,0.5610659158540382,-0.06638949854888386,0.018440151116253734,0.008525023539937154,-0.016351242975192776,2024-04-24,2024-07-26,738999.0,739092.0,4.509869210303055,0.10934811908882795,0.4780877476456945,0.12598291626945407
2024-08-18,739115.5618172525,0.797589023768682,7.4284894051077694,0.4704036932164746,-0.001703453498242954,0.0007236192590155344,0.00008821644425738283,0.0007182218953643602,2024-05-01,2024-07-26,739006.0,739092.0,1.8170017886146723,0.25275445892000675,0.4780877476456945,0.03906658370717195
2024-08-01,739098.6179484198,0.14417996108630374,13.496998297875749,0.5353241545276268,-0.06135224308577218,0.008832545031300059,0.0066160479077774495,0.005851646077125391,2024-05-08,2024-07-26,739013.0,739092.0,5.499407098601137,0.07420143359437338,0.4780877476456945,0.03225651241772361
2024-07-30,739096.581560445,0.6380294437908415,10.194907566498346,0.4571599234889163,-0.002773886482714069,0.0014990283792494022,0.0013443385706081244,-0.000663204259161832,2024-05-15,2024-07-26,739020.0,739092.0,4.5696707584736656,0.11580738572408024,0.4780877476456945,0.03269667909900414
2024-08-02,739099.0885450261,0.00913153635156472,7.407992901478478,3.0681436068069825,-2.5554835696470914,0.00828498612605059,0.005592346756827529,0.006112826912341897,2024-05-22,2024-07-26,739027.0,739092.0,2.7346336917905103,0.3802109342736026,0.4780877476456945,0.028722320394710683
2024-08-14,739111.7734156792,0.8708958871079044,12.936127480259438,0.4845572841965167,-0.0020236157474041094,0.00019333729704626313,0.00018404959622752835,-0.00005920351811876361,2024-05-30,2024-07-26,739035.0,739092.0,2.7928694240240137,0.7046514672206723,0.4780877476456945,0.02444045747803938
2024-08-02,739099.031005827,0.28202861837149423,11.600870336953943,0.5767183510717732,-0.05850959329334708,0.00428446280362133,0.0033345545339057057,0.002690235598609098,2024-06-06,2024-07-26,739042.0,739092.0,3.8648708024842677,0.33199635046126375,0.4780877476456945,0.015898134952254055
2024-10-10,739168.7137242684,0.9800515110720032,13.45002095929225,0.7077041068581628,-0.002775943369602861,-0.00030146663618074206,-0.00018876286509146695,-0.00023505470319181568,2024-02-06,2024-07-29,738921.0,739095.0,2.5946338339378237,0.6709610174287194,0.459395614633542,0.25203810150563505
2024-08-07,739104.9547085685,0.6732398461000085,13.884595291448857,0.5975347398998049,-0.013583779810454303,0.0006526133305141838,0.0006487790833782446,0.00007063894206243493,2024-02-13,2024-07-29,738928.0,739095.0,6.359474529673107,1.0092558587000657,0.459395614633542,0.3973796428105284
2024-09-11,739139.6708453299,0.4365536039940924,7.313812603627313,0.7831373600737673,-0.05431459649389828,-0.010074534085610768,-0.009536582419201278,0.0032480506159717213,2024-02-21,2024-07-29,738936.0,739095.0,1.7660469742282925,0.3217994787459359,0.459395614633542,0.14286801546531297
2024-08-09,739106.1911624888,0.24744252886390866,6.69829169302703,0.8571324674117583,-0.17385364170003134,-0.024620620668106788,-0.01070215217645606,-0.022172931715828285,2024-02-28,2024-07-29,738943.0,739095.0,2.8568420384540394,0.2608525489131991,0.459395614633542,0.27482453765355663
2024-09-20,739148.2611755491,0.8851227234838246,8.849065597598068,0.5895352101327254,-0.003233079085348606,-0.0011168327682337153,-0.00015157996880884835,-0.0011064985066670855,2024-03-06,2024-07-29,738950.0,739095.0,1.85113327684117,0.2895571252313394,0.459395614633542,0.11437155253297945
2024-10-04,739162.2702284951,0.44225487007987196,10.997031499901931,0.8820941458123208,-0.0604272974480773,-0.008324250356980438,-0.006843330939126208,-0.004739405623418085,2024-03-13,2024-07-29,738957.0,739095.0,1.9525754127731016,0.29193434615259645,0.459395614633542,0.19137572060459143
2024-09-05,739133.0522875525,0.024813618487986584,5.262258430743644,8.933736490611558,-7.6560028103077284,0.07525070080705362,0.04415364288578762,-0.060935406717827344,2024-03-20,2024-07-29,738964.0,739095.0,1.248940779398454,0.47974390225124974,0.459395614633542,0.1610085537687
2024-08-17,739114.9249653406,0.973669408744589,2.7305376337205196,0.6117355017137165,-0.004359638632216879,0.0018425141892123176,0.0017398819463171089,-0.0006063574443581226,2024-03-27,2024-07-29,738971.0,739095.0,0.8593002752034723,0.8437290649842085,0.459395614633542,0.15146302278537901
2024-08-24,739121.2507259466,0.14601430202154433,9.41526639808484,1.2522290957398572,-0.4582376537970286,0.03136504476624176,0.013845632994368012,-0.02814364013722492,2024-04-04,2024-07-29,738979.0,739095.0,2.532288111284777,0.22657273397034153,0.459395614633542,0.24802755548472413
2024-09-19,739147.6479064383,0.008698537424563614,2.1689160648623593,236.93519256374162,-227.47841399718274,0.9906415623051761,0.2786587521542585,-0.9506418909422577,2024-04-11,2024-07-29,738986.0,739095.0,0.3872362631590876,0.9209310961649022,0.459395614633542,0.11872152501799693
2024-09-07,739135.3266833925,0.7633460898347377,3.99914171618506,0.931922533338047,-0.019228297842948716,0.00536225092252346,0.005361897576079055,0.00006155761318680406,2024-04-18,2024-07-29,738993.0,739095.0,0.8026763332522048,0.6844605138795032,0.459395614633542,0.09979186174998833
2024-08-03,739100.3374629805,0.05268536406607696,7.986037975324802,1.1603324375744144,-0.608442272225766,-0.02602479717118941,-0.024500785809585805,0.008775053419458313,2024-04-25,2024-07-29,739000.0,739095.0,3.7288965322723375,0.15423773556225703,0.459395614633542,0.11061737536082868
2024-08-02,739099.1895690366,0.6846704528349351,12.632739275481523,0.45353505779016157,-0.0018183455114164256,-0.0015091311440187806,-0.001130893392714772,-0.0009992782115914997,2024-05-02,2024-07-29,739007.0,739095.0,6.215150790097364,0.06530305221129527,0.459395614633542,0.03137831492063446
2024-08-30,739127.6168363949,0.8704741307065025,12.038766091583925,0.46020830905728755,-0.000735138490968322,0.00034165444605620515,0.0003278378019992024,-0.00009617762780555656,2024-05-09,2024-07-29,739014.0,739095.0,2.3912102854125936,0.15558079215800166,0.459395614633542,0.035890957486578313
2024-08-03,739100.203927252,0.2644243186941391,10.496528595869426,0.5114066252794504,-0.031188121244215453,0.0045687640868559976,0.0027635124532853507,0.003638214424945554,2024-05-16,2024-07-29,739021.0,739095.0,4.548326445059627,0.17196742222784012,0.459395614633542,0.03342145466773995
2024-08-17,739114.4751443042,0.5451165947070634,14.866590920690383,0.49619424246100446,-0.007966027318338452,-0.0013705468188540337,-0.0013130462301559212,0.00039282079902193997,2024-05-23,2024-07-29,739028.0,739095.0,3.527175139585731,0.2131208440450759,0.459395614633542,0.02979584980020225
2024-07-29,739095.3696045618,0.6069016675351285,14.92372505175324,0.4800653751989359,-0.007123981231170752,-0.00097671949198002,-0.0008490995726745134,-0.00048271200699554466,2024-05-31,2024-07-29,739036.0,739095.0,12.06380962303221,0.296615610285698,0.459395614633542,0.020820921219749947
2024-07-29,739095.1779643565,0.7089002719990597,3.62234633456466,0.5022745513231623,-0.008475357119839962,0.002962122401505331,0.0003464362954904669,0.0029417938429921573,2024-06-07,2024-07-29,739043.0,739095.0,3.275081174403175,0.5599511979659698,0.459395614633542,0.008739899439065548
2024-10-14,739172.9298176969,0.16245115406526137,12.135970404351923,2.358646049206141,-0.9005624409138575,-0.01699417541799032,-0.009715354612427566,-0.013943237891257856,2024-02-07,2024-07-30,738922.0,739096.0,2.2835729413219554,0.7093523725574716,0.4573426473758478,0.3510021734228802
2024-08-13,739110.0072278148,0.9061763859540481,9.088617229948301,0.5647059146870582,-0.003906364322956166,-0.0006717867393600455,-0.0006710377229621951,-0.000031714311307579665,2024-02-14,2024-07-30,738929.0,739096.0,3.701536492688004,0.5797706756806077,0.4573426473758478,0.25061323158391086
2024-10-10,739168.4057594535,0.02920837287250589,10.21169257275401,9.101648193433938,-7.579421232561739,0.05855173708641513,0.056954202786251684,0.01358398692649554,2024-02-22,2024-07-30,738937.0,739096.0,1.8883465649372027,0.370259228952727,0.4573426473758478,0.231086319255583
2024-08-13,739110.5108518105,0.569121920366226,3.937711815121804,0.5616625406659018,-0.01640167457567678,-0.005971663662262015,-0.0034633284318248813,-0.004864783969355061,2024-02-29,2024-07-30,738944.0,739096.0,1.5292659716603112,0.3969668454016191,0.4573426473758478,0.1922110726902712
2024-09-22,739150.3230494112,0.7505895307476118,8.361063337117198,0.6279332088253621,-0.007155592689679746,-0.0021383424947254473,-0.001375900566018722,0.0016368892012527943,2024-03-07,2024-07-30,738951.0,739096.0,1.7298869883715982,0.3004065061295161,0.4573426473758478,0.11830738082489407
2024-09-25,739153.5072517314,0.6593889496060773,4.430805178515746,0.8305262324726905,-0.02098437140554575,-0.0034556448902398266,-0.0028719321441019745,0.0019218447822637655,2024-03-14,2024-07-30,738958.0,739096.0,0.8629247491069482,0.9037032983259289,0.4573426473758478,0.18549819487333893
2024-08-20,739117.4372576879,0.3341704576454259,2.1069716912454948,1.4601094669716308,-0.28399327923792983,-0.051572125804726324,-0.04905702294606959,-0.015908886186258308,2024-03-21,2024-07-30,738965.0,739096.0,0.6578006570555944,0.873378269287475,0.4573426473758478,0.1803331629526755
2024-08-20,739117.4859722411,0.8391536577647007,7.617056608553985,0.5295676755225117,-0.0035890784838556716,-0.0017593733240022068,-0.0015685548419079223,0.0007968878221793747,2024-03-28,2024-07-30,738972.0,739096.0,2.318726342463874,0.22473942286947252,0.4573426473758478,0.13104044183985938
2024-09-07,739135.9537310373,0.081864301828535,13.146191715707213,2.127534505379363,-1.202640833568257,0.03652373388506646,0.03225390825025909,-0.017136759888935264,2024-04-05,2024-07-30,738980.0,739096.0,2.849346859235759,0.20504792394372937,0.4573426473758478,0.2617716089848898
2024-08-31,739128.8962533096,0.2810930865764221,5.054409362196424,1.0503357855567585,-0.19385811886474286,-0.023648589441008117,-0.012686066671677773,-0.01995794315432096,2024-04-12,2024-07-30,738987.0,739096.0,1.1758716142811616,0.4558883602147375,0.4573426473758478,0.15593363758440157
2024-08-13,739110.179451104,0.9972093437113381,3.907975132816289,0.5356333673985516,-0.0026055167906495506,-0.001455360464873414,-0.0003718447546416927,-0.0014070556354181655,2024-04-19,2024-07-30,738994.0,739096.0,1.308223221345857,0.4568334023155608,0.4573426473758478,0.09635432754287791
2024-08-30,739127.4008451068,0.28797058881238696,4.295779923682084,0.8561609459241991,-0.12899574113017465,0.014174392491111035,0.007857466322989773,0.011797187184882098,2024-04-26,2024-07-30,739001.0,739096.0,0.9521290846037728,0.6100662900262831,0.4573426473758478,0.0689187225394395
2024-08-12,739109.8191910555,0.9693087552904809,7.281998076184138,0.4597057251859567,-0.0006820269527959104,0.00032175791476747644,0.000271211900458582,0.00017312498596435715,2024-05-03,2024-07-30,739008.0,739096.0,2.3146177084697745,0.2821524818203296,0.4573426473758478,0.04081313350554109
2024-08-06,739103.7610718026,0.2982543900386066,2.8732430563167375,0.504851433708651,-0.022919266086552127,0.011172897517866473,0.0062612302102717675,0.009253682250797621,2024-05-10,2024-07-30,739015.0,739096.0,1.114338987566355,0.21293613669994274,0.4573426473758478,0.015300456501736249
2024-08-03,739100.9747399698,0.20833269546503203,6.551674276432671,0.5247125561222834,-0.04443624593713038,-0.0030471498835445425,-0.0030365879510504865,-0.0002534877281458184,2024-05-17,2024-07-30,739022.0,739096.0,2.882896654437091,0.4637123685324546,0.4573426473758478,0.03531629011597041
2024-08-10,739107.7685985967,0.2914611610932654,12.308025607579818,0.5497656049220518,-0.04105279145861024,-0.0037440985359940694,-0.0036843743814723097,0.000666077521301741,2024-05-24,2024-07-30,739029.0,739096.0,3.7239926780550485,0.2596496387934678,0.4573426473758478,0.02628003170114978
2024-08-01,739098.3491273214,0.3989406853257301,5.82970062869985,0.5279333765114808,-0.02777465746949322,-0.005526617344761789,-0.005153222760619732,-0.0019969462824153757,2024-06-03,2024-07-30,739039.0,739096.0,2.996314203327771,0.34391521709701195,0.4573426473758478,0.01492772228040845
2024-08-13,739110.2055090457,0.15547959445595752,2.7684868273808463,0.07885476390005966,0.215678392205183,0.040254744372125555,0.002392622288849899,0.040183576284945954,2024-06-10,2024-07-30,739046.0,739096.0,0.664654809671267,0.300898832033152,0.4573426473758478,0.011869756876114655
2024-09-17,739145.0306798238,0.6211702588703628,14.178170988489455,0.7852445875404206,-0.022904465690550498,0.0016807432283267045,0.0015678026723251678,-0.0006057165840689315,2024-02-08,2024-07-31,738923.0,739097.0,3.4546862419015736,0.5970479880835335,0.4780877476456945,0.3289505443667915
2024-09-19,739147.5919208155,0.8536914037469308,9.368059910471025,0.6360551746406553,-0.004702028744370197,0.0009675841138331585,0.0005454457364343628,0.0007991920707488745,2024-02-15,2024-07-31,738930.0,739097.0,2.1750754420971066,0.4428409759684711,0.4780877476456945,0.18114900377489093
2024-08-21,739118.0804366072,0.4796594484669011,11.371571337332268,0.7494796241166795,-0.04739059868576192,-0.00424958501556225,-0.0027276683571398758,0.0032586497415262434,2024-02-23,2024-07-31,738938.0,739097.0,3.8822159445082853,0.47039012591036994,0.4780877476456945,0.3485913488898138
2024-08-10,739107.7193809297,0.034508391469550766,14.539904856422737,4.182693673002198,-3.3159947400653937,-0.008547359825681567,-0.004459624708464352,0.007291714986841536,2024-03-01,2024-07-31,738945.0,739097.0,6.294285017780691,0.9207569320850513,0.4780877476456945,0.5710358308750224
2024-09-02,739130.6205772527,0.5050318962087467,5.682683265395639,0.6865738677707031,-0.03176668013933647,0.007392483520837171,0.0054495459157222394,0.004995123814109537,2024-03-08,2024-07-31,738952.0,739097.0,1.510506886323009,0.3818975059457473,0.4780877476456945,0.1505034704887951
2024-09-11,739139.361311016,0.008406712177892574,7.569252478230859,19.48475807525333,-18.393571524287605,-0.0731090980807953,-0.045880397309312364,-0.05692037741377855,2024-03-15,2024-07-31,738959.0,739097.0,1.7452577427930298,0.27942665133633615,0.4780877476456945,0.223439549883072
2024-09-23,739151.2589872683,0.4726254553688226,4.697136807801106,1.0823915649948657,-0.07890181785643265,-0.01045322774270799,-0.008101222556512976,-0.006606070188150089,2024-03-22,2024-07-31,738966.0,739097.0,0.9180087154009586,0.7594872651003887,0.4780877476456945,0.15838637326722865
2024-09-17,739145.7627328917,0.7176780659384091,8.67979160597837,0.6008428341224036,-0.007619530114829498,-0.0026328197314340676,-0.002503250447542779,-0.0008157676967773557,2024-04-01,2024-07-31,738976.0,739097.0,1.7232468850272415,0.23929159296123725,0.4780877476456945,0.11668725630999811
2024-08-01,739098.6898815118,0.7107316976639494,3.919979119840377,0.5092440010523108,-0.007693987963605024,-0.004797119527447497,-0.004080634802748783,-0.00252205776444821,2024-04-08,2024-07-31,738983.0,739097.0,2.6366929522477265,0.290798990109813,0.4780877476456945,0.10970079085262166
2024-09-17,739145.7299751327,0.8614704251772052,10.348923420800888,0.5593069462413855,-0.0029767866250398015,0.0011841476575108823,0.0005436386804463145,-0.001051980351485283,2024-04-15,2024-07-31,738990.0,739097.0,1.9136283851352498,0.20926039687007966,0.4780877476456945,0.12639870750010274
2024-09-09,739137.8658309731,0.5162391297667349,6.8220425425754145,0.6640303689603945,-0.02617142369013244,0.005971253892115652,0.005659923654778466,0.0019029286024928795,2024-04-22,2024-07-31,738997.0,739097.0,1.3436449832549389,0.3316639796800193,0.4780877476456945,0.12163220975724158
2024-09-13,739141.8200135146,0.33828861964339546,8.512190736437638,0.5938451289129861,-0.038237971015177605,-0.00718296488729077,-0.005263090295355158,0.004888237424163281,2024-04-29,2024-07-31,739004.0,739097.0,1.5217904185684907,0.21156174361440075,0.4780877476456945,0.022416413422935072
2024-09-10,739138.1752739927,0.03538055244268979,11.802834354877971,1.4707230439514187,-0.8906117067393576,-0.0013358248046763835,-0.0007403914222658211,-0.0011118671011518832,2024-05-06,2024-07-31,739011.0,739097.0,2.118414442012547,1.9985600120579214,0.4780877476456945,0.04477353072476444
2024-09-03,739131.1897083825,0.13445611994919207,2.972630533582272,0.042089424926950864,0.24201919323311252,-0.03883461379298524,-0.03442424972698353,-0.017974934191384226,2024-05-13,2024-07-31,739018.0,739097.0,0.566377791410014,0.2818840213726136,0.4780877476456945,0.018142260938119832
2024-08-14,739111.2513709001,0.06874684012865685,9.649839580464084,0.8417026518078125,-0.31490343545931687,0.010026236567240394,0.008221071354448392,-0.005739286147887777,2024-05-20,2024-07-31,739025.0,739097.0,2.7651094596699965,0.22375466499800287,0.4780877476456945,0.03164922670786084
2024-08-15,739112.9729852622,0.3255536808073454,13.849511790843763,0.5694744021620454,-0.04051046744638146,-0.002519279829590955,-0.0015841536354436509,-0.001958884406772001,2024-05-28,2024-07-31,739033.0,739097.0,3.5505327750236524,0.37798885127602755,0.4780877476456945,0.024790912498106155
2024-08-06,739103.2274560436,0.6515930565774734,12.716742998909087,0.49596328189914035,-0.00688748428868601,0.0006072124905016601,0.0005655477309809627,0.00022104925379542287,2024-06-04,2024-07-31,739040.0,739097.0,4.691011523584957,0.5811931379492984,0.4780877476456945,0.020023154419255146
2024-08-23,739120.3067463464,0.8321007988395477,7.897130122779888,0.5454858855562804,-0.00471943599248385,-0.0011500000198707368,-0.0007054821085902552,0.0009081822725432062,2024-06-11,2024-07-31,739047.0,739097.0,1.440256526702257,0.43241315466422253,0.4780877476456945,0.00718477196343183
2024-09-24,739152.5515275963,0.4575819510845712,10.480140899083478,0.9403261684938801,-0.06561492119410732,0.004950763191275506,0.004029500952391753,0.002876313308866471,2024-02-09,2024-08-01,738924.0,739098.0,2.3895550614312833,0.578671671787591,0.4630803680349969,0.2905035216216358
2024-08-19,739116.6292570288,0.8696703815226365,9.774424621566467,0.5828447575709487,-0.004689102449538681,0.0007815829723249174,0.0005585375737888326,0.0005467245387709765,2024-02-16,2024-08-01,738931.0,739098.0,3.576462957539574,0.5337994353005641,0.4630803680349969,0.2579226101765974
2024-10-13,739171.993632309,0.6303214052191889,12.924329707798131,0.8340524536274782,-0.021077120594477253,-0.0023369883719323525,-0.0006802745478463966,0.0022357864813303185,2024-02-26,2024-08-01,738941.0,739098.0,2.341678582052773,0.43985421287721516,0.4630803680349969,0.234149549139844
2024-10-04,739162.3754093025,0.9016862143171369,8.66442685498443,0.6072056982897786,-0.0028878838395368263,-0.0009186462702361758,-0.00024092078398886899,-0.0008864920448943835,2024-03-04,2024-08-01,738948.0,739098.0,1.658916471747685,0.3271500526095549,0.4630803680349969,0.12021261081936298
2024-09-26,739154.4729297146,0.5117563794436283,6.025804086351152,0.8411841686759787,-0.04117333537558113,-0.005837184385446573,-0.004929087602164191,-0.003126790200811776,2024-03-11,2024-08-01,738955.0,739098.0,1.2102245988749212,0.5990469969322345,0.4630803680349969,0.16605772443127925
2024-09-24,739152.7886354707,0.3184645269103559,5.9804439434758265,1.1684360292248168,-0.17718204265706264,-0.016701362633219186,-0.01575420089942075,-0.005544426735649101,2024-03-18,2024-08-01,738962.0,739098.0,1.1875665435890805,0.5649310412521479,0.4630803680349969,0.1590634717511711
2024-08-03,739100.6983632423,0.8488082483971535,11.625695938964554,0.5200033767313892,-0.004241328015968798,0.0013728589568145172,0.0002610048515048686,0.0013478197886946034,2024-03-25,2024-08-01,738969.0,739098.0,7.193672999851643,0.2255623293521841,0.4630803680349969,0.2548062031192832
2024-08-03,739100.9255124766,0.10789486791053253,14.821141143643574,1.0612294227727044,-0.4472416826268618,-0.019934026626529135,-0.016951479404872346,-0.010488696941630125,2024-04-02,2024-08-01,738977.0,739098.0,8.836779339283957,0.16333015839270787,0.4630803680349969,0.44265280345957203
2024-09-20,739148.9385818703,0.5664212884099834,4.322492915945928,1.1390756607150112,-0.057436791610038174,-0.010485504266897431,-0.0046188221664023804,0.009413409665274016,2024-04-09,2024-08-01,738984.0,739098.0,0.8083040365446734,0.7178044203845583,0.4630803680349969,0.1294803525825989
2024-09-11,739139.3831660365,0.0020624446914452314,3.945436948502941,176.1193372888316,-174.13411651665726,0.13159210557798087,0.12861793833423743,-0.027819205400168454,2024-04-16,2024-08-01,738991.0,739098.0,0.8018261007109936,0.6917373635588846,0.4630803680349969,0.16506637989679332
2024-08-19,739116.6174482137,0.9974299718461486,5.08216434024688,0.518758172318802,-0.001883983426611551,-0.001049704983510104,-0.0008865987799200449,-0.0005619814550767982,2024-04-23,2024-08-01,738998.0,739098.0,1.4978348893530182,0.35224393866345016,0.4630803680349969,0.08724740711844739
2024-08-03,739100.8271741178,0.09552953787499988,13.707376950691877,0.6236665324776204,-0.1365385503155532,-0.013504521134886855,-0.008864049172945284,0.01018826400041802,2024-04-30,2024-08-01,739005.0,739098.0,7.68635156705322,0.07046272254175306,0.4630803680349969,0.03356271149019408
2024-08-28,739125.7864122094,0.9118156262050241,13.428616806765175,0.47167776193866745,-0.0008764259225481914,0.00041829494670373926,0.0002835280367502094,-0.0003075427040501139,2024-05-07,2024-08-01,739012.0,739098.0,3.013016570820744,0.1422683667776671,0.4630803680349969,0.03372328333248242
2024-09-07,739135.9058918292,0.9299649277907591,3.839106295804573,0.4808541009784013,-0.0005314948907541168,0.000813222851999156,0.0006418839755634211,0.0004993159009370106,2024-05-14,2024-08-01,739019.0,739098.0,0.688160869280432,0.15831641729266635,0.4630803680349969,0.018311617444709372
2024-08-17,739114.2939244957,0.16719246546878555,4.407423760157059,0.608458447453362,-0.09219558343448764,0.01630615313634291,0.0027388639527547213,0.016074490796108176,2024-05-21,2024-08-01,739026.0,739098.0,1.185388056679706,0.21448182375898364,0.4630803680349969,0.01449862396984464
2024-08-21,739118.0145075019,0.6374364118882866,9.091105801467343,0.5215188805655294,-0.007719250115699515,0.0012613174834557777,0.000878433111678355,0.0009051392502694263,2024-05-29,2024-08-01,739034.0,739098.0,2.0756165096346906,0.42911219110164417,0.4630803680349969,0.0225811536897028
2024-08-11,739108.4214484754,0.11499470936057768,13.165088064280834,0.8385591142932929,-0.271397258107262,-0.001994962422230814,-0.00017246776978478335,-0.0019874933797370247,2024-06-05,2024-08-01,739041.0,739098.0,3.9121078417006188,1.1882965261716978,0.4630803680349969,0.019713523089378456
2024-08-19,739116.3294961421,0.23502682916548628,2.147533434044904,-0.9258919685698923,0.6030992454311916,0.097513171213517,0.09287651102439576,-0.0297114836393603,2024-06-12,2024-08-01,739048.0,739098.0,0.449738261377388,0.6768664876825983,0.4630803680349969,0.009838321041702652
2024-09-29,739157.5275513349,0.18635842856142973,2.70938502035146,1.1710427444577625,-0.35065243041551236,0.04117848169765782,0.0407568712409649,-0.005877482587957914,2024-02-12,2024-08-02,738927.0,739099.0,0.5911368178059551,0.5857129659434576,0.431107538721502,0.31283671225369286
2024-09-06,739134.0926500363,0.41661322717885063,13.223749056374713,0.8947682978770612,-0.07984653162390339,0.00490516957822874,0.004741810913866029,0.0012553556660650927,2024-02-20,2024-08-02,738935.0,739099.0,3.6531630572977862,0.5128383392305663,0.431107538721502,0.3685666255821417
2024-10-07,739165.8666139306,0.47292366884699144,13.392129982775703,0.9797020805090788,-0.061598868612289526,-0.004651710255701277,-0.0037133666467941296,-0.0028016631577463687,2024-02-27,2024-08-02,738942.0,739099.0,2.5755070949018717,0.4676290408763869,0.431107538721502,0.28875868556829604
2024-09-27,739155.7040115331,0.1605460165766404,9.554062225342133,1.6011323035117655,-0.5760064816790695,-0.034572290584234965,-0.025561779239398452,0.023277429376050957,2024-03-05,2024-08-02,738949.0,739099.0,1.9667785520872705,0.2799694762015815,0.431107538721502,0.22193111860842288
2024-08-29,739126.6548346585,0.04859857322704554,11.739444416347526,3.8874776742961425,-2.8400859874149136,0.039529433723798364,0.010394193472997582,-0.038138391059011165,2024-03-12,2024-08-02,738956.0,739099.0,3.4001765249921836,0.29743143852728,0.431107538721502,0.40285130520545986
2024-09-04,739132.8265910237,0.9061294556313224,14.553841529536905,0.6011934562051158,-0.003654733670827305,0.0006447580997291146,0.0006372068413520143,0.0000983892702508138,2024-03-19,2024-08-02,738963.0,739099.0,3.7374465800383354,0.35291615116463476,0.431107538721502,0.2776306296224204
2024-08-23,739120.4230632493,0.5845177313046771,14.537232501646018,0.6399232700586007,-0.020321232136929893,0.0033103264343562165,0.0001612796208225949,-0.0033063953160360087,2024-03-26,2024-08-02,738970.0,739099.0,4.509309775991853,0.24682842300725938,0.431107538721502,0.30957902181847663
2024-08-06,739103.3785777922,0.9491340699775881,6.454887788282191,0.48321621417267985,-0.0017491136926110157,-0.0012607914248657052,-0.0010780625767682192,0.0006537400841211764,2024-04-03,2024-08-02,738978.0,739099.0,3.446286349382997,0.2039922458734396,0.431107538721502,0.12288244314435298
2024-09-05,739133.9956092518,0.09387465749127615,12.995329972795437,1.7119711646545985,-0.8673118114112358,0.03470709999433423,0.0019288389096995462,-0.0346534611615802,2024-04-10,2024-08-02,738985.0,739099.0,2.9962922747982446,0.18051695029986434,0.431107538721502,0.23974786414790536
2024-09-16,739144.1166780588,0.7437850682390078,4.981208602509487,0.765415834618274,-0.013113081810003589,0.0033394017098529604,0.000042966979249088225,-0.0033391252774436463,2024-04-17,2024-08-02,738992.0,739099.0,0.963546361225467,0.5863390668886971,0.431107538721502,0.13451707818542513
2024-08-30,739127.223723427,0.17872925287434385,6.339398368274696,0.8494354795285095,-0.20582929994998242,-0.0215725448630397,-0.018630323671650746,-0.0108759244093268,2024-04-24,2024-08-02,738999.0,739099.0,1.5271553728625586,0.26900070135559834,0.431107538721502,0.122678187107881
2024-08-25,739122.7159763062,0.07222958905554046,12.492915927598384,0.9373806838314411,-0.377395234725044,0.014053722791217218,0.01052693963335547,0.009310782257580084,2024-05-01,2024-08-02,739006.0,739099.0,3.168558809784874,0.15525884674102428,0.431107538721502,0.03729118010437524
2024-09-09,739137.1331498673,0.9259458185660614,2.683688943667476,0.5248920007795694,-0.001196521527773237,-0.0009606950385800787,-0.00005208436786786666,0.0009592821148005342,2024-05-08,2024-08-02,739013.0,739099.0,0.5041200506968341,0.4297227703059345,0.431107538721502,0.02814544358784099
2024-08-06,739103.8883128625,0.306663045381604,5.489464196696946,0.5073432884572932,-0.025577641299998993,-0.005538455971108973,-0.0014507279345532733,-0.005345080261681713,2024-05-15,2024-08-02,739020.0,739099.0,2.483543726152643,0.2579902374960764,0.431107538721502,0.03288094799215353
2024-08-28,739125.3951458785,0.35312470452256944,4.519144106252783,0.4429816995381469,-0.000632118854803852,-0.009103471615035576,-0.00910188928031622,-0.00016972617542130916,2024-05-22,2024-08-02,739027.0,739099.0,0.9463895786153507,0.005425797906835996,0.431107538721502,0.016302712084067677
2024-08-04,739101.0128658259,0.5364558041279167,6.148761279923544,0.4942688998852174,-0.010901803434316399,0.002316932901834585,0.0014961729099999292,-0.0017690801833116485,2024-05-30,2024-08-02,739035.0,739099.0,3.4156180342511306,0.4105170567486523,0.431107538721502,0.02172025890652581
2024-08-09,739106.6087044112,0.3370631718831339,10.061105655890469,0.5499092631086601,-0.03698365765109651,-0.002105502987742801,-0.00003295429897647595,0.002105245079693301,2024-06-06,2024-08-02,739042.0,739099.0,3.4252166281135716,0.5884635831516973,0.431107538721502,0.02153995311421964
2024-08-20,739117.0504671119,0.13092867524383325,13.136168114514883,0.9033469498060521,-0.2900101198286372,-0.006482921734679422,-0.006347165529858498,-0.0013197590517041128,2024-06-13,2024-08-02,739049.0,739099.0,2.774503576166262,0.4458702030520411,0.431107538721502,0.01938867243643446
2024-09-21,739149.7898639058,0.4144072048905555,8.420128676103733,0.8559406780437531,-0.06966366301961271,-0.009117894129949306,-0.008531592585151723,0.0032168185099486343,2024-02-13,2024-08-05,738928.0,739102.0,2.0569498452911312,0.3760281260718563,0.4115074225641271,0.2376323617707493
2024-10-21,739179.0654347265,0.029655975456813317,9.334104853328263,9.208336883779014,-7.63511956561041,-0.06034819212401072,-0.05143266460859691,0.03156873934600639,2024-02-21,2024-08-05,738936.0,739102.0,1.7064371098219966,0.4019676627479651,0.4115074225641271,0.23665533522400983
2024-09-20,739148.9467268179,0.8015501557848328,8.411766457089918,0.5913859520756547,-0.0049214075184083415,-0.0016873714758704505,-0.0013399761341581938,0.0010255176534159152,2024-02-28,2024-08-05,738943.0,739102.0,1.9795169592305402,0.27792148486366597,0.4115074225641271,0.13355786530458125
2024-09-24,739152.6870911806,0.2995336964033613,2.774594925083261,1.412948851605438,-0.27038357071916297,0.02942696806904924,0.019754600530777593,0.021810598515543886,2024-03-06,2024-08-05,738950.0,739102.0,0.6120409411543489,0.9919296669056162,0.4115074225641271,0.2546354862842076
2024-08-27,739124.6612932617,0.11611815409181818,13.072217810044766,1.7449466116646273,-0.8299991837012571,0.021206796041767995,0.001996567505638369,-0.02111260089502417,2024-03-13,2024-08-05,738957.0,739102.0,4.163694830666341,0.34765898151366087,0.4115074225641271,0.47182289724346194
2024-09-26,739154.1522040778,0.016348219886400454,12.748789545757889,13.443588998279361,-12.100088260788235,0.04869597906035009,0.03625050316097142,-0.03251460283045844,2024-03-20,2024-08-05,738964.0,739102.0,2.6248753832369367,0.3186375503807258,0.4115074225641271,0.35245377914716813
2024-09-02,739130.7502980093,0.42819644959867575,4.377119795452796,0.8056712480200243,-0.06475588744730652,0.01166644482057012,0.006056591262400439,0.009971140207199074,2024-03-27,2024-08-05,738971.0,739102.0,1.1947128318324338,0.5429944085426143,0.4115074225641271,0.19915822466174243
2024-08-13,739110.2992172969,0.016411796548097882,13.155685509268164,5.078363194073367,-4.389706123000728,-0.040088507445082154,-0.040010915367849516,0.002493006337976413,2024-04-04,2024-08-05,738979.0,739102.0,5.7816257694020905,0.13660235953042058,0.4115074225641271,0.3879245444846067
2024-08-16,739113.9489882279,0.42620716172608797,14.976405239576113,0.599125538964342,-0.033914079087170354,0.00816346112492395,0.005817933286479288,-0.005726582734250934,2024-04-11,2024-08-05,738986.0,739102.0,5.651406277236812,0.11822759624872876,0.4115074225641271,0.25354755688173286
2024-09-12,739140.5611605995,0.46585238740081436,13.822369515616325,0.6338223730374106,-0.027788401996550603,-0.0056173491385667195,-0.00555054588570739,0.0008637428524815896,2024-04-18,2024-08-05,738993.0,739102.0,2.952257472570703,0.16672394649888775,0.4115074225641271,0.1801603922258747
2024-08-28,739125.3189784406,0.7534389856529293,7.484850813872097,0.5107275118645105,-0.003822973285108497,-0.0017781094374907428,-0.001413346306533881,0.0010789464256860408,2024-04-25,2024-08-05,739000.0,739102.0,2.003201448496547,0.21642514445002015,0.4115074225641271,0.08362644441365732
2024-09-20,739148.421814098,0.1788763915912344,2.598998259778899,0.6414843647601525,-0.08539705077515045,-0.013511335471787043,-0.0073087584346190285,0.011363900579271011,2024-05-02,2024-08-05,739007.0,739102.0,0.4607894769677245,0.43500237885037335,0.4115074225641271,0.04506892576104554
2024-08-16,739113.8669460032,0.960421952668135,11.431845921481566,0.455183229473563,-0.0005323212292428207,0.0003749844476507357,0.00018520052148436722,0.00032605843467367287,2024-05-09,2024-08-05,739014.0,739102.0,3.8755450564206257,0.11926314192533626,0.4115074225641271,0.0350322856957922
2024-09-01,739129.6087351588,0.4564473384180886,9.941176851081732,0.4946876005002787,-0.009303132770906246,0.0008317725011237966,0.0004614165735031927,0.0006920550840231643,2024-05-16,2024-08-05,739021.0,739102.0,2.166994962136787,0.5135438587058029,0.4115074225641271,0.04189220943898785
2024-08-18,739115.9836217874,0.978087642299643,7.117403387964438,0.4764589518010199,-0.001088928408931494,0.0004168458902530149,0.0003609975636694158,-0.0002084256587984662,2024-05-23,2024-08-05,739028.0,739102.0,2.0834628512143056,0.35898805266313294,0.4115074225641271,0.03005169193573408
2024-08-08,739105.0521094778,0.3248201214662583,7.6055611275088335,0.5232489888433068,-0.030866485821327137,0.003912680162218984,0.00039979955220121894,-0.0038922007103798875,2024-05-31,2024-08-05,739036.0,739102.0,3.775467433000301,0.3369182236355799,0.4115074225641271,0.026222087180539994
2024-08-14,739111.6425429857,0.8280131776499315,4.382491532088613,0.47846405266141934,-0.001976816447946669,0.0013877081459856247,0.0009587314631988571,0.001003278565457988,2024-06-07,2024-08-05,739043.0,739102.0,1.3689930844951292,0.2691437946361378,0.4115074225641271,0.015880920793856557
2024-08-27,739124.7992760349,0.0859608098039897,9.013406151310019,1.308117908193984,-0.6288741856710841,0.020044250363698234,0.009576100048961369,0.01760881258049216,2024-06-14,2024-08-05,739050.0,739102.0,1.7043333694408653,0.2992164777367622,0.4115074225641271,0.011646036918700906
2024-10-05,739163.7425440527,0.8293109239887808,6.887409388733453,0.6233393447165455,-0.004411925222349988,-0.0010977506259140415,-0.00023805415931239674,0.0010716280389802882,2024-02-14,2024-08-06,738929.0,739103.0,1.4818455260548693,0.4839337791087303,0.4110770373627343,0.20848167580301208
2024-09-25,739153.6196506331,0.4981976464358636,3.0096155494556465,0.6052167592696887,-0.02443313586947128,0.008052563433499615,0.004639804480254232,0.006581488603313682,2024-02-22,2024-08-06,738937.0,739103.0,0.6963647423147806,0.5022682257699305,0.4110770373627343,0.3040140900223593
2024-09-30,739158.744243913,0.9394289722641957,11.869941485205235,0.6357353236677465,-0.0028785705282800248,-0.0005914287654527707,-0.00009675129311299447,0.0005834613713742766,2024-02-29,2024-08-06,738944.0,739103.0,2.5478600315485473,0.3852031259891446,0.4110770373627343,0.2145422082275159
2024-08-23,739120.5991878562,0.19628041880516017,5.491153752260617,0.9455976001308863,-0.246228258501637,0.03548447996666726,0.02897167620631863,-0.020488784646753473,2024-03-07,2024-08-06,738951.0,739103.0,1.9799951688150956,0.24803491565988742,0.4110770373627343,0.21085837613019534
2024-09-13,739141.6839381128,0.7728071385526873,5.709220090725599,0.600796692105416,-0.006312652300751272,0.0018328860199727805,0.0002652331106972444,0.0018135938242069317,2024-03-14,2024-08-06,738958.0,739103.0,1.415488701444673,0.46619836932996794,0.4110770373627343,0.1821602917709244
2024-09-19,739147.9554946165,0.7886209715060304,2.2439360212911614,0.9440675872806512,-0.01861222175610238,-0.0064198416354050835,-0.000018687148830979078,-0.006419814437672743,2024-03-21,2024-08-06,738965.0,739103.0,0.5012618562340976,1.0189004521723732,0.4110770373627343,0.20035262172088852
2024-09-25,739153.1324107052,0.049926925394684143,5.672544785919424,5.102450158131853,-3.7431781934084096,-0.06111500698907205,-0.015629082597090765,0.059082788157361336,2024-03-28,2024-08-06,738972.0,739103.0,1.159718701874676,0.5390754139475332,0.4110770373627343,0.227939188437073
2024-08-22,739119.477001514,0.8376718045266276,7.304059830102445,0.5106989127226362,-0.0030971303164576782,0.0018073961903405352,0.0005369764356394632,0.00172578599380845,2024-04-05,2024-08-06,738980.0,739103.0,2.4829748220122734,0.19652404405786258,0.4110770373627343,0.1345718777907497
2024-08-16,739113.9899584684,0.06861455864252533,5.344251421740216,1.5311129393911165,-0.8607596391869292,-0.053920463482353576,-0.017065444036153014,-0.05114867546672892,2024-04-12,2024-08-06,738987.0,739103.0,2.08143737745253,0.20495460040117688,0.4110770373627343,0.1943725641085758
2024-09-28,739156.5785047899,0.3498522742947679,11.984156887622383,0.7379379589129507,-0.06428210618435096,0.009876902222267494,0.0025466816693930252,0.009542935082196152,2024-04-19,2024-08-06,738994.0,739103.0,2.117169826339144,0.18999691925890785,0.4110770373627343,0.15173536568165963
2024-08-06,739103.0892252936,0.4587435181924483,9.76290508159968,0.47277344401373833,-0.008777264356127457,-0.004975703676075529,-0.0002746480156725652,-0.004968117907175581,2024-04-26,2024-08-06,739001.0,739103.0,10.942642859420957,0.0828887412218183,0.4110770373627343,0.07185810947110023
2024-09-09,739137.4770519427,0.7328597211581084,12.839033698896024,0.4744946482226075,-0.0018499531629548765,-0.00040238280817360883,-0.00015553805683857493,-0.00037110623437037457,2024-05-03,2024-08-06,739008.0,739103.0,2.703841019931425,0.2624277942586294,0.4110770373627343,0.047395720204185116
2024-09-15,739143.3733900699,0.6976295690656343,3.0615001237621686,0.23011514729545288,0.011797173067454078,0.004564096365075704,0.0005405949028866536,-0.004531967870657323,2024-05-10,2024-08-06,739015.0,739103.0,0.5636405938481869,0.5889978965668706,0.4110770373627343,0.02910636559294479
2024-08-15,739112.5177400996,0.7781188683259532,12.480550211399327,0.45899127668414336,-0.0013754184053313447,0.0007537289172634597,0.000400411547775889,-0.0006385748766799898,2024-05-17,2024-08-06,739022.0,739103.0,4.474012046314671,0.11377107683788815,0.4110770373627343,0.03663358111862697
2024-08-22,739119.0497009599,0.13142457149082512,14.600227981140877,0.6535712680674239,-0.1345844167323394,-0.004459558917680175,-0.00283388207892322,0.0034433672622911676,2024-05-24,2024-08-06,739029.0,739103.0,4.007616574368943,0.2716563136482801,0.4110770373627343,0.03500630304323146
2024-08-23,739120.4046082811,0.2801161629482412,2.1286738438174164,-0.42012327412133943,0.3093697987518706,0.062251691631759656,0.06222717138874407,-0.0017470695382744007,2024-06-03,2024-08-06,739039.0,739103.0,0.5226486748471028,0.6539669524820965,0.4110770373627343,0.016308691777757546
2024-08-28,739125.1999688046,0.2985822749540979,4.335766278811035,0.26645268562177565,0.05609431552667355,-0.017804658328955506,-0.013190574449486098,0.011958871347389318,2024-06-10,2024-08-06,739046.0,739103.0,0.8776752421103383,0.21696184652051817,0.4110770373627343,0.013755058713593176
2024-08-23,739120.5613951952,0.0687110320314397,7.8726665336152974,1.1578530157775841,-0.5606354305239698,-0.021371809552794076,-0.011623224370414877,0.017934739998000913,2024-06-17,2024-08-06,739053.0,739103.0,1.6881738241348383,0.22895169358112105,0.4110770373627343,0.01657646992392666
2024-08-31,739128.5931074892,0.4416962808388841,10.28157547591347,0.7778458818261996,-0.05768491338113015,-0.005021857130454573,-0.001666772346157008,-0.004737184710857673,2024-02-15,2024-08-07,738930.0,739104.0,3.4180228266962693,0.49347137589992074,0.39938606203178223,0.41057493608584406
2024-10-19,739177.5223919022,0.5120367980488013,12.200906584079169,0.8805197704014526,-0.041078513560550624,0.005044048142571169,0.0008490446507361906,-0.004972076512447481,2024-02-23,2024-08-07,738938.0,739104.0,2.293417135665766,0.34177836529984046,0.39938606203178223,0.2307230626880912
2024-10-21,739179.883414328,0.05816892239549999,4.935099222286953,5.202782673629254,-3.6406396723761425,0.05400421943266412,0.03908005090396719,-0.0372720449918524,2024-03-01,2024-08-07,738945.0,739104.0,0.8874678399934871,0.7945937298129203,0.39938606203178223,0.26596283228812356
2024-09-13,739141.611667888,0.5910109584394229,4.182423907883589,0.6866224688119339,-0.021134149046147143,0.004421319603937436,0.004069895670059154,0.0017274305412939865,2024-03-08,2024-08-07,738952.0,739104.0,1.076803477675481,0.6754610972268597,0.39938606203178223,0.22931146248269516
2024-09-14,739142.3210934389,0.7073707525978082,6.710771871236015,0.5924009113743999,-0.008218767734055823,0.0026577586284693205,0.0026566439657363583,0.00007696600885923027,2024-03-15,2024-08-07,738959.0,739104.0,1.671757170215984,0.32596111466001,0.39938606203178223,0.18136855892205034
2024-09-07,739135.3057536533,0.619496117279201,9.836832888548297,0.614175721100723,-0.013928655251226768,-0.003967570226940016,-0.002033693367954631,0.003406714662374617,2024-03-22,2024-08-07,738966.0,739104.0,2.6425503002960173,0.22108936987727776,0.39938606203178223,0.23136560280454266
2024-09-10,739138.8822535301,0.566713177170593,14.209955705890389,0.6489545377285098,-0.019860670457269712,0.004586425580265675,0.0017721444021277868,-0.004230225031995636,2024-04-01,2024-08-07,738976.0,739104.0,3.4852136502230766,0.17269912656001463,0.39938606203178223,0.24521801112402267
2024-08-29,739126.98510372,0.5880624725616025,12.045578838901386,0.573700748485561,-0.013498065948557052,0.004549610171184236,0.003751130962615513,-0.002574484261177425,2024-04-08,2024-08-07,738983.0,739104.0,3.517641441493279,0.1448415456562055,0.39938606203178223,0.21032952636139163
2024-08-17,739114.7167818,0.665960946569056,8.093063988011519,0.5131582870990965,-0.006890981416026115,-0.003584061265233994,-0.0005758090282154397,-0.0035375046453646215,2024-04-15,2024-08-07,738990.0,739104.0,3.161179561929694,0.15821273626064325,0.39938606203178223,0.17779639471540615
2024-08-19,739116.9078444754,0.938855074795643,12.019474090970235,0.47656355590716243,-0.0012264910865764957,-0.0009082363513955253,-0.0004749876893937663,-0.0007741317490715824,2024-04-22,2024-08-07,738997.0,739104.0,4.263771220887632,0.10548206144064717,0.39938606203178223,0.12466870206917109
2024-09-05,739133.8636023029,0.19662320691899998,11.248921345030158,0.5761405623422216,-0.0640806381182038,-0.0017612129548542756,-0.0008176230558801586,0.0015599242324035227,2024-04-29,2024-08-07,739004.0,739104.0,2.631493690611752,0.6359732538252152,0.39938606203178223,0.05660483098912564
2024-09-16,739144.8057734978,0.813927185170098,11.49120384271415,0.46308044620597494,-0.0008991111741486405,-0.000310297707279012,-0.00026919368019015847,-0.00015433544533998046,2024-05-06,2024-08-07,739011.0,739104.0,2.1719174396627765,0.20523662007890542,0.39938606203178223,0.048279619459110065
2024-09-13,739141.8534814349,0.5013965250645428,7.356315750693276,0.4920624494223633,-0.007163934378117301,-0.003390906412344162,-0.0024427730043356335,-0.0023518304247045142,2024-05-13,2024-08-07,739018.0,739104.0,1.3878314891031434,0.14399809717936715,0.39938606203178223,0.020803912006322412
2024-09-11,739139.5893298158,0.6765392523849124,6.028344299920658,0.4324286104863217,0.0002279196427319504,-0.001958782429307371,-0.000392418229573285,-0.0019190717908566788,2024-05-20,2024-08-07,739025.0,739104.0,1.1218825857765975,0.013058416204438355,0.39938606203178223,0.021085778506863783
2024-08-19,739116.3078282853,0.3114924037242795,13.382026807418372,0.5078735049065357,-0.02424132138033797,-0.0016793887394096583,-0.0016671434730931814,0.0002024331449609134,2024-05-28,2024-08-07,739033.0,739104.0,4.072861534309266,0.3359932998013139,0.39938606203178223,0.03675495736423551
2024-08-28,739125.4125780511,0.7093487342733561,10.80201271242808,0.4970497495586146,-0.004267264909563858,-0.0008731428590821596,-0.0005016271434099907,0.000714666818426951,2024-06-04,2024-08-07,739040.0,739104.0,2.378530065664983,0.32093672167462123,0.39938606203178223,0.029210157315348834
2024-08-16,739113.6000702685,0.5709196443567995,4.332376499154666,0.4456205453415575,-0.00008893167099588302,0.00541123894165327,0.003044776184666633,0.0044733482838866575,2024-06-11,2024-08-07,739047.0,739104.0,1.335553894025074,0.0021657510646777628,0.39938606203178223,0.01367317194788853
2024-08-12,739109.8530911545,0.23101770016542061,14.964839450439126,0.5145259170506613,-0.037466558100673474,0.0024113365458158864,0.002062323679717826,-0.0012495459084253036,2024-06-18,2024-08-07,739054.0,739104.0,5.372595105017001,0.23986073708598854,0.39938606203178223,0.03333099618325581
2024-08-09,739106.3373625239,0.6958400906265007,7.904820756768967,0.543983460874881,-0.009675607561082288,-0.0024031887236646604,-0.001792386929896782,-0.0016008326380618828,2024-02-16,2024-08-08,738931.0,739105.0,6.134468887855266,0.3544114856576441,0.41922284874998783,0.33937613722902754
2024-08-18,739115.1497200815,0.8030483904601877,14.594627076101018,0.5620993493606364,-0.006105164199600801,0.00039199277816511017,8.35313891075436e-6,-0.0003919037677848229,2024-02-26,2024-08-08,738941.0,739105.0,6.602507618972566,0.8569746920165284,0.41922284874998783,0.435415709789199
2024-08-21,739118.5766579248,0.7372855742346412,10.321799093978237,0.5743595999833754,-0.008234756932364007,-0.0018173872033168414,-0.001525176734939052,-0.000988297614072028,2024-03-04,2024-08-08,738948.0,739105.0,4.157564445566916,0.3236559934737321,0.41922284874998783,0.3256653642271123
2024-08-11,739108.0584524516,0.998322243018599,12.178116428163262,0.5206026206213399,-0.0021892546426956743,0.0003163230369235025,0.00010062217617376235,-0.00029989238294855693,2024-03-11,2024-08-08,738955.0,739105.0,7.584032846464109,0.5673565637031005,0.41922284874998783,0.3590626043050451
2024-10-12,739170.4065116771,0.5344584969068432,4.293028714182425,0.9758118143297208,-0.04750280469041694,-0.0071816535562834955,-0.00476054051519204,0.005377118355187515,2024-03-18,2024-08-08,738962.0,739105.0,0.7918048747777455,0.8234647138731972,0.41922284874998783,0.21034431633204584
2024-08-26,739123.5982096676,0.29707423882469725,14.402211597224062,0.7953423212758658,-0.11566329490609342,-0.011419249335886932,-0.0022575364191358346,-0.01119387264137972,2024-03-25,2024-08-08,738969.0,739105.0,4.854303529205379,0.20892663518937207,0.41922284874998783,0.42148835307997273
2024-09-13,739141.3795173356,0.009239163678953501,13.005226016423073,14.995106936505241,-14.011862571389875,0.05035037552317655,0.04426810569680823,-0.023989479638814832,2024-04-02,2024-08-08,738977.0,739105.0,3.121683747379499,0.19770056571049777,0.41922284874998783,0.34292574504377493
2024-08-12,739109.8651647693,0.16723727174225725,9.754663856414133,0.7072788411294368,-0.15984942253924753,0.03194384090016675,0.02625847256539282,-0.01819070064587064,2024-04-09,2024-08-08,738984.0,739105.0,5.050463917442603,0.08579158732486765,0.41922284874998783,0.2787585227242594
2024-08-25,739122.6049270832,0.49285731888303397,8.002532425652905,0.5490408237365662,-0.01799776822318985,-0.006839941931601394,-0.0009642107932635068,-0.006771639622265283,2024-04-16,2024-08-08,738991.0,739105.0,2.562092105104489,0.16205409412901095,0.41922284874998783,0.19583319823282516
2024-09-07,739135.1105954256,0.19087099617636755,7.00308924105238,0.817827876682102,-0.1796311565786578,0.021893167169630166,0.011475283398967001,0.018644801946675765,2024-04-23,2024-08-08,738998.0,739105.0,1.689598147412835,0.22362654417196318,0.41922284874998783,0.14427686255936864
2024-08-31,739128.6410263577,0.7802946187366213,10.428412464215652,0.46229025774286103,-0.0012879656994224237,-0.00038687955413231536,-0.0002584636573895113,-0.0002878755411882997,2024-04-30,2024-08-08,739005.0,739105.0,2.7458609502151328,0.24909724847630135,0.41922284874998783,0.05360292488490174
2024-09-16,739144.2582621423,0.6779913385180566,10.95722810698908,0.46571846865494576,-0.0018047368472434806,0.0007157573591753235,0.0003439224304631977,0.0006277148708115173,2024-05-07,2024-08-08,739012.0,739105.0,2.11812793312795,0.1560168503795099,0.41922284874998783,0.04457882071374477
2024-08-30,739127.2509678707,0.30230246191422566,14.122002744017761,0.48750745411571533,-0.016302301641693124,-0.004928868883859903,-0.0046042369784314524,0.0017591902457456889,2024-05-14,2024-08-08,739019.0,739105.0,3.555832050899973,0.07080224878832883,0.41922284874998783,0.03861763726268947
2024-08-08,739105.3304033657,0.4597358008761506,11.462735314425048,0.45303035462939784,-0.004657451564630104,0.0028013174007618597,0.002353101959787003,-0.0015199639293936374,2024-05-21,2024-08-08,739026.0,739105.0,9.99938178469757,0.06668161177126368,0.41922284874998783,0.039346344729486116
2024-08-10,739107.5821098804,0.9824550423921512,4.405867169963932,0.4603936562601495,-0.0009445152645615986,0.0005223774879671515,0.00047960468795504033,0.00020702073139282435,2024-05-29,2024-08-08,739034.0,739105.0,2.3489283588273633,0.4031863446334399,0.41922284874998783,0.02875561008259367
2024-08-20,739117.1619060606,0.11988735351128568,14.660285690355167,0.6471194531383284,-0.14002765208398896,-0.0030701025876477364,-0.00306537503689916,0.00017031083887057935,2024-06-05,2024-08-08,739041.0,739105.0,4.2804830534314044,0.3729854228066153,0.41922284874998783,0.036059714149488366
2024-08-08,739105.2758742723,0.66124018550607,14.292178947792117,0.45751067631917414,-0.003035004609546229,0.0010040544642245137,0.0009895532860444522,0.00017002841294266573,2024-06-12,2024-08-08,739048.0,739105.0,12.136937883446208,0.13985013096023266,0.41922284874998783,0.033138890838862
2024-08-16,739113.2276399948,0.27629227035472687,14.985599720666649,0.5077332880155209,-0.028965784882948303,-0.00030262167773682634,-0.00029708862911687967,-0.000057604047476758784,2024-06-20,2024-08-08,739056.0,739105.0,4.625860198486528,1.7647365210555295,0.41922284874998783,0.03461003274305823
2024-08-13,739110.6668138745,0.5830551042805244,5.245831054214365,0.5232282848576404,-0.012499207807666467,-0.006749860814084384,-0.004954879945153624,-0.00458364328221845,2024-02-20,2024-08-09,738935.0,739106.0,3.0291109298520507,0.20581781957606926,0.4256072075284563,0.17850168642752245
2024-08-16,739113.4775499265,0.2489339136251874,7.01226746116977,0.779460777140548,-0.14456758531419414,0.026055547487414468,0.0259408148473995,-0.0024424741394430387,2024-02-27,2024-08-09,738942.0,739106.0,3.496038630847081,0.1969682917449394,0.4256072075284563,0.3545606672333608
2024-09-21,739149.1186140801,0.49656782638641517,10.430021120394189,0.7634509838016112,-0.03830433227074682,0.006579014446594024,0.006578533524605881,0.00007954718178157343,2024-03-05,2024-08-09,738949.0,739106.0,2.548009847162323,0.2771918426343824,0.4256072075284563,0.254992262410691
2024-09-21,739149.0292593121,0.9441149408289191,13.460569139096746,0.5982169485562091,-0.0026719492042935845,-0.0004992219322574317,-0.00048096642184972295,0.0001337678537613509,2024-03-12,2024-08-09,738956.0,739106.0,3.2155338956422406,0.3754014866170817,0.4256072075284563,0.314779941777446
2024-09-04,739132.2234147333,0.18322681712441738,10.693004319006004,1.1312152813407772,-0.33504669224632344,0.024910506956924143,0.024725538776733304,0.003030031196411007,2024-03-19,2024-08-09,738963.0,739106.0,3.173203284540835,0.23046875932505098,0.4256072075284563,0.39726495789169886
2024-09-03,739131.1126914327,0.49305087567567474,3.745798554915014,0.6953283457644642,-0.03692087397422408,-0.008723967826756059,-0.004312201728370593,-0.007583701661860951,2024-03-26,2024-08-09,738970.0,739106.0,1.1081052812171803,0.5570641808990457,0.4256072075284563,0.2437822992679425
2024-08-18,739115.5229144474,0.2905532391151571,7.969765543448967,0.6509939786093596,-0.07757391199590755,-0.01964707426216034,-0.011474660737979687,-0.01594803085058186,2024-04-03,2024-08-09,738978.0,739106.0,3.386815309466461,0.14394546348183443,0.4256072075284563,0.27019823755752626
2024-09-06,739134.1034693408,0.936384339212496,8.151262375446152,0.5120469717712647,-0.0017429471187513992,0.0010599260614202093,0.0010597475756480637,0.00001945074769278705,2024-04-10,2024-08-09,738985.0,739106.0,2.1648889372751907,0.18890258853439376,0.4256072075284563,0.11258692685247143
2024-09-29,739157.3493598265,0.8364850930015983,13.362139745821914,0.540605065777773,-0.002669066721785872,-0.0009460219666891454,-0.0004160036033720464,0.0008496461401312145,2024-04-17,2024-08-09,738992.0,739106.0,2.4869224233029947,0.1766202137372214,0.4256072075284563,0.19412134098924583
2024-09-29,739157.6535228197,0.14462426644988494,3.4863977268599844,2.1760031105631303,-0.920439270302291,-0.0459107561295393,-0.013977083772949463,-0.043731437863280744,2024-04-24,2024-08-09,738999.0,739106.0,0.6226636581251798,0.8316583139122988,0.4256072075284563,0.16891140318660916
2024-08-17,739114.3714574771,0.8847088637246732,13.41335829872915,0.4474658164333889,-0.0005498714510992732,-0.0005183089103130912,-0.0004922850831865622,-0.00016217127791919118,2024-05-01,2024-08-09,739006.0,739106.0,5.4666666364920165,0.06997378235808634,0.4256072075284563,0.04289329218828714
2024-09-07,739135.1411765008,0.936872842440087,5.239694502972592,0.4511842703249544,-0.00033559362605039975,0.00042957659573861597,0.0003472095106010673,0.0002529458585439692,2024-05-08,2024-08-09,739013.0,739106.0,1.1950332309361409,0.13968435771427293,0.4256072075284563,0.03224097250168575
2024-08-13,739110.9805914835,0.19114869945674934,9.86300049645683,0.4703179137185202,-0.019423482481363892,0.006592322191741572,0.006123745396979368,0.0024409945089455664,2024-05-15,2024-08-09,739020.0,739106.0,4.560263171199192,0.05710195348401989,0.4256072075284563,0.042047091566734064
2024-08-14,739111.8509698899,0.13750437372853155,14.101285936074818,0.5039733917282798,-0.04525361376445276,0.005601667663879486,0.0045244217527475655,-0.003302769810298275,2024-05-22,2024-08-09,739027.0,739106.0,6.001878308805315,0.07877596280589587,0.4256072075284563,0.04243095185666
2024-08-18,739115.9423814862,0.0785939967474978,4.4863537367076,0.6199036235512939,-0.13832167833259112,-0.025480647611352745,-0.01077091042948145,0.023092225774360174,2024-05-30,2024-08-09,739035.0,739106.0,1.4972619292142482,0.09509893406781039,0.4256072075284563,0.01649260721632156
2024-08-22,739119.1020185963,0.5724517917623496,9.888830161632132,0.49528697116700704,-0.008051437430106367,-0.0021272505879263797,-0.001876413704860832,-0.001002131065302126,2024-06-06,2024-08-09,739042.0,739106.0,2.7894447384661696,0.21910322543776528,0.4256072075284563,0.030036336281624224
2024-08-21,739118.3648276929,0.2536235118740549,8.156440803264665,0.5218307497116975,-0.03621214697115076,-0.005252752413855554,-0.005242377932065292,-0.00032997202708743233,2024-06-13,2024-08-09,739049.0,739106.0,2.238669873375784,0.21436612950408374,0.4256072075284563,0.032010289906710815
2024-08-29,739126.4281272466,0.9608721966022788,6.299543538114819,0.42191299617312883,0.0007234743507189913,-0.0012940321226187945,-0.0011950437581414307,-0.0004963764201656929,2024-06-21,2024-08-09,739057.0,739106.0,1.226564399278581,0.08527753270951435,0.4256072075284563,0.006733915439189691
2024-11-04,739193.5517173526,0.02931108349941392,6.127500192530553,9.358745130866199,-7.763120688335819,0.05719601832137808,0.04063583620599679,-0.04025063139453613,2024-02-21,2024-08-12,738936.0,739109.0,1.0862579426765753,0.6492606472936757,0.4119376226137819,0.27227009729358503
2024-10-13,739171.9060568431,0.8556508327645849,12.558025372629935,0.6665349520647151,-0.0044936428771234,0.0008888546600688198,0.0008882965164923326,-0.000031494531487929493,2024-02-28,2024-08-12,738943.0,739109.0,2.581622892347352,0.34446335112120724,0.4119376226137819,0.23136091075489568
2024-10-03,739161.9102971371,0.12210705724281803,14.769482178959237,2.1941702619647994,-1.0229875055120448,-0.01645436184247516,-0.0011492686099998383,-0.016414176960943588,2024-03-06,2024-08-12,738950.0,739109.0,3.2616605753755694,0.5140019678801911,0.4119376226137819,0.5077692808549253
2024-09-08,739136.2150688623,0.17057552756365427,7.5739998768165355,1.1551217725641791,-0.3623937715396971,-0.03920494210654903,-0.028467879106252127,-0.02695565515378313,2024-03-13,2024-08-12,738957.0,739109.0,2.2720314092034117,0.20817632494187585,0.4119376226137819,0.21125599037310042
2024-10-12,739170.2052005862,0.3004358366622751,4.934852501749685,1.332720411892,-0.2284975522503526,0.020478465354376793,0.011081913213050475,-0.017220881011400898,2024-03-20,2024-08-12,738964.0,739109.0,0.9539854582496041,0.6793001381312789,0.4119376226137819,0.22052765120945722
2024-09-08,739136.115958265,0.05979033548936964,14.833352370479501,2.445904371599323,-1.5833172234089194,-0.038074136170340125,-0.00878201481215695,0.03704748386809363,2024-03-27,2024-08-12,738971.0,739109.0,4.264848041806749,0.16762143485103898,0.4119376226137819,0.40960396636219404
2024-09-14,739142.4074134529,0.14773018972243993,8.487979077419581,1.2031073024609105,-0.4175846151763056,-0.03928632588933599,-0.024604591902584204,0.030627266596782665,2024-04-04,2024-08-12,738979.0,739109.0,2.144517564204509,0.18499842462285215,0.4119376226137819,0.18295086092016893
2024-10-08,739166.5567058647,0.5200806366615832,10.55794610632239,0.6653938855748747,-0.02287355518707961,-0.005952361116162358,-0.00023188124927597006,0.005947842797471702,2024-04-11,2024-08-12,738986.0,739109.0,1.9211000781903569,0.18929347510142172,0.4119376226137819,0.15357923971656212
2024-08-25,739122.5604059182,0.018242051493106096,3.70391502213491,3.46325311142187,-2.8357680227453295,-0.021869993084907245,-0.021143593056079688,0.005589728992785744,2024-04-18,2024-08-12,738993.0,739109.0,1.3304892195710074,0.638608534554787,0.4119376226137819,0.2936656514949187
2024-08-18,739115.4561034697,0.0965307687766697,6.239730216437558,0.6830936232332404,-0.1817325546582766,-0.02170304300976327,-0.007897662044534539,0.02021506888719286,2024-04-25,2024-08-12,739000.0,739109.0,2.863919370205406,0.12954243396902265,0.4119376226137819,0.12890398136421818
2024-09-10,739138.993320641,0.27799419932968644,13.16205831164525,0.5128578464762206,-0.02553159665362066,0.002829411214441379,0.0027330246484087127,-0.0007322186091578612,2024-05-02,2024-08-12,739007.0,739109.0,3.104035480857403,0.1905872430387964,0.4119376226137819,0.05270425841366911
2024-09-05,739133.0274367545,0.8684302040997312,2.508228122004844,0.2869629490759499,0.005143035692532883,-0.0026912077679897496,-0.0012044937570200925,0.00240661464297631,2024-05-09,2024-08-12,739014.0,739109.0,0.638777980620276,0.6616681008001075,0.4119376226137819,0.03270877754319116
2024-09-04,739132.63235301,0.4414537848180692,10.252714780648727,0.45738486623884317,-0.00421162660898112,-0.0003410587713113645,-0.00017952971699802402,0.00028998304468197275,2024-05-16,2024-08-12,739021.0,739109.0,2.533477081434193,0.531700423715094,0.4119376226137819,0.0478973193884207
2024-08-19,739116.4684507502,0.07580424782744456,7.735293517686111,0.5985288786080762,-0.12825014110391225,-0.004600232134001685,-0.0007332957130763439,0.004541410913349014,2024-05-23,2024-08-12,739028.0,739109.0,3.04325322182771,0.27320890413246696,0.4119376226137819,0.04400122257421532
2024-08-29,739126.8689136966,0.47061084395442776,9.889673723389615,0.4957373139025431,-0.010891995062191453,0.0020684926998446257,0.0003909839866008352,-0.002031204955570024,2024-05-31,2024-08-12,739036.0,739109.0,2.55986791510517,0.25057250207257503,0.4119376226137819,0.03479170865879981
2024-08-16,739113.5568526563,0.5042785340243842,11.522389922117272,0.4667423508699008,-0.006264209076966066,-0.0012382217769879738,-0.0005675621266908352,0.001100484621134449,2024-06-07,2024-08-12,739043.0,739109.0,5.024344863132332,0.22140922944260416,0.4119376226137819,0.037031005897162426
2024-08-30,739127.2023417724,0.056529696585641456,14.340098937276716,0.9325506303383587,-0.40518542473290126,-0.010081445964294129,-0.006263210517854894,-0.007899857387321255,2024-06-14,2024-08-12,739050.0,739109.0,3.2976451405988594,0.15843659295029505,0.4119376226137819,0.03387213576456766
2024-08-16,739113.9245379481,0.7742163616424442,13.522742006243629,0.4616203968902538,-0.0020917285483812477,-0.00024056485455915876,-0.00023658788642317113,-0.000043561694720084986,2024-06-24,2024-08-12,739060.0,739109.0,5.15100588757851,0.497818150862184,0.4119376226137819,0.035023953325728954
2024-10-21,739179.6544641631,0.17104446922747776,13.902819085615286,1.9884739021489204,-0.7007425082958926,0.021497571952546674,0.009419335700147477,0.019324122614567747,2024-02-22,2024-08-13,738937.0,739110.0,2.7616554330935354,0.40102848025319143,0.4378359072501865,0.38597036447035893
2024-09-10,739138.3761522785,0.6029387774102885,6.30965555251137,0.5840509425198346,-0.01335483796294574,-0.004562357487327668,-0.0025786179492552287,-0.003763752823174443,2024-02-29,2024-08-13,738944.0,739110.0,1.932352726656576,0.27971572084564233,0.4378359072501865,0.22557873391550756
2024-08-17,739114.3902437468,0.3692896495394942,8.372808802214252,0.6343361134924893,-0.05620800974383857,0.013443645548719092,0.013113064369014306,0.00296296278979033,2024-03-07,2024-08-13,738951.0,739110.0,4.819595643715521,0.18440687816657053,0.4378359072501865,0.42561106824327416
2024-09-21,739149.0459823917,0.024194173736273868,6.7728969987272745,6.588708502538763,-5.564422454440508,0.05581551680041191,0.04155180850421953,0.037266863642192026,2024-03-14,2024-08-13,738958.0,739110.0,1.711525332894026,0.35612418487798864,0.4378359072501865,0.3993278514974035
2024-08-14,739111.8460157675,0.7307153401085943,4.027990672507821,0.5014275112957088,-0.005915652008883624,0.0034878779713859295,0.00001568647589017706,-0.0034878426968189425,2024-03-21,2024-08-13,738965.0,739110.0,2.805570048847853,0.30768130216182965,0.4378359072501865,0.1869401724025601
2024-09-14,739142.793111663,0.42906195516323475,2.5751950275747117,1.1193218220846282,-0.11831662821166412,0.02486776467250999,0.0228117257729798,-0.009901054846111344,2024-03-28,2024-08-13,738972.0,739110.0,0.6763568775446271,0.7927183620600963,0.4378359072501865,0.21246239243248116
2024-09-08,739136.6746640898,0.7216848819508511,5.898752910745417,0.5628735008762384,-0.007144815874077157,-0.002663100164922095,-0.0014072239438799716,0.002260934156533309,2024-04-05,2024-08-13,738980.0,739110.0,1.662133031681776,0.328239575864199,0.4378359072501865,0.21222785344718753
2024-09-11,739139.7058635033,0.021744218853005707,2.090062070399057,20.536759723023913,-18.404288282070006,-0.23223670946923833,-0.18868202968469514,-0.13539933862158718,2024-04-12,2024-08-13,738987.0,739110.0,0.544594022956906,0.8244660645679497,0.4378359072501865,0.22627873999604683
2024-08-24,739121.035721506,0.26796037207809525,4.424907402451716,0.641155999908225,-0.07977911304501321,0.012091943288278664,0.009360344211895725,0.007655001549430125,2024-04-19,2024-08-13,738994.0,739110.0,1.720705732357829,0.39953928427437546,0.4378359072501865,0.24268590867759654
2024-09-14,739142.8512944973,0.3246068878001443,2.792530559955961,0.5486293553282685,-0.031864363300548176,0.003938777146015292,0.0037370100230682845,-0.0012444763932913897,2024-04-26,2024-08-13,739001.0,739110.0,0.650128935309012,0.9403805370828511,0.4378359072501865,0.10379950320265158
2024-09-16,739144.1185075775,0.06956907959318272,5.306499235553691,0.4547566956416403,-0.01694075947348953,-0.01613602446018235,-0.006784618498243456,0.0146403632882827,2024-05-03,2024-08-13,739008.0,739110.0,1.16859965676298,0.013763994310660197,0.4378359072501865,0.043366194036781026
2024-09-20,739148.5922928798,0.20680191591121094,11.99878835817893,0.48499085103801154,-0.02149352722364304,0.003398483223789222,0.002643393996117876,-0.002135920504996557,2024-05-10,2024-08-13,739015.0,739110.0,2.371309216892544,0.10900332012413554,0.4378359072501865,0.04689106848863403
2024-09-23,739151.1664997896,0.3681295931387792,4.340483434736848,0.06003620290293653,0.07742906527521136,-0.014474081845206911,-0.0028261340008402477,-0.01419549266038496,2024-05-17,2024-08-13,739022.0,739110.0,0.7899249674325795,0.45370714663293316,0.4378359072501865,0.02467221047620859
2024-08-22,739119.5982465921,0.6859452602243613,12.006251921326797,0.4520910479856415,-0.001520770383221267,0.0008019994160174183,8.233020614439885e-7,-0.000801998993432091,2024-05-24,2024-08-13,739029.0,739110.0,4.289589822492297,0.10833570201666866,0.4378359072501865,0.039092050166246485
2024-08-25,739122.7311540359,0.2764729890037914,10.590684148422334,0.5163999364898845,-0.031144213761681302,0.0037949050017346032,0.002651556972065539,0.0027148756133718063,2024-06-03,2024-08-13,739039.0,739110.0,3.174851298851574,0.21424226675724703,0.4378359072501865,0.03691597185531934
2024-08-18,739115.6721732878,0.06942201200724975,8.233993295743218,0.6526691429607214,-0.17544245821613258,-0.007967602428138352,-0.007945754036389979,-0.0005896450169962475,2024-06-10,2024-08-13,739046.0,739110.0,3.2869853395094757,0.18564947946166044,0.4378359072501865,0.03788280631737966
2024-08-20,739117.6609619714,0.11435508214440018,5.350259623633772,0.3878482032752854,0.03530979961782471,0.026533657569813917,0.010756304175722403,-0.02425565716511264,2024-06-17,2024-08-13,739053.0,739110.0,1.8163098342350386,0.028443219069858652,0.4378359072501865,0.013774835382326687
2024-08-21,739118.0109000521,0.8708779617985816,4.513578756359047,0.40973385404415347,0.0019649316877176012,-0.0023705075776748346,-0.0008966689422588834,0.0021943771288915103,2024-06-25,2024-08-13,739061.0,739110.0,1.4097347384418681,0.1599345837078783,0.4378359072501865,0.0076534955930016085
2024-10-20,739178.8308702692,0.8540308485987731,6.31565851285959,0.6019602287155097,-0.0033060827076532087,0.0009046485585789316,0.0007175725396344526,-0.0005508889769286554,2024-02-23,2024-08-14,738938.0,739111.0,1.273626099131273,0.4941840644892007,0.41622947469532295,0.2523451179912011
2024-08-27,739124.2931091725,0.6578170040445189,14.53008566197238,0.6049812123297487,-0.013425349808306557,0.0008989900317129823,0.00048621734434158427,-0.0007561585621949448,2024-03-01,2024-08-14,738945.0,739111.0,6.0166983064516435,0.6760948923621155,0.41622947469532295,0.4969265373375021
2024-08-22,739119.0590562146,0.4959777269904616,4.6207997307977795,0.5647765934033353,-0.022871942583340594,0.009113008341227958,0.0011298691643470936,0.009042694106224538,2024-03-08,2024-08-14,738952.0,739111.0,2.2294726343953837,0.2693930033167638,0.41622947469532295,0.23445478027321628
2024-09-29,739157.4892431345,0.7018314627038204,7.133731235497589,0.6113024775978011,-0.008480948635013528,-0.002326341225544106,-0.002233340649476974,0.0006511935511503635,2024-03-15,2024-08-14,738959.0,739111.0,1.6480033479106522,0.3586634372526449,0.41622947469532295,0.24859920664510346
2024-09-14,739142.4246627734,0.6231338729514367,14.618806706713443,0.6247260780479507,-0.014214238028150195,0.002987533015453021,0.0002417457939313145,0.0029777361349754158,2024-03-22,2024-08-14,738966.0,739111.0,4.014180620047854,0.20280576971399275,0.41622947469532295,0.33823228394957655
2024-09-04,739132.5173208365,0.04765519385730689,2.459952762550609,5.038549625789995,-3.8289141626244265,0.1105058438917605,0.0105653689003983,-0.1099996114276256,2024-04-01,2024-08-14,738976.0,739111.0,0.7768838275962565,0.6712338626817423,0.41622947469532295,0.26069010656704644
2024-08-27,739124.3993993629,0.4970051251384672,5.606018031600929,0.5803716399518,-0.023246394407065645,0.009007326128168305,0.00899585958860574,0.00045435035080165846,2024-04-08,2024-08-14,738983.0,739111.0,2.1024210501734575,0.22880530587902623,0.41622947469532295,0.18792345651913303
2024-08-27,739124.9816375372,0.06919547582001997,12.849994692302372,1.2056307569129336,-0.6018695065547284,-0.03650658721446686,-0.03568180866943011,0.007716180410388138,2024-04-15,2024-08-14,738990.0,739111.0,4.637138327973202,0.08877810224327809,0.41622947469532295,0.28389156158409556
2024-09-19,739147.1865382061,0.05059689773232724,7.1114680361338465,1.9309810689450437,-1.2172075350254203,-0.02623766367528206,-0.01852392575949141,0.018581689094214933,2024-04-22,2024-08-14,738997.0,739111.0,1.610803490869997,0.3300685144796416,0.41622947469532295,0.22179969259232343
2024-08-29,739126.1223609234,0.16441202768751675,2.2874047036480385,0.2903999031004568,0.07405681279357072,0.01650888195273082,0.004646026462512669,0.015841642005765485,2024-04-29,2024-08-14,739004.0,739111.0,0.7604491647995376,0.32243184682394,0.41622947469532295,0.05570692015113639
2024-09-23,739151.6060013189,0.7687297195835479,12.220997673019449,0.4513373838270508,-0.0007121345547707231,0.0003633729708378876,0.00008593504484703807,0.0003530652687573359,2024-05-06,2024-08-14,739011.0,739111.0,2.415819043300554,0.1232754083994518,0.41622947469532295,0.05005487871184813
2024-09-08,739136.6792560363,0.4593888103497573,6.290867366681767,0.46826362295727364,-0.005235624615672622,0.004314931558282873,0.002169994002805363,-0.0037295791157252877,2024-05-13,2024-08-14,739018.0,739111.0,1.532612560641695,0.08860627375504472,0.41622947469532295,0.021575190262820586
2024-09-15,739143.1673769748,0.19430965882892065,3.033445026432033,-0.6667827863209191,0.49286622331149127,0.05131969341851396,0.0013896986450436827,-0.05130087397156353,2024-05-20,2024-08-14,739025.0,739111.0,0.6281789536787059,0.6151814956059485,0.41622947469532295,0.026662253672648503
2024-09-01,739129.3738194144,0.7028300063130791,9.290438060164236,0.4701047875053718,-0.002651082548220681,-0.00089254530765207,-0.0008829722936169127,-0.00013037275373565152,2024-05-28,2024-08-14,739033.0,739111.0,2.450527018086923,0.22470207466778308,0.41622947469532295,0.03611306942932271
2024-09-12,739140.3994083379,0.7980690921993514,13.88633581954146,0.47573277356436855,-0.0017644636607531843,0.00047112923229404233,0.00019561746807236253,-0.00042859836643054534,2024-06-04,2024-08-14,739040.0,739111.0,2.7143787103228285,0.21524124453068377,0.41622947469532295,0.034345265631605185
2024-08-27,739124.0909186582,0.17538803940148665,7.5350375733593875,0.5195500334167529,-0.04631701907128208,-0.011972673796440094,-0.0024055991594717,0.011728512715596651,2024-06-11,2024-08-14,739047.0,739111.0,2.1263298428406037,0.09004591215161717,0.41622947469532295,0.028654928009129742
2024-09-07,739135.1947306582,0.08703557815660458,13.72254506611028,0.7103885938414806,-0.19799828041698647,-0.006926303657243618,-0.006411199523474825,-0.0026211072130957343,2024-06-18,2024-08-14,739054.0,739111.0,2.644215787716696,0.18131011933743754,0.41622947469532295,0.03563932510327294
2024-08-27,739124.0225621426,0.453192680892854,9.595994676589338,0.45853129624090777,-0.004316213467161523,-0.004049318581351539,-0.003966296440027455,-0.0008157656054923968,2024-06-26,2024-08-14,739062.0,739111.0,2.383754415789198,0.05034007498006716,0.41622947469532295,0.030342785989076037
2024-10-31,739189.5789791463,0.6028652889352447,5.165091336751717,0.695284650753609,-0.01621696166275189,0.0032551157064799603,0.003194306526003987,0.0006262460223433524,2024-02-26,2024-08-15,738941.0,739112.0,0.9572475138299106,0.5814941272052268,0.44243553902670957,0.2784155970194505
2024-10-16,739174.7391049619,0.43300490835048155,9.331330201778528,0.8003775409274336,-0.05211330872595683,-0.008346585569338257,-0.006417561676309836,0.005336702427252708,2024-03-04,2024-08-15,738948.0,739112.0,1.9081140189151364,0.28972705987004316,0.44243553902670957,0.27934142649419785
2024-08-27,739124.5611401566,0.11200435937394486,8.512141367098664,1.3064602438524033,-0.5793416409973947,0.040502862296304946,0.0045012276863393135,0.040251966455182926,2024-03-11,2024-08-15,738955.0,739112.0,3.5258783596943752,0.18821105470855093,0.44243553902670957,0.4803723835400062
2024-08-22,739119.2166823947,0.8157780215851056,11.284045404428467,0.5274728230288785,-0.004413397988280031,-0.0015668734602359686,-0.0005191802968314312,0.0014783586370613405,2024-03-18,2024-08-15,738962.0,739112.0,5.533616085905353,0.20363214861658552,0.44243553902670957,0.30953136645843693
2024-08-20,739117.3247289321,0.6511279902416526,9.515562421564287,0.5201160801314636,-0.008466555908822237,0.004076375325231356,0.002973190644837515,-0.0027887224999281874,2024-03-25,2024-08-15,738969.0,739112.0,5.038635021327965,0.1421230499483905,0.44243553902670957,0.2668431726937815
2024-08-19,739116.185415706,0.7113705589570275,5.654276120360795,0.4959151968672145,-0.005364624177723623,0.003777161304057357,0.0036167511179446927,-0.0010890632983045977,2024-04-02,2024-08-15,738977.0,739112.0,3.1534514295692815,0.1786868715019634,0.44243553902670957,0.14602288137223396
2024-08-22,739119.2018272924,0.034731943059237456,9.980188072801525,1.8395140765949225,-1.2540755617777881,0.04418365965109249,0.01588325453450883,0.041230061915495386,2024-04-09,2024-08-15,738984.0,739112.0,4.657867044803652,0.09877621373003641,0.44243553902670957,0.36704710953703756
2024-09-10,739138.9309287653,0.557113179873317,5.257616238543131,0.5792686083908744,-0.015627020235011797,0.0038318771912763303,0.0018166111490232465,-0.003373900819862407,2024-04-16,2024-08-15,738991.0,739112.0,1.4254222149252322,0.4321347013077589,0.44243553902670957,0.2658435402263419
2024-09-18,739146.1009203434,0.3015957379918058,13.08684221746418,0.6248409965422482,-0.0546097792963213,0.007056930298321378,0.006632822779626088,-0.0024095491714093576,2024-04-23,2024-08-15,738998.0,739112.0,3.058789006735704,0.17833842510829734,0.44243553902670957,0.19486769968657755
2024-09-02,739130.2699853987,0.731566796913956,13.123437180891019,0.45696602649580964,-0.0013782359185484732,-0.0006877912981324546,-0.0001778709079509215,-0.0006643935655102646,2024-04-30,2024-08-15,739005.0,739112.0,4.02111251434744,0.11170517072188235,0.44243553902670957,0.05077250994517134
2024-09-02,739130.8634868016,0.48743922804562556,14.0227396255706,0.45803643495989127,-0.003802939842439795,-0.0016755690449321383,-0.0015261761115261756,0.0006916054517871011,2024-05-07,2024-08-15,739012.0,739112.0,4.108158843053693,0.07889413778728298,0.44243553902670957,0.04612741732134825
2024-09-15,739143.9158155569,0.2595709922666701,6.663025105798446,0.47706842188620624,-0.014232320798131488,0.009949693940649505,0.002622428120907564,0.009597878946062548,2024-05-14,2024-08-15,739019.0,739112.0,1.4470293207011558,0.05572508121668004,0.44243553902670957,0.02193268228385354
2024-08-23,739120.0089491492,0.5621111573132883,2.4768859589509615,0.3729108686579721,0.009752294796260432,0.006131715826988736,0.0033198070379042532,0.005155271109653261,2024-05-21,2024-08-15,739026.0,739112.0,0.9708690404102616,0.3609449715809317,0.44243553902670957,0.02979255068987332
2024-08-26,739123.8741975588,0.5025748061225915,5.427350936518746,0.45535184210389695,-0.003183870715191266,0.004235211031694828,0.00404059849396502,0.0012690848252016828,2024-05-29,2024-08-15,739034.0,739112.0,1.748347653769802,0.06961345337161981,0.44243553902670957,0.022749877054333137
2024-08-31,739128.127821714,0.42393833366793443,14.031381822238801,0.4841750708029257,-0.01071410564058867,-0.0020337316805101855,-0.002014313170549385,-0.00028036939787014393,2024-06-05,2024-08-15,739041.0,739112.0,3.7669685850370045,0.15917120932075182,0.44243553902670957,0.036511602144092006
2024-09-12,739140.3254549678,0.5537784752820262,2.8944158181372877,0.091867867317254,0.0377711401153625,-0.011169386390576035,-0.008699594787593827,-0.0070051583046820175,2024-06-12,2024-08-15,739048.0,739112.0,0.5442976688871562,0.6470024531539149,0.44243553902670957,0.026121763350043323
2024-08-30,739127.9554906545,0.29926762829354986,4.725165316674421,0.4268443125293102,0.003823787479869294,-0.01085567106512537,-0.004442599224854187,-0.009904994013199862,2024-06-20,2024-08-15,739056.0,739112.0,1.132746371895677,0.022308984707586868,0.44243553902670957,0.016632372830661137
2024-08-19,739116.5093692902,0.5288722091448038,7.391045651189518,0.4335804570509116,0.0008382560469989646,0.0044854969076238635,0.004421036789011417,-0.0007577045720535575,2024-06-27,2024-08-15,739063.0,739112.0,2.909865745915399,0.013372450385930471,0.44243553902670957,0.027398708869123226
2024-09-23,739151.0992472809,0.6802664457759374,14.953865658762783,0.674919711335947,-0.012822420290284452,-0.0011760120081815788,-0.00043486322208490425,-0.0010926564974708224,2024-02-27,2024-08-16,738942.0,739113.0,4.052191201467506,0.49600245581223656,0.4441029008135784,0.43704348099191237
2024-10-13,739171.8101327334,0.84346009674207,14.054246824092385,0.6537894931324034,-0.004686624072696053,0.0006798851104955799,0.00012805286344351257,0.0006677171763834626,2024-03-05,2024-08-16,738949.0,739113.0,2.9794344204188947,0.4136962208882872,0.4441029008135784,0.3602729951846186
2024-09-14,739142.8603494016,0.6706891043835862,3.98289525888731,0.5980565383329388,-0.010617916870192534,0.003302675869382208,0.002456514667673123,-0.002207533371368671,2024-03-12,2024-08-16,738956.0,739113.0,1.1624602258371253,0.5413719288262873,0.4441029008135784,0.24634892305457717
2024-10-10,739168.7491682137,0.3434627639942685,7.935564755944935,0.8799766820355546,-0.09731162913559295,0.011676040125516048,0.004630496631135046,0.010718601306220314,2024-03-19,2024-08-16,738963.0,739113.0,1.6491990457923602,0.3607206336152111,0.4441029008135784,0.33346942112054234
2024-09-27,739155.2948708433,0.3233890374008597,13.23022330438802,0.8444723237787942,-0.10223394329898995,-0.011203700935586638,-0.0026365875758308462,0.010889045899849964,2024-03-26,2024-08-16,738970.0,739113.0,3.1106482032256815,0.22304460556994923,0.4441029008135784,0.3744968514188971
2024-10-07,739165.5285282492,0.8189242951852445,10.215435070374395,0.5725575608373711,-0.0036460979226648495,0.0014599283101120577,0.0014463676954264842,-0.00019852244279508835,2024-04-03,2024-08-16,738978.0,739113.0,2.0689988005350073,0.20020904122535813,0.4441029008135784,0.1381327926989095
2024-10-05,739163.9668073226,0.16596447406967266,11.722672399053712,1.1442683061390344,-0.34123980088111444,0.03159818405437924,0.023656040694374124,0.02094843608006434,2024-04-10,2024-08-16,738985.0,739113.0,2.3433939816294767,0.15289245740775007,0.4441029008135784,0.18794615769985878
2024-10-03,739161.5408161853,0.23336077916517445,13.310896133532427,0.776716172914227,-0.12503236266414236,-0.01429138319611199,-0.004969121529813858,0.01339968152159045,2024-04-17,2024-08-16,738992.0,739113.0,2.6495776245004743,0.15338000418651185,0.4441029008135784,0.24498746288301654
2024-08-16,739113.2914985955,0.17508281550263607,4.856751260807625,0.5614204744794872,-0.07748185375064733,-0.020917333515672525,-0.010679227840527336,0.017985798123407896,2024-04-24,2024-08-16,738999.0,739113.0,4.615804582202998,0.13353384116907635,0.4441029008135784,0.16762416678447803
2024-09-03,739131.0170674563,0.8830006641618984,3.855484213781639,0.4465370198410609,-0.0003544132030838591,0.00027955350197772153,0.00013795532664002556,0.0002431429380419094,2024-05-01,2024-08-16,739006.0,739113.0,1.188660962068455,0.2903534938993675,0.4441029008135784,0.055707490017874076
2024-09-30,739158.6781027754,0.17556760752983383,11.822985250754082,0.5629812170904945,-0.06064664270259068,0.01027531558887061,0.00976199340244146,0.0032071163467477745,2024-05-08,2024-08-16,739013.0,739113.0,2.1823431369663577,0.08764534157005323,0.4441029008135784,0.03507692642480261
2024-08-17,739114.6149846803,0.3499170320945498,12.008067364288536,0.4493998673053083,-0.005187653918457604,-0.003449296934265886,-0.002932659114413008,-0.0018158083212129945,2024-05-15,2024-08-16,739020.0,739113.0,7.7792903531228506,0.04382605502018808,0.4441029008135784,0.043210390374143974
2024-09-27,739155.7873479165,0.4829299861843034,11.6953160540164,0.5137486178679371,-0.010302761572644054,0.0028279258521233495,0.0016039059085452478,-0.002329087903373597,2024-05-22,2024-08-16,739027.0,739113.0,2.051078162428763,0.15043810050686907,0.4441029008135784,0.03121435345410614
2024-09-16,739144.9353736992,0.7437914558460644,7.277608828779992,0.4581592069188968,-0.0010018394348205342,-0.0012427135564129297,-0.0008072655100262185,-0.0009448065302561055,2024-05-30,2024-08-16,739035.0,739113.0,1.431825156091961,0.08239285715232979,0.4441029008135784,0.0221625457798458
2024-08-20,739117.6532452157,0.24745833586655147,4.476084275137751,0.42502740555727786,0.005212095613280016,-0.014719256944504834,-0.008108139910331455,0.012284730041512672,2024-06-06,2024-08-16,739042.0,739113.0,1.9865701392861572,0.019576286878255886,0.4441029008135784,0.01906254680744235
2024-09-11,739139.4109663203,0.18427757468899889,5.5645193991620605,0.43579883696411786,0.0005170979621624924,-0.01348120425191696,-0.01092469280270116,0.007898984444124029,2024-06-13,2024-08-16,739049.0,739113.0,1.089832743799349,0.0012702493009101744,0.4441029008135784,0.021388804436442237
2024-09-11,739139.1899638871,0.7567101665413951,3.9291644789422833,0.4055613147217605,0.0011307659081927753,-0.0018512796956159,-0.0010897747198927886,0.0014965385298355313,2024-06-21,2024-08-16,739057.0,739113.0,0.7151812227318042,0.11763323159601208,0.4441029008135784,0.023739229886000985
2024-08-31,739128.5290777404,0.9820318393394369,2.870993598474259,0.5104359819368217,-0.0033850151697815845,-0.0022141110429683064,-0.0004734785254301607,-0.002162892923043275,2024-06-28,2024-08-16,739064.0,739113.0,0.6508558850687328,0.5229432550620187,0.4441029008135784,0.014793988951909063
2024-08-19,739116.5398677783,0.518769777768065,7.303952955867799,0.5534447521766337,-0.020106236858360223,0.007880424047413011,0.0005555278886394504,0.007860818782543529,2024-02-28,2024-08-19,738943.0,739116.0,6.710694959442378,0.18121657031575736,0.45816434010901536,0.31830382875796703
2024-10-26,739184.8312888008,0.6554946499677495,11.672978281751263,0.7062340240610294,-0.012871295921343536,-0.0028623507842019404,-0.002436781981609729,0.0015017142157959435,2024-03-06,2024-08-19,738950.0,739116.0,2.279923688312879,0.25251483243171,0.45816434010901536,0.19920010936024352
2024-10-16,739174.6144110104,0.7847768096529073,7.315436940105317,0.623392867150009,-0.005354078473513545,-0.001365221454599985,-0.000327966105388685,-0.001325242564142986,2024-03-13,2024-08-19,738957.0,739116.0,1.5272479093209728,0.4207145361870192,0.45816434010901536,0.253492897079427
2024-10-01,739159.5642542153,0.7879690066087428,2.6041423421605536,0.7675940587627109,-0.011880461176111475,0.0040535772119661235,0.004047447681013401,0.00022283510232971754,2024-03-20,2024-08-19,738964.0,739116.0,0.622377895280415,0.8868277334366856,0.45816434010901536,0.21314478314326354
2024-10-02,739160.2337518076,0.08297120807407278,7.247654143021982,2.084914879113176,-1.1572114072216841,-0.03500013492165188,-0.03317867849150503,-0.011143820623609177,2024-03-27,2024-08-19,738971.0,739116.0,1.676606364693033,0.37850615003527804,0.45816434010901536,0.39221396110035517
2024-10-19,739177.9561068136,0.6523230354925943,12.845423099741073,0.63680342294553,-0.010125024460814822,0.0030761052414108397,0.0005088115262558959,0.0030337327316334877,2024-04-04,2024-08-19,738979.0,739116.0,2.3851304007227596,0.1671510822629064,0.45816434010901536,0.14841753672465527
2024-10-16,739174.2566983523,0.48025126044877553,4.173653337225444,1.1116332785739171,-0.07635680256522134,-0.01241821885920646,-0.0023443802099449807,0.01219491865763645,2024-04-11,2024-08-19,738986.0,739116.0,0.7791391567736108,0.7075230026565146,0.45816434010901536,0.20416164858393235
2024-09-26,739154.1685655756,0.7697802519844354,5.724095265629684,0.5540388684273354,-0.004477350683019531,-0.0012361968356027295,-0.00029500176010117685,0.001200481810729096,2024-04-18,2024-08-19,738993.0,739116.0,1.3122655027052015,0.4870722600386311,0.45816434010901536,0.22788086848653152
2024-09-17,739145.9570847232,0.12635769239397002,9.203243189249037,0.8272435348662355,-0.23455540813075235,0.024312764812930304,0.020380850757180068,-0.013256374137086455,2024-04-25,2024-08-19,739000.0,739116.0,2.319486931728183,0.13245607747576063,0.45816434010901536,0.09731006257672606
2024-08-21,739118.4065837371,0.9206077286382202,4.64662430132216,0.46026350460785925,-0.0009818915818686758,-0.0005804355254312426,-0.00036919943246622035,0.00044788076342846357,2024-05-02,2024-08-19,739007.0,739116.0,2.836093815872482,0.33515569882677715,0.45816434010901536,0.04118221588827425
2024-10-01,739159.7720485252,0.9335804982018108,12.185448122649188,0.4556672592157842,-0.0003846363755467143,-0.0002753851183422741,-0.00019738353337082825,0.00019203308089606704,2024-05-09,2024-08-19,739014.0,739116.0,2.333161613158201,0.10700896216745785,0.45816434010901536,0.0394828968659369
2024-09-27,739155.5203301348,0.6660245179230976,13.461766662617482,0.45386687437573453,-0.001165894298931016,0.00029235769065889784,0.0002484095471462985,0.00015416133164310275,2024-05-16,2024-08-19,739021.0,739116.0,2.6243567110220565,0.1973026027199411,0.45816434010901536,0.047980468614599786
2024-09-24,739152.5780799866,0.3662092843553482,7.821942069410039,0.48712456125310244,-0.010636243492358102,0.006033836705501587,0.0037727259340395963,0.004708898429068447,2024-05-23,2024-08-19,739028.0,739116.0,1.5256053398392972,0.0825295493648099,0.45816434010901536,0.02255621928877315
2024-08-19,739116.9401054032,0.5690126500585798,6.079468613296845,0.4665925221694962,-0.005039099081062122,0.0019236308347516985,0.00034037488877196884,0.0018932777195913412,2024-05-31,2024-08-19,739036.0,739116.0,4.3110150724903695,0.24518137071086923,0.45816434010901536,0.033402704072338356
2024-08-21,739118.2378979318,0.29477521547899427,4.528615425402406,0.42701404037340207,0.004188662636425053,-0.012765771612002494,-0.00927401222294525,0.008772549352296105,2024-06-07,2024-08-19,739043.0,739116.0,2.5335267237842527,0.02135766825587076,0.45816434010901536,0.017941834223903684
2024-08-23,739120.1596089833,0.996402011756149,4.848873338021226,0.4269755800409686,0.0005696828799470427,-0.0011663784140726952,-0.0010457870909903356,-0.0005164958519995173,2024-06-14,2024-08-19,739050.0,739116.0,2.180386516688001,0.10036619288441648,0.45816434010901536,0.012999792747040403
2024-08-26,739123.7083545703,0.7996036160876487,7.954342307418901,0.443197992405214,-0.00013560449682141558,-0.0019394409975387634,-0.0019348417081019348,-0.00013348763060052013,2024-06-24,2024-08-19,739060.0,739116.0,2.6737486330009963,0.007028586478305372,0.45816434010901536,0.019025235219039458
2024-09-04,739132.9180572163,0.6899143988383664,10.903147048743387,0.43874571439569016,0.0002787290537780876,-0.002250177743809569,-0.001968963121912063,-0.001089258510770618,2024-07-01,2024-08-19,739067.0,739116.0,2.3600476560815546,0.007838063096612408,0.45816434010901536,0.022206941199291577
2024-10-26,739184.1489526795,0.617237660712055,10.716034222706549,0.7049715634502082,-0.015666604737629264,-0.0033659205702717436,-0.0024940406472572334,-0.002260350091292758,2024-02-29,2024-08-20,738944.0,739117.0,2.173409682822448,0.26809539114326564,0.4449355403287941,0.22953879131516397
2024-09-20,739148.6827647078,0.3897567513254313,11.304944950463899,0.796148765768261,-0.07047371726699167,-0.008518410052626765,-0.00198930787812531,-0.008282871723666936,2024-03-07,2024-08-20,738951.0,739117.0,3.294207909634671,0.28522910070027374,0.4449355403287941,0.43232469851764566
2024-10-20,739178.2426927881,0.7632665141508417,6.343897627844518,0.6521045656986102,-0.006564445908440783,0.0015724536605813753,0.0014975289854014487,-0.0004796013475359246,2024-03-14,2024-08-20,738958.0,739117.0,1.2922526529555147,0.502273495687789,0.4449355403287941,0.23461213715759588
2024-09-13,739141.6357422579,0.14996869204518617,7.905104338115979,1.13733536369625,-0.3855022948886886,0.04146824149730264,0.03540660420762858,-0.021586742027525845,2024-03-21,2024-08-20,738965.0,739117.0,2.47839205125862,0.17636172823127189,0.4449355403287941,0.2427190278546831
2024-10-18,739176.4887802108,0.052557071202516084,5.579951851981459,4.82399466347407,-3.451343050731551,-0.060374790381403746,-0.029431340591216566,0.05271538204928662,2024-03-28,2024-08-20,738972.0,739117.0,1.0965311141534706,0.5384348937550596,0.4449355403287941,0.2656654596949045
2024-08-25,739122.4377883252,0.2928908079410422,9.279842269811558,0.6063886931884251,-0.06231203156481295,-0.017079663249804797,-0.002698371807405024,-0.016865161911933553,2024-04-05,2024-08-20,738980.0,739117.0,4.8229725622235655,0.11514835939461028,0.4449355403287941,0.3175046253626615
2024-08-21,739118.7341975454,0.010661942669567772,2.8982102498673434,3.6887155150223996,-3.152520654561283,0.03938137031324477,0.011729885716359101,-0.037593910528569266,2024-04-12,2024-08-20,738987.0,739117.0,1.99738659850312,0.2944920476610325,0.4449355403287941,0.3775602346799792
2024-08-20,739117.0995637422,0.6379168409825949,8.088037567583353,0.47872663289397843,-0.005087477537722356,-0.003405656787220683,-0.0006223312874647366,-0.0033483132949269838,2024-04-19,2024-08-20,738994.0,739117.0,9.165164794704527,0.11782095368881774,0.4449355403287941,0.17834532896364685
2024-10-03,739161.0081854459,0.9373472961655169,10.908613229373973,0.486199460099258,-0.0008711242655308767,-0.0004983050609515229,-0.0004677684468241768,0.00017175742757039126,2024-04-26,2024-08-20,739001.0,739117.0,2.2411205970956174,0.15021586412064297,0.4449355403287941,0.05707744651440081
2024-09-02,739130.7290656645,0.7640551105824602,3.829425125365896,0.44205118985528347,-0.00025120541000825234,0.0007431107971658056,0.00043584101315271467,0.0006018772865945468,2024-05-03,2024-08-20,739008.0,739117.0,1.335026363875522,0.06744760287874231,0.4449355403287941,0.04882673068803617
2024-09-21,739149.4108656275,0.35753241085119,6.798198820194313,0.47440139105062534,-0.008411052776592492,-0.005587719029747347,-0.004144395623001826,0.003747877916293958,2024-05-10,2024-08-20,739015.0,739117.0,1.5389979477345581,0.07916575417910071,0.4449355403287941,0.027521018731942383
2024-09-01,739129.7495822856,0.4060471702664904,8.547870704586742,0.4726844938554782,-0.00852632737333546,0.00295303024478598,0.0018166204719927133,0.0023281489830673887,2024-05-17,2024-08-20,739022.0,739117.0,2.903593720763267,0.13715531833583386,0.4449355403287941,0.04233587612235465
2024-09-19,739147.1312711783,0.014831805924666822,6.187728448613812,1.1440862949238,-0.6653111514167024,0.02357363184513282,0.02207923152368296,-0.008259761116004804,2024-05-24,2024-08-20,739029.0,739117.0,1.3454765323078073,0.06764895524933658,0.4449355403287941,0.02781054803066945
2024-08-26,739123.5571281901,0.9314001057233403,10.07855828377919,0.45816089595093556,-0.0008766633464133958,0.0003225250228460308,0.00015941553092337023,-0.00028037310652459643,2024-06-03,2024-08-20,739039.0,739117.0,4.1013608391566,0.2511928685690676,0.4449355403287941,0.03579722248828063
2024-09-09,739137.5939332228,0.446086357909517,6.554150546970802,0.44741702585430715,-0.001345246103601162,0.005693153095316958,0.005691283975654845,0.00014587280476988874,2024-06-10,2024-08-20,739046.0,739117.0,1.5567275840864154,0.01608242035690216,0.4449355403287941,0.017202985895997423
2024-09-18,739146.1876756409,0.8137678012057381,14.287426320760106,0.482611732374854,-0.0017918753513464245,-0.0005679381218105023,-0.0000532787740185477,0.0005654335349488226,2024-06-17,2024-08-20,739053.0,739117.0,2.639716706159166,0.179702149802253,0.4449355403287941,0.03070283258143792
2024-08-30,739127.6854108539,0.24895798217053816,13.123294623641199,0.48435335479667413,-0.02020180734208717,0.004929903277327023,0.0045981727996092635,-0.001777850732973166,2024-06-25,2024-08-20,739061.0,739117.0,3.8245179249457184,0.07773829347228511,0.4449355403287941,0.035099887378202126
2024-09-08,739136.5893020618,0.11417860755668843,13.321277608941351,0.46419915475559914,-0.01538343188698451,0.010792171543491755,0.0010339282397185772,0.010742530382515362,2024-07-02,2024-08-20,739068.0,739117.0,2.656868739176729,0.012217525566509242,0.4449355403287941,0.029955655151697503
2024-10-18,739176.0360242698,0.4523186397878328,5.05194463346229,0.8196728343827817,-0.049710352320766864,0.007449618043843289,0.005789589231540853,-0.0046880129617122126,2024-03-01,2024-08-21,738945.0,739118.0,1.1107917853177556,0.5974461101157272,0.4610349592629752,0.26734331048282195
2024-10-10,739168.2224142241,0.41618335647732996,11.893103516275495,0.8299467427543679,-0.06197128091190285,-0.009273122099509132,-0.007208666972915052,0.005833173574136843,2024-03-08,2024-08-21,738952.0,739118.0,2.763264253003078,0.23385895470066495,0.4610349592629752,0.3044323841577344
2024-09-29,739157.6659685476,0.1008292704621381,2.051727104255935,5.750426574105276,-3.4641211915860315,-0.193765470897155,-0.12688093190315458,-0.14644550806147413,2024-03-15,2024-08-21,738959.0,739118.0,0.5261028463233157,0.8785848666254135,0.4610349592629752,0.2286016209376513
2024-10-27,739185.7115828675,0.43719237065791006,12.254510415343313,0.8255220002962153,-0.051180315507287986,0.008760213222879535,0.00611249546413604,-0.006275247796798927,2024-03-22,2024-08-21,738966.0,739118.0,2.2956946585012576,0.20843223772683542,0.4610349592629752,0.19105941614548738
2024-10-17,739175.4752185332,0.17858717896037216,13.520758836248712,1.2178253426855379,-0.35093462023120187,-0.027745963974820834,-0.0032152836183159564,-0.027559036052551694,2024-04-01,2024-08-21,738976.0,739118.0,2.6776814638988617,0.167061203825846,0.4610349592629752,0.28312953412366165
2024-09-27,739155.2508796534,0.45734767562211964,3.4117755945410217,0.9207238711897158,-0.06961366995346328,-0.01398080864391956,-0.012579197644752902,-0.006101376644015591,2024-04-08,2024-08-21,738983.0,739118.0,0.8314845719427247,0.6674646294043677,0.4610349592629752,0.2203804553576355
2024-08-28,739125.3683842274,0.3004578441616595,13.64158503241919,0.5928987273312516,-0.053334558137394884,0.015655536080593637,0.014294651750159662,0.006384257303118859,2024-04-15,2024-08-21,738990.0,739118.0,6.3197156715155,0.0750342369371893,0.4610349592629752,0.2364071456037251
2024-09-02,739130.6982152906,0.15004714706727842,10.569855655700353,0.7085133095967494,-0.1569779730396364,0.016521391639938647,0.000049361074673312256,-0.016521317901564615,2024-04-22,2024-08-21,738997.0,739118.0,3.960212261462476,0.1348809998191899,0.4610349592629752,0.2233917890446491
2024-08-25,739122.5704033701,0.5067377148298534,14.555928928955762,0.456025965398962,-0.0036037843309214713,-0.0024028552403197903,-0.0022735152560768523,-0.000777715684757664,2024-04-29,2024-08-21,739004.0,739118.0,7.542786956229171,0.05221249987851656,0.4610349592629752,0.045296148707047436
2024-09-21,739149.949142666,0.04655082664288624,11.021599065338618,0.8129096060539693,-0.3131653122014294,-0.016349611247691416,-0.0018185598751412181,0.016248157678061956,2024-05-06,2024-08-21,739011.0,739118.0,2.5785231627867957,0.08090009090576966,0.4610349592629752,0.041112736982432355
2024-08-26,739123.6525120524,0.1309855519677783,6.914409599308467,0.5198766559776932,-0.05488870205927184,0.012221514242786955,0.011733485185396247,-0.0034191717989494426,2024-05-13,2024-08-21,739018.0,739118.0,3.2222151367988285,0.08507975578513985,0.4610349592629752,0.03717283555713632
2024-09-08,739136.6064948761,0.13676265224584186,3.273114174042274,0.3306938878467544,0.06196829176669582,0.013550070483838581,0.0054799454710101995,-0.012392522251412274,2024-05-20,2024-08-21,739025.0,739118.0,0.9332338267990653,0.19108840254781684,0.4610349592629752,0.042503269093739755
2024-09-30,739158.32869249,0.24868794149173762,12.11101086506875,0.6142300195403608,-0.06312663978494928,0.00789764663117264,0.004424374364543307,0.006541997691320636,2024-05-28,2024-08-21,739033.0,739118.0,2.1855781121423785,0.16413050598248344,0.4610349592629752,0.025732389962634026
2024-09-03,739131.0263126473,0.429309999667587,6.810091966790874,0.47677538498441424,-0.008350488445456272,0.004934456778601643,0.004787667725305848,0.0011946135157248246,2024-06-04,2024-08-21,739040.0,739118.0,2.1072155675576947,0.10668185474517775,0.4610349592629752,0.02393306533570599
2024-09-08,739136.1934631154,0.9303896281486501,10.200612685129153,0.4727870270564767,-0.0010463573690785207,-0.0004612522457813997,-0.000031221964261392546,0.00046019433197948587,2024-06-11,2024-08-21,739047.0,739118.0,2.5809165626711335,0.20690936410643143,0.4610349592629752,0.028318310714524456
2024-08-25,739122.7762439741,0.5195348107702936,8.587272926059331,0.46650175761082463,-0.004912699660739651,0.0032868999658449967,0.0023576979667543994,-0.002290190315898225,2024-06-18,2024-08-21,739054.0,739118.0,3.645286113487339,0.09042595694431631,0.4610349592629752,0.028481270932311054
2024-09-03,739131.0340703366,0.6418029071747845,13.878502622523731,0.46522219250068436,-0.002713477995595813,-0.001211656799408216,-0.001181730922352239,-0.0002676270291070917,2024-06-26,2024-08-21,739062.0,739118.0,3.6821972803467933,0.10356326850651197,0.4610349592629752,0.033946981320999034
2024-09-11,739139.6250030894,0.12248867841355707,9.192840569438953,0.30182740360127963,0.08822317954340697,-0.023956423194927218,-0.010375471370961741,-0.021593049949574047,2024-07-03,2024-08-21,739069.0,739118.0,1.7316121017593185,0.049068970900810714,0.4610349592629752,0.008985241792591752
2024-09-24,739152.7311353113,0.2902578557278222,2.136406616169061,1.3004710290448742,-0.2665675402657448,-0.04137729991156623,-0.029371679126023544,-0.02914421749317713,2024-03-04,2024-08-22,738948.0,739119.0,0.6131494104301866,0.8752763333043815,0.4833075948720984,0.28679434407612114
2024-09-29,739157.5146937994,0.3249541256183271,13.804410230378059,0.9338928270444349,-0.12292415182917689,0.008621511026651303,0.005382379497146073,-0.006735016208694049,2024-03-11,2024-08-22,738955.0,739119.0,3.646587044516672,0.33562788070911354,0.4833075948720984,0.4973140097320516
2024-09-03,739131.1550390417,0.25216456499586376,6.963029606155189,0.7366106409317005,-0.11897713312986317,0.028206084191315192,0.024016904960203134,0.01479092497243262,2024-03-18,2024-08-22,738962.0,739119.0,2.917971770311748,0.1527588985702078,0.4833075948720984,0.24746087851773987
2024-10-19,739177.2919678031,0.5279158104028162,11.173568101128668,0.7163292184251138,-0.025368328647589075,0.005722038200538906,0.004453179328837526,-0.0035931761762597572,2024-03-25,2024-08-22,738969.0,739119.0,2.264659633517262,0.20946616955887756,0.4833075948720984,0.17862839201976266
2024-09-25,739153.7023911895,0.37564653399868286,12.911910990400388,0.7299651390794553,-0.059884686852565504,0.009405663714804509,0.009327869591478279,-0.001207211166434857,2024-04-02,2024-08-22,738977.0,739119.0,3.344828821933099,0.18523165125299285,0.4833075948720984,0.33446846571560623
2024-10-21,739179.7092587297,0.18838633824718004,8.690316219938019,1.1544367779696583,-0.307862017495615,0.017189177446881334,0.010985990236013557,-0.013220281382579899,2024-04-09,2024-08-22,738984.0,739119.0,1.6189734673238434,0.3882530187282198,0.4833075948720984,0.3340285196813291
2024-09-13,739141.7628347703,0.29537979676586074,4.223136472727253,0.6921319059700954,-0.07965501902673447,0.012009979056742158,0.011994431931853325,-0.0006109006265527921,2024-04-16,2024-08-22,738991.0,739119.0,1.2707204986564247,0.4638916623304828,0.4833075948720984,0.28252079122617924
2024-08-28,739125.0242128605,0.6831570088414992,11.041605568236063,0.4836287556254607,-0.0038762480319567564,0.0021574018821630503,0.0020350196707983,0.0007162945069066561,2024-04-23,2024-08-22,738998.0,739119.0,5.357368366647722,0.11116518746963079,0.4833075948720984,0.15877612079234196
2024-09-11,739139.5316750355,0.4530139303682822,3.8463581422544824,0.4703323879734298,-0.005598696555438627,-0.000980591816775303,-0.00019943916554259026,0.0009600960006032546,2024-04-30,2024-08-22,739005.0,739119.0,1.1507702488274245,0.6724507808323363,0.4833075948720984,0.06043722339875434
2024-08-30,739127.7589771169,0.3400152658283802,14.33940134749541,0.47738309727458295,-0.011856733520689538,-0.0038038340564069996,-0.003208556659591129,-0.0020431147033084423,2024-05-07,2024-08-22,739012.0,739119.0,5.8913075143924765,0.07391130877636212,0.4833075948720984,0.0454384341676073
2024-09-15,739143.5603039411,0.673999549643919,10.076794480710968,0.46724531970316835,-0.002079315367744432,-0.0010319168073614042,-0.0010306210025501318,-0.000051697644216296075,2024-05-14,2024-08-22,739019.0,739119.0,2.6039774573687744,0.1347760992036035,0.4833075948720984,0.04162256624606997
2024-10-04,739162.8362619292,0.029510587733508915,7.131312091910773,0.9375716793609219,-0.43967114986640654,0.017945980314397748,0.005635920473286224,-0.017038034213592384,2024-05-21,2024-08-22,739026.0,739119.0,1.2919786628060264,0.1013839477528818,0.4833075948720984,0.03728356924763266
2024-09-07,739135.5228868376,0.7410092706994108,10.953939189092967,0.47448094854187217,-0.002273712772612238,0.0006585170240937351,0.00004907733250105857,-0.0006566856831512701,2024-05-29,2024-08-22,739034.0,739119.0,3.165160539991571,0.23357260821964712,0.4833075948720984,0.03724395165751035
2024-09-12,739140.3122783225,0.900838274277939,7.435240623252168,0.45759210917244986,-0.0005315077895979518,-0.0007152713361191132,-0.0004559682903142655,-0.000551095275339489,2024-06-05,2024-08-22,739041.0,739119.0,1.8211670695843174,0.09003069740801048,0.4833075948720984,0.022360765271054746
2024-09-06,739134.8326913527,0.31876543009779895,9.39383517209167,0.521414940624544,-0.02535490427041645,-0.006456274598048122,-0.0013528082032511347,-0.006312954272812205,2024-06-12,2024-08-22,739048.0,739119.0,2.5444780815815737,0.13326259390198686,0.4833075948720984,0.026541557536688496
2024-09-18,739146.3379012176,0.4044203410976933,14.125273654486813,0.5245398683687003,-0.017290711910096682,0.0034204470260590625,0.0016021439256701288,0.0030220179846444646,2024-06-20,2024-08-22,739056.0,739119.0,2.687124308214585,0.14473252102781492,0.4833075948720984,0.03155778129945992
2024-08-25,739122.8394388369,0.027530815414951844,5.240921507381566,0.8065554225043919,-0.33448637423998423,0.030963250599282798,0.021790287092168074,-0.021997869808571918,2024-06-27,2024-08-22,739063.0,739119.0,2.290772123599763,0.056747051672320185,0.4833075948720984,0.015727674536279587
2024-08-26,739123.0971578365,0.04459036901975955,9.354300991444282,0.49649723260829964,-0.043430344629595295,0.017582356423566068,0.005274750078387911,0.016772485475201993,2024-07-05,2024-08-22,739071.0,739119.0,3.7857031470863522,0.011774593492030793,0.4833075948720984,0.025765999689037717
2024-09-09,739137.7428575,0.9028713067878777,3.365022599083056,0.5109274451002944,-0.002273519048849423,-0.0010638028736079956,-0.00066425792870233,0.0008309259642427353,2024-03-05,2024-08-23,738949.0,739120.0,1.2662793593231554,0.5734232585600574,0.55775877718821,0.2673548178038332
2024-08-31,739128.7035091633,0.40602854397787713,7.290705372751883,0.6181472686434887,-0.04064927156181065,-0.013991071398679757,-0.005823858329952391,0.012721350283503673,2024-03-12,2024-08-23,738956.0,739120.0,3.466957130934784,0.1618038354707451,0.55775877718821,0.23693699566032328
2024-09-28,739156.5578745208,0.48521283409626126,12.509255433148716,0.7203206499906946,-0.035163030365772605,-0.005488677354683171,-0.00029036968909960063,-0.005480991201184687,2024-03-19,2024-08-23,738963.0,739120.0,3.3182095123195747,0.24849600585237253,0.55775877718821,0.3795445987187393
2024-09-28,739156.3513609887,0.9896578783704468,12.25483635364938,0.5403312405891356,-0.0014255255772163014,-0.000583891050922955,-0.0005837357596712348,0.000013465594266839201,2024-03-26,2024-08-23,738970.0,739120.0,3.1877672799589876,0.19716088776239993,0.55775877718821,0.22735071322373476
2024-10-28,739186.544022118,0.05889187596793245,9.293170871354013,3.188230642165332,-2.102130266047951,-0.03435832605996615,-0.029912351914854342,0.016904016462511468,2024-04-03,2024-08-23,738978.0,739120.0,1.6895034221748895,0.38772079501543727,0.55775877718821,0.3734084552089689
2024-08-23,739120.4579691391,0.34290919917500534,14.709936688425689,0.5603812631982638,-0.03928157320688708,0.012131520406470888,0.003892240281849802,-0.011490180719247426,2024-04-10,2024-08-23,738985.0,739120.0,13.320293860518758,0.07548175202998493,0.55775877718821,0.32267587810793413
2024-09-23,739151.9264482415,0.7929620896022644,7.976727046332263,0.5592943351393063,-0.004289545835651167,0.001639344109634388,0.0014329140407978692,0.0007963708065199821,2024-04-17,2024-08-23,738992.0,739120.0,2.0455762666123833,0.2601170869994643,0.55775877718821,0.1743924019780797
2024-09-09,739137.1245516634,0.3013086857118817,8.366001029180627,0.5894920281288384,-0.04757332640893829,0.011977269407975583,0.006668012885200367,0.009949501828434914,2024-04-24,2024-08-23,738999.0,739120.0,2.779676147885183,0.1430538130143248,0.55775877718821,0.1401824110844866
2024-09-12,739140.0658244035,0.1540821790320777,8.800103067263366,0.6301648015196092,-0.10527766277746521,-0.013778858688667113,-0.013729582392496087,-0.0011642654722693797,2024-05-01,2024-08-23,739006.0,739120.0,2.6601393603535657,0.1337789064512415,0.55775877718821,0.04645288282362442
2024-08-27,739124.5594524626,0.6053817060035457,4.126335126855603,0.46063257013123154,-0.002038899782173662,0.002329793882758166,0.0002717361904279039,0.002313892603157956,2024-05-08,2024-08-23,739013.0,739120.0,2.0997882552204703,0.12839354047220583,0.55775877718821,0.04383426301282034
2024-09-10,739138.2626450083,0.6932512065956628,9.87897859326808,0.4739811091298586,-0.002279950213307288,-0.0007607521781488843,-0.0001815583256829981,0.0007387695519804927,2024-05-15,2024-08-23,739020.0,739120.0,2.937113489292426,0.21031039972213975,0.55775877718821,0.057365677597636965
2024-09-28,739156.0617679001,0.22811614736660718,5.583703748908995,0.5358698576940017,-0.03674838811491316,-0.004294387250794,-0.0036742782633238983,-0.002222935244996481,2024-05-22,2024-08-23,739027.0,739120.0,1.1331108421511895,0.34959945727198477,0.55775877718821,0.055520455385260764
2024-09-29,739157.0234526234,0.4101768268884399,2.7560305723943177,0.6496810403896861,-0.03781709786595275,0.003438659139784361,0.00292751685668461,0.0018038907210388272,2024-05-30,2024-08-23,739035.0,739120.0,0.5231442224675152,1.6367643589004632,0.55775877718821,0.05003199452795791
2024-09-03,739131.893974015,0.7604224321609601,7.622135637177975,0.4845947137186624,-0.002609073113280157,-0.001022690893610831,-0.0010033012702338666,-0.00019819996221399704,2024-06-06,2024-08-23,739042.0,739120.0,2.4536160144372197,0.2545189410040949,0.55775877718821,0.037948475843353105
2024-08-27,739124.4301921382,0.18862369988274003,5.197416270931079,0.519858317384448,-0.03956729738297367,0.014869849737124283,0.011255557647338325,-0.009717245147267762,2024-06-13,2024-08-23,739049.0,739120.0,2.3449017144452275,0.09656918470644311,0.55775877718821,0.02919364185094578
2024-08-24,739121.744524443,0.27507654650553254,6.747153765687676,0.4874641881278173,-0.017821505807110134,-0.012587200600695628,-0.002337047001199438,-0.01236833983509255,2024-06-21,2024-08-23,739057.0,739120.0,3.8808328580789366,0.057722907513809554,0.55775877718821,0.02792810420439133
2024-09-17,739145.9259015248,0.6139426507624802,11.124302057101906,0.47881629670164827,-0.0029725623078755026,0.0028045456680064447,0.0022059528851440377,0.0017318337889238712,2024-06-28,2024-08-23,739064.0,739120.0,2.03707471679463,0.05849563807338774,0.55775877718821,0.02874791460937105
2024-08-28,739125.3418531544,0.9465244746485155,9.412481918833375,0.4535257246527858,-0.00008484313787258992,-0.00090637580988936,-0.0005509645465590962,0.0007196910289752978,2024-07-08,2024-08-23,739074.0,739120.0,3.3899719611339525,0.009413174492242328,0.55775877718821,0.031400249944142734
2024-10-14,739172.2854669563,0.4607014984813632,12.28624700041545,0.8084885113016834,-0.04705756998617566,0.007067431808871801,0.0006879681013576255,-0.007033867518269542,2024-03-06,2024-08-23,738950.0,739120.0,2.8299654155879868,0.24967108740945615,0.55775877718821,0.30729248576489154
2024-10-22,739180.8930070284,0.16775231376644476,14.811135114698263,1.6557281268671666,-0.5667589135724954,0.019031635491523688,0.01738979970136934,-0.007732917678889316,2024-03-13,2024-08-23,738957.0,739120.0,3.0692772512702167,0.33728919055375345,0.55775877718821,0.4821213730646406
2024-08-30,739127.0803706326,0.8721904822283484,6.404354897934478,0.5020141702624072,-0.0024581022301284274,-0.0015559649657084463,-0.001129052719675811,-0.0010706385621229702,2024-03-20,2024-08-23,738964.0,739120.0,3.197411519675808,0.2151473887598673,0.55775877718821,0.14875710821473695
2024-09-22,739150.8424026071,0.7896827641078588,10.114095650937648,0.5459803387262989,-0.003952456443149228,-0.00189833535198222,-0.0004254349773881737,-0.001850049239506934,2024-03-27,2024-08-23,738971.0,739120.0,2.8382223735482732,0.1625622717045342,0.55775877718821,0.16555509401783358
2024-09-15,739143.5974526571,0.2958034274659667,9.200719609333838,0.713198580261821,-0.08458634656450181,0.018890494248723792,0.015025868917536192,-0.011448756973317514,2024-04-04,2024-08-23,738979.0,739120.0,2.8442813758301253,0.14395884464259193,0.55775877718821,0.2244474118164611
2024-09-18,739146.7153270226,0.3941962452549631,11.35761552755724,0.6560852806838376,-0.04287075165639221,-0.008618246043282153,-0.006633052932643063,-0.0055024334303382305,2024-04-11,2024-08-23,738986.0,739120.0,3.2435894352731425,0.17265037645956935,0.55775877718821,0.27158919784634644
2024-10-23,739181.4980029635,0.7503502300666154,4.46265779242816,0.8406553222502039,-0.012716710236341734,-0.002957279958106407,-0.002835546139745462,-0.0008397516537598715,2024-04-18,2024-08-23,738993.0,739120.0,0.7955432779760424,0.7230240944664738,0.55775877718821,0.19470959587012573
2024-10-14,739172.6342055581,0.4386117394054222,3.2305585383332502,1.1027199124787215,-0.0920445198263724,-0.014397831917261997,-0.012579626424511018,-0.007003610707161875,2024-04-25,2024-08-23,739000.0,739120.0,0.6107229783689029,0.867967519560273,0.55775877718821,0.14967222800938082
2024-09-19,739147.0268276281,0.8664805376736797,6.458618469303555,0.48903923185381415,-0.001294414878217775,0.0004040801095783687,0.0003904783282065904,0.00010395869447935903,2024-05-02,2024-08-23,739007.0,739120.0,1.690934289827771,0.42975922223466545,0.55775877718821,0.06736512533922609
2024-10-10,739168.041028698,0.523895758303664,9.144058326310542,0.5303556714489609,-0.008555534103048488,-0.002345232808672683,-0.0012436971665940198,0.0019882993448373833,2024-05-09,2024-08-23,739014.0,739120.0,1.6956882829592426,0.2090099976020452,0.55775877718821,0.05115812736208584
2024-09-25,739153.7749869843,0.08629228800721257,2.7660289084604655,0.6938405298039609,-0.16886191771636092,-0.015715933360340845,-0.01382741213884996,0.007469486925422592,2024-05-16,2024-08-23,739021.0,739120.0,0.6026425485731991,0.33520215967070777,0.55775877718821,0.06524096948186188
2024-09-01,739129.6260442045,0.15439267481528487,8.302570176663604,0.6464093063355472,-0.11851082736002612,0.012036129115700057,0.01087880033898532,-0.005149767691293999,2024-05-23,2024-08-23,739028.0,739120.0,3.114300245638347,0.18309872847199204,0.55775877718821,0.047910060859067315
2024-09-04,739132.6341915403,0.6852677455170794,13.058885439093086,0.4943900401461687,-0.004064722136750543,0.0005699014855638878,0.00045741459157149037,0.0003399405751972142,2024-05-31,2024-08-23,739036.0,739120.0,4.228530439336677,0.3742702027025035,0.55775877718821,0.055909860529278536
2024-09-28,739156.9308605199,0.25613666557582243,14.115042737448462,0.7086555541929337,-0.09222242535412288,-0.0067303671266995815,-0.005714063030903,0.003556307823997523,2024-06-07,2024-08-23,739043.0,739120.0,2.5307577964813617,0.2486493561013593,0.55775877718821,0.04656325030639937
2024-09-07,739135.9463377381,0.5967903094860484,6.28960985705063,0.46827507939947777,-0.0021906127336306534,0.003433879170435484,0.0005847362399009721,-0.0033837271886038873,2024-06-14,2024-08-23,739050.0,739120.0,1.686216320874877,0.06053111222748101,0.55775877718821,0.03191910388968004
2024-09-06,739134.8195002967,0.8968715556794193,3.436695689022944,0.562284717278974,-0.005092619674734676,0.002121377137874732,0.0006782338978409306,0.00201003476112158,2024-06-24,2024-08-23,739060.0,739120.0,0.8856133945159693,0.626487675561123,0.55775877718821,0.035782399787313277
2024-08-23,739120.1630828363,0.3029259217583216,10.523542392922977,0.5121794663096383,-0.026097228296534946,0.007130925353807124,0.007125724911591226,-0.00027228824046858356,2024-07-01,2024-08-23,739067.0,739120.0,9.692262209144504,0.10534719527637262,0.55775877718821,0.0410340885870256
2024-08-28,739125.3639297239,0.6121082172901565,4.617175515398504,0.514979961473394,-0.010469131385337052,-0.00623695762760267,-0.0044214550056103806,-0.004398906236995059,2024-07-09,2024-08-23,739075.0,739120.0,1.6457458966736254,0.22253057103499485,0.55775877718821,0.02770532259647119
2024-11-06,739195.4730923214,0.8054480687994521,4.148269792742045,0.7803134821746622,-0.0077237303639833025,-0.0014825118645065583,-0.0008802023466401883,0.0011929313716102102,2024-03-07,2024-08-26,738951.0,739123.0,0.8027519626360229,1.0115782359470056,0.5651662184660718,0.27545337904203093
2024-10-19,739177.8646409614,0.19040419890912547,7.360646620379823,1.3596383741368174,-0.39065479806380915,0.02387096438044412,0.000514823188827081,-0.023865412159371588,2024-03-14,2024-08-26,738958.0,739123.0,1.6261863461780799,0.4233345860813769,0.5651662184660718,0.3738089609328447
2024-10-08,739166.6074021074,0.46100443419024073,10.004029295625575,0.7518960070343484,-0.04072438099125462,0.008369144843058108,0.0046269932781784024,-0.006973773627511723,2024-03-21,2024-08-26,738965.0,739123.0,2.437795786638541,0.22423507977560797,0.5651662184660718,0.19944408497804267
2024-10-17,739175.4659735957,0.08356488659249407,6.2174147594328115,2.6152887606163002,-1.4927690172321713,0.04347586362863164,0.01195490328972331,-0.041799892411210106,2024-03-28,2024-08-26,738972.0,739123.0,1.3411467077828427,0.4614858434021667,0.5651662184660718,0.3095448080010826
2024-10-07,739165.1776664985,0.19113043488804876,3.0092899564354356,2.772810886354715,-1.0064278392209822,-0.08150483036221749,-0.05397697329976147,0.06106982663943535,2024-04-05,2024-08-26,738980.0,739123.0,0.7085607367649266,0.7842691030113932,0.5651662184660718,0.21567620589263378
2024-09-18,739146.115626902,0.7252272939894634,8.961252732854017,0.5439947886776775,-0.0053622789867632855,0.0025656173000883514,0.000015297010455843347,-0.002565571696909614,2024-04-12,2024-08-26,738987.0,739123.0,2.7513675622203593,0.16914647235289984,0.5651662184660718,0.15041005802334978
2024-10-01,739159.2045566137,0.4156757324720718,12.543515601860141,0.6307392374299993,-0.03179565492092027,-0.005796847384212115,-0.003321081900488116,-0.004751195071358056,2024-04-19,2024-08-26,738994.0,739123.0,3.0304772126539588,0.18176543688573632,0.5651662184660718,0.21818190443183103
2024-09-16,739144.98046349,0.6792945006688148,3.6485303620558653,0.5433672283379817,-0.006381557966731791,-0.0014122800314894405,-0.00034660720006170974,-0.0013690866795821213,2024-04-26,2024-08-26,739001.0,739123.0,1.0914048414997577,0.8412905951666253,0.5651662184660718,0.12463130448880172
2024-10-07,739165.3540614786,0.7213837024081667,7.37592507160365,0.5112176797406089,-0.0028147250449986998,0.00044972308592376584,0.0004083640346650977,-0.0001883870197355374,2024-05-03,2024-08-26,739008.0,739123.0,1.5406860097019608,0.6121257167310743,0.5651662184660718,0.08385266983233562
2024-09-19,739147.9345328575,0.43112141176515195,7.097003903518403,0.5303814533935127,-0.014333961292336994,-0.0048840937030185,-0.004446950448957104,-0.0020196541794042814,2024-05-10,2024-08-26,739015.0,739123.0,1.8903735811009792,0.17828170900080234,0.5651662184660718,0.049522664549815805
2024-09-11,739139.1621284637,0.7609299235863654,7.687860775175388,0.499445295000159,-0.002794621474904451,0.0012335875959435276,0.000014586249413151376,-0.0012335013571917021,2024-05-17,2024-08-26,739022.0,739123.0,2.423737307276617,0.22422919176738712,0.5651662184660718,0.051491632209403525
2024-09-08,739136.2039439705,0.9109302700244637,10.501602269892487,0.489670710258109,-0.0013680236248483125,-0.0003810130898928561,-0.0003607449359050374,-0.00012261348167543444,2024-05-24,2024-08-26,739029.0,739123.0,3.5002371952547597,0.31144636670473436,0.5651662184660718,0.06718428215793566
2024-10-05,739163.1919852223,0.6869997823651576,8.822651033800332,0.5233331355894365,-0.003947340226401528,0.0011587983198752554,0.0011188665769466888,0.0003015810490354352,2024-06-03,2024-08-26,739039.0,739123.0,1.5841282116835018,0.26524927242733015,0.5651662184660718,0.05295482410675946
2024-09-30,739158.8369216577,0.2748660135450854,12.874662225231473,0.7216483777444288,-0.08829291206307907,-0.007993813530411604,-0.005757844961781291,-0.005545112817164448,2024-06-10,2024-08-26,739046.0,739123.0,2.350206957811644,0.23580718153149413,0.5651662184660718,0.04455609596465479
2024-09-03,739131.9065999046,0.16443512095649562,5.988817478454292,0.615953008751997,-0.09286035957853607,-0.015329776378363141,-0.015280571875580403,0.0012272599422460304,2024-06-17,2024-08-26,739053.0,739123.0,2.079270124114785,0.16632136714840914,0.5651662184660718,0.042026249650507864
2024-09-14,739142.8546792306,0.21382678624609902,5.748924485012186,0.8128319928030393,-0.16428141701691842,-0.019252648191421213,-0.0055604603261693525,-0.018432193123546946,2024-06-25,2024-08-26,739061.0,739123.0,1.296059921589426,0.31737555254008554,0.5651662184660718,0.026606016871874808
2024-09-18,739146.0709552439,0.8080463177755066,14.477054448840345,0.5099752806108855,-0.0024728606315930204,-0.0010239577104224728,-0.0006548840534674034,0.0007871570804151711,2024-07-02,2024-08-26,739068.0,739123.0,2.808792033424381,0.13479496420210205,0.5651662184660718,0.04918718531805149
2024-09-02,739130.955692989,0.8231471424530008,3.2552773956412633,0.6258378216152203,-0.012812325062005017,0.006021599194542263,0.005926587713113515,-0.0010654646584865946,2024-07-10,2024-08-26,739076.0,739123.0,1.0012879444451983,0.5380288650958592,0.5651662184660718,0.012157274959691908
2024-10-07,739165.022571004,0.30309850901173824,12.986282475252196,1.0328822417942525,-0.15646875950365965,-0.010382766778035013,-0.0003321598937123264,0.010377452277513802,2024-03-08,2024-08-27,738952.0,739124.0,3.404640561350899,0.3517333070064677,0.5622098231124693,0.47195338080744836
2024-10-03,739161.384442728,0.6149010514898862,5.201755052520031,0.6670386073238296,-0.015829674013266196,0.0037701753299189855,0.0034153985387358975,-0.0015966448696972126,2024-03-15,2024-08-27,738959.0,739124.0,1.3982269661991344,0.4963245552285898,0.5622098231124693,0.2549100586949852
2024-10-02,739160.4502303161,0.392649564798892,12.792705306886639,0.8084036404223178,-0.06694429912905864,0.008235737651135281,0.008233575940586237,-0.0001886846282205506,2024-03-22,2024-08-27,738966.0,739124.0,3.4087664710661874,0.24949038901757056,0.5622098231124693,0.37882584309188133
2024-09-20,739148.3002087999,0.990069349420512,6.019514412505127,0.5441240260883365,-0.0016662107358228222,-0.0006306800368654729,-0.0006277101165579512,-0.00006113361163417024,2024-04-01,2024-08-27,738976.0,739124.0,1.8765552535052485,0.4345352385932076,0.5622098231124693,0.24582749208720267
2024-10-17,739175.6488154449,0.7891383510678025,13.065322757205394,0.5818223119614271,-0.0040074842424531925,-0.0015358326490545909,-0.0009496849134404972,0.0012070130451182198,2024-04-08,2024-08-27,738983.0,739124.0,2.737339699831824,0.15760171350732186,0.5622098231124693,0.1629374587106392
2024-10-16,739174.5433895618,0.49400807340054687,10.219165439159273,0.7434288623224264,-0.032456388057810544,0.005499334066846014,0.004458786408352576,0.003218990360883899,2024-04-15,2024-08-27,738990.0,739124.0,2.1063130434993185,0.28530455228051016,0.5622098231124693,0.2259594418718649
2024-09-02,739130.4941097571,0.9099613753866802,8.10734886278911,0.49869205334088856,-0.0017215765576586047,0.0010350906654829702,0.0008927506515928018,-0.0005238405862956841,2024-04-22,2024-08-27,738997.0,739124.0,3.9008601566966816,0.18667752976144866,0.5622098231124693,0.15467345755393894
2024-10-25,739183.7741124547,0.9981504031626924,10.58059967145997,0.530546194479298,-0.0008486038054005199,-0.00019688268699060893,-0.00017548055317302087,-0.00008927131619245169,2024-04-29,2024-08-27,739004.0,739124.0,1.854250499573711,0.40661477083657754,0.5622098231124693,0.08417668465919538
2024-10-14,739172.0951669159,0.07888060035063772,6.552503426168184,1.21124347227332,-0.5397358875580568,0.005847093407723897,0.002640062242520349,0.005217142194177448,2024-05-06,2024-08-27,739011.0,739124.0,1.2606273488902482,1.111230657400199,0.5622098231124693,0.0915477507690193
2024-09-16,739144.7403595073,0.6438119609624701,4.820947590616235,0.49963131742579975,-0.0037441601970297396,0.0008057515077648744,0.00040116576960136765,-0.0006987857451075478,2024-05-13,2024-08-27,739018.0,739124.0,1.3888178303683476,0.6205544952220758,0.5622098231124693,0.08960919856793058
2024-09-27,739155.1771951194,0.9946688986650345,11.521172513149747,0.5031990487280835,-0.0008680696386015581,-0.00029596149475906127,-0.000037849191242865805,-0.00029353133580978865,2024-05-20,2024-08-27,739025.0,739124.0,2.6206725161634457,0.2532218711609946,0.5622098231124693,0.07475792823985317
2024-09-25,739153.6691244068,0.21403132450231604,12.454730136054126,0.7645465380242188,-0.13173814032262102,0.006637863293033531,0.0006693270804890831,0.006604031371543133,2024-05-28,2024-08-27,739033.0,739124.0,2.780963015059538,0.3410564300076695,0.5622098231124693,0.06625441914618217
2024-10-03,739161.1480166067,0.41529641845131493,14.183423260255163,0.6565219001441268,-0.03640276919323138,-0.0035365303941207993,-0.003004108971958886,-0.0018661126742874725,2024-06-04,2024-08-27,739040.0,739124.0,2.668433610912938,0.3013936858479273,0.5622098231124693,0.05746988654795543
2024-10-02,739160.0204435894,0.8386888570480246,6.425393054301861,0.5609798438544895,-0.0033593612360854766,-0.0005230008116156212,-0.0004782564706724446,-0.00021166151565774936,2024-06-11,2024-08-27,739047.0,739124.0,1.1693625692282446,0.8384081998806548,0.5622098231124693,0.06527789667493017
2024-09-24,739152.5232126354,0.08366957528705112,3.7689849793369903,3.470295707232093,-2.1600463858165924,-0.06214167921117774,-0.0285591334986416,-0.055190254474786475,2024-06-18,2024-08-27,739054.0,739124.0,0.743561642771969,0.7716551350946264,0.5622098231124693,0.04162617455166113
2024-09-12,739140.0977393021,0.7843910595564623,2.2634795709583835,0.9740226626184978,-0.032157645719494955,-0.012398384722249916,-0.011863445973599064,-0.0036025814844936246,2024-06-26,2024-08-27,739062.0,739124.0,0.5689269004250604,0.8988251041069723,0.5622098231124693,0.030206566198326446
2024-09-12,739140.0195308774,0.2766005638139302,12.525979487653979,0.6343843916622854,-0.06422056679259028,0.008453763158773293,0.003833491696669546,-0.007534616974750493,2024-07-03,2024-08-27,739069.0,739124.0,2.968719630145429,0.16775111775232743,0.5622098231124693,0.051427972217883845
2024-08-27,739124.3442433937,0.6006439041415544,12.71784515155285,0.5081675673455062,-0.007457909086599201,-0.0014069838923704988,-0.0014021118229966918,-0.00011698764551410066,2024-07-11,2024-08-27,739077.0,739124.0,9.966406963230956,0.2503407219773303,0.5622098231124693,0.053515442269197626
2024-08-28,739125.6026675216,0.13521847337450968,6.567514976293683,0.9345926956488425,-0.31575202955498666,-0.04842903066954548,-0.003624815858611801,-0.048293185042849865,2024-03-11,2024-08-27,738955.0,739124.0,4.878891338236685,0.13423795605145433,0.5622098231124693,0.3317111450347888
2024-09-12,739140.2444428221,0.3608252771427181,8.791812705480009,0.7238555562236711,-0.06739743612240509,-0.014720222983896405,-0.01254957942800533,-0.007693700077064182,2024-03-18,2024-08-27,738962.0,739124.0,3.351795497519455,0.18790897052139308,0.5622098231124693,0.2769626129786705
2024-09-08,739136.3952945645,0.07358899231582863,12.708723244961668,1.8047423985089046,-1.0310037454259071,-0.03590376364685075,-0.02449309346024029,-0.026252021193745367,2024-03-25,2024-08-27,738969.0,739124.0,5.2650570619730495,0.1662766248395144,0.5622098231124693,0.46117931251402156
2024-10-14,739172.102514074,0.7586761901615291,8.798374800237742,0.6367563180711366,-0.0064662762195962144,0.0014894451224147973,0.00130408192180452,-0.0007195951041438931,2024-04-02,2024-08-27,738977.0,739124.0,1.9606938013372188,0.3743550896046574,0.5622098231124693,0.2714775210567322
2024-08-28,739125.5371178635,0.8852448317173618,2.146018365571448,0.5403119253769696,-0.0048852065255584705,-0.002874357173031123,-0.0028589450672252986,0.00029725790274373105,2024-04-09,2024-08-27,738984.0,739124.0,1.544709508191939,0.7010873979523718,0.5622098231124693,0.22573395864475262
2024-10-04,739162.6063116669,0.5013140847041871,12.655904664141271,0.6422394189535333,-0.022404307042736812,0.004650247907116794,0.0018252344822936967,-0.004277069637297267,2024-04-16,2024-08-27,738991.0,739124.0,3.0048320288308266,0.19084119255930052,0.5622098231124693,0.24377714120627536
2024-10-28,739186.1102413991,0.8915491567770695,12.736431989904466,0.5849101541272187,-0.0022533725862978827,-0.0007442249657564805,-0.000019054974514720714,0.0007439809860483544,2024-04-23,2024-08-27,738998.0,739124.0,2.246226999182223,0.21194651721752794,0.5622098231124693,0.13112420220852902
2024-09-17,739145.2897490538,0.835360318183844,14.341295007600687,0.5000782784909452,-0.0016989531861007394,0.0003546419693096756,0.0003507946849157993,-0.0000520962132085433,2024-04-30,2024-08-27,739005.0,739124.0,4.303595107643679,0.2790466120623951,0.5622098231124693,0.10119758332669979
2024-09-02,739130.059911882,0.5988899282950203,5.641206440284983,0.5149090937400392,-0.007155513121105434,0.0024154181149567706,0.00037691208600582965,0.002385829404941612,2024-05-07,2024-08-27,739012.0,739124.0,2.6660912548095546,0.3145020494036501,0.5622098231124693,0.06965139297606966
2024-09-24,739152.6848574791,0.10347488838563136,10.346154719570563,0.9823574478229302,-0.3494308476630133,0.018602060576785533,0.007840534325391058,-0.016868985719205618,2024-05-14,2024-08-27,739019.0,739124.0,2.5343722879457746,0.18786945926331944,0.5622098231124693,0.06683389416090785
2024-10-03,739161.1627749087,0.07815875382015582,10.570807586521985,1.3303672792582122,-0.6347883111505707,0.02643427398058951,0.011903674309636906,0.02360240197121814,2024-05-21,2024-08-27,739026.0,739124.0,2.172263316732135,0.177554217521564,0.5622098231124693,0.03951808240203769
2024-09-21,739149.474574516,0.6818724785689442,14.780984921894683,0.5387608632787414,-0.0055963429615812675,0.0006891667362252848,0.00010056129528347928,-0.000681790448899308,2024-05-29,2024-08-27,739034.0,739124.0,3.555446580156229,0.37461037593171537,0.5622098231124693,0.07686295002820177
2024-10-03,739161.1096281258,0.9012187115327488,6.081837172574495,0.5627656458124524,-0.0025282317157509565,-0.00038697725736069226,-0.00032741052042237163,0.00020628560015462837,2024-06-05,2024-08-27,739041.0,739124.0,1.136890028397924,0.9681147661861415,0.5622098231124693,0.07172255982690318
2024-09-30,739158.5782051252,0.6325124470795896,4.785651959458788,0.7093391926445904,-0.018820279017574375,-0.0031066028141624197,-0.003015883324673366,0.0007452709687885282,2024-06-12,2024-08-27,739048.0,739124.0,0.885429512093713,0.800697166656994,0.5622098231124693,0.05935737726865803
2024-09-01,739129.0327525011,0.9053788612289602,8.939317247054934,0.49995815499899826,-0.0018958588869746641,0.0009463454800520413,0.000035063117561455037,0.0009456956938687018,2024-06-20,2024-08-27,739056.0,739124.0,3.8057362041786513,0.20290011663230093,0.5622098231124693,0.05789060252150839
2024-09-19,739147.8745236386,0.36098684310925516,8.667968717273533,0.6079090296621291,-0.037775430761210455,-0.009384903315893563,-0.008569477345035492,-0.0038262864871299726,2024-06-27,2024-08-27,739063.0,739124.0,1.749768937737889,0.1676307394342224,0.5622098231124693,0.03552169025378973
2024-09-17,739145.3243470349,0.027069132591178276,14.281524212322827,2.762970407147645,-2.0799799733623954,0.021928792718389746,0.012613073456430032,0.01793829222832551,2024-07-05,2024-08-27,739071.0,739124.0,2.8380120494899854,0.17978117309732036,0.5622098231124693,0.053462731769667884
2024-08-31,739128.7881443658,0.9970495791984548,12.451916763716543,0.49660982411503274,-0.001186784899719721,-0.0003368518741476582,-0.0001740800525218519,0.0002883839808844782,2024-07-12,2024-08-27,739078.0,739124.0,4.680022816693449,0.282106822611444,0.5622098231124693,0.06333790679517075
2024-09-24,739152.1204300643,0.940545176709868,13.525034790190597,0.5853035232360934,-0.002544388913004822,-0.0005027099492905147,-0.00048178088108318017,-0.00014354259207073852,2024-03-12,2024-08-28,738956.0,739125.0,4.258746163231898,0.35197132546262,0.5529143481126776,0.36622394505765715
2024-10-02,739160.9780320494,0.4499520861642333,14.17980595592763,0.775860420671313,-0.047551689213383486,0.005535152477195581,0.0025195898724484876,0.004928445984330091,2024-03-19,2024-08-28,738963.0,739125.0,3.848379141768412,0.272604074236645,0.5529143481126776,0.4190605084036855
2024-09-25,739153.213687426,0.3238718892677193,8.966692746338806,0.7822997322347295,-0.08860199825373039,0.017367859199714772,0.010924755148230327,-0.013501565025297325,2024-03-26,2024-08-28,738970.0,739125.0,2.6698720207898896,0.184263023606523,0.5529143481126776,0.19612649672393812
2024-10-11,739169.4988854267,0.9665883432531752,4.50370985287512,0.6608486715596129,-0.0029599045259742743,-0.0009430039047933135,-0.0009428900399291106,0.000014653909304922378,2024-04-03,2024-08-28,738978.0,739125.0,1.0460927398527975,0.6736516243944568,0.5529143481126776,0.2054912280036775
2024-09-30,739158.6611928454,0.09207761544645778,12.753791094291524,1.763256407148122,-0.8903310795092466,0.027010537737542802,0.01856048333551919,-0.019623394385863472,2024-04-10,2024-08-28,738985.0,739125.0,3.330463291735227,0.23797594948058942,0.5529143481126776,0.34179487528853064
2024-10-24,739182.4896023698,0.423404465906024,10.50931853442969,0.8229424586019816,-0.054130577566691235,-0.005795359128778215,-0.005133574444950568,0.0026893495216619664,2024-04-17,2024-08-28,738992.0,739125.0,2.0037759154417842,0.3763077704520137,0.5529143481126776,0.26050809623878524
2024-10-08,739166.5447453498,0.46899245036203074,13.439185589666085,0.6236442316218314,-0.022459136103597347,-0.003247466891754892,-0.0030213316971316137,0.0011906284008673664,2024-04-24,2024-08-28,738999.0,739125.0,2.9826698721504226,0.2413466167620197,0.5529143481126776,0.19866139153876317
2024-10-24,739182.9608574241,0.8272050982192123,14.609839588713397,0.5294277394367071,-0.001848895095360567,-0.0005885456598975702,-0.00037640549100206936,-0.00045244325625182815,2024-05-01,2024-08-28,739006.0,739125.0,2.5953282128251547,0.1778688363285835,0.5529143481126776,0.07956475482372122
2024-10-16,739174.442392834,0.5198252194459886,13.054863230578786,0.5814076697090965,-0.01316893693644393,-0.003191390201503327,-0.0006398946204728372,0.0031265806071395902,2024-05-08,2024-08-28,739013.0,739125.0,2.4586803170442937,0.1643069106210577,0.5529143481126776,0.06459832008915489
2024-09-20,739148.9867035346,0.47549623445181266,2.112606022368309,0.7289628899417846,-0.03697772902862013,-0.009422376400228399,-0.0005789014171086835,-0.009404576023237356,2024-05-15,2024-08-28,739020.0,739125.0,0.565612201816682,0.8833002532330767,0.5529143481126776,0.07249015020459955
2024-09-24,739152.676211721,0.0355480660052614,2.2266634189656456,5.509937945452262,-4.351787501886219,0.07125816489470141,0.020010516025967665,-0.06839082769300973,2024-05-22,2024-08-28,739027.0,739125.0,0.5362317838277404,0.9749771788259036,0.5529143481126776,0.06725366243229426
2024-09-20,739148.7705300169,0.7393753231456669,6.122795933172686,0.5275064089568888,-0.003731513462774571,0.000498680756675518,0.0004951781528014494,-0.000059000797169288734,2024-05-30,2024-08-28,739035.0,739125.0,1.525768752461524,0.903602803668104,0.5529143481126776,0.08018330782886954
2024-09-17,739145.4625658034,0.15362630815214054,12.668171619300685,0.9389728559653041,-0.26841856716166934,0.011247996759493506,0.00564530414890561,0.009728718937656979,2024-06-06,2024-08-28,739042.0,739125.0,3.267482794290631,0.2893936696666908,0.5529143481126776,0.059232349087069806
2024-09-02,739130.6653934101,0.4915412971382197,8.925570779324703,0.5566722076593856,-0.018260627738660672,-0.0036185941950641503,-0.0007864417487015357,0.003532100412566331,2024-06-13,2024-08-28,739049.0,739125.0,3.7903847662973797,0.2779072225354443,0.5529143481126776,0.057745761801801715
2024-09-11,739139.233205534,0.5713095419082433,6.355572954176126,0.5421155017143586,-0.010220454139221393,0.00319917649053943,0.002763839216362375,-0.001611186830792008,2024-06-21,2024-08-28,739057.0,739125.0,1.7741888894188973,0.287176410950903,0.5529143481126776,0.0524761954428988
2024-09-25,739153.2514101777,0.39344490281072664,2.582689556279277,2.5962327389633284,-0.4591136944018202,0.07792576720820028,0.052022346525975434,-0.05801810628517578,2024-06-28,2024-08-28,739064.0,739125.0,0.47283398675710075,0.8975339336241025,0.5529143481126776,0.027286303197418274
2024-08-31,739128.1003752429,0.1750579058426023,11.579287532378236,0.6885368812662404,-0.12997044607080518,0.01015002532687598,0.002624946595449692,-0.009804726896107861,2024-07-08,2024-08-28,739074.0,739125.0,5.269439515436482,0.19358752796905795,0.5529143481126776,0.051520659440626705
2024-09-10,739138.9828387891,0.42096058424575455,14.393762754690943,0.5928884750780998,-0.02822825026498997,0.0014190239916026196,0.0014177960949652737,-0.00005901967337296864,2024-07-15,2024-08-28,739081.0,739125.0,3.2582969437632987,0.581783385140703,0.5529143481126776,0.06255496978241348
2024-11-09,739198.9731126167,0.037049554870632224,8.269296593921773,6.517541135935647,-5.101609061238538,-0.05158322291950367,-0.03239827009563856,-0.040139518950446595,2024-03-13,2024-08-29,738957.0,739126.0,1.57765518859645,0.4431116083363213,0.5772697955299284,0.35848118559161857
2024-11-07,739196.046129965,0.68420150287703,6.527880595491666,0.7816089521299208,-0.013238683431684438,0.002346221368309258,0.00013903809775228374,0.002342098015985753,2024-03-20,2024-08-29,738964.0,739126.0,1.2444291486189303,0.5914085969506845,0.5772697955299284,0.22775158653485333
2024-09-24,739152.1210926487,0.5258648604386426,8.038228490025649,0.6646723157913099,-0.024501449813118536,0.006258994343972406,0.0040543617650563675,0.004768349911230046,2024-03-27,2024-08-29,738971.0,739126.0,2.477311633054391,0.25609495818831673,0.5772697955299284,0.21462761934463884
2024-09-30,739158.1311561699,0.8037098402211049,4.546139006679047,0.6296928362134223,-0.006003556344776981,-0.0018691145494724019,-0.001701312699042867,0.0007740312003562223,2024-04-04,2024-08-29,738979.0,739126.0,1.2432539142125911,0.56784426967626,0.5772697955299284,0.2264421773123994
2024-09-24,739152.9339343775,0.7400911081505473,9.683743039355438,0.570337604238727,-0.005552972147738994,-0.0022706555875222274,-0.0017683724729283872,0.00142433689629071,2024-04-11,2024-08-29,738986.0,739126.0,2.811502614686255,0.1869029513187484,0.5772697955299284,0.16083437449487437
2024-09-29,739157.7338226192,0.21374527612673228,3.9635886175053563,1.2243695118510523,-0.3143827177165952,0.02663685942157325,0.02637285655798232,-0.003740951325096953,2024-04-18,2024-08-29,738993.0,739126.0,1.0389354514114693,0.6364782950509823,0.5772697955299284,0.2279814843679172
2024-10-23,739181.0608487702,0.2447298744622191,10.029018264325794,0.9327407949646305,-0.1583995984587701,0.0060704877115781,0.00474172538359108,0.0037903642889607243,2024-04-25,2024-08-29,739000.0,739126.0,1.9000689936126822,0.6367354903105729,0.5772697955299284,0.18962133165328363
2024-10-15,739173.8686636202,0.4662732820235279,5.462436834669051,0.6645281252314112,-0.026635746954735806,-0.0031202318054232387,-0.0015271091100735321,0.0027209895783529177,2024-05-02,2024-08-29,739007.0,739126.0,1.08562705986719,0.7286720703180227,0.5772697955299284,0.09630126374890333
2024-09-25,739153.3099737663,0.0789076107414697,12.640977734487738,1.1698552749641058,-0.5170558083831046,-0.005085254247746478,-0.001617061601274937,-0.0048212988438703685,2024-05-09,2024-08-29,739014.0,739126.0,3.2782472382541594,0.634691930987985,0.5772697955299284,0.10507604185496891
2024-08-30,739127.6113808306,0.7993630113205814,10.63844713510599,0.49565645057563323,-0.002273454654661408,0.0003233176679150278,0.00010972741746248926,-0.0003041286047760467,2024-05-16,2024-08-29,739021.0,739126.0,7.097900072288848,0.5283511626059157,0.5772697955299284,0.10958862399098547
2024-08-31,739128.8712644045,0.8672273958774344,2.3658328569675398,0.530257155470516,-0.003677263907971594,-0.0013605984949109477,-0.0005811351841078623,-0.0012302480083893072,2024-05-23,2024-08-29,739028.0,739126.0,1.3401193514969902,0.9907036038693569,0.5772697955299284,0.0857362054568235
2024-09-25,739153.7602020454,0.4654663511088556,7.246101761216791,0.5879920710900314,-0.019522212587514527,0.0031880041542920257,0.0011439688075773344,-0.0029756857789547115,2024-05-31,2024-08-29,739036.0,739126.0,1.666504613007917,0.3933634653868022,0.5772697955299284,0.0716269021204565
2024-09-20,739148.2426976413,0.431225213967002,2.490293902780358,1.0877783453743075,-0.11621968078076357,0.021517835402480232,0.010909891256226987,-0.01854700820039538,2024-06-07,2024-08-29,739043.0,739126.0,0.6160175743680818,0.9352649051649067,0.5772697955299284,0.052037124401204234
2024-09-20,739148.6316256938,0.1208701502755112,4.052124593293055,1.7318282032096626,-0.7981638773959674,0.03321302130215899,0.01281911078376485,-0.03063943835534898,2024-06-14,2024-08-29,739050.0,739126.0,0.9493440087624897,0.7168362456022608,0.5772697955299284,0.04375864972644705
2024-09-14,739142.8857451319,0.3165189526836821,14.702031401008995,0.7145511440231757,-0.07796693591710716,-0.002818750508340547,-0.0017494056326455268,0.002210188761336505,2024-06-24,2024-08-29,739060.0,739126.0,3.722766795799189,0.5954923728968072,0.5772697955299284,0.07013366996082665
2024-08-30,739127.2367594216,0.6785456656902876,12.363645251751327,0.5333385092004851,-0.007916003952255554,-0.0005551506840870178,-0.00024535308531857205,0.0004979901058926185,2024-07-01,2024-08-29,739067.0,739126.0,7.646202437124524,0.78257806053683,0.5772697955299284,0.07020828809420734
2024-09-01,739129.5842884589,0.8163105045047709,7.05407467641724,0.538014855475275,-0.0052091748530764285,0.002237796660072092,0.0009950705531782918,0.0020043873093859026,2024-07-09,2024-08-29,739075.0,739126.0,3.057296135355763,0.2693789441127137,0.5772697955299284,0.05427618655201995
2024-09-01,739129.0514063651,0.6896447705811187,7.398843630889569,0.55150779699953,-0.009685270382065242,-0.0036538158492651547,-0.002039862606831328,0.0030313909028022996,2024-07-16,2024-08-29,739082.0,739126.0,3.2213850224044123,0.2470737987327187,0.5772697955299284,0.05220611455955672
2024-08-31,739128.796265259,0.22193364201099502,4.8414179858726945,0.8027273990422603,-0.1656993387788706,-0.02730300266725921,-0.02645090327269229,0.006767840919158763,2024-03-14,2024-08-30,738958.0,739127.0,3.509606105194772,0.2782024336292595,0.5599867766245228,0.3967529974204259
2024-11-02,739191.9956458273,0.6226350690536119,2.2252828630241224,2.2625329371949605,-0.10155636557554205,0.028286306450497997,0.022420292420229936,-0.017246611852849956,2024-03-21,2024-08-30,738965.0,739127.0,0.4429221965460459,1.0045678217439014,0.5599867766245228,0.22674650762947485
2024-10-01,739159.3640185586,0.17029101672737593,12.951194981426811,1.2666862003629864,-0.3971183651055272,0.02171824603104094,0.01819122514106745,0.011864296798876075,2024-03-28,2024-08-30,738972.0,739127.0,3.619561739171407,0.24042361335289542,0.5599867766245228,0.3987590843452858
2024-09-03,739131.5369776048,0.21494415452056265,8.093672022562684,0.7773519762996762,-0.15116382568615805,0.026440484259042902,0.022347998024528186,-0.014130328805388068,2024-04-05,2024-08-30,738980.0,739127.0,4.5195553190177655,0.15183031980063946,0.5599867766245228,0.2572376355190321
2024-09-10,739138.1900200228,0.4899001871144292,13.154711033468013,0.6067763545385918,-0.023181747675880656,0.0057020050135481075,0.005100016200527564,-0.0025500384171388765,2024-04-12,2024-08-30,738987.0,739127.0,5.4508163815259705,0.15140662280396125,0.5599867766245228,0.26737268875295245
2024-09-26,739154.0631992554,0.8650522942038954,14.640782900203924,0.5494164677697541,-0.0025068938640748564,-0.0006764319934578219,-0.00028866862145399916,0.0006117439568652645,2024-04-19,2024-08-30,738994.0,739127.0,4.14159964719979,0.21897264708320005,0.5599867766245228,0.23947985220107915
2024-10-29,739187.4898555595,0.055614448247625306,4.92870214967402,4.032889579640882,-2.7665288828450394,0.039511808828314045,0.03909722018511557,-0.005708801159773146,2024-04-26,2024-08-30,739001.0,739127.0,0.8831876259198778,0.7900659696834523,0.5599867766245228,0.12428900018771101
2024-09-01,739129.96684523,0.7927588554312921,10.895452729940784,0.500642455502124,-0.002393158254001974,0.00047175299582756974,0.00042818275925341273,0.0001980161956770735,2024-05-03,2024-08-30,739008.0,739127.0,6.444219771415382,0.36910724752698937,0.5599867766245228,0.11787035624722972
2024-09-04,739132.6726119968,0.4767280884189512,8.363059978901752,0.5497099581649052,-0.01622281361385288,0.003629499765561882,0.002541706631590117,0.002590944991146006,2024-05-10,2024-08-30,739015.0,739127.0,4.036001276852722,0.25479149983680993,0.5599867766245228,0.09026711560450972
2024-09-23,739151.4734058604,0.4896819581883437,11.268889848201134,0.5916803312739259,-0.018285781813655234,-0.0020464852303947526,-0.002046302630421985,-0.00002733757399495364,2024-05-17,2024-08-30,739022.0,739127.0,2.9877701342135037,0.3882736230658335,0.5599867766245228,0.10340815052259879
2024-10-14,739172.7369097866,0.14283944632971293,8.17228341099376,1.0969385951462862,-0.34294287956626385,0.006308025296239334,0.0054277339489342035,-0.003214169771120134,2024-05-24,2024-08-30,739029.0,739127.0,1.4893576354232907,0.950239550865678,0.5599867766245228,0.09144346005048765
2024-09-14,739142.216270519,0.67450274828607,12.409582870401614,0.5649342786326684,-0.008050534672664224,0.0013967617544862457,0.0011316309622075233,-0.0008187519552152348,2024-06-03,2024-08-30,739039.0,739127.0,3.781149839819553,0.3132773019959046,0.5599867766245228,0.07569891418786472
2024-09-24,739152.4862624892,0.24118583792806053,3.816268445840679,1.166844118011737,-0.27090931654659384,-0.02079216501487279,-0.0014250795509136546,-0.02074327057817226,2024-06-10,2024-08-30,739046.0,739127.0,0.8684754530058905,0.8234497727444997,0.5599867766245228,0.052441107158361096
2024-08-31,739128.8771289561,0.6405425227055453,12.4997195898531,0.5426980827360314,-0.00955480488736394,-0.001445790664159606,-0.001415392918474065,0.00029491275134273747,2024-06-17,2024-08-30,739053.0,739127.0,7.35950135357169,0.33866015466426175,0.5599867766245228,0.07069541067185721
2024-09-07,739135.7019219451,0.6413675055783675,7.234461025616474,0.555770229469941,-0.00935943213681689,-0.0017629655191037734,-0.0013852214054618972,0.0010905086333445524,2024-06-25,2024-08-30,739061.0,739127.0,2.4754666393409734,0.4706590924561713,0.5599867766245228,0.06694174548025268
2024-09-07,739135.6730876729,0.6846777745650167,7.195506691520734,0.5657671353639173,-0.009307199787395644,-0.002390614093817975,-0.0021257028259596433,0.0010938113371456357,2024-07-02,2024-08-30,739068.0,739127.0,2.3527727899180686,0.3704541036515709,0.5599867766245228,0.059191948159515596
2024-09-16,739144.0385416253,0.8902501405477645,2.389020571384059,1.0010246827387814,-0.022204564250191034,-0.008933386612639796,-0.006049769972036545,-0.0065731027419580835,2024-07-10,2024-08-30,739076.0,739127.0,0.5264573815643532,0.9262288131146841,0.5599867766245228,0.028996765292641443
2024-09-20,739148.0047907053,0.8399205792520799,7.881650842066182,0.6205267837852879,-0.007086908589341904,0.0026016008268668444,0.002216889098583409,0.0013615173840007663,2024-07-17,2024-08-30,739083.0,739127.0,1.4171129331838785,0.2902934251746228,0.5599867766245228,0.020390336604387438
2024-09-28,739156.1354645961,0.9996363299576034,14.302380307840224,0.5816984010278363,-0.0017981642073377241,0.00038048766708897563,0.00008380509595936803,0.00037114359848723275,2024-03-15,2024-09-03,738959.0,739131.0,4.6882820351580525,0.33031057179448414,0.5125125118582147,0.3529582981219506
2024-10-14,739172.3806598578,0.8153156309356682,13.416676677435975,0.6293714944398614,-0.004671650406615177,-0.0011611702465011895,-0.0007381790978207858,-0.0008963302744525165,2024-03-22,2024-09-03,738966.0,739131.0,3.4312810362822135,0.24448670709953174,0.5125125118582147,0.28033098350919505
2024-09-21,739149.540591235,0.19961719008741313,11.985413304429418,1.0034369713041793,-0.24722601283322296,0.02168816467143713,0.008477231903568597,0.019962791039042926,2024-04-01,2024-09-03,738976.0,739131.0,4.266111092217205,0.1898524849217169,0.5125125118582147,0.37310704860828736
2024-10-26,739184.7910714543,0.0644490830301463,3.2355549705865374,9.937108197885031,-7.047910701170613,-0.1665992314608646,-0.10993886329792804,-0.12517487871018781,2024-04-08,2024-09-03,738983.0,739131.0,0.6808344962265738,0.842665782431522,0.5125125118582147,0.2299647795061735
2024-10-07,739165.1052234133,0.8023418433012885,13.921630517672167,0.5869063908008036,-0.004045778809835687,0.0010169252978291863,0.0008441399456682675,-0.0005670668509903871,2024-04-15,2024-09-03,738990.0,739131.0,3.6247385109776085,0.22928857891508853,0.5125125118582147,0.26550272853196494
2024-10-29,739187.9812475771,0.2535893444302096,9.990124825522074,1.006863528305032,-0.17282815283119635,0.005238652498123097,0.00521432274263282,0.0005042998431028003,2024-04-22,2024-09-03,738997.0,739131.0,1.923003387839581,0.837442473498807,0.5125125118582147,0.2736610909189657
2024-10-03,739161.8531276085,0.6544817993578892,11.1195471090595,0.5593082444865007,-0.006367362673589112,-0.0017203865418752829,-0.0013188296167984134,-0.001104725438885583,2024-04-29,2024-09-03,739004.0,739131.0,2.8889563102428446,0.2178432086724447,0.5125125118582147,0.083252549273009
2024-09-07,739135.0715452046,0.4920601001619006,7.285316769721021,0.5575085582757345,-0.016265468582296022,-0.004168556263754198,-0.0035348496467139698,0.002209456788265044,2024-05-06,2024-09-03,739011.0,739131.0,3.9618012009380075,0.2635424762769269,0.5125125118582147,0.0792207933927183
2024-10-07,739165.4094203972,0.4040517237136846,13.616987751164311,0.6224445515943747,-0.028963556310044887,-0.0012034916109400651,-0.0011814845147147695,0.00022909910321151133,2024-05-13,2024-09-03,739018.0,739131.0,3.153039421960335,0.7141093766685294,0.5125125118582147,0.11732811828399967
2024-10-16,739174.3315449513,0.8620463233879672,2.3150289465240985,0.7426540950040958,-0.005339781463083616,0.002217894096685938,0.0022177923004348503,0.000021249382255201162,2024-05-20,2024-09-03,739025.0,739131.0,0.45587668899643763,0.8965135473711104,0.5125125118582147,0.07832346774097508
2024-09-14,739142.6656189708,0.7425217854220955,8.123281884285012,0.5486503015010535,-0.005106652861521896,0.0011823097204384098,0.0011304083528832774,0.00034645812268565244,2024-05-28,2024-09-03,739033.0,739131.0,2.8970287290532437,0.39480509874048614,0.5125125118582147,0.07428983855374174
2024-10-12,739170.1339429062,0.8537643946780777,5.33256415804118,0.6531802364316335,-0.004917798471377866,0.0008591552091928047,0.0008504224005771659,0.00012218598151875868,2024-06-04,2024-09-03,739040.0,739131.0,1.0197806405231933,0.9164336971051933,0.5125125118582147,0.0709675283660393
2024-09-11,739139.4154953889,0.06894534263173013,5.055171999839854,1.3383704300262884,-0.6859865675009248,0.02289718183008121,0.00445167938162227,0.022460264612044107,2024-06-11,2024-09-03,739047.0,739131.0,1.927892222688108,0.4086039645794468,0.5125125118582147,0.05033937636141738
2024-10-06,739164.8339151818,0.7721345592311739,3.311845756353355,0.9009604638720758,-0.01736190694737165,-0.003965585174570343,-0.003953975572698639,0.0003032209545439986,2024-06-18,2024-09-03,739054.0,739131.0,0.6254365728139119,1.020735057410719,0.5125125118582147,0.06199324895027887
2024-09-18,739146.4394472115,0.9221282390419396,11.359115735617163,0.5489412773871454,-0.0024179133316364677,-0.0005120843032634611,-0.0001962145494535498,0.00047300125182875036,2024-06-26,2024-09-03,739062.0,739131.0,3.071750090877683,0.3833063937071196,0.5125125118582147,0.07176219148126273
2024-10-01,739159.691880048,0.4317525035283599,5.295756807837572,0.9622967713279862,-0.08792887228088375,-0.009816373773487796,-0.00232409960222476,-0.009537282374961837,2024-07-03,2024-09-03,739069.0,739131.0,0.9699922667540082,0.730276369907096,0.5125125118582147,0.042937505563170004
2024-09-19,739147.6787972063,0.4298768763951534,13.516236339062239,0.655136272890454,-0.03692521668014627,0.0041029417582932725,0.0007868738476837476,-0.004026780428553072,2024-07-11,2024-09-03,739077.0,739131.0,3.106313693190165,0.2862305649558772,0.5125125118582147,0.06272265961817701
2024-09-16,739144.4295739547,0.37296247349488626,9.367444117735657,0.7221091642397017,-0.06574602664214678,0.005469916640802491,0.004472497718724925,-0.003149087520747613,2024-07-18,2024-09-03,739084.0,739131.0,2.2423048771762812,0.47855606973940357,0.5125125118582147,0.05755255735060806
2024-11-05,739194.4987054855,0.149737573279376,14.22094761793946,1.7817550974830776,-0.6662987109033657,-0.03411246716685778,-0.02656255775601793,-0.021403059166113656,2024-03-18,2024-09-04,738962.0,739132.0,2.9734298653783613,0.205663913748642,0.5086153907918504,0.2813663189947562
2024-10-14,739172.6267578865,0.5147317010396396,3.6409992791983274,1.0089512645627576,-0.05698763983835904,0.010144294399770087,0.006139422591492331,-0.008075530887333683,2024-03-25,2024-09-04,738969.0,739132.0,0.9340465584388155,0.7941803725274789,0.5086153907918504,0.24254873527823456
2024-09-20,739148.8329114034,0.9924726463703297,2.214200373943827,0.6967311114618685,-0.004784288892454086,-0.002297402303595825,-0.0009681936485172228,-0.0020834246815131835,2024-04-02,2024-09-04,738977.0,739132.0,0.8186931208343361,0.9334304625887787,0.5086153907918504,0.21877383445117726
2024-10-28,739186.8376003127,0.26691248455846167,13.024953572108874,1.0109265772208742,-0.16628570871971296,-0.018875803933764996,-0.018851054519059256,0.0009662906733450829,2024-04-09,2024-09-04,738984.0,739132.0,2.7115266409621395,0.18052700294515925,0.5086153907918504,0.18264845330066673
2024-09-23,739151.2244056445,0.8369054023331435,13.54756881103789,0.5535217023530484,-0.00309938845216219,-0.000949930726116737,-0.0008075508036888483,0.00050023003096792,2024-04-16,2024-09-04,738991.0,739132.0,4.5719157770288,0.2015575547185427,0.5086153907918504,0.25747007487502377
2024-11-09,739198.3905439081,0.6240171513418838,6.237857675022238,0.786979445676387,-0.017634049981692494,0.0025826691965695732,0.0024892228876518007,0.0006884399716022842,2024-04-23,2024-09-04,738998.0,739132.0,1.0967440142274396,0.683037188334658,0.5086153907918504,0.19863674946255006
2024-09-05,739133.817609731,0.23276251481640237,12.628623136150004,0.6287917344606454,-0.07431302565434582,-0.004807709389576772,-0.004588344511383861,0.0014356755272269082,2024-04-30,2024-09-04,739005.0,739132.0,8.56396632998456,0.28489430865864396,0.5086153907918504,0.10308508178813171
2024-09-22,739150.2013397776,0.8344253977538685,11.10998556448898,0.5224367662491312,-0.002129379604159522,-0.0004733588602528362,-0.00045364263255474505,0.0001351923537359443,2024-05-07,2024-09-04,739012.0,739132.0,3.5845425276695577,0.33785986106776494,0.5086153907918504,0.11562119034927665
2024-09-20,739148.0463940868,0.502956962768493,7.886060979395608,0.5800090709023764,-0.01642866483685226,0.004351680281149876,0.004111799925547821,0.0014248588146246615,2024-05-14,2024-09-04,739019.0,739132.0,2.6165033374868885,0.24077754568506712,0.5086153907918504,0.061689604163945984
2024-10-22,739180.4060221252,0.3828351543427596,12.580841304109688,0.7138972644545408,-0.046806700105478966,0.006773601197697653,0.0065507675092108105,0.0017231129463036025,2024-05-21,2024-09-04,739026.0,739132.0,2.322594306367419,0.21027639708594761,0.5086153907918504,0.05083328341290411
2024-09-15,739143.2495540789,0.20340703045975445,8.034630406406302,0.7788059788097205,-0.14844818771780344,0.010759642270651936,0.010734916366795293,-0.0007290215293875055,2024-05-29,2024-09-04,739034.0,739132.0,2.906992985526843,0.34928273832619805,0.5086153907918504,0.06472681329021038
2024-09-05,739133.2807986314,0.6635299939517901,10.262131871134349,0.5444357381151085,-0.008136270160226961,0.0016957279920480235,0.0005704149410380666,0.001596909583556865,2024-06-05,2024-09-04,739041.0,739132.0,6.986066930191776,0.31023596234905815,0.5086153907918504,0.07053846302227866
2024-09-23,739151.8802306942,0.38395611186133405,8.377086757478203,0.6241249221295345,-0.035018696262429275,-0.0072830331852209145,-0.00692279382059174,0.002262188784033269,2024-06-12,2024-09-04,739048.0,739132.0,2.2045538242716876,0.22038206921435116,0.5086153907918504,0.05243706506678588
2024-09-13,739141.3333182056,0.984741295757396,3.7530058531230246,0.5815504418433418,-0.0033814885826667796,-0.0012048237567844464,-0.0011922717388468565,-0.0001734600405259952,2024-06-20,2024-09-04,739056.0,739132.0,1.3218304708334536,0.7364229458295779,0.5086153907918504,0.05523395492374195
2024-09-07,739135.8855033433,0.18243109396096527,5.751535711240013,0.7726172163662186,-0.16702698253562018,-0.016891926784927482,-0.016842247449068096,0.001294562231686712,2024-06-27,2024-09-04,739063.0,739132.0,2.683577735739823,0.31363353040682884,0.5086153907918504,0.05051109870538107
2024-09-26,739154.7764513537,0.08768977780591959,14.848013771275768,1.567294736016742,-0.7806448924301128,0.013016761856903052,0.012525424227536835,-0.0035425749335136793,2024-07-05,2024-09-04,739071.0,739132.0,3.0778053309014504,0.3541858208659107,0.5086153907918504,0.0653621073410534
2024-09-08,739136.109025218,0.847692869803707,10.936307376434582,0.5404168104254597,-0.0037689810012515573,-0.0010451937300226814,-0.0001886435606417753,-0.0010280289588854576,2024-07-12,2024-09-04,739078.0,739132.0,4.610998246799482,0.27950847108900134,0.5086153907918504,0.06812574697953007
2024-09-13,739141.3488435728,0.8544794448072575,12.576181655710233,0.5728769077712773,-0.005089449052274214,0.0012621144878647266,0.0006240930435346749,-0.0010970145183586532,2024-07-19,2024-09-04,739085.0,739132.0,3.5954230219189576,0.2739837699658316,0.5086153907918504,0.05663149660918152
2024-11-21,739210.3111431487,0.8468180134950571,7.2028361353312444,0.7269704671784842,-0.0046604182178381715,0.000892844026337296,0.0006717702695481667,-0.0005881285236386494,2024-03-19,2024-09-05,738963.0,739133.0,1.3330059885163603,0.613671348409112,0.4995939528666582,0.23604049752855147
2024-11-05,739194.3757571876,0.6371059198104118,8.641497789312293,0.7156729969246874,-0.013805061850685033,0.002464056141623953,0.002234270475579568,-0.001039041919764633,2024-03-26,2024-09-05,738970.0,739133.0,1.782859385579286,0.4130573698536459,0.4995939528666582,0.2879708944790525
2024-10-14,739172.263761419,0.21775216542091053,7.977167426804876,1.152122845676991,-0.26970941572060597,0.01582990695856381,0.004284340305512458,0.015239107010036652,2024-04-03,2024-09-05,738978.0,739133.0,2.0299912772994957,0.46508413087661876,0.4995939528666582,0.37894824569994334
2024-10-24,739182.1700581315,0.4846648400521968,6.098967613686937,0.8072864038617051,-0.039902230464151214,0.005928220145362512,0.0009813354178524612,-0.005846432663560769,2024-04-10,2024-09-05,738985.0,739133.0,1.348063822953037,0.5348820670996082,0.4995939528666582,0.26281756613758156
2024-09-09,739137.6641376552,0.030699983544943528,14.315284334988345,2.448255715719322,-1.7860638344857094,0.03471986935312806,0.00653203068479103,-0.03409988127591105,2024-04-17,2024-09-05,738992.0,739133.0,7.840709039775496,0.1103207126150002,0.4995939528666582,0.29835966463865327
2024-10-08,739166.8637979849,0.05829911168560288,10.11065404872913,2.2363968066961597,-1.3899510247580218,0.03541576623962486,0.033064055627126256,-0.012690339783711575,2024-04-24,2024-09-05,738999.0,739133.0,2.5759545170975664,0.2263005150562812,0.4995939528666582,0.1560374587451177
2024-10-07,739165.9046607383,0.3173895443408397,11.831014985499957,0.6911020280126312,-0.06005726216317984,0.007878006872180906,0.0028927773832229864,0.007327675708520616,2024-05-01,2024-09-05,739006.0,739133.0,2.9768980893981265,0.20451246633072429,0.4995939528666582,0.07725422918134343
2024-10-20,739178.6340827412,0.02831746515036216,10.524468979468761,3.227158488889518,-2.44263836367107,-0.028922501260352732,-0.02657485899122285,-0.011414374654431458,2024-05-08,2024-09-05,739013.0,739133.0,2.1593137410918466,0.22723619441755877,0.4995939528666582,0.06989155549598106
2024-09-22,739150.9372048391,0.7651023436395885,6.04032799839574,0.524055774048207,-0.0027860053641317597,0.0006484393983871373,0.00028840933159417757,-0.0005807699293438601,2024-05-15,2024-09-05,739020.0,739133.0,1.9110069111707448,0.5442163237743886,0.4995939528666582,0.11212137449615871
2024-09-07,739135.4958336828,0.8516786150743172,8.435309864785033,0.5199265495360713,-0.0026019408958977528,0.0008434513369401555,0.000429438786477599,0.0007259424815057893,2024-05-22,2024-09-05,739027.0,739133.0,5.064109626626869,0.3114670418079131,0.4995939528666582,0.08483859128542806
2024-10-07,739165.613548621,0.9055836798753054,10.259651406048247,0.5529957231519559,-0.0019563143600418343,0.0005695415513274222,0.0005460937925287206,0.0001617379004749518,2024-05-30,2024-09-05,739035.0,739133.0,2.26563773826445,0.303186047417655,0.4995939528666582,0.0656203664045336
2024-10-05,739163.3389870822,0.9490706543516789,8.270740469410967,0.5443398534181985,-0.0015237942489765082,-0.0002383206399005912,-0.00006807930371228458,-0.00022838987676488163,2024-06-06,2024-09-05,739042.0,739133.0,1.8246357982937675,0.7337005180683752,0.4995939528666582,0.08471913045968456
2024-09-29,739157.0030388747,0.4277052645546858,12.067265139636184,0.6758077856618049,-0.03807193660217282,0.0036881055316394826,0.003658614266918632,-0.0004654718663992405,2024-06-13,2024-09-05,739049.0,739133.0,2.888489123442811,0.36587890443656285,0.4995939528666582,0.06929595753591275
2024-09-17,739145.1519016573,0.404607536916593,14.113134024627072,0.6532025439304782,-0.04159261590614619,0.0036123203489584746,0.003276255066929199,0.0015215160334088578,2024-06-21,2024-09-05,739057.0,739133.0,4.450966127150052,0.3300961663371765,0.4995939528666582,0.07137107023859617
2024-10-09,739167.3497469523,0.01221946218833159,2.630957824549119,16.22985806844885,-14.975103046294604,0.0369136512498724,0.034019679138811,0.014327563641092432,2024-06-28,2024-09-05,739064.0,739133.0,0.46124115935008875,1.8841740597066794,0.4995939528666582,0.0751175442385828
2024-09-30,739158.5359142821,0.7280859152363511,9.35985067744238,0.6426324584363887,-0.010080119749600483,-0.003094220867709668,-0.0015159619544413362,0.0026974176782353114,2024-07-08,2024-09-05,739074.0,739133.0,1.7832657675379475,0.2534125331595459,0.4995939528666582,0.02051227850829842
2024-09-10,739138.4684394118,0.21623213181147688,14.0984351702398,0.6922983522150963,-0.1048937931709676,-0.0037199300704094944,-0.0012527923556194935,-0.003502626306421818,2024-07-15,2024-09-05,739081.0,739133.0,5.278045888912469,0.43247831195983927,0.4995939528666582,0.06927861195394719
2024-09-13,739141.5318115744,0.4875854840608508,5.358634472505949,0.6556093643584444,-0.0346688007633915,-0.010656626480383305,-0.009827914419568602,0.00412016821307604,2024-07-22,2024-09-05,739088.0,739133.0,1.56624297825173,0.29601635690633676,0.4995939528666582,0.01061417979053386
2024-10-08,739166.9776553167,0.6623217244278966,13.72705097406788,0.6699119342691551,-0.012104467390713811,0.002044436452793237,0.001326403870984615,-0.0015557548587572597,2024-03-20,2024-09-06,738964.0,739134.0,3.9702312450114996,0.285669465879964,0.5011687563417245,0.3786086373694313
2024-09-12,739140.4945391893,0.5770328802023444,10.923740301888484,0.5982715548590561,-0.015478284362796992,0.004393654624590923,0.0003099401098914679,0.004382708989708265,2024-03-27,2024-09-06,738971.0,739134.0,5.67096130151254,0.1860913129236197,0.5011687563417245,0.3176048068382557
2024-10-11,739169.9150277991,0.2931451419115832,14.291558195275991,0.9200167229547626,-0.13042102582934456,-0.010190770290750883,-0.0029937135902022645,0.00974112303888464,2024-04-04,2024-09-06,738979.0,739134.0,3.8000654248475065,0.26250871057499003,0.5011687563417245,0.381553062480209
2024-11-04,739193.8958718887,0.9101526396147266,12.04258850065117,0.6341090660612944,-0.00258746519068963,0.0006402053993035943,0.0001830063149399275,-0.0006134913544538204,2024-04-11,2024-09-06,738986.0,739134.0,2.3851207140122637,0.3054566396390416,0.5011687563417245,0.22695763983147715
2024-10-15,739173.814928122,0.873719527447651,12.206174545226416,0.5756545321606121,-0.0025304873650822397,-0.0009692849690909445,-0.0005994761783381586,-0.0007616703111653424,2024-04-18,2024-09-06,738993.0,739134.0,2.93971514915767,0.18687239916847465,0.5011687563417245,0.14213971722939966
2024-09-10,739138.3852805474,0.17677673855577572,8.683293593974684,0.7444411116872537,-0.1510993965383886,-0.016193581333406207,-0.014252665529542794,0.007687236285208394,2024-04-25,2024-09-06,739000.0,739134.0,4.7703334950736505,0.18995925371403669,0.5011687563417245,0.15645254962135777
2024-09-21,739149.9376678761,0.8890820081792687,3.217456841119975,0.5543293967657225,-0.00256996711082919,-0.0008084494127161522,-0.0008064514694787541,-0.000056802115248023184,2024-05-02,2024-09-06,739007.0,739134.0,1.1233490119776952,0.8784232201792572,0.5011687563417245,0.09534480596824298
2024-09-07,739135.0253933951,0.24926930490860305,2.3846882236481894,0.6334025428885179,-0.07151174489470406,0.009840080575868496,0.005905307013914669,-0.00787112030215488,2024-05-09,2024-09-06,739014.0,739134.0,1.8107322695850157,0.759654152122913,0.5011687563417245,0.0865020361661794
2024-10-17,739175.885447015,0.37514988612843403,9.23688795090259,0.6433401512538234,-0.03496606511368975,-0.0040588081819632705,-0.003627950573579514,-0.0018198622183110639,2024-05-16,2024-09-06,739021.0,739134.0,1.922514643393951,0.3498866549651321,0.5011687563417245,0.09873591698292995
2024-09-08,739136.8939422657,0.15570003491663334,3.117795015045979,0.8113198228260079,-0.20500923025263007,0.013824312389978126,0.005617211891682007,0.012631648491770541,2024-05-23,2024-09-06,739028.0,739134.0,1.8001371978844445,0.740578376925997,0.5011687563417245,0.07983131843846936
2024-10-22,739180.1379319247,0.9968447699613219,14.384067369814469,0.5853777776432973,-0.0015200313748289305,-0.0003464806874855319,-0.000029029168698831322,0.0003452624714113913,2024-05-31,2024-09-06,739036.0,739134.0,2.6078171644760193,0.30403203470878926,0.5011687563417245,0.05719748615052423
2024-10-18,739176.3113699364,0.8156902335696696,9.71861653961765,0.5796489365878532,-0.0033477331112519216,0.0004342232049293862,0.00043413613924268276,8.695073467524994e-6,2024-06-07,2024-09-06,739043.0,739134.0,1.7751174999098918,0.6470809507357055,0.5011687563417245,0.08110094855677384
2024-10-08,739166.5639157799,0.4883071842033032,8.047800898091126,0.6818514048409317,-0.02888732755505366,-0.0036370196855253292,-0.0004711436804106539,-0.0036063743323881186,2024-06-14,2024-09-06,739050.0,739134.0,1.6333812456831769,0.4819229456041904,0.5011687563417245,0.06275396831579069
2024-09-17,739145.7078882903,0.933152889047036,9.98102339058326,0.5386135980619237,-0.002058597604791148,-0.0004903857766094213,-0.00027960474309833886,0.0004028639938462324,2024-06-24,2024-09-06,739060.0,739134.0,3.1622565666957607,0.39247439579663296,0.5011687563417245,0.07439954917375871
2024-09-18,739146.7839348993,0.3000019555328142,4.236668324501737,0.7608226055177797,-0.09768969895907999,0.008729906872184494,0.008118806555472511,-0.003208777666313239,2024-07-01,2024-09-06,739067.0,739134.0,1.2347085516451646,0.7923896245780593,0.5011687563417245,0.0625639057906957
2024-09-29,739157.0753952458,0.5946458807879437,2.3070723191317635,0.36846177759790527,0.01661540696374644,0.011069872331559089,0.010285615400197451,0.0040924551648415745,2024-07-09,2024-09-06,739075.0,739134.0,0.465906681288948,0.38687046648381657,0.5011687563417245,0.0699735725358344
2024-09-06,739134.7450636681,0.35075331110524505,14.226497077501847,0.5740656385973436,-0.03181707743403391,0.0006896870749467063,0.0005430013023402955,-0.00042522681830440396,2024-07-16,2024-09-06,739082.0,739134.0,9.645012897420186,1.1373967898661168,0.5011687563417245,0.07318590532477147
2024-09-18,739146.4392474025,0.4520213138948629,13.201110252273669,0.6544569288652923,-0.036569304086145636,-0.003945992820686794,-0.00298845780911622,0.002576815721786097,2024-07-23,2024-09-06,739089.0,739134.0,3.214293046950224,0.3173283402245149,0.5011687563417245,0.056419106877385584
2024-11-06,739195.0625791203,0.7893730788284088,12.15676750560199,0.6770615594579685,-0.005613502688221738,0.0012183918669699096,0.0010392631517621225,-0.0006359330490608905,2024-03-21,2024-09-09,738965.0,739137.0,2.6639039105551174,0.29916524830570523,0.5423997938643949,0.24480737896011787
2024-10-04,739162.3087997128,0.7547217121207719,11.737056244118788,0.5982806010528445,-0.0057120726595415346,0.0018808248956014365,0.0012657836076004855,0.0013911484991344578,2024-03-28,2024-09-09,738972.0,739137.0,3.768703496122112,0.19528685746693383,0.5423997938643949,0.22703216188926156
2024-10-16,739174.4382762804,0.9368080115446085,9.285512582922486,0.602441138201056,-0.002284115880514966,-0.0006136319266985549,-0.00033377373518536424,0.0005149167264366065,2024-04-05,2024-09-09,738980.0,739137.0,2.4346170176610453,0.3755388734340246,0.5423997938643949,0.2575736986358286
2024-10-15,739173.0753320188,0.5688036524101975,8.240346952363996,0.6908906051432812,-0.019274705591431067,-0.0027417065972413857,-0.0025445017649976614,0.0010210121611816017,2024-04-12,2024-09-09,738987.0,739137.0,2.1515580131482435,0.48527023620463866,0.5423997938643949,0.31200464650262205
2024-09-15,739143.4168193571,0.5418862055868267,12.240491402110356,0.5813967696018515,-0.014962553782201774,0.002987512474485566,0.0000781032154698094,0.0029864913649532096,2024-04-19,2024-09-09,738994.0,739137.0,6.132372108010453,0.2217201887012006,0.5423997938643949,0.25404543210472397
2024-09-23,739151.9814237683,0.7879256300457185,10.595328869005234,0.5368360501709323,-0.0030934849277877738,0.0008359886228274951,0.0007548619926700625,0.0003592497035756528,2024-04-26,2024-09-09,739001.0,739137.0,3.8959337097022244,0.27518098675240854,0.5423997938643949,0.1368492337215865
2024-11-03,739192.5968053449,0.8364749831319249,11.926570479864331,0.579195887092276,-0.002515228099838943,0.000506508244758862,0.00013790745239238385,-0.00048737268756398873,2024-05-03,2024-09-09,739008.0,739137.0,2.2778988081886293,0.3482797588565076,0.5423997938643949,0.09682978262632318
2024-10-28,739186.1781406283,0.7611392481965233,5.704976770127504,0.5916497328796585,-0.004119617983792759,-0.0008403220765259185,-0.0004059564150365451,-0.0007357585075196261,2024-05-10,2024-09-09,739015.0,739137.0,1.1324771680959855,0.6540657509917679,0.5423997938643949,0.09379908201623369
2024-09-22,739150.5150233193,0.10444570763466833,13.139418162750566,1.0234684184463225,-0.3729073133211322,0.005375030081930246,0.00144853167179445,-0.005176166958035979,2024-05-17,2024-09-09,739022.0,739137.0,4.709899999733372,0.5514859643294903,0.5423997938643949,0.10272441177849015
2024-10-14,739172.5256478938,0.06421944267960857,10.113042665177732,1.7143471045455898,-0.9499837094883093,0.025287461065963125,0.015880643122408965,0.019678944615534794,2024-05-24,2024-09-09,739029.0,739137.0,2.2473354703079567,0.23855890006324104,0.5423997938643949,0.06049636268655142
2024-10-01,739159.3518481434,0.9131202320471856,9.893208626647379,0.5533749339322391,-0.0020712410326704234,-0.0005759175175574353,-0.00038493914269114974,-0.00042837231872953874,2024-06-03,2024-09-09,739039.0,739137.0,2.650776621264689,0.3319411931068908,0.5423997938643949,0.06580076480773997
2024-10-07,739165.666748724,0.9645233872392827,5.52315441962868,0.5957017564191979,-0.0023569987403470253,0.00042555177621857296,0.0003612059103472732,0.00022499912127157303,2024-06-10,2024-09-09,739046.0,739137.0,1.2561205324796545,0.9672361503052574,0.5423997938643949,0.07602316564885628
2024-09-22,739150.1495805464,0.3077336706713441,5.856733196124891,0.7596704074582572,-0.09233836014357324,0.010974676668997258,0.010835994040684202,-0.0017391840441106903,2024-06-17,2024-09-09,739053.0,739137.0,1.8641274412751814,0.4420892966937004,0.5423997938643949,0.05125068238191195
2024-10-16,739174.5426777649,0.29724365056784735,5.976188810704002,0.9636212937808424,-0.14060004662851103,-0.0050781598783629055,-0.004885984270290733,0.0013837866384259858,2024-06-25,2024-09-09,739061.0,739137.0,1.0526270285891695,1.3771060022192352,0.5423997938643949,0.07263199662550339
2024-09-20,739148.0095806035,0.27906066835277127,7.999604645944723,0.7299471397997819,-0.09416912851406765,0.015235687264823557,0.008395455017502357,0.012713870436676676,2024-07-02,2024-09-09,739068.0,739137.0,2.5251937203368624,0.2156138268693383,0.5423997938643949,0.036223723811904
2024-09-18,739146.4962787554,0.23302736481245173,12.635755195877923,0.7471659444004105,-0.11822856183892468,0.007983913174470437,0.004465682035377963,0.006618198662505163,2024-07-10,2024-09-09,739076.0,739137.0,4.031457083007457,0.27309410280407925,0.5423997938643949,0.06820696497051121
2024-09-11,739139.543569942,0.1052403622539189,9.187975006221007,0.8995896718983062,-0.29949651279694467,0.011128790884429522,0.0012759481164795522,-0.011055403337437033,2024-07-17,2024-09-09,739083.0,739137.0,4.535276061581542,0.3082522940474637,0.5423997938643949,0.0658515331711105
2024-09-15,739143.6987117998,0.8965003935022935,9.802441974907307,0.5820537758415696,-0.0048656247131123685,0.0010678438124398196,0.0008379764910814197,0.0006618805089749054,2024-07-24,2024-09-09,739090.0,739137.0,3.247322000910654,0.4167226224519408,0.5423997938643949,0.05272959008902908
2024-11-01,739190.5294515844,0.7328551025732083,12.775855380357305,0.6718751214976186,-0.007446446031042036,-0.0018950450226351099,-0.001241114617076794,0.0014320719762262047,2024-03-22,2024-09-10,738966.0,739138.0,2.953697341558934,0.22540193644915144,0.5555258026838976,0.1897662390447578
2024-10-15,739173.4629186685,0.5235216563774029,3.8832616788487213,0.8882915809354582,-0.04355149978235041,0.0077592791493803675,0.007737471390230525,0.0005813341580993065,2024-04-01,2024-09-10,738976.0,739138.0,1.0612142450665165,0.7566930300194614,0.5555258026838976,0.2740445704243147
2024-09-23,739151.0416215179,0.31440883233720235,5.0655479742919765,0.7750798713870726,-0.09176450001125337,-0.013397857383432297,-0.0028206704761204672,-0.013097572314438042,2024-04-08,2024-09-10,738983.0,739138.0,2.060718137368032,0.42511620194015765,0.5555258026838976,0.3155854989663556
2024-10-10,739168.9039788066,0.82678489047575,8.862412112447526,0.608809437626014,-0.0041513138945755285,0.0010176363673750132,0.0009671096687669362,-0.0003166743828946693,2024-04-15,2024-09-10,738990.0,739138.0,2.476781829833592,0.38056911820803113,0.5555258026838976,0.2607198766860456
2024-11-12,739201.0222962539,0.3426095982871638,12.963934239673092,0.9162486548585742,-0.09226764151118054,-0.006974746421256478,-0.004030605687787376,-0.005692214457520562,2024-04-22,2024-09-10,738997.0,739138.0,2.423812218983091,0.34960988468102044,0.5555258026838976,0.22754684006614428
2024-10-06,739164.2745362713,0.2609476771069104,11.263476091710837,0.7500723488369359,-0.09642640497515463,-0.011182839893261607,-0.00006008807670725142,-0.011182678458283793,2024-04-29,2024-09-10,739004.0,739138.0,3.24160546907186,0.1997675126119621,0.5555258026838976,0.06736999329426133
2024-11-10,739199.6944664286,0.21324724494256136,5.968932897597333,1.0097471240338443,-0.2028970322952176,0.009394292619468657,0.009196416844166397,-0.0019179809823186048,2024-05-06,2024-09-10,739011.0,739138.0,1.0620215685178946,0.7716108812746221,0.5555258026838976,0.09569056984254129
2024-10-06,739164.6848905918,0.5056459912864327,3.431974460308113,0.6039849065867071,-0.01569699360027299,0.0038242644433612583,0.0025280774976500515,-0.0028694638346967627,2024-05-13,2024-09-10,739018.0,739138.0,0.9308548828998108,0.6047433297734534,0.5555258026838976,0.08724266609651377
2024-09-19,739147.1534919705,0.4034354118449822,9.885169690961341,0.6144165352511164,-0.0318658686351237,-0.003944413172792006,-0.0032264634032772035,0.002268992989193221,2024-05-20,2024-09-10,739025.0,739138.0,4.076576835706692,0.32971085694001695,0.5555258026838976,0.09186391508818217
2024-09-20,739148.7010885642,0.89923771367786,6.82157063555293,0.5272644168777005,-0.0017409072467217323,-0.0005408015426459576,-0.0003134408592765841,0.000440705271427747,2024-05-28,2024-09-10,739033.0,739138.0,2.5846558297050866,0.4243535537925443,0.5555258026838976,0.088924153270796
2024-10-12,739170.1689636841,0.6784671958819931,12.685102038908251,0.6292210091001673,-0.00921285344323594,0.00157252782835745,0.00048192945784580627,-0.001496859301544084,2024-06-04,2024-09-10,739040.0,739138.0,2.822076787621386,0.31335073086678245,0.5555258026838976,0.0553743914982986
2024-10-11,739169.9450524944,0.7682765862167829,4.193109522929262,0.6408127188677782,-0.006629498156979264,-0.0008586700628597505,-6.38814633891475e-6,0.0008586462999617053,2024-06-11,2024-09-10,739047.0,739138.0,0.8994066182674733,1.4146067441991519,0.5555258026838976,0.07852067284562936
2024-10-03,739161.3266916171,0.7374685158346291,7.2872970495842635,0.618740296028537,-0.007737949503593096,0.0014673817387759439,0.001034182567752817,0.0010409973985795076,2024-06-18,2024-09-10,739054.0,739138.0,1.7701927756190292,0.533654028674076,0.5555258026838976,0.06364622631750169
2024-10-09,739167.0226563715,0.1538222665970548,3.8144995063528926,1.1768559103188185,-0.37436718309220024,0.00616273781452884,0.006042770024582507,0.0012100693371170205,2024-06-26,2024-09-10,739062.0,739138.0,0.7807863355434533,2.4496595074233016,0.5555258026838976,0.07725686346902168
2024-10-12,739170.3863885587,0.6735323621959678,14.713205144858948,0.6237158359880518,-0.009089137922581867,0.0015630242327205127,0.0006315290860308594,0.0014297607371754808,2024-07-03,2024-09-10,739069.0,739138.0,2.672325897397598,0.26620006659823126,0.5555258026838976,0.063027450190378
2024-09-20,739148.9197628627,0.8582616186333545,8.14683150418793,0.5841202569949097,-0.004911222053439039,-0.0021066562695868044,-0.0005576888572943353,0.0020314979145052373,2024-07-11,2024-09-10,739077.0,739138.0,2.4440769997183684,0.24559914329805166,0.5555258026838976,0.030534296582786977
2024-10-04,739162.4146363406,0.7046717983115885,5.670146271064735,0.5356398799591675,-0.0023849897584478225,0.004025365649939881,0.0023983024079158037,0.0032329110992882523,2024-07-18,2024-09-10,739084.0,739138.0,1.0529825160292665,0.07363322305322963,0.5555258026838976,0.029211735113228755
2024-09-24,739152.5071996889,0.7062605704564836,5.8798845634602355,0.5893341407275209,-0.007196290285469301,0.004649038986127726,0.00442178134074291,0.0014357622606801402,2024-07-25,2024-09-10,739091.0,739138.0,1.351790025552238,0.1859266509554837,0.5555258026838976,0.01579107461993638
2024-11-23,739212.3342386421,0.6286809209612777,6.861694384929828,0.8510219175451341,-0.019294881287757523,-0.002787981803219259,-0.0021492862694242466,-0.0017757846342240145,2024-03-25,2024-09-11,738969.0,739139.0,1.3098409848760553,0.6340902651908943,0.5393752168894574,0.25817955789312896
2024-10-11,739169.5967723727,0.28044602066205054,2.865306330889418,1.4685348713555413,-0.30347191957132996,0.034074564727024644,0.006009772291299931,0.03354040247735431,2024-04-02,2024-09-11,738977.0,739139.0,0.8389560196570884,0.8716987388014075,0.5393752168894574,0.30996428248021013
2024-11-03,739192.6650952533,0.21816498202767126,9.9692132884635,1.2723992579614043,-0.2992138929914458,0.013234880030199807,0.013185486299812529,0.0011423661633809623,2024-04-09,2024-09-11,738984.0,739139.0,2.1546189622460763,0.49475011139474984,0.5393752168894574,0.3553314829142887
2024-10-17,739175.3499012183,0.2648817129566146,13.336741830601373,0.8944137437961497,-0.13698778942526746,-0.01583840901287921,-0.015636020946864344,-0.0025238956017380795,2024-04-16,2024-09-11,738991.0,739139.0,3.4463605893497014,0.17177997510254842,0.5393752168894574,0.21157198464494276
2024-09-26,739154.3978958739,0.40762124656007337,10.287513666303816,0.6464159186626106,-0.03584179050958186,0.007315359591457066,0.00379776888930685,-0.006252314564682097,2024-04-23,2024-09-11,738998.0,739139.0,3.7955639011929203,0.1941334648116117,0.5393752168894574,0.17154026296664746
2024-10-24,739182.8644273599,0.38781376306691107,5.384452618820088,0.7417332910885913,-0.04940523094454559,-0.004340361189163772,-0.0025807957210599694,0.003489731894939453,2024-04-30,2024-09-11,739005.0,739139.0,1.1996768237068418,0.8198392761007446,0.5393752168894574,0.09930703168554016
2024-11-01,739190.1919885572,0.5411490420258859,11.314994209370566,0.6376098533474529,-0.014772857985953115,-0.002010640985389957,-0.0007843442012134052,0.001851345820248827,2024-05-07,2024-09-11,739012.0,739139.0,2.2461456139772538,0.3513925501126805,0.5393752168894574,0.09880308784459532
2024-10-03,739161.0555106084,0.13637648922040493,10.063239295342397,1.0318680579967348,-0.32488330779690444,0.02164851272104064,0.00954087228844451,-0.019432700764655694,2024-05-14,2024-09-11,739019.0,739139.0,2.9832555082601937,0.20337662650309588,0.5393752168894574,0.04922808094417425
2024-10-21,739179.1025183016,0.06129791948566733,13.019624488574923,2.282175184931096,-1.390667511547528,-0.02860200549436859,-0.012373124798420758,0.02578721584472811,2024-05-21,2024-09-11,739026.0,739139.0,2.7759777084065,0.2289149196691519,0.5393752168894574,0.04999122939616499
2024-09-24,739152.446500376,0.5323831315055244,2.469435633202161,0.5957541510683995,-0.014704375488398432,0.0031319034675175127,0.0026062379130314815,0.0017367622953431273,2024-05-29,2024-09-11,739034.0,739139.0,0.8551166032892926,1.0121964096144167,0.5393752168894574,0.08156266768041424
2024-10-21,739179.4968883491,0.5046954847446666,11.694466551472312,0.6735968860100054,-0.02269409926068172,-0.003017539832342527,-0.002251859796482761,0.0020086498193459174,2024-06-05,2024-09-11,739041.0,739139.0,2.2886133461237153,0.32457042317393064,0.5393752168894574,0.06416739991657007
2024-09-29,739157.3238807218,0.39975286499819085,13.803908232614074,0.6878833499863526,-0.04478830767645324,-0.0029143092992410594,-0.0006988262786250064,0.0028292826871746195,2024-06-12,2024-09-11,739048.0,739139.0,3.924011959554372,0.4450599680218616,0.5393752168894574,0.0784521764863377
2024-10-06,739164.0508180641,0.2376145769440275,9.068582728497262,0.9001656641683906,-0.16415938350486606,-0.0123890068915833,-0.003770109635792095,0.011801430637588232,2024-06-20,2024-09-11,739056.0,739139.0,2.109678916580507,0.34718653899128665,0.5393752168894574,0.04865560515400403
2024-10-15,739173.6718675956,0.665231347052137,6.225470307567327,0.703546245745159,-0.01420677584155078,-0.001308934338727102,-0.0011361689258902418,-0.0006499455938310298,2024-06-27,2024-09-11,739063.0,739139.0,1.1499798331555242,1.159786920512766,0.5393752168894574,0.06933135589743827
2024-10-09,739167.2547611902,0.03401247403122488,8.221878090937462,4.55843734384239,-3.56305222129574,0.0367102691015481,0.015522888308187625,-0.03326685732195949,2024-07-05,2024-09-11,739071.0,739139.0,1.603940554768692,0.4015150324925103,0.5393752168894574,0.03839685826910987
2024-09-14,739142.409561801,0.5208816049231147,13.32058528527264,0.5832785809061058,-0.017139861456906536,-0.0021246685391632463,-0.0016342728801999366,0.0013577070944622359,2024-07-12,2024-09-11,739078.0,739139.0,6.230106745462094,0.3154509451748693,0.5393752168894574,0.07046170771832233
2024-10-05,739163.0110569422,0.03870786825708717,3.0751885184552785,-8.01007869687017,7.356377419297778,-0.17599906250578307,-0.14850819813925187,-0.09445096658238725,2024-07-19,2024-09-11,739085.0,739139.0,0.5767147709342944,0.5261155740070125,0.5393752168894574,0.038750047117496786
2024-09-18,739146.0270426901,0.0746310123195968,9.15144849133256,1.5422639452324205,-0.8303938972694499,-0.020230731486597573,-0.01595866612581192,-0.01243396445095745,2024-07-26,2024-09-11,739092.0,739139.0,2.9708468391207914,0.33473571765254184,0.5393752168894574,0.05015278459179985
2024-10-24,739182.4118581449,0.38910331186838565,5.921505267207534,0.8986071269547032,-0.07807892297518784,-0.009745397910284134,-0.006647021343378107,-0.007126702441553615,2024-03-26,2024-09-12,738970.0,739140.0,1.5183591543321255,0.5264620191746425,0.5677459140186729,0.296428240682901
2024-10-06,739164.6678443435,0.38497483729200954,11.37286822953024,0.744464664931732,-0.05669789502703184,0.011597492624293344,0.007305567899059022,-0.00900724779512459,2024-04-03,2024-09-12,738978.0,739140.0,3.6632303053671755,0.16548748940139205,0.5677459140186729,0.2055636209068228
2024-11-07,739196.8706822894,0.29877447046505906,11.955886111275074,1.0548888221276902,-0.14969687361696835,0.010107335125095814,0.000013170031331515388,-0.010107326544703773,2024-04-10,2024-09-12,738985.0,739140.0,2.5026056855070853,0.3701159323723343,0.5677459140186729,0.3148909016269848
2024-10-02,739160.344996349,0.31018167717913975,11.10090362868798,0.7528712331405729,-0.08163484142735812,-0.013520085448106062,-0.012820900172342553,-0.004291529948039043,2024-04-17,2024-09-12,738992.0,739140.0,3.733490429091422,0.1687150887104488,0.5677459140186729,0.19964349240769036
2024-10-13,739171.1551547339,0.3481875965193491,10.516350743598561,0.7882815198363252,-0.07268201490214063,-0.009143760586076112,-0.00360159734729304,0.00840457340996262,2024-04-24,2024-09-12,738999.0,739140.0,2.8611001842409567,0.2631784628143069,0.5677459140186729,0.1626826687342228
2024-10-01,739159.0833574921,0.020958035707554504,12.661891867948931,3.7550709056732683,-3.0205483890269047,-0.0036267966931695502,-0.0018151880751022173,-0.003139864090305867,2024-05-01,2024-09-12,739006.0,739140.0,4.195986449362161,1.3785247316120444,0.5677459140186729,0.11575532547853404
2024-09-23,739151.7490943875,0.10734601616360465,7.545065361409439,1.0107637492567134,-0.3583640331437904,0.02192653221096486,0.019953042237619234,-0.00909114515681398,2024-05-08,2024-09-12,739013.0,739140.0,2.9647294354926954,0.23252914219653448,0.5677459140186729,0.059183329977509885
2024-09-29,739157.0008539343,0.6131280992302252,7.9967519081509355,0.5717925500768829,-0.008475347918718214,-0.0022587206606306583,-0.0010253061962318235,0.002012601854994779,2024-05-15,2024-09-12,739020.0,739140.0,2.655820255453695,0.287695194860797,0.5677459140186729,0.08424781462371347
2024-09-26,739154.0184683083,0.6113671611975259,14.90619826081512,0.5747282904533442,-0.009330044528387076,0.00031266701451759257,0.0002509815016200047,0.00018646433388697152,2024-05-22,2024-09-12,739027.0,739140.0,5.228656559293386,1.2238744369740007,0.5677459140186729,0.11136149383592314
2024-10-19,739177.2414416041,0.03702197913304595,14.62451508424529,3.7315879399638687,-2.785765729119563,-0.0284567122503429,-0.016334333958897253,0.023301802638809547,2024-05-30,2024-09-12,739035.0,739140.0,3.1191770509496495,0.24782095479053595,0.5677459140186729,0.04780189687176477
2024-09-17,739145.8113846125,0.9587413562467664,6.136804477774526,0.5331160897827956,-0.0016339425265515662,0.00018737698568904826,0.00016926337453831386,-0.00008037440392199672,2024-06-06,2024-09-12,739042.0,739140.0,2.8155965299177583,1.362321789423053,0.5677459140186729,0.09188173401111364
2024-10-04,739162.4259432101,0.08100355128374705,11.892494116895206,1.5470035019417336,-0.778516785942056,0.023837963481194293,0.023313948327184666,0.004970746053472869,2024-06-13,2024-09-12,739049.0,739140.0,3.0680171678502077,0.2224487373058209,0.5677459140186729,0.048921743627033554
2024-10-14,739172.1011549901,0.7148412956199036,12.066436193947258,0.6131626928064728,-0.006840428812692287,-0.001536409443030403,-0.0014664092228241269,0.0004584735192454777,2024-06-21,2024-09-12,739057.0,739140.0,2.4522379948848148,0.2637588085987349,0.5677459140186729,0.05249994450857093
2024-10-14,739172.9008648833,0.7894410030674344,9.050534341756894,0.6816627997563727,-0.007852448129905558,-0.0016246543250998168,-0.0016179006099965882,0.00014798409454467952,2024-06-28,2024-09-12,739064.0,739140.0,1.724115593010982,0.42158928482736474,0.5677459140186729,0.037459399025340054
2024-10-09,739167.7940805921,0.13271223686617864,10.40525050834278,1.566182490206811,-0.6397510487784386,-0.03179802919528867,-0.0012209508579413629,0.03177458008702741,2024-07-08,2024-09-12,739074.0,739140.0,2.014214719146097,0.25660743268559116,0.5677459140186729,0.01570802046031699
2024-10-03,739161.861190624,0.9156189266461388,2.206266996822608,0.2087086996978242,0.012642380666096735,0.007810363947141761,0.0078078702217958245,-0.00019735142868966955,2024-07-15,2024-09-12,739081.0,739140.0,0.4592962826777845,0.6717602227493301,0.5677459140186729,0.049069947188387926
2024-09-14,739142.9474433981,0.24999322019614528,10.901243032244116,0.7007825000217576,-0.09654410698966406,0.006746443819897807,0.004443185611003136,-0.005076672713619819,2024-07-22,2024-09-12,739088.0,739140.0,5.075597805678673,0.3281731687278917,0.5677459140186729,0.06181219574907021
2024-09-19,739147.5187268956,0.6266318443455675,2.4291015496531574,0.49267628414997905,0.0039015100918850833,0.009354733202343465,0.009248290719964778,-0.0014071787541178324,2024-07-29,2024-09-12,739095.0,739140.0,0.7514694743731645,0.10758906142322419,0.5677459140186729,0.042331572927731966
2024-10-29,739187.4300771526,0.4871310993540209,3.581544287692469,1.1374731299239327,-0.07425786059122318,0.01146961762008926,0.0076400975256067545,-0.00855459164135142,2024-03-27,2024-09-13,738971.0,739141.0,0.877443956599778,0.8805804193226183,0.5960496901815246,0.2753533938260065
2024-09-20,739148.9145673247,0.8214056539839403,8.157308045724413,0.5677388549000926,-0.00400688671526975,0.0016382937550753138,0.0005957453049608273,0.0015261369399683317,2024-04-04,2024-09-13,738979.0,739141.0,3.981280844831866,0.24627828076417996,0.5960496901815246,0.16869093275836533
2024-10-27,739185.6977576517,0.8543865890137905,5.298380673058974,0.6876135662135062,-0.0047828256719160255,0.0011600901907129206,0.00040858490366830563,0.0010857567071322664,2024-04-11,2024-09-13,738986.0,739141.0,1.2622656428545118,0.6648199785788573,0.5960496901815246,0.24103676991643405
2024-10-13,739171.0217041831,0.7328557739066527,4.440016513895458,0.6717083756354888,-0.008885705772795956,-0.002007707086449318,-0.0018397021254637244,0.0008039799963575352,2024-04-18,2024-09-13,738993.0,739141.0,1.2578273425627755,0.7305088894410108,0.5960496901815246,0.23823946420312567
2024-11-11,739200.259649019,0.1215439300154453,8.354608180351011,1.5781430893892316,-0.6350461203470761,-0.013095785136822536,-0.0023771519073157994,-0.012878227252202345,2024-04-25,2024-09-13,739000.0,739141.0,1.6191294979615665,0.7054738399098363,0.5960496901815246,0.19103338648564944
2024-11-16,739205.6093985796,0.259216155105688,6.274068699341323,0.9899216273726685,-0.15519879862870142,0.008030350776827332,0.0013314795448552432,0.007919197927853769,2024-05-02,2024-09-13,739007.0,739141.0,1.1213507939086444,0.7984847637678527,0.5960496901815246,0.09932060953145043
2024-10-03,739161.6503555869,0.03622945842009507,14.070405301059601,2.4500073562514526,-1.708296807277896,0.005125177363820463,0.005098032440915993,0.0005267905105312702,2024-05-09,2024-09-13,739014.0,739141.0,4.405106107701094,0.8582418031695984,0.5960496901815246,0.11623485545995484
2024-10-05,739163.4513442913,0.7503614672097636,13.713156708604055,0.5680744815783362,-0.0042774668473259635,-0.0003362919503014019,-0.0002804709547147433,-0.00018554869818708243,2024-05-16,2024-09-13,739021.0,739141.0,4.032526948908974,0.6959904255707614,0.5960496901815246,0.1303506041247001
2024-10-14,739172.9511878178,0.67649082735577,3.4297276757063733,0.6258522284715891,-0.00800006814437521,0.0017686522317782215,0.0011670374382172452,-0.0013289673941724132,2024-05-23,2024-09-13,739028.0,739141.0,0.8254399203896363,0.8921821176304949,0.5960496901815246,0.08728212272276928
2024-10-23,739181.5237710206,0.5514911151750918,6.074387128168043,0.7214452486450106,-0.022644037152180125,-0.0018391885855258711,-0.0004118450346644605,-0.001792483841085014,2024-05-31,2024-09-13,739036.0,739141.0,1.2359661764794834,1.117798826537338,0.5960496901815246,0.08244466638622423
2024-10-22,739180.5943850243,0.5479667049668696,4.862216325770235,0.7404997752359381,-0.024696666831220574,0.0018750457045437951,0.0008048377914372254,-0.0016935266527582573,2024-06-07,2024-09-13,739043.0,739141.0,0.9639199273671559,1.484384390173189,0.5960496901815246,0.08024159949457126
2024-10-16,739174.0652589472,0.7934210937780286,8.320024977779592,0.6420668621683372,-0.0059052424671347135,0.0007956634790809942,0.0006884240884448083,0.00039893940190485885,2024-06-14,2024-09-13,739050.0,739141.0,1.7509866095747575,0.7077622944077597,0.5960496901815246,0.07635413088133428
2024-09-20,739148.1782147372,0.48545144891348835,12.94263819054792,0.6264157556285413,-0.025250301896064763,-0.0029169117516487583,-0.0024671147076420373,0.0015561873878948422,2024-06-24,2024-09-13,739060.0,739141.0,5.16682815989949,0.32468802820715637,0.5960496901815246,0.07186602699251798
2024-09-13,739141.165181062,0.8391113226629545,4.728836226543201,0.5846721983851819,-0.006574414575322591,0.0026713244358682834,0.002573169867580878,0.000717475486857084,2024-07-01,2024-09-13,739067.0,739141.0,4.596241956124104,0.43671263569869484,0.5960496901815246,0.030019625542451748
2024-09-27,739155.5426539694,0.4123643078790279,12.341558462594868,0.695431372536792,-0.04491449338414847,0.0023588952844250826,0.0010928739165791126,0.0020904577406261815,2024-07-09,2024-09-13,739075.0,739141.0,3.362157246072387,0.6361930293451736,0.5960496901815246,0.07598352569729415
2024-09-27,739155.1673599478,0.7534540998625987,10.751901418852816,0.6146119828148131,-0.00783132274027618,0.0019630879375053013,0.0015800874106410346,0.001164919750503239,2024-07-16,2024-09-13,739082.0,739141.0,2.809493016811442,0.27955476189774003,0.5960496901815246,0.05886829339992791
2024-09-26,739154.6053340222,0.8419205486717616,10.297758806172121,0.6331266245230385,-0.006991734913994581,-0.001982574841557305,-0.0003733214337029333,-0.0019471091673334512,2024-07-23,2024-09-13,739089.0,739141.0,2.578371113217564,0.28832596688990764,0.5960496901815246,0.031086810077330322
2024-10-02,739160.49279997,0.9711137611799263,12.068598533879104,0.653211379905991,-0.004445226964820029,0.0009655236363115909,0.0009558129300259536,-0.0001365925879085644,2024-07-30,2024-09-13,739096.0,739141.0,2.2982259963934717,0.3704625382345719,0.5960496901815246,0.025086647614532935
2024-10-01,739159.1582210257,0.8674262608219097,6.395669786180719,0.5899073033702983,-0.003429554849815521,0.000982212164235401,0.0006781107421818338,-0.0007105677708069743,2024-03-28,2024-09-16,738972.0,739144.0,2.5584075821333605,0.4735643247590009,0.5794547927575708,0.27934944254159005
2024-09-16,739144.2019437065,0.1933897647332264,11.5742080681938,0.8342929024387171,-0.18442331537186377,0.02124553130918986,0.0005834051350952861,-0.021237519607009446,2024-04-05,2024-09-16,738980.0,739144.0,12.343609600943891,0.14504088075880714,0.5794547927575708,0.39578655594249196
2024-10-11,739169.4536262879,0.2257135323144464,3.3105387985465793,1.2857664683326633,-0.3155460670518077,-0.02309231327926543,-0.022801189476364305,-0.003655227906803099,2024-04-12,2024-09-16,738987.0,739144.0,1.0377797404946258,0.93165312733745,0.5794547927575708,0.32072559851557353
2024-10-11,739169.5256697843,0.584240835764893,3.0486045110364284,0.79407969214034,-0.027162342439443904,-0.005176480942322052,-0.003645634432098467,0.003674956398887132,2024-04-19,2024-09-16,738994.0,739144.0,0.9355153776937403,1.0055957325029121,0.5794547927575708,0.25292428315772136
2024-11-20,739209.3799828482,0.7145851259337191,7.477275913991979,0.6828653570830385,-0.007379025054745389,0.001017693870580104,0.0005593018757515437,0.0008502248090929351,2024-04-26,2024-09-16,739001.0,739144.0,1.37943771795991,0.6929348303749057,0.5794547927575708,0.14229285020016444
2024-10-17,739175.7426716232,0.338313404825291,8.757369709498313,0.7290991373550006,-0.05959544121870833,0.0029239705761646105,0.001830929324304001,0.002279759140716426,2024-05-03,2024-09-16,739008.0,739144.0,2.3203198211880274,0.7873821457044886,0.5794547927575708,0.12531584974131102
2024-09-20,739148.4491825011,0.4536661370109457,5.909363808434626,0.5872791520341678,-0.0199082362630468,-0.0026151517203491293,-0.00029367444587287964,-0.0025986099823340665,2024-05-10,2024-09-16,739015.0,739144.0,3.1986560264078445,0.5844286954409124,0.5794547927575708,0.11523817357818956
2024-10-24,739182.2206165108,0.5904025229786672,7.833878949808052,0.6469948576107355,-0.012952186224701479,0.0006486615637260467,0.0001188662031572538,0.0006376775439064001,2024-05-17,2024-09-16,739022.0,739144.0,1.7868854468449096,1.504860571664601,0.5794547927575708,0.12856534131835998
2024-10-27,739185.46025528,0.3423879341654124,6.096049495602836,0.8527596283342455,-0.08423551517090364,0.004570823828898432,0.0021432729669324897,-0.004037178651489444,2024-05-24,2024-09-16,739029.0,739144.0,1.2885121586647814,1.0350723814955274,0.5794547927575708,0.09055182504029226
2024-10-15,739173.4430775357,0.02443091677140253,6.494398452616689,5.491824440341219,-4.530867952791784,0.01600476311697291,0.011272146784599578,-0.01136182860708864,2024-06-03,2024-09-16,739039.0,739144.0,1.5697335033584956,1.064959245867391,0.5794547927575708,0.07923437219802414
2024-10-07,739165.5048926413,0.7772615676721037,7.661310726905002,0.6128472970394088,-0.005692338101012098,-0.0006335140112197212,-0.0006310829098943148,-0.00005544694086264094,2024-06-10,2024-09-16,739046.0,739144.0,2.0912540285051855,0.9115879597533247,0.5794547927575708,0.08764570317228787
2024-09-29,739157.599332575,0.12186345621742348,3.83996210581393,1.2074868752928283,-0.4560103497226556,0.00806437502663049,0.007664386048208559,-0.0025082525937727028,2024-06-17,2024-09-16,739053.0,739144.0,1.2468150300394591,1.7945292277005676,0.5794547927575708,0.07807229546410932
2024-10-06,739164.6442924222,0.9054462552964142,8.460142165966783,0.6205964623852629,-0.00375559869619543,0.0009074483189321721,0.000857509030012545,-0.00029688501979683874,2024-06-25,2024-09-16,739061.0,739144.0,2.172569758691418,0.4429373418470986,0.5794547927575708,0.052125168390434
2024-09-25,739153.5475925115,0.4746823632865861,3.1841798367292578,0.6601850170491704,-0.029562350888969822,-0.002743180259274632,-0.002548913116375776,0.0010139427301586454,2024-07-02,2024-09-16,739068.0,739144.0,1.1112545171171067,1.6065347675499122,0.5794547927575708,0.07640478460062501
2024-09-30,739158.7376818912,0.10794913632848173,7.841188663602464,1.5432498551906808,-0.707005539088624,-0.03140578606488878,-0.021658194380032834,0.02274304321216219,2024-07-10,2024-09-16,739076.0,739144.0,2.1530716640696936,0.30992058062465205,0.5794547927575708,0.025529755615356368
2024-09-22,739150.3312709167,0.7215048702331822,12.650753160352163,0.6053569153265957,-0.00877324318617956,-0.0013995298626256055,-0.0004226039977618002,0.0013342000215322259,2024-07-17,2024-09-16,739083.0,739144.0,4.759997515537428,0.35752044573416486,0.5794547927575708,0.06859338729024449
2024-09-29,739157.8168764098,0.4116755930511119,13.224823634318604,0.768136780735129,-0.06136991368673767,-0.004019407459670043,-0.0028101190682758336,-0.0028738244812381553,2024-07-24,2024-09-16,739090.0,739144.0,3.3485627791666936,0.4752900351891895,0.5794547927575708,0.05643232973864676
2024-09-19,739147.2422905206,0.8881816390186184,5.301853418492119,0.5706093187440543,-0.003188859024617511,-0.003039133359014428,-0.002747132120734355,-0.001299844869630174,2024-07-31,2024-09-16,739097.0,739144.0,2.3125432817535363,0.1757760241005437,0.5794547927575708,0.012593742871027625
2024-12-03,739222.7895327706,0.3109662896903221,8.605456658486585,1.2197611169664098,-0.1686988037416436,0.011925503243513935,0.009375922969956419,0.007369511250585416,2024-04-01,2024-09-17,738976.0,739145.0,1.5812440287299456,0.5111809707431265,0.6092007594059355,0.2979385415452067
2024-10-14,739172.9211726211,0.4713578090119882,2.1464247202735702,1.311733074646593,-0.113845534742968,-0.025328574443683312,-0.005630040359617695,-0.024694925164865007,2024-04-08,2024-09-17,738983.0,739145.0,0.654950700837356,0.9870526051490145,0.6092007594059355,0.29335010146106844
2024-10-21,739179.0953343986,0.8740323391063567,10.429576986431757,0.6268418030763034,-0.003311028505155098,-0.0008244848176415548,-0.0003564914220801861,0.0007434306157972474,2024-04-15,2024-09-17,738990.0,739145.0,2.8435914233174033,0.3365433895182499,0.6092007594059355,0.24119334245571575
2024-11-04,739193.2468248778,0.7210360043521554,10.721633579189156,0.6703272324414888,-0.007448329255156249,-0.0009440475163049673,-0.0003428507058785172,-0.0008795903060631014,2024-04-22,2024-09-17,738997.0,739145.0,2.3941542221020145,0.5305923732603582,0.6092007594059355,0.2591215455135734
2024-09-18,739146.5868077358,0.8487623052104631,14.624884149001822,0.5352949656380868,-0.00231459954607384,0.00039633472862188367,0.000035645387143686685,0.0003947285440491466,2024-04-29,2024-09-17,739004.0,739145.0,10.470174162173096,0.33892794933175874,0.6092007594059355,0.14221694754843528
2024-09-20,739148.0217543559,0.8242202684804849,14.14369898360282,0.5397243406077444,-0.0026581361871535797,0.0003280497417789154,0.00027037945645468374,-0.00018577293292749305,2024-05-06,2024-09-17,739011.0,739145.0,8.586145164577568,0.47219111718133694,0.6092007594059355,0.1461938001907179
2024-11-12,739201.0979030374,0.9435822592829808,2.123303154931574,0.6686124410135045,-0.0012439995157269579,0.0015613361466136461,0.0014893752153078373,0.0004685424535184428,2024-05-13,2024-09-17,739018.0,739145.0,0.39974998255637134,0.35407197947335084,0.6092007594059355,0.08741474694656047
2024-10-22,739180.3428253072,0.7774711677570629,6.516368886450274,0.6236076176567539,-0.004987219439800906,0.0006671370676780436,0.00043854045285914223,0.0005027465944948378,2024-05-20,2024-09-17,739025.0,739145.0,1.5354852781766475,0.8919120614688404,0.6092007594059355,0.1198414945364529
2024-11-10,739199.161668947,0.6978808041345043,5.8879907918464465,0.7160367647990633,-0.009841419639679008,0.0010715659784201919,0.0002684987551982309,-0.0010373823135973658,2024-05-28,2024-09-17,739033.0,739145.0,1.050480832025616,1.0885614861407338,0.6092007594059355,0.08777735248320025
2024-10-14,739172.0707271578,0.4051009061248739,12.200959446967866,0.7532950223290357,-0.05083394703702539,-0.0057646583328315034,-0.005616589696717771,-0.001298154795472198,2024-06-04,2024-09-17,739040.0,739145.0,3.0775971260553323,0.2927854502637048,0.6092007594059355,0.05300695942190574
2024-10-19,739177.9177228425,0.8765441065141177,14.392809262819084,0.6202217078206688,-0.0033248425266324873,0.0006964661660384595,0.00021430209107964394,0.0006626761910580486,2024-06-11,2024-09-17,739047.0,739145.0,3.1624255711425797,0.2907363014610298,0.6092007594059355,0.0613242820280883
2024-10-25,739183.2498097278,0.3578171986617625,8.864000936408488,0.9323040174693874,-0.09728188949103495,-0.00529455354569863,-0.004200714716921452,-0.003222777236376952,2024-06-18,2024-09-17,739054.0,739145.0,1.7177405983646845,0.7417098908544445,0.6092007594059355,0.07277482608758226
2024-10-05,739163.6786585868,0.7523996868207308,10.979848331487332,0.6129174075541749,-0.006439309603806407,-0.0014164481166506011,-0.0014162872212013875,0.000021348869400670003,2024-06-26,2024-09-17,739062.0,739145.0,2.961021733056114,0.31152356223967953,0.6092007594059355,0.05629572685376407
2024-10-17,739175.9817435938,0.37405475271698246,11.536659531425181,0.9106439120249017,-0.09103293230481665,0.01017332792928928,0.0001066042712512205,0.010172769371523645,2024-07-03,2024-09-17,739069.0,739145.0,2.275425754303175,0.2901286315772354,0.6092007594059355,0.02422962277073401
2024-10-20,739178.8172603478,0.9876480200536821,2.1018907810709146,0.4086245392723105,0.004022251794765712,0.0035891979047764128,0.003582472392586186,-0.0002196204817616024,2024-07-11,2024-09-17,739077.0,739145.0,0.36871767552320733,0.5265794428344127,0.6092007594059355,0.06491848557827577
2024-09-22,739150.0098087712,0.642189575001996,9.241306208463296,0.6389838091251279,-0.01599988629268349,0.0041770632868292305,0.0039924064577613215,-0.0012282297741881645,2024-07-18,2024-09-17,739084.0,739145.0,3.79231783709275,0.2661801903815654,0.6092007594059355,0.04192453832962016
2024-09-17,739145.7038453826,0.5927354768335283,14.004061060906356,0.6200106272430684,-0.01859657916920458,0.0024513177346681273,0.0006914853937587085,-0.002351766694746067,2024-07-25,2024-09-17,739091.0,739145.0,9.70232509061551,0.32110005657878454,0.6092007594059355,0.05308268034967822
2024-09-29,739157.7801669636,0.7343030560969867,14.156956515411574,0.7007618009479512,-0.014785032303173623,0.0013344855070424732,0.0013003330997392996,0.0002999756627274806,2024-08-01,2024-09-17,739098.0,739145.0,3.4761128834790407,0.5746638178074689,0.6092007594059355,0.040137942776292956
2024-10-21,739179.1340747289,0.0977820975356676,11.078985935304436,2.189804083808747,-1.1239302945221303,0.037364819190978435,0.02349089794432225,-0.02905696864684868,2024-04-02,2024-09-18,738977.0,739146.0,3.188652550796302,0.2654824582985234,0.601757875498857,0.30287463173490614
2024-10-16,739174.9301106811,0.42429098990018266,2.8428565021257644,1.1034004547134497,-0.10219860145363022,0.016034061145939603,0.0024273243711497032,0.01584926538452026,2024-04-09,2024-09-18,738984.0,739146.0,0.8537930392792328,0.9512842098884938,0.601757875498857,0.30082097854818163
2024-11-06,739195.3788981754,0.17099973886432343,8.817017218199108,1.4676101946234072,-0.45770212351740497,0.013838360964518502,0.013148878959979017,0.004313608266884068,2024-04-16,2024-09-18,738991.0,739146.0,1.9932809633219808,0.6414636201707319,0.601757875498857,0.32080037355939467
2024-11-06,739195.9547068441,0.120883597023175,9.093906549066364,1.7175281616860958,-0.7178804510782936,-0.009724313233107311,-0.002251327587239514,0.009460115852912176,2024-04-23,2024-09-18,738998.0,739146.0,1.9928738388369729,0.9813187000711843,0.601757875498857,0.25864905861466037
2024-09-30,739158.9350417079,0.8555755923736255,6.391376003787301,0.562922854966992,-0.0026353316510885263,0.00039020845253134694,0.0003899486959308746,-0.000014235552982540668,2024-04-30,2024-09-18,739005.0,739146.0,2.5192352893953376,0.9040711784067575,0.601757875498857,0.1492498649058331
2024-10-07,739165.4422552311,0.7426741931391149,10.213605012291543,0.5940770736284088,-0.005380792007522308,0.0014763422065707306,0.0014614242800391332,0.0002093451327693935,2024-05-07,2024-09-18,739012.0,739146.0,3.3581750972508275,0.26501987429201235,0.601757875498857,0.08208710757139016
2024-10-08,739166.7080883773,0.13166914158945422,3.275264398458782,1.077700825217845,-0.3469383765707022,-0.017875882988376633,-0.0013620913655360987,-0.017823913703955845,2024-05-14,2024-09-18,739019.0,739146.0,1.0241551280703352,0.780229700762349,0.601757875498857,0.09238716638702486
2024-09-27,739155.4094994132,0.7995420218448597,7.9734077439379165,0.5663252994905122,-0.003640300333582734,0.00101123527616596,0.000023613800197960305,0.0010109595304475148,2024-05-21,2024-09-18,739026.0,739146.0,3.3264005425373537,0.36097932183778236,0.601757875498857,0.1007660356332907
2024-10-15,739173.2962535636,0.6031589799913347,4.9211441579404696,0.6902165404785833,-0.01665530087496447,0.0018199470743424752,0.0006980662489603785,-0.001680747115264555,2024-05-29,2024-09-18,739034.0,739146.0,1.2765410792168868,1.1216553570418701,0.601757875498857,0.08810648450039874
2024-09-20,739148.5904570587,0.14105362087237341,14.954916729194931,0.9482950083505209,-0.28429554569905563,0.008909238415020952,0.0019107547120004837,-0.008701927692543365,2024-06-05,2024-09-18,739041.0,739146.0,8.869619298912136,0.3009745086792143,0.601757875498857,0.0773097877512888
2024-09-21,739149.830496674,0.6535179324864847,3.5850457370986755,0.6190797193770329,-0.012248611201974617,-0.0018893909471377607,-0.0013955641149104732,-0.0012736557432447245,2024-06-12,2024-09-18,739048.0,739146.0,1.8716748435750918,1.1817560318683984,0.601757875498857,0.07765984452785436
2024-10-21,739179.9779353247,0.19024249903085494,14.71233533107083,1.135502065136043,-0.2915086071815812,-0.017300522180604162,-0.01720861594907397,0.0017809000081008613,2024-06-20,2024-09-18,739056.0,739146.0,3.030872398024111,0.21788036693951754,0.601757875498857,0.04205978821042816
2024-10-01,739159.555368204,0.7313771133391541,12.617991533200101,0.6216853512426699,-0.007891017176032425,-0.0008981010408402178,-0.0008382566750127287,0.00032235264285388924,2024-06-27,2024-09-18,739063.0,739146.0,3.9427981333143163,0.5092826995690114,0.601757875498857,0.0783574128932649
2024-09-29,739157.436415294,0.21436196593058537,8.88904221590211,0.9860815284264021,-0.22593600401089897,0.02103239167611686,0.020872134157704454,-0.0025914311336357925,2024-07-05,2024-09-18,739071.0,739146.0,2.861452183242168,0.2590535482239737,0.601757875498857,0.023741176842843974
2024-09-20,739148.4079296889,0.3534138483951533,10.615839128512562,0.68324400571942,-0.056680503697654386,0.0030296831930904326,0.0023840905556803352,-0.0018695166414906472,2024-07-12,2024-09-18,739078.0,739146.0,5.703185986225922,0.6228245427007645,0.601757875498857,0.07268888641915554
2024-10-10,739168.646028962,0.408375526120318,13.663902502240227,0.8518434413620105,-0.07266535218113644,-0.00750427083251313,-0.00551130248427357,0.005093095881146092,2024-07-19,2024-09-18,739085.0,739146.0,2.841454312795292,0.2894035377354662,0.601757875498857,0.04129809819063228
2024-10-06,739164.8858625357,0.06619992264768106,4.318964135204853,2.153417404175628,-1.2878378945575262,-0.015002990223761186,-0.009843636948050752,0.011322213886393585,2024-07-26,2024-09-18,739092.0,739146.0,0.9282997379450059,1.3157132795790196,0.601757875498857,0.05352360714746314
2024-10-07,739165.0498451241,0.025838583082096862,12.769240917786597,6.648275390929498,-5.586169763599304,-0.028320652293284173,-0.02340648106670503,-0.015943525030277374,2024-08-02,2024-09-18,739099.0,739146.0,2.5268465027512614,0.3991301095768896,0.601757875498857,0.029174017445818594
2024-11-04,739193.0917469253,0.33038913270128517,3.974715474611993,1.3649615669700201,-0.19887960826580064,0.018808723256292563,0.008270164437013377,0.01689297045272263,2024-04-03,2024-09-19,738978.0,739147.0,0.9744697432950794,0.878922632150917,0.6109647394011765,0.2972936118128616
2024-11-03,739192.1557975105,0.8228910624549486,7.920468785636786,0.6730455117287647,-0.004765364057333901,-0.0009175273584970744,-0.0004560078752478706,0.0007961867063086029,2024-04-10,2024-09-19,738985.0,739147.0,1.9203103460241855,0.5395957504203144,0.6109647394011765,0.2810712903215024
2024-10-08,739166.9080596862,0.8626315303563046,4.588550215697266,0.6355036282628573,-0.004352009614179845,-0.0012450705110944801,-0.0012266660586009617,-0.00021328609489006017,2024-04-17,2024-09-19,738992.0,739147.0,1.5870203205268032,0.6571215928367535,0.6109647394011765,0.23763000426469577
2024-09-24,739152.4394635793,0.42308500985793895,14.705024978712647,0.6539598783582019,-0.03434794815019111,-0.003146352250562815,-0.0019920069340025426,0.0024354549594495646,2024-04-24,2024-09-19,738999.0,739147.0,7.81598447852567,0.31409088109414546,0.6109647394011765,0.23238756750739148
2024-10-31,739189.1957658223,0.23867526470924544,13.21477792799115,1.0059915134923159,-0.18227514533522232,-0.012147564861155653,-0.0020353004969544753,-0.011975845855015021,2024-05-01,2024-09-19,739006.0,739147.0,3.087988750310858,0.27101028328778287,0.6109647394011765,0.08515533619022442
2024-09-29,739157.8716093948,0.20148518821777622,5.448083781156711,0.8553054639921078,-0.17084370281167116,0.006629286015709859,0.0033466321266188764,0.0057225419602803,2024-05-08,2024-09-19,739013.0,739147.0,2.2454956450130257,0.9530848510749755,0.6109647394011765,0.1169020258351989
2024-10-07,739165.3129942598,0.2036041449235773,7.494697450467199,0.891236922879163,-0.17897531669391856,0.0022485329428968484,0.0018116905739836821,0.0013317949014135164,2024-05-15,2024-09-19,739020.0,739147.0,2.470659320731279,2.1623520090449584,0.6109647394011765,0.12685509363219954
2024-09-19,739147.8843086757,0.14636502178808122,14.37996730466977,0.853627418175842,-0.22246409003203696,-0.003866666012712665,-0.0010422196947319814,0.0037235579976388233,2024-05-22,2024-09-19,739027.0,739147.0,11.255049172020945,0.585602146020696,0.6109647394011765,0.09964285455551455
2024-10-23,739181.8310965726,0.7924712272531336,3.92811121712154,0.6839076242094727,-0.006313727390493335,0.0010037229470401217,0.0004629793297281727,0.0008905671758263712,2024-05-30,2024-09-19,739035.0,739147.0,0.8994892802697833,1.269029449800979,0.6109647394011765,0.08421601377966184
2024-11-10,739199.3980040597,0.11443546625659787,12.783257673630946,1.9544156558229238,-0.8779311331902577,-0.007836671197989292,-0.0031898310472727965,-0.0071580998425035585,2024-06-06,2024-09-19,739042.0,739147.0,2.237785686644089,1.0028775859133567,0.6109647394011765,0.08898101788831875
2024-09-22,739150.1596746757,0.24261591547981226,9.935762350426911,0.7783330070011929,-0.1231784471246821,-0.00887463719619262,-0.006321053523248307,0.006229242949209461,2024-06-13,2024-09-19,739049.0,739147.0,5.481240345190688,0.3389239105997265,0.6109647394011765,0.06758184894030139
2024-09-22,739150.1626353585,0.5789030157979481,3.5213350646939476,0.6387950756487311,-0.018656401934277447,-0.0020763634691344426,-0.0019415640240663366,-0.0007359445606887461,2024-06-21,2024-09-19,739057.0,739147.0,1.895928332602955,1.4771444630084198,0.6109647394011765,0.07611309455481217
2024-10-22,739180.4428273946,0.9961607221104587,5.8221274867121675,0.6790395364246222,-0.002825374949189309,-0.0003842565565401011,-0.00020680156538742956,0.00032386141140519447,2024-06-28,2024-09-19,739064.0,739147.0,1.1560173470978177,1.2580633381922492,0.6109647394011765,0.07309762698152185
2024-10-10,739168.8153209192,0.2508268617491694,12.345121685381427,1.0016994790891696,-0.1889190876024401,-0.014083484980679545,-0.0131618351167926,-0.005011052340516057,2024-07-08,2024-09-19,739074.0,739147.0,2.886898076355185,0.27254886251640575,0.6109647394011765,0.041557725269916246
2024-10-06,739164.4349096993,0.5647037899657549,13.054091088189992,0.6972433638301737,-0.022909984058933252,0.003375745831602008,0.0026433327373439615,-0.00209963138652098,2024-07-15,2024-09-19,739081.0,739147.0,3.2527107707824663,0.2935817876750549,0.6109647394011765,0.06288414693193677
2024-10-12,739170.4192692983,0.6279102111655083,6.263921837273107,0.6966612336409094,-0.015847375077937677,-0.002844676561399075,-0.0023082900031739105,-0.001662522781865155,2024-07-22,2024-09-19,739088.0,739147.0,1.2544024324777923,0.5584388941202713,0.6109647394011765,0.05520301626248262
2024-09-23,739151.1054672671,0.6127526804996247,7.315325048768078,0.6441162268283424,-0.017971505105650726,0.005762662195740268,0.0029422402554842688,-0.004954946807103172,2024-07-29,2024-09-19,739095.0,739147.0,3.0444659424363314,0.2612238824249776,0.6109647394011765,0.014331340203506761
2024-10-07,739165.3119349253,0.11610207335884984,9.852564839811908,1.5994455237883995,-0.7106385558924975,0.030330342539507713,0.015526202724647989,-0.02605507066804856,2024-08-05,2024-09-19,739102.0,739147.0,1.945241353504878,0.27609727817188606,0.6109647394011765,0.013740763870907688
2024-09-27,739155.2059954635,0.29180805484488875,13.56341547122018,0.8169183403541992,-0.11000584034325663,-0.012708175678871735,-0.012682128044461458,-0.0008132388019218281,2024-04-04,2024-09-20,738979.0,739148.0,6.900754233796839,0.1862347599839143,0.6063719032054579,0.3612777758515005
2024-11-30,739219.0151500504,0.6324858661814928,13.09284036414017,0.8029819977385525,-0.01589867982697253,0.0017768695694617505,0.001560362786613871,-0.0008500196709663735,2024-04-11,2024-09-20,738986.0,739148.0,2.475980924121839,0.43223752326563336,0.6063719032054579,0.30356325686206853
2024-11-03,739192.0721041992,0.2913329778598273,13.79145354529378,1.012270345513941,-0.1445920524739199,0.013564197105807254,0.005294738918870208,0.012488121672461034,2024-04-18,2024-09-20,738993.0,739148.0,3.30967578149642,0.22518006368597748,0.6063719032054579,0.18470386272519024
2024-10-21,739179.364991147,0.2903698873458785,12.916303022777397,0.8667353870776076,-0.11132068114814454,-0.01216926701293862,-0.002342223438348836,0.01194173559400163,2024-04-25,2024-09-20,739000.0,739148.0,3.58457529815756,0.2056481398670492,0.6063719032054579,0.12141483270532058
2024-10-17,739175.9613397244,0.9626342504088181,11.592094840392017,0.5846347262093176,-0.0016396600145021495,0.0004911449706736443,0.00002934356465238106,0.0004902676181755297,2024-05-02,2024-09-20,739007.0,739148.0,3.3187635158167432,0.2772320834509736,0.6063719032054579,0.10306189432658446
2024-10-31,739189.2453692604,0.21114517229575697,12.171393014739296,1.064668476693688,-0.22793573029071842,0.01124200648986824,0.01082124620270111,-0.003046857485798515,2024-05-09,2024-09-20,739014.0,739148.0,2.8023563869010677,0.3517300283679845,0.6063719032054579,0.10640462096913554
2024-10-14,739172.1211575668,0.26245625824765356,10.114627298863711,0.8475891640307041,-0.1217775235105752,0.010239020965789582,0.007479029997645055,0.006992972231619688,2024-05-16,2024-09-20,739021.0,739148.0,2.9539579898572006,0.30861409266044604,0.6063719032054579,0.08701142995031261
2024-09-24,739152.305177435,0.2923538239070898,8.210338101394607,0.7150855075823523,-0.07821839546867658,-0.010241383318708927,-0.006567910600450496,0.007858020273912473,2024-05-23,2024-09-20,739028.0,739148.0,4.3943827070952395,0.27195560770593763,0.6063719032054579,0.05996344088572691
2024-10-29,739187.411978208,0.5229363713200897,3.7955195170533083,0.7988199035880135,-0.030991372303659954,0.00301973654063281,0.002077629449426912,0.0021914070013822253,2024-05-31,2024-09-20,739036.0,739148.0,0.8130464173444257,1.413999881531243,0.6063719032054579,0.08323750785664026
2024-10-03,739161.7270190462,0.03798244494644166,9.291009035441721,2.913076645350317,-2.0939309861549704,-0.026374397056996297,-0.012131245400208495,0.02341883227575653,2024-06-07,2024-09-20,739043.0,739148.0,3.1902589149668446,0.3245636346665289,0.6063719032054579,0.052812821607073145
2024-10-01,739159.2649143584,0.41046347909998293,7.797132441754835,0.7232666731596344,-0.04895257025399431,-0.005041854784838399,-0.003914760246610144,0.003177255400964603,2024-06-14,2024-09-20,739050.0,739148.0,2.8195455464868506,0.5111222384217025,0.6063719032054579,0.06579139879388711
2024-10-29,739187.7338497345,0.5923713456940659,2.158672836675336,0.959198008703389,-0.033806637306281265,0.005728861598872988,0.0030614797642142186,-0.004842230567863164,2024-06-24,2024-09-20,739060.0,739148.0,0.4011946198230056,1.6193505002203228,0.6063719032054579,0.07989929340253188
2024-10-29,739187.1080215302,0.0034567644824310415,8.616863897835499,54.19117381578979,-52.91369217534429,-0.020297609743572823,-0.019447682678211804,0.005812108029791157,2024-07-01,2024-09-20,739067.0,739148.0,1.5388169512256618,1.0457881728693035,0.6063719032054579,0.07087641150749174
2024-10-17,739175.9894575167,0.18228689141207036,9.367311717609883,1.4222519172859196,-0.44159655518243324,0.01839677899177493,0.0030655492790277765,-0.0181395668330328,2024-07-09,2024-09-20,739075.0,739148.0,1.9130462261395895,0.4671155792746428,0.6063719032054579,0.045077895368528464
2024-09-21,739149.9943505679,0.418884895785098,9.331892299476834,0.6797159771056467,-0.04413227615197391,0.0076470751262310045,0.007552805952895061,0.0011970297507304772,2024-07-16,2024-09-20,739082.0,739148.0,5.241487706602374,0.2590514056318114,0.6063719032054579,0.053955304887366294
2024-10-19,739177.1807042328,0.17337594284964022,5.31013731306625,1.1285038696009293,-0.307746629542719,0.015951996660122973,0.01404381789950085,0.007565538728354642,2024-07-23,2024-09-20,739089.0,739148.0,0.9346178670527878,0.6298851062983475,0.6063719032054579,0.05846162371310303
2024-10-06,739164.3776051418,0.6480387553454746,14.538880348376516,0.7434279430278492,-0.021833003559546493,-0.0025705319036941608,-0.0013787536367463999,-0.0021694867312496064,2024-07-30,2024-09-20,739096.0,739148.0,3.306914616695114,0.3785824731231724,0.6063719032054579,0.03558167747941551
2024-09-27,739155.7123116734,0.9751202706752935,9.704339420815058,0.627714277550901,-0.0039809709953849675,-0.0013033016749703487,-0.0008558000253149854,0.0009829555293355782,2024-08-06,2024-09-20,739103.0,739148.0,2.9685646729799577,0.3069278283022368,0.6063719032054579,0.017625478349644758
2024-10-10,739168.3988187328,0.8856835630626687,10.274075820518778,0.6068531496753894,-0.0030629446028010996,0.0010047538188092148,0.0008869145153860835,0.0004721365044234233,2024-04-05,2024-09-23,738980.0,739151.0,3.895234454532969,0.26279390907670547,0.5960496901815246,0.18023103187495582
2024-11-26,739215.2549181657,0.29364912846098684,6.972126486033833,1.2527664624030372,-0.1941517475506953,-0.011749172150135349,-0.003380768164187526,-0.011252264342501567,2024-04-12,2024-09-23,738987.0,739151.0,1.4065956288566714,0.6959811794079344,0.5960496901815246,0.2825340032951171
2024-09-24,739152.8312872879,0.90820170515829,6.668239887430184,0.5773127323802871,-0.002702243744858842,0.0006760002045729637,0.000590289269961347,0.0003294462844701526,2024-04-19,2024-09-23,738994.0,739151.0,4.736320119816731,0.5444384523713698,0.5960496901815246,0.2683717974207671
2024-11-18,739207.2776815359,0.5348320494392446,2.755402254938157,1.1145454723321666,-0.04978057209254264,-0.008169800243948764,-0.006477045719390434,0.004979308664358066,2024-04-26,2024-09-23,739001.0,739151.0,0.569625314574268,1.182717056710618,0.5960496901815246,0.14844987633807635
2024-11-11,739200.7378459075,0.8011297372264217,9.203912545567132,0.6422785800390022,-0.00400752862765846,-0.0003476766454289823,-0.0002981886734092628,-0.00017878077309144372,2024-05-03,2024-09-23,739008.0,739151.0,1.9842318133503791,1.0033015518168382,0.5960496901815246,0.1653814045873819
2024-11-16,739205.4201391981,0.41138313955393857,3.4826264695850098,0.7792697328847233,-0.04057277644250917,0.008506174186306772,0.005887377591559432,0.006139526397222798,2024-05-10,2024-09-23,739015.0,739151.0,0.6942314382863107,0.5634301044701288,0.5960496901815246,0.08983207838907484
2024-10-26,739184.5507017607,0.9217249892894144,6.116035822478198,0.6279707159695633,-0.0025151927798772286,0.0004617894668255901,0.0003165266470158134,-0.0003362445440449398,2024-05-17,2024-09-23,739022.0,739151.0,1.535954979876411,0.820840160339197,0.5960496901815246,0.1274985220586441
2024-11-21,739210.0809607747,0.3387375861551119,4.483968409109439,0.9763941332230682,-0.09990692843653691,0.007525312919996912,0.005001146420931837,-0.005623065802591424,2024-05-24,2024-09-23,739029.0,739151.0,0.799308565946728,1.0029329223374184,0.5960496901815246,0.08755185755181899
2024-10-04,739162.9478154405,0.7544643106122348,11.416209385502343,0.6224457788706383,-0.006676022261210955,-0.0011634784178203767,-0.00020657688129575917,-0.0011449925854991054,2024-06-03,2024-09-23,739039.0,739151.0,4.250404271817002,0.37920688987455736,0.5960496901815246,0.07543170937000133
2024-11-09,739198.1701455434,0.3236930194263557,8.145792302482189,1.062404762004244,-0.13563882665830826,-0.004990017597572495,-0.0026617471927117054,0.004220826637777786,2024-06-10,2024-09-23,739046.0,739151.0,1.5184435531065708,1.080144723311634,0.5960496901815246,0.08392732824197519
2024-10-20,739178.8405987027,0.8772874584117598,14.263990268045463,0.6358457936988222,-0.0035343418183987722,0.000718861807955086,0.000505214613812075,0.0005113907438810081,2024-06-17,2024-09-23,739053.0,739151.0,3.424620346218128,0.30238763296226606,0.5960496901815246,0.06846911539818615
2024-11-04,739193.2471769478,0.3419300875480347,10.172179297051846,1.0903758428804236,-0.1343737811684462,-0.005929803377115025,-0.002481535841713511,-0.005385587057836498,2024-06-25,2024-09-23,739061.0,739151.0,1.847443803033549,0.7617238536197893,0.5960496901815246,0.06916034999172911
2024-10-08,739166.9805568471,0.5439960764495498,12.706711302431392,0.7057920938553842,-0.02472458761514873,0.003161771551329747,0.00008648400181693372,-0.0031605885306739715,2024-07-02,2024-09-23,739068.0,739151.0,3.6878319691449146,0.33478128634067705,0.5960496901815246,0.060050157489746445
2024-10-18,739176.0842459437,0.36256002596802867,7.338291367273598,0.9194225346692938,-0.09587059846238216,-0.005873078519068165,-0.004786994019542739,0.003402607757000791,2024-07-10,2024-09-23,739076.0,739151.0,1.6161427330069031,0.8065004223450755,0.5960496901815246,0.0666827604423385
2024-10-05,739163.8599670012,0.570756421888356,11.872953904395136,0.7173285035958968,-0.025229429637860082,0.0045557162780773906,0.003914339152167409,0.002330772363005156,2024-07-17,2024-09-23,739083.0,739151.0,3.4742902618311993,0.2662212929535438,0.5960496901815246,0.04081413039735003
2024-09-27,739155.9424328137,0.4539779675146892,11.119735008487725,0.7382639665217944,-0.04877514147604894,0.006977413936349619,0.0000332246239188976,0.006977334832407839,2024-07-24,2024-09-23,739090.0,739151.0,4.585316505982254,0.28539370384373286,0.5960496901815246,0.03899536970777181
2024-09-29,739157.861057956,0.3505646126541538,6.966047875497298,0.7678812940066592,-0.07481283829792836,0.013053000149016877,0.007405605574038787,-0.010748851983909735,2024-07-31,2024-09-23,739097.0,739151.0,2.419953257880044,0.28843463461630225,0.5960496901815246,0.021067623909088964
2024-09-27,739155.7879893576,0.6523020257516244,9.49562771914401,0.6582958077483709,-0.01563824832278434,0.0044275130106731534,0.00024538040480214727,0.004420708078647496,2024-08-07,2024-09-23,739104.0,739151.0,3.5984204438995313,0.24263492114734644,0.5960496901815246,0.017533539644739318
2024-11-26,739215.0513180937,0.6819764901993756,7.565047099180805,0.79721114537795,-0.01274844614628092,0.0019888309886916273,0.0005573438439195375,0.001909140262323622,2024-04-08,2024-09-24,738983.0,739152.0,1.5688426088946508,0.5778526944444017,0.5978370007556204,0.254556629804941
2024-10-16,739174.0788212123,0.8831150854750225,4.9447744089910675,0.6530767277175907,-0.004002226303379746,0.0011034126225906572,0.0006287905689226366,-0.0009067203737240819,2024-04-15,2024-09-24,738990.0,739152.0,1.668995282750173,0.6477904104337047,0.5978370007556204,0.241200407240014
2024-11-02,739191.1913593296,0.13934844041663366,14.698634599277462,1.4874598083579478,-0.5427715680085196,0.0256013563027681,0.017671604754470348,-0.018524141813942824,2024-04-22,2024-09-24,738997.0,739152.0,3.7438836847278756,0.20099221433341177,0.5978370007556204,0.16692030639818695
2024-11-11,739200.4840170497,0.6991651231437209,14.727557339749604,0.6737696227237897,-0.007732619286068874,0.0012850677717403112,0.0010135429512782405,0.0007900189009636434,2024-04-29,2024-09-24,739004.0,739152.0,3.2800181080474546,0.2856601303244969,0.5978370007556204,0.11199854267674617
2024-09-28,739156.247480135,0.32751969837081557,10.546377028248433,0.7044657169396196,-0.06262408593043624,0.007219811621075494,0.006741959163644749,0.002582956925611292,2024-05-06,2024-09-24,739011.0,739152.0,5.9286803045391006,0.26937027274825437,0.5978370007556204,0.09959749535486227
2024-11-22,739211.8715760583,0.5281284646156342,10.5585551151363,0.75679172414304,-0.022899397706231124,0.0009366078478411409,0.0005133154710938179,-0.0007834165480594253,2024-05-13,2024-09-24,739018.0,739152.0,1.9745144013188678,1.222929303217781,0.5978370007556204,0.1602756356337637
2024-10-29,739187.6136062092,0.24448053872868286,2.9529688237773692,0.8134672295076848,-0.10567882161317195,-0.01854620991382183,-0.008809800528224566,-0.016320211911015053,2024-05-20,2024-09-24,739025.0,739152.0,0.7137340790585617,0.47175685874511253,0.5978370007556204,0.08897808930584772
2024-09-24,739152.4510113521,0.6819815277004057,10.609711730913553,0.6021356183545111,-0.008886276450398911,0.0014888373295407393,0.0013432687182743498,-0.0006420792352502808,2024-05-28,2024-09-24,739033.0,739152.0,9.420918380311852,0.38365564962570525,0.5978370007556204,0.08981894924962841
2024-10-19,739177.7569025959,0.13219666682200162,12.495583528984726,1.4387504501673785,-0.546978338344378,0.01823942728177528,0.014994012949256843,-0.01038538796794258,2024-06-04,2024-09-24,739040.0,739152.0,3.33468492182288,0.31726553257221984,0.5978370007556204,0.05254377915796082
2024-10-25,739183.2237525439,0.8552041863260311,10.297394699295593,0.6540127159319848,-0.0041505066596773,-0.00027422439134031746,-0.00012280354051333716,-0.00024519034900125406,2024-06-11,2024-09-24,739047.0,739152.0,2.414268229200134,1.257006410134334,0.5978370007556204,0.10477261604474915
2024-10-22,739180.8092236996,0.23727876605733572,14.638626611852654,1.0666032491316686,-0.2117367945176688,-0.012999918271359224,-0.012456534493725562,0.0037192235034539966,2024-06-18,2024-09-24,739054.0,739152.0,3.452750559471264,0.26400627768020757,0.5978370007556204,0.047651589599017434
2024-11-04,739193.1817465625,0.88253653214035,7.3702788040191685,0.7286710812787617,-0.00495494111126678,-0.0005264274560526183,-0.0003853226861367113,-0.0003586813265761418,2024-06-26,2024-09-24,739062.0,739152.0,1.3590433480068378,1.1270644214035233,0.5978370007556204,0.07297083479434653
2024-10-20,739178.528627301,0.7919885999803815,12.408305292987883,0.6990631976470066,-0.007728300809184502,0.001654883595960225,0.0014532503298771656,-0.0007916458772015139,2024-07-03,2024-09-24,739069.0,739152.0,2.800251568378441,0.2980732664315329,0.5978370007556204,0.030427845269992072
2024-10-07,739165.626064075,0.44231893681270684,6.592365710301298,0.7600986148722153,-0.04684637526891016,0.005770916034490123,0.00023504403335513946,-0.005766127485541697,2024-07-11,2024-09-24,739077.0,739152.0,1.9645798919265307,0.5446599964015666,0.5978370007556204,0.05500560804067188
2024-09-25,739153.239607233,0.5063074066373533,5.555507450433635,0.6503253782140666,-0.0243611185514892,0.007919944078350404,0.005629282553190469,-0.005571058439878641,2024-07-18,2024-09-24,739084.0,739152.0,3.556886308734927,0.2803274693065169,0.5978370007556204,0.029363044657732835
2024-09-25,739153.9248312486,0.11364010084901603,4.362695157416487,1.0289342287285306,-0.3532954016110149,0.023672127657787714,0.006203056314162125,0.02284494955586313,2024-07-25,2024-09-24,739091.0,739152.0,2.4212504806421156,0.3887562939397565,0.5978370007556204,0.052103408828015146
2024-10-14,739172.5362493534,0.6150777224910721,9.756301312327032,0.751535384745363,-0.02202303626992516,0.0035888928997771918,0.0035827815295106855,-0.00020935318929554255,2024-08-01,2024-09-24,739098.0,739152.0,2.00165819874905,0.3868668246236167,0.5978370007556204,0.02079258047511305
2024-10-10,739168.5233247386,0.4204204188624604,9.465643790386437,0.8428318680616559,-0.06795598641786828,-0.008143275950332204,-0.0021389450050793013,-0.007857344173988126,2024-08-08,2024-09-24,739105.0,739152.0,2.0287097378509666,0.3706484705352671,0.5978370007556204,0.016247599464603232
2024-11-18,739207.9132420995,0.45536227465990253,14.376578874819478,0.9186027083384649,-0.05234589652622197,0.0056340671953011515,0.004461131014964538,-0.0034410787884746334,2024-04-09,2024-09-25,738984.0,739153.0,3.2159390753387402,0.29428092770512115,0.5989078557571134,0.2565461299959228
2024-11-15,739204.3849447247,0.2698898434267521,6.856086087360498,1.1959087519208864,-0.20764013097683595,-0.012496847136436562,-0.01221416952067321,-0.00264296259370432,2024-04-16,2024-09-25,738991.0,739153.0,1.55357030728963,0.6540653101351782,0.5989078557571134,0.2767348826806188
2024-09-25,739153.00927626,0.15400413620092926,9.591869398567177,0.8698330711679978,-0.22505845123207063,-0.023282564775363963,-0.0045751111852984205,0.022828626331016413,2024-04-23,2024-09-25,738998.0,739153.0,14.844261376047202,0.15520068520074481,0.5989078557571134,0.210228736253505
2024-11-28,739217.1328852853,0.6178534065783948,9.063221488849507,0.7431062993493264,-0.013842850349599733,-0.001012424020883884,-0.0010077563369696287,-0.00009710593885158381,2024-04-30,2024-09-25,739005.0,739153.0,1.7255467128801476,0.932107355709346,0.5989078557571134,0.15772226290520144
2024-11-05,739194.2761358811,0.31020072432929086,4.783790583121818,0.9169694994959369,-0.10715531599180564,0.008271718997250085,0.008231460673520265,-0.0008151014352565385,2024-05-07,2024-09-25,739012.0,739153.0,1.1308068193821708,0.8400180090794477,0.5989078557571134,0.09738860888881513
2024-10-13,739171.1527230068,0.05480959681724419,10.389434875773897,2.3014603535142046,-1.4492384171098138,-0.02716201601396386,-0.007612962567010461,0.026073318064567974,2024-05-14,2024-09-25,739019.0,739153.0,3.5155107517332604,0.2814767444381422,0.5989078557571134,0.07037378444887855
2024-10-21,739179.516564865,0.9171978844858883,10.386873786786223,0.6040776089310094,-0.002205004888637736,-0.00036231254145785083,-0.0002773575882031278,0.0002331161640980545,2024-05-21,2024-09-25,739026.0,739153.0,2.902946991732168,0.5374083118329358,0.5989078557571134,0.13753515968808597
2024-10-18,739176.8445456233,0.924587008080018,3.5399760534812366,0.6483225700374352,-0.003043871227964258,0.0006644691020944625,0.0004420839875746666,-0.000496065454923343,2024-05-29,2024-09-25,739034.0,739153.0,1.0086078877945723,1.1964621021493254,0.5989078557571134,0.0857937708415086
2024-11-10,739199.959318057,0.016020990367731528,13.976060605152389,10.912811705402058,-9.701207507325698,-0.018114793821213556,-0.01752329713731508,-0.0045912757075176865,2024-06-05,2024-09-25,739041.0,739153.0,2.712309351240246,0.6138990805144102,0.5989078557571134,0.08147438131606523
2024-10-10,739168.2341326429,0.46136122761616705,5.720776189590712,0.7617392576744602,-0.04271000072975642,0.003063923757399871,0.000258242676901245,0.0030530213741450027,2024-06-12,2024-09-25,739048.0,739153.0,1.8809831435280167,1.124184935437674,0.5989078557571134,0.08302364728062914
2024-11-08,739197.64294873,0.7920344297804229,3.218643667104976,0.7343065372597394,-0.006401718763866768,0.0012074885802762305,0.000207024315087613,-0.0011896090132728532,2024-06-20,2024-09-25,739056.0,739153.0,0.5914656143949442,1.304622068831584,0.5989078557571134,0.08200695860879861
2024-11-07,739196.7024808846,0.11060905567909177,10.36427994259202,2.4394924976501207,-1.1973095063545784,0.015501842150565376,0.010178272223150592,-0.011692300227606475,2024-06-27,2024-09-25,739063.0,739153.0,1.8445204749223079,0.8242798246851306,0.5989078557571134,0.0676056529334095
2024-11-04,739193.3532387618,0.9574173638696313,2.3341413587486373,0.637360198356339,-0.0010098103958972292,0.001423635619501404,0.0007308300179878507,0.0012217306830562223,2024-07-05,2024-09-25,739071.0,739153.0,0.4120719413473763,0.29094784012906677,0.5989078557571134,0.07871385810985912
2024-10-16,739174.4854387742,0.7008775755055882,9.170393097258614,0.7156011144091743,-0.012735712824095274,-0.002374125808646253,-0.0017113922993562956,-0.0016454816173340245,2024-07-12,2024-09-25,739078.0,739153.0,2.192213435485628,0.409990450256154,0.5989078557571134,0.038731173477204166
2024-10-13,739171.2269611228,0.7080864495714946,2.5566174292187682,0.4820481295334146,0.00575730090342771,0.007446150534002183,0.0014247074556285855,0.007308581698311742,2024-07-19,2024-09-25,739085.0,739153.0,0.6323529291992804,0.21414485997836255,0.5989078557571134,0.05654155509707742
2024-10-17,739175.9827912888,0.4941959395024377,12.951763434600476,0.8602798289806045,-0.04997788097153903,0.006347679034522011,0.003652082567633537,0.005191851504472901,2024-07-26,2024-09-25,739092.0,739153.0,2.671217129725018,0.30042297942383434,0.5989078557571134,0.013868158144659156
2024-10-10,739168.2526416153,0.2559659277842637,11.436236841466064,1.0330070277297567,-0.2008155666535059,0.015859931939694396,0.012608164896074327,-0.009621414609356439,2024-08-02,2024-09-25,739099.0,739153.0,2.753877792444342,0.28339688615064684,0.5989078557571134,0.02275150530356037
2024-09-26,739154.1691276039,0.428798525990325,5.897751372265872,0.6840970111006662,-0.04119456252811224,0.01015500425907728,0.005880929481359288,0.008278815128818668,2024-08-09,2024-09-25,739106.0,739153.0,3.4903562933743175,0.2949352005446929,0.5989078557571134,0.024406803270577038
2024-11-07,739196.3197722551,0.012181534910403306,3.324583997373687,25.027760279091574,-23.233210888651833,-0.07619624267766487,-0.03757627052036084,-0.06628643369479352,2024-04-10,2024-09-26,738985.0,739154.0,0.8508938383376806,1.1172243234346833,0.5999775652547314,0.34949069816672906
2024-11-29,739218.3634069317,0.39014236309244776,5.760374824856232,1.1366879633884235,-0.1027138363426574,0.007371382471396709,0.000017166210983776275,-0.0073713624833412735,2024-04-17,2024-09-26,738992.0,739154.0,1.1529545219532888,0.9437400183191218,0.5999775652547314,0.2729972965422785
2024-10-25,739183.9388348487,0.1829388438119224,14.643493115651717,1.1610187690637737,-0.30600387257305484,-0.016653893889914107,-0.00789204363405173,-0.014665191065060899,2024-04-24,2024-09-26,738999.0,739154.0,4.243687996387806,0.2295473968256545,0.5999775652547314,0.17914924842224725
2024-10-24,739182.7126091077,0.32499994305495955,4.3847942085784375,0.8711395970397443,-0.0942773071963898,-0.007401397716017268,-0.006578070631304438,-0.003392591180828551,2024-05-01,2024-09-26,739006.0,739154.0,1.2681461138952115,0.9441206508982404,0.5999775652547314,0.10308128983425123
2024-11-04,739193.364984586,0.8866754209653422,5.233096206770857,0.6546757824770583,-0.0030938787465662958,-0.0006830331547338805,-0.00018374459993393625,0.0006578542486454238,2024-05-08,2024-09-26,739013.0,739154.0,1.2677210077720134,0.7674806855861723,0.5999775652547314,0.10560940401437859
2024-11-17,739206.5016665345,0.6721601324103169,5.688774418522479,0.7275041628883988,-0.010709092554042478,-0.001597126789077191,-0.000034953061466571384,-0.0015967442700326637,2024-05-15,2024-09-26,739020.0,739154.0,1.1476764011478569,0.7922592432245049,0.5999775652547314,0.09925087413106998
2024-10-23,739181.672383317,0.03079150263240616,14.68791613899384,4.7186006636298865,-3.7129368939406513,-0.03013076384236286,-0.028316593391928994,-0.010297255381916316,2024-05-22,2024-09-26,739027.0,739154.0,4.022809478389385,0.2583319517655632,0.5999775652547314,0.06644794588951922
2024-11-14,739203.6948425653,0.34294671833727947,14.40641047734272,0.972185879833909,-0.10139910551007199,0.004055725053838365,0.0033292233287129354,-0.002316285332139753,2024-05-30,2024-09-26,739035.0,739154.0,2.8023006996199205,0.5951637683852389,0.5999775652547314,0.09552923138206547
2024-10-24,739182.4306243197,0.9055783708911302,9.032334271237684,0.6481739377806625,-0.0032322760060223515,0.00026490804026298707,0.000141453000337071,-0.00022398062079478437,2024-06-06,2024-09-26,739042.0,739154.0,2.296107060784752,1.2233179209477554,0.5999775652547314,0.10790689374800276
2024-10-19,739177.6902106002,0.006216595730506038,8.723879903837652,22.256125081180492,-21.21462200374377,-0.0157753107660011,-0.014393660462120938,0.006456234836581353,2024-06-13,2024-09-26,739049.0,739154.0,2.3497356451495772,0.9582974271929352,0.5999775652547314,0.07995686671954773
2024-10-10,739168.0106932791,0.918713120513676,3.4482231702454227,0.6472374697061315,-0.0037634817073041718,-0.0006287321660554806,-0.0003793764016291444,-0.0005013757897223782,2024-06-21,2024-09-26,739057.0,739154.0,1.1359130099015247,1.594809018689645,0.5999775652547314,0.07928284828578334
2024-10-20,739178.5485894285,0.9368925031844983,12.464541171156965,0.6588237453392948,-0.0033016449749843552,0.0006926221581706793,0.0006814653054514412,-0.00012381636182259406,2024-06-28,2024-09-26,739064.0,739154.0,3.0557255569411863,0.35830053612273643,0.5999775652547314,0.04751637947617074
2024-10-02,739160.1528432927,0.9326606201434731,14.806235325945966,0.6128635521565081,-0.003273116543707164,0.00035528545442388627,0.00024410587901405376,0.0002581473880479202,2024-07-08,2024-09-26,739074.0,739154.0,6.219257063666205,0.580313981095042,0.5999775652547314,0.08652139816545602
2024-10-04,739162.3862821301,0.697010546053671,6.105221546805087,0.6536860532067946,-0.010476993913506831,-0.002804217437636352,-0.002059727550648249,0.0019029340121623634,2024-07-15,2024-09-26,739081.0,739154.0,2.2082404804537057,0.42654310588486033,0.5999775652547314,0.047996302588660666
2024-10-10,739168.9401459635,0.950368321809157,11.335292429467273,0.6666015814150598,-0.004152585215616695,0.001151939729056822,0.0007568235170212184,-0.0008684372766430157,2024-07-22,2024-09-26,739088.0,739154.0,3.048257614881937,0.30223727135183304,0.5999775652547314,0.015653978608344395
2024-10-24,739182.2002778996,0.8597991338289945,3.415791045818505,0.5881559406395911,-0.0015025302887859756,0.0019642861961830026,0.001466693895716989,-0.0013066098410702447,2024-07-29,2024-09-26,739095.0,739154.0,0.6137020108925568,0.19254142350479403,0.5999775652547314,0.051206696138242545
2024-10-19,739177.7110599496,0.32526176893115905,12.802685786931434,1.0427484153567625,-0.14672165024870185,0.011762242410339005,0.008275623764530183,0.008358492557125407,2024-08-05,2024-09-26,739102.0,739154.0,2.365630699049828,0.31691004870659156,0.5999775652547314,0.01441804462675062
2024-09-29,739157.6001288549,0.7810190660860439,6.211044571918232,0.6477694610553385,-0.009291258048961306,-0.0029187291735856824,-0.002793684961431714,0.0008451652649100311,2024-08-12,2024-09-26,739109.0,739154.0,2.572774001140953,0.40029273959948397,0.5999775652547314,0.01889931221281226
2024-09-28,739156.7528954658,0.28044669802786976,9.99012770352546,0.7734614322614449,-0.10214686005470479,-0.018313998608085455,-0.009681601670324403,-0.015545711116386012,2024-04-11,2024-09-27,738986.0,739155.0,7.280428295110878,0.156574536767056,0.5989078557571134,0.20971486355686864
2024-10-24,739182.6847756639,0.06399145427212961,10.183517482340914,2.7322062360932886,-1.7072743570969464,0.015513096917044807,0.010190472797233951,0.011696599511245133,2024-04-18,2024-09-27,738993.0,739155.0,3.119116286252214,0.6915585872242108,0.5989078557571134,0.3137073486917903
2024-11-25,739214.5197334561,0.8598279974840568,11.033697217327274,0.6776556930530898,-0.0033118771220659914,0.00032375026894090116,0.00014541283364945623,0.0002892565374357879,2024-04-25,2024-09-27,739000.0,739155.0,2.251443227420638,0.7971767018987574,0.5989078557571134,0.23570710731451522
2024-11-07,739196.0210028307,0.43821715086063173,4.018854709042413,0.8072569357671678,-0.04364862886894459,-0.004964229487631437,-0.004414464390268586,0.0022707000138547755,2024-05-02,2024-09-27,739007.0,739155.0,0.9771956697012851,0.958750980286825,0.5989078557571134,0.09985416282096873
2024-10-07,739165.8381462764,0.0044229996143219106,8.235499048763941,19.17630702968879,-18.361366768741064,-0.019893818800685616,-0.0056227941336786675,-0.019082667858682165,2024-05-09,2024-09-27,739014.0,739155.0,3.4599651546596424,0.49569418925099057,0.5989078557571134,0.10780868313402653
2024-11-18,739207.2565676881,0.7178488240559803,5.361069405888531,0.7162559192716748,-0.008136383175265752,-0.0013366942536658902,-0.0013364275416227725,-0.00002670119427149311,2024-05-16,2024-09-27,739021.0,739155.0,1.0844344019635574,0.8150436638140784,0.5989078557571134,0.09582685631428954
2024-11-26,739215.0247126272,0.8098952997478681,9.673624983308727,0.7168349473483986,-0.005105141298658793,0.00033097513159962026,0.00023599477644570334,-0.00023205818931407802,2024-05-23,2024-09-27,739028.0,739155.0,1.7497373405338628,1.2913739896386818,0.5989078557571134,0.13915886788138704
2024-09-28,739156.7714603071,0.13304673027533911,14.429537912589133,1.0361590093291446,-0.33700674963677113,-0.00793868888068643,-0.00011515094318372255,-0.007937853702646424,2024-05-31,2024-09-27,739036.0,739155.0,9.696179231854652,0.3914187261667867,0.5989078557571134,0.09572417141114224
2024-11-08,739197.195739633,0.634547655437164,4.401043092342925,0.7662407515550066,-0.01583987108753933,-0.001569950465757277,-0.0009438860593845176,-0.0012545212520444036,2024-06-07,2024-09-27,739043.0,739155.0,0.9077127583187262,1.454702936907621,0.5989078557571134,0.0831589542987547
2024-11-12,739201.0949369905,0.20095870347854766,2.3386220136642017,0.5992622449975575,-0.026926805460123167,-0.0407496582916861,-0.019329426584042717,0.035873498837181814,2024-06-14,2024-09-27,739050.0,739155.0,0.44188165429095194,0.05678160289334594,0.5989078557571134,0.08312946549993473
2024-10-16,739174.2564349928,0.27861356169367385,10.703815677959703,0.974829031356101,-0.15531950240020062,-0.01056005940273366,-0.005944267657684105,-0.008728146229473606,2024-06-24,2024-09-27,739060.0,739155.0,3.0333682559883046,0.38284524691845745,0.5989078557571134,0.04690405831597987
2024-10-03,739161.7870119034,0.6784844975805243,10.75539272444796,0.6494246022956278,-0.01146904483649669,-0.0021995733312909663,-0.001062267875328005,0.0019260606949866779,2024-07-01,2024-09-27,739067.0,739155.0,4.513300123342236,0.32892922461352103,0.5989078557571134,0.05310945133334993
2024-11-02,739191.9119260975,0.32679979118213837,4.8461044535877225,0.8846796987565237,-0.09176449537477063,0.00823931898919947,0.007686045564321004,-0.0029683465075634958,2024-07-09,2024-09-27,739075.0,739155.0,0.8891997602815462,0.7510560748403161,0.5989078557571134,0.07373986316136895
2024-10-13,739171.9440569445,0.14444542771605876,9.48385227867377,1.3819611439499053,-0.4981898495500837,0.02433921625199432,0.006702686169804832,-0.023398107741235206,2024-07-16,2024-09-27,739082.0,739155.0,2.519600539845611,0.31175060413849015,0.5989078557571134,0.02868959168613151
2024-10-26,739184.1926911932,0.7600131402747543,9.740910188247017,0.7266879693120805,-0.009238227583484535,0.0014498485047612275,0.00031397420240139546,0.0014154437067523291,2024-07-23,2024-09-27,739089.0,739155.0,1.8324475745716151,0.4971501717910971,0.5989078557571134,0.048016317890354064
2024-10-05,739163.9467586427,0.08500160420281345,3.9549873959120894,1.642550200172565,-0.8304143829044067,0.017886371207541468,0.014858964255016547,0.009956578540950145,2024-07-30,2024-09-27,739096.0,739155.0,1.2761795326809393,0.9978255983304806,0.5989078557571134,0.05481016987070702
2024-10-14,739172.6336154334,0.9343109072702989,11.231270540844019,0.6813779058502953,-0.004455365189738795,0.0011107674534933203,0.000984679076778282,-0.0005140150304175018,2024-08-06,2024-09-27,739103.0,739155.0,2.4550414731140178,0.3336742488312299,0.5989078557571134,0.01366698808277438
2024-09-28,739156.1321782471,0.00977300215410515,13.487305021879985,4.72531187313254,-4.068207923407996,-0.023343017224867316,-0.0233137286935279,-0.001168977144783428,2024-08-13,2024-09-27,739110.0,739155.0,7.958128079888027,0.12628418504104594,0.5989078557571134,0.05305314213089111
2024-11-06,739195.8840217695,0.9716582692662605,2.3664872420211958,0.9583959201684711,-0.006124893774344736,0.0022559754231360318,0.0021724396165822405,-0.0006082197153149559,2024-04-12,2024-09-30,738987.0,739158.0,0.6430153721429086,1.114739988221114,0.6148345771241915,0.27831531125715536
2024-12-01,739220.2500290604,0.9878165145115714,10.505825303458105,0.6828357569683479,-0.0017556034435120803,-0.00024396154743363947,-0.00003077218591998081,-0.00024201303518596294,2024-04-19,2024-09-30,738994.0,739158.0,2.1577551397289727,0.6766298487559252,0.6148345771241915,0.2836199767991454
2024-10-15,739173.4026071049,0.42385690213871674,4.478933259801856,0.7715698798121299,-0.048331939233238606,-0.005033438959410232,-0.004913351955114633,-0.0010929228350071074,2024-04-26,2024-09-30,739001.0,739158.0,1.7217299319357657,0.9086865148362145,0.6148345771241915,0.1466065471199402
2024-10-21,739179.8184387592,0.6173803183468799,4.365424935399408,0.696911983890361,-0.01459238833478062,-0.002390349868487077,-0.0023441085990768057,-0.0004678967509081047,2024-05-03,2024-09-30,739008.0,739158.0,1.4338034557812376,0.8633584862293282,0.6148345771241915,0.10497457629751042
2024-10-31,739189.4872904866,0.4568796436992605,14.230410881786618,0.7732065174672311,-0.03793714044538873,-0.004713165690903962,-0.004674873021797195,0.0005995774011643401,2024-05-10,2024-09-30,739015.0,739158.0,3.878013270612837,0.258426028477161,0.6148345771241915,0.09278010332913109
2024-11-21,739210.7624836104,0.27270136257280125,2.5322593851303457,0.3851770006762668,0.04547280652089803,-0.03741285293298459,-0.037224069952729796,-0.003753688950807207,2024-05-17,2024-09-30,739022.0,739158.0,0.5137272480517295,0.13089107991631474,0.6148345771241915,0.08873352789410315
2024-11-28,739217.494161185,0.6911031176648196,2.178871061123222,0.5532432648546732,0.0019907689059284837,0.006307648870376327,0.001124182185864746,0.006206661637703807,2024-05-24,2024-09-30,739029.0,739158.0,0.39990063973067724,0.10010704936602065,0.6148345771241915,0.08803936938410821
2024-11-15,739204.9307930976,0.4394161454745552,5.831624489249115,0.916802050115955,-0.05768134346246616,0.0032061743412223147,0.00022992955662059857,-0.003197919058591792,2024-06-03,2024-09-30,739039.0,739158.0,1.1721347264450033,1.3556097755955576,0.6148345771241915,0.08356508642540643
2024-10-09,739167.0294425344,0.8790226199571265,2.310160240029078,0.6336858937346023,-0.003618835679079275,0.0010535023078065116,0.001021787185084997,-0.00025655030880847535,2024-06-10,2024-09-30,739046.0,739158.0,0.9543122535130326,1.3070473416826909,0.6148345771241915,0.08337926580459627
2024-10-17,739175.2808267599,0.08235116117362253,5.935204040575421,2.119509515450187,-1.1637871809079197,-0.010926228374052464,-0.010171146622910373,0.003991270832355039,2024-06-17,2024-09-30,739053.0,739158.0,1.8483536004663024,1.477873864687485,0.6148345771241915,0.08077957137527719
2024-10-20,739178.0332285452,0.21106810311448637,6.101533460151761,1.1964232590349164,-0.2948064219597736,-0.006785614593227912,-0.0062617181734345275,-0.002614469530192955,2024-06-25,2024-09-30,739061.0,739158.0,1.7140361378337816,1.5029044161079346,0.6148345771241915,0.07736203150401755
2024-11-11,739200.9505702762,0.41089029517874753,12.150775184276808,1.039796370583319,-0.08797449052214969,0.004833075319357169,0.0003917608285492109,0.0048171714206361686,2024-07-02,2024-09-30,739068.0,739158.0,2.1851169630887175,0.6155383206854942,0.6148345771241915,0.06202027154420529
2024-10-13,739171.1946470642,0.8185452529951023,13.454427212411936,0.6648833728530372,-0.006340861885526323,-0.0012985036433028616,-0.001067310563012999,0.0007395673557909924,2024-07-10,2024-09-30,739076.0,739158.0,4.23152594748107,0.29708628418213673,0.6148345771241915,0.05519605795971889
2024-11-05,739194.3823392321,0.0629110797321928,7.924177147318272,3.213459031936795,-2.063008961537893,0.02078778563482261,0.017619334038005675,0.011031368893138872,2024-07-17,2024-09-30,739083.0,739158.0,1.411106781740826,0.7878904710357753,0.6148345771241915,0.06133642473561813
2024-10-31,739189.7086714825,0.8394445857288184,3.384851523727427,0.48360456227620846,0.0024554262471479017,0.0033380733678579377,0.002849083630687591,-0.0017393838778574572,2024-07-24,2024-09-30,739090.0,739158.0,0.6171865262707097,0.18242460948563277,0.6148345771241915,0.05490004467006394
2024-10-24,739182.9256236055,0.4931145427807907,3.9178923749921717,0.8190513108473377,-0.04173612928862353,-0.0035499082752786194,-0.0016118912856663114,0.003162855552516527,2024-07-31,2024-09-30,739097.0,739158.0,0.7716989899961764,1.479756807303726,0.6148345771241915,0.048810298268060444
2024-10-09,739167.1070974246,0.10982766740613918,13.388132644228094,1.5698617768349719,-0.705597421699215,0.023374316237738463,0.021230121110118457,0.009779602099855936,2024-08-07,2024-09-30,739104.0,739158.0,4.124734092326001,0.24763374356655193,0.6148345771241915,0.03639261304332814
2024-10-03,739161.3538125533,0.8853802664303394,9.727973444634008,0.6405425926486051,-0.0050090023038223365,-0.0018466697565529824,-0.0017102973706184103,-0.0006964711722843981,2024-08-14,2024-09-30,739111.0,739158.0,4.194186670992927,0.24687064768503567,0.6148345771241915,0.013466496217874512
2024-12-17,739236.5997833736,0.34226155352100057,5.163525917229587,1.5556926998316576,-0.19988675456184665,-0.012343823869708283,-0.007633212068854835,0.009700724779018774,2024-04-15,2024-09-30,738990.0,739158.0,0.9396450565775047,1.0733616057040518,0.6148345771241915,0.29803725687359006
2024-10-24,739182.6765581,0.01598133276258951,10.268049792570746,8.923222386819496,-7.879981224984761,0.013484203003450605,0.0017967680656802289,0.013363957316469475,2024-04-22,2024-09-30,738997.0,739158.0,3.298086768667561,0.9095465460923079,0.6148345771241915,0.2853283852034698
2024-10-07,739165.0789229454,0.052631182944423274,11.306757803482093,2.100691983848043,-1.3113350180241719,0.024908427748024063,0.0066419892078575385,-0.024006535615145274,2024-04-29,2024-09-30,739004.0,739158.0,5.623110914807904,0.24505997538440374,0.6148345771241915,0.08159752123855109
2024-12-06,739225.8298564052,0.6555297697391106,12.827103398135097,0.7468435107153696,-0.011057852592475345,0.0007154049284240269,0.0005064167423216144,-0.0005053180134427732,2024-05-06,2024-09-30,739011.0,739158.0,2.3535272433756287,0.7899192403191708,0.6148345771241915,0.16883858608144192
2024-10-31,739189.7019411463,0.6029702362425148,10.415676327551116,0.6925911810153237,-0.013923862807598957,-0.0010991318951397739,-0.0010627991022659944,-0.00028026592931740246,2024-05-13,2024-09-30,739018.0,739158.0,2.8004995723416215,0.7333618678046117,0.6148345771241915,0.15731702994337066
2024-10-30,739188.3773519718,0.31074327042893485,10.217521374015913,0.9017459518290385,-0.10546518912855939,-0.002107808981103198,-0.0015763591274503934,0.0013992678807587687,2024-05-20,2024-09-30,739025.0,739158.0,2.735810252194696,1.521717595785199,0.6148345771241915,0.1351485564890135
2024-10-14,739172.7397892056,0.47756505454328646,12.659917695758965,0.7357178866373616,-0.03442244953673548,0.004212228726562014,0.0026557936745327327,-0.0032695000845979756,2024-05-28,2024-09-30,739033.0,739158.0,4.53195055618626,0.3082701574030399,0.6148345771241915,0.0642169691331985
2024-10-05,739163.6128807225,0.7547854923733028,9.07666088584725,0.6181583250243948,-0.00617159061026918,0.0007387223234624022,0.00027672357429978756,0.0006849341096838732,2024-06-04,2024-09-30,739040.0,739158.0,4.466820098558597,0.6947256287253779,0.6148345771241915,0.09864341274594282
2024-10-20,739178.7202693889,0.4482869236022603,12.54248262397571,0.7731282680914892,-0.04261483937414439,0.004296721008432815,0.00404956520389564,-0.001436256621814352,2024-06-11,2024-09-30,739047.0,739158.0,3.692104310298438,0.3544836944428231,0.6148345771241915,0.06603840633239194
2024-10-29,739187.186313382,0.6529990433772125,13.267309179294536,0.7250379851985529,-0.013709311131545976,-0.001310913192792535,-0.00028195655577492574,-0.001280231971047848,2024-06-18,2024-09-30,739054.0,739158.0,3.2054485186947663,0.5147204150172653,0.6148345771241915,0.07719096995952689
2024-10-16,739174.5011237273,0.18904545881120943,3.4043506605167653,1.0841307471589647,-0.2716747425246283,0.009064227927579903,0.004946545263039453,-0.0075955195927481746,2024-06-26,2024-09-30,739062.0,739158.0,1.0400408385715063,1.6643720275308869,0.6148345771241915,0.08088162059262072
2024-10-14,739172.3440358255,0.30158540435253617,5.467100529559541,0.9230041664377453,-0.12747945093666277,0.0050507060340731205,0.004635837839926423,0.002004654325445898,2024-07-03,2024-09-30,739069.0,739158.0,1.7182437416543914,1.3923273423361628,0.6148345771241915,0.07646749118117951
2024-10-03,739161.4731373502,0.5229603942550752,10.624032107304998,0.6924354300874892,-0.02782142083039016,0.005513032158734065,0.0010590740737840456,0.005410349867566282,2024-07-11,2024-09-30,739077.0,739158.0,5.396191834052523,0.24840950219423574,0.6148345771241915,0.040685323591133006
2024-10-03,739161.0441216134,0.9751262049902747,11.881045285387057,0.625252019488232,-0.0033130689366224443,0.0009856032141610709,0.0009846197720664743,-0.00004401818056664678,2024-07-18,2024-09-30,739084.0,739158.0,6.109899072656891,0.27588909705231035,0.6148345771241915,0.04519827020807597
2024-10-27,739185.2057094444,0.7478370816787453,7.165152667291722,0.7417863728492582,-0.010252430675162922,-0.0010684581138500635,-0.0009405659532863319,0.0005068909434687197,2024-07-25,2024-09-30,739091.0,739158.0,1.4164003782201728,1.0014998476459962,0.6148345771241915,0.055239268994362434
2024-10-26,739184.8491107976,0.638687874545716,10.254476336786151,0.8005414385545785,-0.021174292333869877,-0.0018771350222057518,-0.0009168991336775128,-0.0016379657720028262,2024-08-01,2024-09-30,739098.0,739158.0,1.9159287464457952,0.7025683414850006,0.6148345771241915,0.037019136045119305
2024-10-03,739161.1235665254,0.24743414231220467,6.425681190299128,0.859500989611459,-0.1449203279028072,-0.016569671973774177,-0.01080534819710409,-0.012561786483530787,2024-08-08,2024-09-30,739105.0,739158.0,2.9540902333697305,0.33678741044507754,0.6148345771241915,0.0335542096844263
2024-10-15,739173.5137816601,0.735170749008622,14.003688503841754,0.6981459465426412,-0.010142915767676553,-0.0023683989016869047,-0.0014530152428268858,-0.0018703101511846807,2024-08-15,2024-09-30,739112.0,739158.0,3.0701841056385226,0.22482973317268942,0.6148345771241915,0.014492088776393438
2024-11-28,739217.2607749328,0.3875670972580064,4.815209412310027,1.185013941809961,-0.11213525652911055,0.007878113002833918,0.007740105502387387,-0.0014681387186956645,2024-04-16,2024-10-01,738991.0,739159.0,1.0397718868813572,1.1456493048934469,0.5992645527468058,0.302909427625238
2024-12-06,739225.5410315519,0.8834476462641598,14.519675881054217,0.7107296571628753,-0.0031631962567129483,0.0003932573481196223,0.00005707548020229613,0.00038909347387196686,2024-04-23,2024-10-01,738998.0,739159.0,2.8412520182871903,0.48941039327135566,0.5992645527468058,0.25302224888903835
2024-10-09,739167.5865254258,0.17857581468209485,10.602137740386267,1.0049176708236736,-0.2528413026334926,-0.017489487642419217,-0.009925112755597229,0.014400497032499108,2024-04-30,2024-10-01,739005.0,739159.0,4.962619580272683,0.24350065295652842,0.5992645527468058,0.06672518994649224
2024-10-25,739183.7053975628,0.5097027901519887,14.193574441179205,0.7143164657213834,-0.02469400125864391,-0.0034477612828243383,-0.0018081598175783708,0.0029355776156384417,2024-05-07,2024-10-01,739012.0,739159.0,4.379611799395943,0.2572050602668669,0.5992645527468058,0.1090734672756393
2024-11-04,739193.6699947063,0.7028851474138481,6.126712080967343,0.7059760133301419,-0.00929133914189739,0.0013219060201487191,0.0012745588297490018,-0.00035062132795122587,2024-05-14,2024-10-01,739019.0,739159.0,1.576754309225769,0.8063704918149405,0.5992645527468058,0.12605572352842498
2024-10-23,739181.3568675464,0.7392054852442617,9.046180006271864,0.6514273164556681,-0.006595207118002867,-0.0003440695644021925,-5.011239045720302e-6,0.0003440330690953152,2024-05-21,2024-10-01,739026.0,739159.0,2.791075697633188,1.566325926893824,0.5992645527468058,0.15164990395427133
2024-10-16,739174.6453885043,0.8136381592474247,5.866201025721927,0.6549993708031359,-0.0054665876165766285,-0.0007531820189643161,-0.0007531393127352677,8.020555081296277e-6,2024-05-29,2024-10-01,739034.0,739159.0,2.0503234079779977,1.0066783693043042,0.5992645527468058,0.10402643091539725
2024-10-13,739171.0605697491,0.8709053532809226,2.891489458262437,0.6457224143551256,-0.0040477701168979896,-0.000866587597577541,-0.0005812714518536366,0.0006427266631587487,2024-06-05,2024-10-01,739041.0,739159.0,1.094370403227839,1.4068659460155553,0.5992645527468058,0.08311358025642389
2024-11-09,739198.2498544988,0.695160322435307,14.060298988954765,0.7301896174077469,-0.010518956551964068,-0.0007379737630937407,-0.0007257024577330786,-0.0001340194681936388,2024-06-12,2024-10-01,739048.0,739159.0,3.0038694845748446,0.7047290262819526,0.5992645527468058,0.0966656131261533
2024-10-23,739181.4596283332,0.9577104981937552,5.698856890279332,0.6771585462416063,-0.0031786451644400075,-0.0004514233076293354,-0.00019167366023660457,0.00040871042394648107,2024-06-20,2024-10-01,739056.0,739159.0,1.5602821495479537,1.1833264396231011,0.5992645527468058,0.07884875055831092
2024-10-15,739173.937742378,0.33940341729189855,8.967092284345746,0.9107759388256624,-0.10656375306058995,-0.008130027727379502,-0.007997197870968769,0.0014636177986524013,2024-06-27,2024-10-01,739063.0,739159.0,2.861561383240425,0.49611465048571785,0.5992645527468058,0.05586266862317357
2024-10-04,739162.4243676097,0.7178995263331293,11.147354985061659,0.6462514780316976,-0.009696259114645934,-0.002176607624493085,-0.0016929492701454661,-0.0013680436834090364,2024-07-05,2024-10-01,739071.0,739159.0,5.827386467416701,0.28689032467153125,0.5992645527468058,0.050537735141563046
2024-10-14,739172.2814677205,0.10014276687672011,10.776087330867435,1.666652441229472,-0.7886702700562707,-0.02620015787000363,-0.014717072657268765,-0.021676163055619074,2024-07-12,2024-10-01,739078.0,739159.0,3.3613866253628566,0.2797370855384689,0.5992645527468058,0.036701694244012796
2024-10-01,739159.2656980763,0.812827718397672,5.571082110457857,0.6221786776410809,-0.005445972871400066,0.0021621865984564038,0.0021488965404769834,-0.0002393627892353489,2024-07-19,2024-10-01,739085.0,739159.0,4.9946242629158775,0.36748638041475284,0.5992645527468058,0.04436479269112598
2024-10-19,739177.30716379,0.7584439309104285,13.42489750609235,0.7284242242124345,-0.010809780866991824,-0.0020795962873405636,-0.0020742880554006876,-0.00014849168846332706,2024-07-26,2024-10-01,739092.0,739159.0,3.288214438105006,0.2936637622693307,0.5992645527468058,0.01759237430889088
2024-10-02,739160.3123896017,0.32589104142202246,6.673546656052528,0.7354809750195634,-0.07108223449452476,0.013119036723182122,0.0004772912148678082,-0.013110351545264192,2024-08-02,2024-10-01,739099.0,739159.0,4.082960354333307,0.2645908642331613,0.5992645527468058,0.038738635978925996
2024-10-25,739183.6247485301,0.707551820858619,12.881311021936256,0.769119366451125,-0.014325452574119487,-0.0021968992362247602,-0.0014372927186607773,0.0016614920688976058,2024-08-09,2024-10-01,739106.0,739159.0,2.3538181067204365,0.3581759321473229,0.5992645527468058,0.018138487774783246
2024-10-09,739167.8497184513,0.7133577924092734,14.428740356297716,0.6810819803608502,-0.010766214499607837,-0.0025139168726941523,-0.0015670911561991387,-0.00196570683240884,2024-08-16,2024-10-01,739113.0,739159.0,4.189128838646696,0.21173424595056312,0.5992645527468058,0.017454531484241455
2024-12-19,739238.1125379453,0.48243000354103416,2.839338963707214,2.0062360895614644,-0.1422644313266019,-0.021509335869076718,-0.021391365959430766,0.002249664845806345,2024-04-17,2024-10-02,738992.0,739160.0,0.5186118256100751,1.1237931969079744,0.5877866649021192,0.29605094353278366
2024-12-17,739236.9731601048,0.6223413518516635,11.941985756516452,0.8280296201092556,-0.016159490200239043,0.0008543915001934313,0.0007011148863282099,0.0004882855227955908,2024-04-24,2024-10-02,738999.0,739160.0,2.14523873542467,0.9856502726914877,0.5877866649021192,0.2669104706403578
2024-10-26,739184.0540290573,0.7563596860667634,13.602197228980552,0.6409360753127211,-0.00555785199530152,0.0011512831129200484,0.0010031841053788925,-0.0005648667602276029,2024-05-01,2024-10-02,739006.0,739160.0,4.333577098254269,0.2684380949958028,0.5877866649021192,0.1160521347197031
2024-10-14,739172.3967216096,0.17741992874050208,5.674218806031187,1.0319632193611743,-0.26203835413301696,-0.007647646077595049,-0.007611970818638941,0.0007378284247331068,2024-05-08,2024-10-02,739013.0,739160.0,2.3064338689000956,1.0713550065267128,0.5877866649021192,0.12621147468612356
2024-12-02,739221.6254157326,0.9167482056126324,12.701744591246529,0.6751648676973727,-0.0023250078122169643,-0.00020422120168148624,-0.00007128759727694411,-0.00019137496620694807,2024-05-15,2024-10-02,739020.0,739160.0,2.3962130487804076,0.8216943146826178,0.5877866649021192,0.1722377685518351
2024-10-19,739177.5758714476,0.7556385497519724,5.994861306586491,0.6595122033661005,-0.0068469921150944935,-0.0008944574296116096,-0.0003520128519186946,-0.0008222779611977176,2024-05-22,2024-10-02,739027.0,739160.0,2.049374983782681,0.9648840287705374,0.5877866649021192,0.12349214719163194
2024-10-22,739180.4856293037,0.7518458853686698,10.120797418405997,0.6583777030102934,-0.006666623999378564,-0.00021243851775974715,-4.261582203146716e-6,0.00021239576913178952,2024-05-30,2024-10-02,739035.0,739160.0,3.157688581072452,2.331238969222281,0.5877866649021192,0.12078976737948917
2024-10-04,739162.1847300718,0.5408221433245032,4.944925966023565,0.6741383150441496,-0.022640587855778795,-0.0019107851403131614,-0.0009924793666627563,-0.0016328149188411655,2024-06-06,2024-10-02,739042.0,739160.0,3.153969877697141,1.295897090712731,0.5877866649021192,0.08976007905620784
2024-11-05,739194.8818386067,0.9329394875644779,14.445357239441622,0.6662697626909793,-0.0027012178699472272,-0.00031364605470948016,-0.00009283593746808823,-0.00029959194974038186,2024-06-13,2024-10-02,739049.0,739160.0,3.289551240963405,0.5562179165027552,0.5877866649021192,0.09498485209809356
2024-10-04,739162.6507012906,0.5757640041556801,2.2135534362843394,0.6471237445604985,-0.014686068554872313,0.00354103169349602,0.0032820736906807226,-0.0013292470587835477,2024-06-21,2024-10-02,739057.0,739160.0,1.2983286943281274,1.0787734187181817,0.5877866649021192,0.08236766873712441
2024-11-06,739195.237901179,0.9303609662507786,14.115999622011568,0.7115662605433316,-0.003634291348042505,-0.0006087260761385377,-0.0005461704168117095,-0.00026878487972864897,2024-06-28,2024-10-02,739064.0,739160.0,2.954071607872683,0.3934936035608052,0.5877866649021192,0.04771893269563569
2024-11-09,739198.1729070081,0.5537823129592648,8.566161728972066,0.8718629512287254,-0.03260738992896574,-0.0021373655308947162,-0.0019529189652940707,-0.0008685844389877065,2024-07-08,2024-10-02,739074.0,739160.0,1.608134545739446,0.986256882483073,0.5877866649021192,0.07076294062640703
2024-11-01,739190.0217307217,0.48164428052493913,14.562547840579114,0.887791711918545,-0.05004993908699747,-0.005867195890932534,-0.0013237140094174821,-0.005715922396590729,2024-07-15,2024-10-02,739081.0,739160.0,2.9889675000629827,0.28213827526964075,0.5877866649021192,0.027764310778446197
2024-11-04,739193.7596224473,0.475462495377447,13.69630510414544,0.9148306779264133,-0.053389392976583044,0.005281367563929117,0.0009462688567457045,0.005195904021060797,2024-07-22,2024-10-02,739088.0,739160.0,2.4891604345635905,0.3509307565106923,0.5877866649021192,0.03204132850473779
2024-10-11,739169.6656039407,0.39984675074889087,6.242259320500351,0.7850779980135091,-0.05982273446592793,-0.0049574929105555155,-0.0026856399379973596,-0.004167022207961188,2024-07-29,2024-10-02,739095.0,739160.0,2.031129284052203,0.7729580480299342,0.5877866649021192,0.05693796441940357
2024-10-08,739166.6205055489,0.8271865449744105,3.443643942309542,0.6620829092342808,-0.0070517758126902395,0.0013299854491096213,0.0009616793993864157,-0.0009187132455990301,2024-08-05,2024-10-02,739102.0,739160.0,1.248707526590548,1.2736110781617533,0.5877866649021192,0.04145927800752007
2024-10-07,739165.9778392537,0.3521155488296022,9.83222343616696,0.7628781223894494,-0.0671322417880462,0.011299365042527338,0.004015330325136257,-0.010561854607233048,2024-08-12,2024-10-02,739109.0,739160.0,3.5281090189930775,0.21277008869635472,0.5877866649021192,0.0274089148203207
2024-10-07,739165.2251596971,0.38832036889471777,11.056821371654713,0.708594240142111,-0.04340585843302976,-0.009033802869028945,-0.008815559321700046,0.0019737041627516114,2024-08-19,2024-10-02,739116.0,739160.0,3.9469726151677156,0.1687476052761498,0.5877866649021192,0.02091387799076298
2024-10-13,739171.854716285,0.11564272839804084,2.8663379952262487,1.4453743453250523,-0.6005751193233853,0.003476592707849129,0.000454902529153776,0.0034467028513115606,2024-04-18,2024-10-03,738993.0,739161.0,1.278237809368341,6.969545382185561,0.5647971466774202,0.35043971556744563
2024-11-01,739190.3509475549,0.8746083245762579,14.924543794650761,0.6298959781727738,-0.0028459403429086645,0.0006357412390454344,0.0005896092438150145,0.00023775588874076474,2024-04-25,2024-10-03,739000.0,739161.0,4.440757250938951,0.2623360348665712,0.5647971466774202,0.17728307837258767
2024-10-28,739186.7272322527,0.8359468127393657,14.560308701285003,0.6260477294239309,-0.0034130994614509354,-0.0006955605358013085,-0.00019446387699252276,-0.0006678235242257044,2024-05-02,2024-10-03,739007.0,739161.0,4.5046646056891095,0.28172285076677545,0.5647971466774202,0.13712220525499985
2024-10-27,739185.5087497095,0.23849699133970664,13.767934647893888,0.9838978246459924,-0.1766075002956953,0.012001573485160658,0.011420034428796655,0.003690606964282489,2024-05-09,2024-10-03,739014.0,739161.0,4.263275516990228,0.25490893811067794,0.5647971466774202,0.08952755100311957
2024-10-03,739161.0028113711,0.7395804730831158,2.2816905672209673,0.6135859457555763,-0.005680110821984281,0.0023460105611321025,0.0023005373882551542,-0.0004596664858171819,2024-05-16,2024-10-03,739021.0,739161.0,3.9276550388107245,0.7847937493517733,0.5647971466774202,0.09445071766231697
2024-11-14,739203.4757048523,0.8636775198247164,3.882916516348666,0.6596114085347271,-0.0029513956612310177,-0.0008792261066354987,-0.0006633967863303214,0.0005770123486339084,2024-05-23,2024-10-03,739028.0,739161.0,0.8766544607434806,0.746655763884901,0.5647971466774202,0.09160001192122022
2024-10-26,739184.9053989546,0.9541749305295981,13.688449081692747,0.6389201409645964,-0.00232873468154764,0.00039699123301287014,0.00031361106092297857,-0.00024341351966528647,2024-05-31,2024-10-03,739036.0,739161.0,3.9850814248912956,0.4088959906318744,0.5647971466774202,0.0902661488874473
2024-11-24,739213.2592870313,0.5703189340469003,10.668792613156922,0.8615968238579211,-0.026410028986080605,-0.0011704455889051475,-0.0011139483660697182,0.0003592518814399205,2024-06-07,2024-10-03,739043.0,739161.0,2.005505544809709,1.2062023367935273,0.5647971466774202,0.10034262111822492
2024-11-10,739199.8709608548,0.46065319698266605,14.123242364396178,0.8647049322907961,-0.047393202384643514,-0.002462820227240254,-0.001200169739895041,-0.002150599001939693,2024-06-14,2024-10-03,739050.0,739161.0,3.0334454216769227,0.6276579311567906,0.5647971466774202,0.08414895453850806
2024-10-15,739173.7170878737,0.21251630691493878,11.113222458682197,1.028174795803177,-0.22771419375555088,0.013716538242504387,0.011575936625613318,-0.007358064460024081,2024-06-24,2024-10-03,739060.0,739161.0,3.8748629572054187,0.31746644974288474,0.5647971466774202,0.05609409911890866
2024-11-09,739198.0253987228,0.5856332915953854,10.325165221619054,0.8447349719363253,-0.026532025763382497,0.0017750910484895114,0.0008473847501556603,-0.0015597715587967434,2024-07-01,2024-10-03,739067.0,739161.0,2.076782642533719,0.8477709360995213,0.5647971466774202,0.07597172634046756
2024-10-22,739180.1546387285,0.02233948637134642,5.244342002424522,5.908108234541149,-4.931372712338001,0.02271924903189516,0.020845229746262597,0.009035522862502103,2024-07-09,2024-10-03,739075.0,739161.0,1.421336774571258,0.9246045652626974,0.5647971466774202,0.07826459927973425
2024-10-17,739175.205702715,0.47004204086662427,12.568858148234398,0.7923867518749355,-0.044873630351015034,0.00726276000636821,0.00606311850455625,-0.003998284245749562,2024-07-16,2024-10-03,739082.0,739161.0,3.7630756078524707,0.23106299118908555,0.5647971466774202,0.028116551953159832
2024-10-31,739189.4599858236,0.2539098104965532,6.7955599637462685,1.1095358504502135,-0.20506427134742697,0.00954248465098386,0.0013763201999733962,0.009442709146288879,2024-07-23,2024-10-03,739089.0,739161.0,1.364112353394171,0.8029393857802075,0.5647971466774202,0.061786443140012026
2024-10-20,739178.1739595538,0.8292124868088895,13.9760989215751,0.7082765809658096,-0.007345788444525559,0.0015751572091960385,0.0012756151540584233,-0.0009240812802014537,2024-07-30,2024-10-03,739096.0,739161.0,3.4821196477827976,0.2766905833243674,0.5647971466774202,0.021282796222197774
2024-10-25,739183.5943379881,0.8275424080734592,4.963496041417283,0.730032547761279,-0.0076877312622839885,0.0010337305014340447,0.0009547550062895793,0.00039628478088373143,2024-08-06,2024-10-03,739103.0,739161.0,1.0046213542150164,1.2399193612466894,0.5647971466774202,0.04197847466666585
2024-10-22,739180.6397076529,0.5870437591444974,9.287407437358905,0.7855598355632248,-0.02624000795453608,0.002855029080077881,0.0027320858898214,-0.0008287929408055796,2024-08-13,2024-10-03,739110.0,739161.0,1.8920727544225697,0.580937489020658,0.5647971466774202,0.03810642951964676
2024-10-17,739175.1527181262,0.5632433055633531,6.700221872714196,0.7044711472576444,-0.019015236709819205,-0.0016125272819926101,-0.0015181693245246777,0.0005435127756021551,2024-08-20,2024-10-03,739117.0,739161.0,1.5069625924648318,0.991291812814577,0.5647971466774202,0.032901070456204856
2024-11-10,739199.9212217496,0.09065620575822587,2.179116617416881,3.06183903716176,-1.7118179504213622,0.03278820109915455,0.014379038797915685,-0.029467089686065612,2024-04-19,2024-10-04,738994.0,739162.0,0.5868086987897221,2.171986152527219,0.5714196874379137,0.3184085776910017
2024-12-04,739223.1263910821,0.05549555637405003,14.621399168162592,3.799754419643101,-2.543177904422193,-0.013565920412727535,-0.007254857497824664,0.011463037962543561,2024-04-26,2024-10-04,739001.0,739162.0,3.0026223962626033,0.711535795205273,0.5714196874379137,0.17952413275518103
2024-11-16,739205.7649602934,0.1779067222588864,11.670906666319746,1.3149589131999067,-0.3647422099496678,-0.005610484704403749,-0.0008790304930604187,-0.005541195178895832,2024-05-03,2024-10-04,739008.0,739162.0,2.8015400701857147,0.9909994302599471,0.5714196874379137,0.1507392324998064
2024-10-19,739177.4953747503,0.9078951535237316,10.787151889295526,0.609666735371152,-0.0024073704765755393,-0.0005526552389631598,-0.00028179089745013257,-0.0004754173989955314,2024-05-10,2024-10-04,739015.0,739162.0,4.034732433315344,0.36662117308332953,0.5714196874379137,0.1330143282575605
2024-12-08,739227.8321473028,0.26640467141447305,12.950433862383276,1.1780259942507152,-0.19190580940410296,0.0029262016851784867,0.002923198908437193,0.00013253091734767675,2024-05-17,2024-10-04,739022.0,739162.0,2.34958573020933,1.3490914301623098,0.5714196874379137,0.14912116919422588
2024-12-07,739226.5912277625,0.7572717339414596,4.343423755618288,0.6755934463445984,-0.0044264300792900575,0.0014109708281117128,0.0011786096284222168,-0.0007757048546790827,2024-05-24,2024-10-04,739029.0,739162.0,0.7729322743428123,0.5469594345066268,0.5714196874379137,0.09275940853761612
2024-11-18,739207.4799586148,0.7828090301727288,12.966035800712122,0.7162549029941444,-0.006154939439576319,0.000057762378837652336,0.00005528696301950616,-0.000016728542347264588,2024-06-03,2024-10-04,739039.0,739162.0,2.7023885323804344,6.4332040107413375,0.5714196874379137,0.12175253029349631
2024-10-31,739189.648575583,0.4568360379883404,9.79440389249053,0.822660927474267,-0.045677496632095166,-0.00176686031603986,-0.0016923530562585293,0.0005076775643741701,2024-06-10,2024-10-04,739046.0,739162.0,2.568629672034936,1.2058198392890322,0.5714196874379137,0.09962016876461531
2024-10-11,739169.3149721781,0.9451220113228918,3.40349384100289,0.6332617218520112,-0.0029476228413229787,-0.0005699889304917915,-0.0002716077542492824,-0.0005011153646764763,2024-06-17,2024-10-04,739053.0,739162.0,1.4984998727301015,1.436046161397475,0.5714196874379137,0.0848521444473399
2024-10-28,739186.1488441428,0.08889836484975057,8.621154997791269,2.111255072082699,-1.1120475197451294,-0.0059409247779515645,-0.00566055581363709,0.00180352296851972,2024-06-25,2024-10-04,739061.0,739162.0,2.2574702811121314,1.9301791139486892,0.5714196874379137,0.0963941782334447
2024-10-20,739178.472088987,0.20140812144561832,4.81205064776317,1.0991490682731266,-0.26261715906199107,0.00958002548207074,0.0008021825140824393,-0.009546381065682705,2024-07-02,2024-10-04,739068.0,739162.0,1.4575078759846505,1.1473692956305024,0.5714196874379137,0.08645807051541234
2024-11-04,739193.7833199048,0.04127542566535825,8.85608495674515,4.461693194481883,-3.317058771074006,-0.014290431299834,-0.00468184315566377,-0.013501732162987067,2024-07-10,2024-10-04,739076.0,739162.0,1.8462976633802912,1.0818265025292995,0.5714196874379137,0.08614664816685608
2024-10-18,739176.3646390333,0.7729753456687842,3.172738219626099,0.59159325244188,-0.001908871408957431,-0.0032693624478129647,-0.0022991421341336206,-0.002324365776340092,2024-07-17,2024-10-04,739083.0,739162.0,0.9451497322180389,0.1422476187905214,0.5714196874379137,0.05929159085003144
2024-11-06,739195.0407586487,0.9736697058069259,8.516186957784347,0.7029028454033135,-0.0028752045213984922,-0.0004224890104584335,-0.0004224457655197882,-6.044762406120907e-6,2024-07-24,2024-10-04,739090.0,739162.0,1.5676567013780576,0.7780720175353523,0.5714196874379137,0.061638819878773336
2024-10-05,739163.464587667,0.05494216909327013,11.001548086702815,1.579710702380574,-0.8808040023967469,-0.021236667801480924,-0.020454563633957503,0.005710243940046684,2024-07-31,2024-10-04,739097.0,739162.0,6.680044438571286,0.20713090641274032,0.5714196874379137,0.10178639131655795
2024-10-08,739166.1247122771,0.42590808792741275,3.1335763282128957,0.6955937525165838,-0.036607327114095096,-0.0076773667963742015,-0.006727319560889051,-0.0036993421647299163,2024-08-07,2024-10-04,739104.0,739162.0,1.3526135329181046,0.6480840593940881,0.5714196874379137,0.05758288818981708
2024-10-26,739184.6155710235,0.06154089190314861,4.968498187667084,2.3941647050461934,-1.4580471105670867,0.020580565305709904,0.020159213217537098,-0.004143161926894461,2024-08-14,2024-10-04,739111.0,739162.0,0.933270352388745,0.8775116828381481,0.5714196874379137,0.04414351015441902
2024-10-15,739173.3690483008,0.6074402060713441,2.1898907618476793,0.4118114944029533,0.023683990309927953,0.012990950807567764,0.010655002265470222,-0.007432074381185239,2024-08-21,2024-10-04,739118.0,739162.0,0.5517700245535077,0.5057024051618866,0.5714196874379137,0.02470721046325904
2024-10-26,739184.563314084,0.55226684364518,12.321371126467136,0.7266518768273014,-0.021714278486179215,0.0036610429702680115,0.0031143595512694053,-0.0019245779317985162,2024-04-22,2024-10-07,738997.0,739165.0,4.4327789037575105,0.2658462315552862,0.5558983115352902,0.1963814085900011
2024-10-19,739177.6257723708,0.8063963917844554,14.110982813282302,0.6089394498018705,-0.003715446059306355,0.0005169840271730244,0.0002195115508862757,0.0004680674773785725,2024-04-29,2024-10-07,739004.0,739165.0,5.886691465058641,0.410700421251645,0.5558983115352902,0.16715819195134
2024-11-02,739191.1311647313,0.28001436693868104,2.330058837587001,0.5386921713493197,-0.004941146916717882,-0.026685243591993143,-0.007538718080579928,0.025598241253366388,2024-05-06,2024-10-07,739011.0,739165.0,0.7159283558687956,0.022252049758947755,0.5558983115352902,0.10458811831510224
2024-10-26,739184.148451915,0.3133819882024505,11.43438752246277,0.8468236023016776,-0.09225986635382576,-0.006841264714327047,-0.0020431467050697864,0.006529046977397144,2024-05-13,2024-10-07,739018.0,739165.0,3.9320536171032865,0.36960475572372636,0.5558983115352902,0.11780521253452456
2024-11-27,739216.4167159395,0.13755022460662072,7.65155033977805,1.829250101547378,-0.7052508533975013,-0.014035416710662907,-0.004102146581399401,0.01342256740220249,2024-05-20,2024-10-07,739025.0,739165.0,1.6007617027774685,0.903296178844686,0.5558983115352902,0.1117369229668902
2024-10-17,739175.3786633243,0.3783312776274391,7.675059476664328,0.7750880178617814,-0.05973319254850622,0.001724508071266993,0.0005443198564074816,-0.001636350812566041,2024-05-28,2024-10-07,739033.0,739165.0,3.198850479960072,1.7074224720453797,0.5558983115352902,0.1202668484544883
2024-12-07,739226.2228808363,0.2559052929577837,2.0333251313011886,-1.2802968497038885,0.5566621065701137,0.11523584125342501,0.008397161312582392,0.11492948616989038,2024-06-04,2024-10-07,739040.0,739165.0,0.3599954548677276,0.6079621221833976,0.5558983115352902,0.09284841639335888
2024-10-22,739180.2466925092,0.4873225463218488,8.439216151390813,0.7601498265015457,-0.03493070530773844,-0.0021190930912981694,-0.0008043645609716225,0.001960498197561161,2024-06-11,2024-10-07,739047.0,739165.0,2.911718572835331,0.9518570119741385,0.5558983115352902,0.10046979768558975
2024-10-14,739172.9879932909,0.23871826187569672,13.799048012389294,0.9004551679625491,-0.1565755063621041,-0.010622388087213117,-0.006362369732310498,-0.008506196568663714,2024-06-18,2024-10-07,739054.0,739165.0,5.9320825976350635,0.2549988245884772,0.5558983115352902,0.08464370715412245
2024-11-09,739198.7775989914,0.5075545234925142,8.283710655720544,0.880012322119905,-0.04112380548503087,-0.002279031111262958,-0.0012682766435966305,0.0018935303434092995,2024-06-26,2024-10-07,739062.0,739165.0,1.8438503152132726,1.1056071134620442,0.5558983115352902,0.08506244506322237
2024-11-09,739198.6484614158,0.6165222898335984,14.839939834236457,0.8137670929473939,-0.021135314528901522,0.0026406056275870998,0.001477823208136953,0.0021883410716651247,2024-07-03,2024-10-07,739069.0,739165.0,3.185803070953046,0.33252309440188793,0.5558983115352902,0.049480891141162546
2024-10-27,739185.4150709087,0.9176757200905579,7.0476818435434705,0.6745703682104618,-0.0035337724531624656,-0.0005894141492262577,-0.00023698312633238546,0.0005396740100670422,2024-07-11,2024-10-07,739077.0,739165.0,1.8728510271741654,0.7806582879268823,0.5558983115352902,0.07484080212237358
2024-10-27,739185.0841733679,0.43738074255629,6.8838406001803945,0.8080485237926364,-0.04831346321633235,0.004305140533838922,0.0009975021789844032,0.004187985723354873,2024-07-18,2024-10-07,739084.0,739165.0,1.7705086811031936,0.7130330971560772,0.5558983115352902,0.07684836740731865
2024-10-13,739171.5990237265,0.6899810443734359,4.580458198236373,0.654786991274676,-0.009299019022511096,-0.0021457299908345722,-0.0021434097880718346,-0.00009975807719070853,2024-07-25,2024-10-07,739091.0,739165.0,1.8243761693117104,0.6528152638374715,0.5558983115352902,0.06968052564501616
2024-11-07,739196.2334151218,0.21011880466265948,12.230739801545807,1.3386077207401714,-0.3392503257803147,-0.012900650795789111,-0.004932804627637607,0.011920328412441129,2024-08-01,2024-10-07,739098.0,739165.0,2.2305071896248583,0.4517735994950589,0.5558983115352902,0.05424463297448542
2024-10-14,739172.0492913609,0.02779699468634856,3.6991461184835366,2.885150231113141,-2.12286192858165,0.030815743859928826,0.02788662258332851,-0.013112831522433796,2024-08-08,2024-10-07,739105.0,739165.0,1.3261315274361334,0.5176610040797403,0.5558983115352902,0.06621674613064943
2024-10-27,739185.8749709093,0.08318660788779299,6.9995714412938534,1.646031034042902,-0.7922145979007638,0.011372611917109036,0.009833703312121264,0.0057126684645921605,2024-08-15,2024-10-07,739112.0,739165.0,1.4079197697489734,0.8278746533560751,0.5558983115352902,0.05146275626173331
2024-10-08,739166.1721723308,0.6897513955463591,10.648192538570477,0.6208068199177519,-0.006578563809105805,-0.002580011346983499,-0.0010691512835822978,0.0023480575127917836,2024-08-22,2024-10-07,739119.0,739165.0,6.261870122574166,0.16516809811196603,0.5558983115352902,0.020982993781242867
2024-11-08,739197.103328709,0.2672260066375021,9.60695382144614,1.0358003142375807,-0.16594096254509114,0.005491186290656077,0.0006628791112937584,-0.005451029092061394,2024-04-23,2024-10-08,738998.0,739166.0,2.8385916004828906,0.8405826968011061,0.5967649977942848,0.26943107386339427
2024-11-29,739218.0877199551,0.9239775577040243,4.962571867481609,0.6863530641743374,-0.002411046857585006,-0.00047122754419300685,-0.00004934179093367347,0.0004686371582297228,2024-04-30,2024-10-08,739005.0,739166.0,1.1126753888622463,0.9526417187183789,0.5967649977942848,0.10943266748224269
2024-10-27,739185.2942633291,0.15329488214755618,11.56774831058129,1.2152209877676814,-0.3750095887508607,-0.012774731725993822,-0.011345207714339991,0.005871970077375515,2024-05-07,2024-10-08,739012.0,739166.0,4.041473619278977,0.38901774232468767,0.5967649977942848,0.11863792894012436
2024-11-02,739191.6819456214,0.9443926797153139,8.827156885891991,0.6263697543320136,-0.0019847296391921117,0.0002478812366998946,0.0001184025226157827,0.00021777499890044368,2024-05-14,2024-10-08,739019.0,739166.0,2.677238883833334,0.8566224810709031,0.5967649977942848,0.1739903362333163
2024-10-17,739175.2052434991,0.22573055951116877,12.442477732852035,0.9412234683167516,-0.17883663549776918,0.013726340492639951,0.005580614962500295,-0.012540700138357704,2024-05-21,2024-10-08,739026.0,739166.0,5.5161732034429924,0.236366110584637,0.5967649977942848,0.07655384217138474
2024-12-01,739220.8829947526,0.03447591092658953,9.102157892391523,6.513228048783863,-5.124844291283065,-0.018624970831365096,-0.013939183986419437,0.012352679396064182,2024-05-29,2024-10-08,739034.0,739166.0,1.7750048668017953,1.0422129342209014,0.5967649977942848,0.09977621816676542
2024-11-29,739218.696089002,0.8587295472499321,5.736610226049208,0.7196259022385066,-0.003973119975756168,0.0005016760271643617,0.0002927921240154539,-0.00040737158509883403,2024-06-05,2024-10-08,739041.0,739166.0,1.1097940746292154,1.1855213912620182,0.5967649977942848,0.0902591571146956
2024-10-27,739185.1493667316,0.9247404577677318,13.274238280547218,0.6385717065328793,-0.002641932949428442,-0.00041231317842118216,-0.00032191344203807504,-0.00025763131202355145,2024-06-12,2024-10-08,739048.0,739166.0,4.159408279394489,0.44638009950619206,0.5967649977942848,0.09648372734484024
2024-11-08,739197.6535589579,0.4343456727201055,6.952937923223117,0.9064918520538294,-0.06083201777641608,-0.003126939857706023,-0.0028531875523672002,0.001279481795387268,2024-06-20,2024-10-08,739056.0,739166.0,1.6582691277321757,1.215289766687131,0.5967649977942848,0.08774610217178781
2024-11-26,739215.1424599636,0.72864851539237,10.448598535315345,0.8306294251648233,-0.01177675609164263,0.0008919252695665616,0.000399808431018127,0.0007972978771940934,2024-06-27,2024-10-08,739063.0,739166.0,1.8792852369120596,0.9207829180575204,0.5967649977942848,0.07937831681355828
2024-10-31,739189.4556405724,0.011383998043711598,13.15739330867951,13.101937768899203,-12.013980990678014,-0.028646842550107687,-0.005561222541381448,-0.028101857446366257,2024-07-05,2024-10-08,739071.0,739166.0,3.3911852240676286,0.3628566901161731,0.5967649977942848,0.07790250988661772
2024-10-15,739173.285656993,0.6275001267109012,8.849856741985032,0.6883038571455984,-0.015368369364415166,-0.0029102214727628334,-0.0023516536450837898,0.001714384482575014,2024-07-12,2024-10-08,739078.0,739166.0,3.621209610227426,0.37443749086552963,0.5967649977942848,0.05968125452775678
2024-10-23,739181.7612155227,0.21241023740571713,4.661101957330526,0.9577033753071643,-0.1839719235711258,-0.017073752281380937,-0.007669811200799283,-0.015254081850772093,2024-07-19,2024-10-08,739085.0,739166.0,1.3462079383905428,0.49103156943376425,0.5967649977942848,0.06414744377501361
2024-11-04,739193.2847489055,0.2989789891284221,2.9748487317118473,0.4647665605083873,0.019048568098984142,-0.02804238672346393,-0.005823529961132557,-0.027431039935447165,2024-07-26,2024-10-08,739092.0,739166.0,0.6209963657853588,0.06826893732199861,0.5967649977942848,0.05734530181693302
2024-10-30,739188.6379157729,0.2735457833754527,10.911803143503368,1.0535017946064824,-0.1754109452458902,0.010692510712690045,0.003703640789454532,0.010030594710368875,2024-08-02,2024-10-08,739099.0,739166.0,2.389918688513767,0.411254342781482,0.5967649977942848,0.05627218603065678
2024-10-12,739170.1140369767,0.36737829181449616,9.91145060307873,0.7367541117038318,-0.05445619519909099,0.010734441399916793,0.010734224710608217,-0.00006820579458918548,2024-08-09,2024-10-08,739106.0,739166.0,4.3321030010409975,0.1880373467121016,0.5967649977942848,0.04247335635190618
2024-10-23,739181.6523863164,0.0961167153386924,5.792462083247484,1.2230670388698546,-0.46305909003944035,0.016046148011269072,0.0027449184528466905,0.015809626456269484,2024-08-16,2024-10-08,739113.0,739166.0,1.362965409794582,0.47885203946839816,0.5967649977942848,0.04465148305681712
2024-10-20,739178.0522583288,0.7205166795057097,14.517906211310066,0.6541911692977396,-0.006660939363788814,0.0019163937583568248,0.0004924174329521917,0.0018520502446731214,2024-08-23,2024-10-08,739120.0,739166.0,3.6324693026329995,0.17250066948925308,0.5967649977942848,0.016081565059073766
2024-10-12,739170.9261909118,0.8054204848961029,4.7352232528483285,0.636267812902797,-0.005252991200749152,-0.0011737540504213888,-0.0004589977175299931,-0.001080286844399613,2024-04-24,2024-10-09,738999.0,739167.0,2.8482816863117804,0.7612227880790925,0.6028245422666595,0.21869641021187522
2024-12-03,739222.1057574312,0.9875454635583782,10.297219756496972,0.658103246919423,-0.0014902709614277826,-0.00014858417158844693,-0.00008465958956630229,-0.00012210655158954528,2024-05-01,2024-10-09,739006.0,739167.0,2.239515663733699,0.9618997435216817,0.6028245422666595,0.18771924965282977
2024-11-02,739191.2254883185,0.07411505438404388,3.6476860126467647,1.766446480902781,-0.9177466875305541,0.02975475559969189,0.010109555819378559,0.027984680843852156,2024-05-08,2024-10-09,739013.0,739167.0,1.1585657843633683,0.6266938344472001,0.6028245422666595,0.09560713405889104
2024-11-27,739216.6308014877,0.877213666137096,5.378928456373657,0.6834505113544623,-0.0030088154549726986,-0.0006493637625702206,-0.0005252087821792226,-0.0003818756751367802,2024-05-15,2024-10-09,739020.0,739167.0,1.1785834303333327,0.7556437991929883,0.6028245422666595,0.09798098383467063
2024-11-15,739204.3875411756,0.7028752023534671,3.873561702224275,0.6609974630121506,-0.0061995217707660425,-0.0019810469726016747,-0.0017265602534998808,0.000971358223668636,2024-05-22,2024-10-09,739027.0,739167.0,0.95988461433589,0.5678467696340735,0.6028245422666595,0.09438361546255261
2024-10-28,739186.2074200227,0.75450674737222,6.0077187620534485,0.6904834465270244,-0.007643824826951361,-0.0008856703332789979,-0.00033549737612838303,-0.0008196666699710935,2024-05-30,2024-10-09,739035.0,739167.0,1.9728945087909944,1.0839073521762501,0.6028245422666595,0.10152718836281759
2024-10-10,739168.9189294305,0.17578418363748363,4.32374419002684,0.9354330918529752,-0.22374656089927406,-0.0046698073398906735,-0.0044335574678195915,0.0014665158612295803,2024-06-06,2024-10-09,739042.0,739167.0,2.8845542897673324,1.9479473312746027,0.6028245422666595,0.1384435981329278
2024-11-03,739192.7820136012,0.3908455434462902,13.985862417794085,0.8549995102337531,-0.06551334504155353,-0.004106016655340793,-0.002404151380012506,0.0033285776115211667,2024-06-13,2024-10-09,739049.0,739167.0,3.8255119447222716,0.44588717463474653,0.6028245422666595,0.08738302869518237
2024-11-03,739192.3497462433,0.7242807008922386,13.251542242929357,0.7123565760944959,-0.009249774483951525,0.0009597190590902619,0.0006613389415661801,-0.0006954793143934781,2024-06-21,2024-10-09,739057.0,739167.0,3.532853186564599,0.5267778588951922,0.6028245422666595,0.08253231743456932
2024-11-02,739191.2691575334,0.7675561366489441,7.087044659912897,0.7299763188219932,-0.008550488207491333,-0.0007496699639979258,-0.0005164628183037092,0.0005433886382971595,2024-06-28,2024-10-09,739064.0,739167.0,1.8691039912103737,1.2352810529858085,0.6028245422666595,0.08540111339188827
2024-11-11,739200.6214490896,0.15512886658297623,7.769794959483903,1.604891270769262,-0.5580392685466599,0.01232067160956781,0.011768418424151297,0.003647365721298944,2024-07-08,2024-10-09,739074.0,739167.0,1.6397798981146008,0.9043018927326567,0.6028245422666595,0.08381881192428688
2024-11-16,739205.3059301971,0.1176941365053901,4.678268828108314,0.8944330870129694,-0.217671953315923,0.03787395829734334,0.03665877591120168,-0.00951687269018565,2024-07-15,2024-10-09,739081.0,739167.0,0.8764634041735256,0.1445877270790857,0.6028245422666595,0.06557394321359827
2024-10-16,739174.581142414,0.993392274044373,11.184793540399879,0.6437155730613059,-0.002682778818602398,0.000827023771245702,0.0008100069168746438,-0.0001669045020983474,2024-07-22,2024-10-09,739088.0,739167.0,4.335324789048761,0.28811089542387375,0.6028245422666595,0.031171198487980032
2024-10-16,739174.0168167789,0.6754943337930178,8.763821434657036,0.6742300666348491,-0.011439250641621311,-0.0026482733043574017,-0.001841130279307952,0.0019035731636024647,2024-07-29,2024-10-09,739095.0,739167.0,3.377313745905612,0.33293769108960525,0.6028245422666595,0.05381093171712479
2024-11-03,739192.7433090963,0.6300225988141906,5.295457602234408,0.7691259616327625,-0.01813126832253975,-0.002748468795274555,-0.001431591789136768,0.002346193868348085,2024-08-05,2024-10-09,739102.0,739167.0,1.0618077981981058,0.7848560440041894,0.6028245422666595,0.04619204287549959
2024-10-23,739181.2621231178,0.5324415332286768,9.92345907489877,0.7443016996201375,-0.027073225146931668,-0.0031911058630360364,-0.0015935745788417948,0.002764720002237507,2024-08-12,2024-10-09,739109.0,739167.0,2.562828401725212,0.45520563071693065,0.6028245422666595,0.054917892602979315
2024-10-19,739177.669227637,0.7105159671768561,6.248610350461402,0.6518809574671697,-0.00689469532237283,-0.0007683141225223506,-0.0004473654611682789,0.000624636482300692,2024-08-19,2024-10-09,739116.0,739167.0,1.744767201885386,1.0203910989872635,0.6028245422666595,0.04305394806344314
2024-10-20,739178.1155471876,0.36551784955740946,11.091123960834217,0.6785481215398081,-0.030179446684316123,0.006342868289092679,0.002179942251376292,0.005956494767347817,2024-08-23,2024-10-09,739120.0,739167.0,2.91980883859879,0.1568045319715851,0.6028245422666595,0.016613040734407725
2024-11-21,739210.5677982043,0.9291441605289437,7.7184541560234,0.6841051512368826,-0.002538079753923675,-0.0004288405333388761,-0.0002398378344806488,0.0003555024840785288,2024-04-25,2024-10-10,739000.0,739168.0,1.9639030771550612,0.7124628275104564,0.6277424835345252,0.20722518666349157
2024-12-20,739239.6491075257,0.7591705369260591,10.511399808639869,0.7545524054925052,-0.006323697097058328,0.0004751097015928737,0.0004161942857634105,-0.0002291539767177391,2024-05-02,2024-10-10,739007.0,739168.0,1.9703076208343961,0.9612933774925276,0.6277424835345252,0.1765060002704007
2024-11-15,739204.3862309476,0.37331439910737446,8.295058654445398,0.8729745178967023,-0.06944634671597032,0.002467659105789406,0.0005714404280734067,-0.0024005827000019514,2024-05-09,2024-10-10,739014.0,739168.0,2.184751260786076,1.2665417793121718,0.6277424835345252,0.15985861700295487
2024-12-08,739227.7298333144,0.0017096629064554674,12.948025089965228,106.77270231619815,-105.41769892147556,0.010756449717333173,0.010415888966323854,0.0026852313797380463,2024-05-16,2024-10-10,739021.0,739168.0,2.5585787106105062,1.2940514317820924,0.6277424835345252,0.14503308853756783
2024-11-09,739198.6649131535,0.6412188462954577,13.910466302850441,0.7206608173967171,-0.012732220879893055,-0.0014138236436844673,-0.0011570615410397558,0.000812469005986031,2024-05-23,2024-10-10,739028.0,739168.0,3.8003764304576335,0.4151198625146198,0.6277424835345252,0.11129998015262196
2024-12-02,739221.7596114274,0.7216009466346319,11.050585429244393,0.7781552792618861,-0.00949751116941468,0.00039967112889777525,0.0003481338555083581,-0.00019631563850928366,2024-05-31,2024-10-10,739036.0,739168.0,2.1807351377449797,1.5517396012086329,0.6277424835345252,0.12022207756317033
2024-10-23,739181.6502034776,0.759811028837001,8.575851505062825,0.6715825030794146,-0.007158217636441827,-0.0006148671955024817,-0.0005997343087973782,0.00013557443326976543,2024-06-07,2024-10-10,739043.0,739168.0,3.164085789135038,1.0314588727208465,0.6277424835345252,0.10578419733781408
2024-11-16,739205.9527005827,0.5688532200862596,8.961227745449595,0.8417576526542577,-0.026679384726586045,0.0016170289444398449,0.0016159770840463794,-0.000058315272383824676,2024-06-14,2024-10-10,739050.0,739168.0,2.0155565743266175,1.047347310920892,0.6277424835345252,0.09205705326365088
2024-11-07,739196.259625483,0.5418331915137734,13.595158647519789,0.8004596345283238,-0.028363131223447344,0.002451460262865086,0.0006238440599000022,0.0023707543123094904,2024-06-24,2024-10-10,739060.0,739168.0,3.4038346852882437,0.46111647784918414,0.6277424835345252,0.07489277498604575
2024-11-27,739216.9567645999,0.3276458732748882,14.980699990692575,1.1694486471238663,-0.1496156305240643,-0.005179634338661987,-0.001343197785841328,-0.005002442562424613,2024-07-01,2024-10-10,739067.0,739168.0,2.6689547598518826,0.6317575799579809,0.6277424835345252,0.08222043794558348
2024-10-23,739181.7101879173,0.5207902664124896,9.054412175879282,0.7565040860927983,-0.029982609890008012,-0.0028849928974800936,-0.0009870752284520017,-0.00271087928759047,2024-07-09,2024-10-10,739075.0,739168.0,2.9570112242265565,0.5977605968394983,0.6277424835345252,0.08145799740591791
2024-11-12,739201.8294462382,0.8591518553192945,10.41517261544852,0.7136484144654462,-0.00463145393185013,0.0006639680588770854,0.0006631776180197693,0.000032388735181074054,2024-07-16,2024-10-10,739082.0,739168.0,2.096462580534591,0.5754049865352527,0.6277424835345252,0.0746212286729001
2024-11-13,739202.0293257718,0.6585559748513153,5.461534829314873,0.7001726644653042,-0.009714903909284386,-0.0025274191364749597,-0.0024194464355118683,0.000730839542655394,2024-07-23,2024-10-10,739089.0,739168.0,1.043445418835087,0.46348878135395566,0.6277424835345252,0.06176238847056674
2024-10-19,739177.6108332527,0.30745016951079457,11.490988608269873,0.8327853021523947,-0.09598110573713793,-0.011443721492512982,-0.002015024244654161,0.011264920722830658,2024-07-30,2024-10-10,739096.0,739168.0,3.9120351060224268,0.22440669612840447,0.6277424835345252,0.057870953707267206
2024-10-30,739188.6335290149,0.04724819384037594,2.6944725577450637,5.5620427592781745,-4.219365996357061,-0.08076620984320332,-0.006315614178264161,-0.08051890256323453,2024-08-06,2024-10-10,739103.0,739168.0,0.6103057764713904,0.9160705933470327,0.6277424835345252,0.04157295300008923
2024-11-06,739195.721525682,0.24812936570722327,6.027966181657233,1.0679296164006853,-0.19026367982341935,0.010543821911384074,0.0040049505344960015,-0.009753591734085607,2024-08-13,2024-10-10,739110.0,739168.0,1.083039745832325,0.7427885291031388,0.6277424835345252,0.04635385520629269
2024-10-18,739176.1563864299,0.6957818500402987,2.1347413683124596,0.6342951525688102,-0.006948703357633042,0.002545374670808577,0.0020745599533498354,0.0014748332837141293,2024-08-20,2024-10-10,739117.0,739168.0,0.6731841796533431,0.8897743527452964,0.6277424835345252,0.03555519287757348
2024-10-19,739177.0998674571,0.15922616644654555,13.611173653911523,0.8832301074202231,-0.18079279258245826,-0.013935290749953566,-0.01044042510092997,-0.00922983488463433,2024-08-26,2024-10-10,739123.0,739168.0,3.861559754632292,0.15176930415146023,0.6277424835345252,0.017885991310633422
2024-11-09,739198.1997583387,0.5148154327745001,10.04194146684228,0.7618238311793979,-0.026531279162317647,0.0014843367090897604,0.000252414978983427,0.001462717383617292,2024-04-26,2024-10-11,739001.0,739169.0,3.052699782177596,0.9163463050051902,0.6483264006780122,0.1982979374089757
2024-12-09,739228.1704345989,0.21823847340388497,5.296965162531508,1.2154424233679773,-0.25367746695200943,-0.012709147858716347,-0.0073736993667648095,-0.010351376572383334,2024-05-03,2024-10-11,739008.0,739169.0,1.1077352753813134,0.8223745439476071,0.6483264006780122,0.10811864529406444
2024-11-02,739191.9236848981,0.7349053224750125,3.734406750401488,0.6686665556820081,-0.006355041657409344,0.0016394272438249925,0.0005153527460815208,0.0015563204152429044,2024-05-10,2024-10-11,739015.0,739169.0,1.2145812095381214,0.7628445136601784,0.6483264006780122,0.09965895211076421
2024-10-11,739169.3088365331,0.5090834976759498,4.446673250886372,0.6700660018356975,-0.02279311639024369,-0.0027505580891249047,-0.0027046597195966356,-0.0005003854542669028,2024-05-17,2024-10-11,739022.0,739169.0,4.364783533060532,0.9487170120839694,0.6483264006780122,0.12462586408451101
2024-10-27,739185.7036040493,0.33958347979025644,12.769982965278624,0.8547065286343261,-0.08434487926427968,-0.006192844504215499,-0.0020458877086958435,0.005845140420622878,2024-05-24,2024-10-11,739029.0,739169.0,4.550011423437391,0.3621802647216036,0.6483264006780122,0.09403518460561863
2024-11-28,739217.739229928,0.6809638492873232,6.9678315161932325,0.8024197826127425,-0.012850000428257203,-0.0010577539995530842,-0.00009149183228084575,-0.0010537897172569308,2024-06-03,2024-10-11,739039.0,739169.0,1.4410373366802605,1.1872573916344051,0.6483264006780122,0.09159811897839328
2024-10-17,739175.3637533871,0.7394355688614028,5.194736512689632,0.6677499654514669,-0.008276080495955252,0.0008874143890748576,0.0008566081445241868,-0.0002317903895158999,2024-06-10,2024-10-11,739046.0,739169.0,2.4902333594605337,1.327501599599872,0.6483264006780122,0.09806335168156367
2024-12-06,739225.7271674384,0.12491687154361089,14.329667065966927,2.23905022762509,-0.9698777133742241,-0.004660032264518485,-0.003022255628420793,0.003547093404864342,2024-06-17,2024-10-11,739053.0,739169.0,2.5393985584251024,1.8143165208525347,0.6483264006780122,0.10357277683993614
2024-10-14,739172.5063957855,0.3130320998335446,3.7781361099100472,0.7814283228934492,-0.08080230706762474,0.006238304160677516,0.005630306468648811,0.0026862776978968054,2024-06-25,2024-10-11,739061.0,739169.0,2.080224576098634,1.0731699168198272,0.6483264006780122,0.10740958888796086
2024-10-29,739187.7394190768,0.7354123233258812,2.3821977607376144,0.6023882577388141,-0.002648773417101215,0.003035528918289402,0.0002514131439716716,0.003025099542958793,2024-07-02,2024-10-11,739068.0,739169.0,0.7031839434884646,0.2693788692886945,0.6483264006780122,0.0912111447118892
2024-11-26,739215.0235089893,0.7959528599821679,5.658211758726469,0.6963207492216158,-0.004620555588608642,-0.001094461101101735,-0.00014610605267243568,-0.0010846649820093308,2024-07-10,2024-10-11,739076.0,739169.0,0.9955301761967821,0.593884539475562,0.6483264006780122,0.08112002907489779
2024-10-22,739180.7240929933,0.710967094938841,13.504570499115193,0.7009809927447838,-0.010983810314267147,-0.0023165855467239755,-0.0005549805412766311,-0.0022491254287155082,2024-07-17,2024-10-11,739083.0,739169.0,4.557635932357244,0.2496165672938486,0.6483264006780122,0.04037096722388323
2024-11-06,739195.7529637205,0.004687001297499328,8.868789776073642,30.90473215483411,-29.795365724877513,0.010671685148028513,0.003367365583495801,-0.010126485714488532,2024-07-24,2024-10-11,739090.0,739169.0,1.9400672378895307,1.4755245174013853,0.6483264006780122,0.0905579702252524
2024-11-03,739192.2447849616,0.40186530491102423,3.4776002124644254,0.8870383947095523,-0.07182604437449036,0.00791811863609766,0.004022358598314004,0.006820354392690053,2024-07-31,2024-10-11,739097.0,739169.0,0.7806074283317238,1.0482401840926685,0.6483264006780122,0.05602282150560175
2024-11-09,739198.539489782,0.5198323084319901,4.605410209527678,0.9252159450950687,-0.04684116286348912,0.005410357463525804,0.005327181967066084,0.0009450397731816921,2024-08-07,2024-10-11,739104.0,739169.0,0.8526608157327822,0.9772296984851068,0.6483264006780122,0.04348096528785462
2024-10-18,739176.0145157687,0.879986532539142,13.304821267743437,0.6533093905590238,-0.004150776539498561,-0.001499406318151414,-0.000691295208095672,0.0013305375763864552,2024-08-14,2024-10-11,739111.0,739169.0,4.714949161420688,0.1830952163356974,0.6483264006780122,0.022935724839526845
2024-10-31,739189.4075380162,0.9250435891385616,11.173619696402609,0.6692594242589731,-0.0029340641900837045,-0.00041784514704447894,-0.0004124684658999951,-0.00006681565345580935,2024-08-21,2024-10-11,739118.0,739169.0,2.227365241320786,0.5813297653688841,0.6483264006780122,0.029948491901262978
2024-10-17,739175.5173037627,0.12829749352606393,2.99583096179347,0.937671365933903,-0.24085829621855223,-0.014797574399657728,-0.013633696062371881,-0.005752437726066338,2024-08-27,2024-10-11,739124.0,739169.0,0.9857661932032658,0.6970628614355046,0.6483264006780122,0.021382627656398687
2024-12-05,739224.2391222997,0.6217449499930324,11.703961719832598,0.7714709369234455,-0.014244718054224786,0.0006727914299777413,0.0005617485650596201,-0.0003702524245767362,2024-04-29,2024-10-14,739004.0,739172.0,2.680268251284864,1.1247416578180618,0.6751286750572669,0.18683013023012127
2024-10-27,739185.7840134447,0.021216274209757028,11.439980315096824,5.606020974843693,-4.671783228014329,-0.01897193707658444,-0.010856308345825119,0.015558758483190339,2024-05-06,2024-10-14,739011.0,739172.0,4.624728328246761,0.4566830051893486,0.6751286750572669,0.12740082741753297
2024-11-18,739207.1685873852,0.4291320592654605,4.075114196775335,0.7887342680638423,-0.039864613998852036,-0.00613058611302298,-0.005447942257165489,-0.002811407343623618,2024-05-13,2024-10-14,739018.0,739172.0,1.0912171987160562,0.6847574143583974,0.6751286750572669,0.10516403378456746
2024-12-15,739234.5970977799,0.6972989435849036,14.067861322753915,0.7842255645142194,-0.009824314124595562,0.0004134786239416403,0.0004133467914219188,-0.00001044042517702987,2024-05-20,2024-10-14,739025.0,739172.0,2.705723622885693,1.1777147293996775,0.6751286750572669,0.1680620925625873
2024-10-25,739183.9263629264,0.026104941308556125,13.067632797371013,4.8375607672717535,-3.8946089476542274,-0.02560228207022366,-0.02541272778370081,0.0031096806580124714,2024-05-28,2024-10-14,739033.0,739172.0,5.2785621793616295,0.30388619976456566,0.6751286750572669,0.08554880792077528
2024-10-22,739180.6437579779,0.5868501818018573,10.362902225352826,0.7015952792739797,-0.017412940141367125,-0.0007199805255572045,-0.0006949113574625141,-0.00018833523953640328,2024-06-04,2024-10-14,739040.0,739172.0,4.600565247989885,1.369610889804467,0.6751286750572669,0.11225842287441189
2024-10-19,739177.8077595545,0.28996360900830026,10.136933486465653,0.8677071399446878,-0.11371122152284191,-0.0052046117754984585,-0.0032543526036279105,0.00406167119113764,2024-06-11,2024-10-14,739047.0,739172.0,5.024811663857311,0.62495951496628,0.6751286750572669,0.10239861831001647
2024-10-31,739189.9686366827,0.023288293848831913,8.731519794904013,6.297351599429945,-5.255232407627805,-0.005347124430231266,-0.0021657974533745954,-0.004888871144071213,2024-06-18,2024-10-14,739054.0,739172.0,2.8123981059839975,2.62131652901163,0.6751286750572669,0.11197088061645036
2024-11-28,739217.4271075238,0.8119215584205304,11.733628784361972,0.7948007210306053,-0.007004169564277913,0.0005542329682240383,0.0001936764433752441,0.0005192914579963201,2024-06-26,2024-10-14,739062.0,739172.0,2.2971086855957474,0.8744722334352618,0.6751286750572669,0.08516907365339044
2024-11-13,739202.9572083291,0.03829261730270695,7.7660539793078565,5.062290044142129,-3.851944658475614,0.019536684387639416,0.016832215824827773,0.009917587775696828,2024-07-03,2024-10-14,739069.0,739172.0,1.8106429760886151,0.9721736034182767,0.6751286750572669,0.08647159421989364
2024-10-27,739185.6482905432,0.636358408247668,8.670725664361687,0.728858897637938,-0.0155338644504129,-0.001803674632686395,-0.0017979249085083593,-0.0001439034536125164,2024-07-11,2024-10-14,739077.0,739172.0,2.862789206504555,0.6320736052736641,0.6751286750572669,0.07849681588246002
2024-10-31,739189.3782464627,0.21703822589666638,10.348738986436242,1.0991648872751039,-0.2373775897381194,0.013016361865401987,0.003484687352661134,-0.012541237190376983,2024-07-18,2024-10-14,739084.0,739172.0,2.968544504962733,0.3824713417252907,0.6751286750572669,0.06848683354881911
2024-11-06,739195.1574036169,0.9897011443398283,11.686649444022661,0.6929752557140724,-0.002581538561062245,0.0005023902560425015,0.00023686676077618417,-0.0004430463937398069,2024-07-25,2024-10-14,739091.0,739172.0,2.7966570006745988,0.435162501307027,0.6751286750572669,0.05472746432870308
2024-11-19,739208.6411095528,0.11529351399627433,13.245751218263669,2.292887123485156,-1.0738201497963582,-0.013776061201435381,-0.010110211378188145,0.009357536434021948,2024-08-01,2024-10-14,739098.0,739172.0,2.3297349530622844,0.6784764343159035,0.6751286750572669,0.06707363740454719
2024-11-07,739196.1733592533,0.7232858271976376,7.42638787179894,0.7518975634003843,-0.010716585509120961,0.0011359782780996292,0.00020902935774217893,-0.001116581110316707,2024-08-08,2024-10-14,739105.0,739172.0,1.5690474420462766,0.9187952337074295,0.6751286750572669,0.05598154460215728
2024-10-29,739187.2499610712,0.6091870594374519,13.430343342333257,0.7472629261147173,-0.01852248183953901,0.0024470538224738,0.0013741486855425398,-0.00202479327342456,2024-08-15,2024-10-14,739112.0,739172.0,3.411968484630959,0.343335894663009,0.6751286750572669,0.040021411246973324
2024-11-01,739190.1303324336,0.4873686365740678,6.78293100347858,0.7024683937215395,-0.019111096525745545,0.003259173491757462,0.0029628244354057446,-0.001357896614009019,2024-08-22,2024-10-14,739119.0,739172.0,1.475648811400602,0.42132604344710006,0.6751286750572669,0.025882073218125818
2024-10-22,739180.2445219237,0.20754550487617368,14.779997762653977,0.8834580131636436,-0.14947305034121017,-0.010516583776025006,-0.010514840688973844,-0.00019146697796860573,2024-08-27,2024-10-14,739124.0,739172.0,4.516810240972695,0.19958466753006837,0.6751286750572669,0.020798058406001553
2024-11-16,739205.4101851998,0.3039952274328322,11.717810754429976,0.9778818390811527,-0.1207340051620825,-0.003357397703290298,-0.0005013669290568485,-0.003319751578131573,2024-04-30,2024-10-15,739005.0,739173.0,3.397735661975238,0.9329258021128077,0.670489833074059,0.1631248710885676
2024-12-23,739242.3601905945,0.010561992140478928,7.995971653713687,20.83850343265187,-19.32165100294019,0.028546553116427276,0.016187409542255688,-0.023513261516435645,2024-05-07,2024-10-15,739012.0,739173.0,1.5275393894659168,0.8940568832925735,0.670489833074059,0.12246992057600224
2024-11-12,739201.928835505,0.40855503272775395,10.646865905653826,0.8471600936139553,-0.05539432404595727,0.0021357378800214324,0.0005240597703291567,-0.002070443829057189,2024-05-14,2024-10-15,739019.0,739173.0,3.125098213614913,0.9952818793006007,0.670489833074059,0.1620270889247083
2024-10-31,739189.4480414247,0.20706439809835603,7.6264179791948905,1.0990806296725417,-0.24725271465471904,0.0028405097056081858,0.0023111068934796065,0.001651447944854861,2024-05-21,2024-10-15,739026.0,739173.0,2.7871942168967494,2.363358588568641,0.670489833074059,0.13837414641526308
2024-12-21,739240.1022487408,0.9090142518833675,2.9916543849595434,0.6039901761226174,-0.000487999279267629,0.0012822152856808633,0.0011133923747885636,-0.0006359508303291538,2024-05-29,2024-10-15,739034.0,739173.0,0.5342989725343426,0.11564250839356796,0.670489833074059,0.10327381091051767
2024-11-06,739195.840664344,0.4791581503922292,5.523442331143473,0.8382598295582586,-0.04140900113615293,-0.002800405624914215,-0.0027244109588179,0.0006479634183533096,2024-06-05,2024-10-15,739041.0,739173.0,1.6824369301961106,1.2827524981668768,0.670489833074059,0.0914588228532314
2024-11-13,739202.5059653779,0.7109628886208236,12.170986564136566,0.7496131612349528,-0.010378263910894551,-0.0004669040949593121,-0.00042231753445083804,0.00019911638301541016,2024-06-12,2024-10-15,739048.0,739173.0,3.2070954810948233,1.2984289081855462,0.670489833074059,0.1140268395223444
2024-12-01,739220.7170595974,0.9563932201502525,4.592172411040625,0.7068005030404197,-0.0022284493222504407,0.00036594578204522844,0.00036219326234408837,-0.000052271943805833266,2024-06-20,2024-10-15,739056.0,739173.0,0.9055004562167296,1.268248391046102,0.670489833074059,0.09892106945002963
2024-11-06,739195.2718812526,0.9346663131119686,4.029211943886714,0.6826414247181888,-0.002897766658005813,-0.0003757900029809655,-0.0002361016146737417,0.00029235963108624637,2024-06-27,2024-10-15,739063.0,739173.0,1.1424428804579272,1.7887706738243934,0.670489833074059,0.09657965376409415
2024-11-05,739194.8512493446,0.06854488343436006,5.105992780244787,2.456507795828025,-1.4496372166772826,0.021164057879318462,0.0075635285178707115,0.019766395277806683,2024-07-05,2024-10-15,739071.0,739173.0,1.409793603374848,0.9195074142382794,0.670489833074059,0.0836627511820107
2024-11-29,739218.9392945372,0.580151522584175,3.3962488381722453,0.5412949462206651,0.0014034410431792022,0.006815917937885049,0.0051983204742087384,0.00440842393417482,2024-07-12,2024-10-15,739078.0,739173.0,0.6059384473000998,0.03517318964928201,0.670489833074059,0.0880446980435222
2024-10-29,739187.8010262337,0.23214601645644578,8.444587785799225,1.0532495232155488,-0.2066075308168611,-0.007180938596451991,-0.00623353079578106,0.003564964648360909,2024-07-19,2024-10-15,739085.0,739173.0,2.604800718134155,0.7909476048818453,0.670489833074059,0.08660632999686957
2024-11-22,739211.3635470442,0.46504993798624217,11.01403593091973,0.9637199521583507,-0.05674941516324598,-0.0020131784841491166,-0.0017616718385211872,-0.0009743715628046185,2024-07-26,2024-10-15,739092.0,739173.0,1.9897008668339455,1.1902336156974942,0.670489833074059,0.07543910814187575
2024-11-07,739196.3963392847,0.4566188678067927,14.680164615324026,0.9011636068326887,-0.056029134032382445,0.00442196471578672,0.004417660156858032,0.00019506585086016348,2024-08-02,2024-10-15,739099.0,739173.0,3.332224452834277,0.39411372974007597,0.670489833074059,0.05395696929204541
2024-11-08,739197.3637985531,0.9195678565037877,12.507482587578448,0.7305580385115236,-0.004298409054568341,-0.0006477079077200166,-0.0006406897395207609,-0.0000950904379833278,2024-08-09,2024-10-15,739106.0,739173.0,2.631114042691266,0.487913032142539,0.670489833074059,0.0435792332053211
2024-11-11,739200.9935991367,0.18204122955115512,12.942988307728408,1.3334607412770518,-0.36982819036207354,0.008913779177435173,0.008690393482859743,-0.0019830583292343605,2024-08-16,2024-10-15,739113.0,739173.0,2.3592256102383353,0.5835436435557353,0.670489833074059,0.044915664618914795
2024-11-06,739195.8688718503,0.06450161168175896,7.331997856391522,1.746337212192482,-0.9061898004938753,-0.01286414635277651,-0.012173770870543986,0.004157591150792471,2024-08-23,2024-10-15,739120.0,739173.0,1.3994096792650614,0.6197070465526527,0.670489833074059,0.02506375058487039
2024-10-28,739186.9074038572,0.5626214357150471,9.530480095005533,0.7107654044424576,-0.016465715717581157,-0.0026522251027723412,-0.0025633039166121576,0.000681007361822565,2024-08-28,2024-10-15,739125.0,739173.0,2.2649480881876043,0.36649810019736073,0.670489833074059,0.021359083574510496
2024-12-17,739236.3159723146,0.05418750723434408,10.982308101629354,4.161946199407216,-2.8204657011849066,0.009048121684194502,0.0011273292802965323,0.00897761854312026,2024-05-01,2024-10-16,739006.0,739174.0,2.28490011242886,1.5380410950928531,0.6931471805599453,0.16982557760733052
2024-12-28,739247.4590448386,0.6014560616550696,13.382261397435135,0.8470046272925166,-0.017823822870194458,-0.0005553843818242846,-0.000546605504849323,-0.00009835768217459907,2024-05-08,2024-10-16,739013.0,739174.0,2.4718071050979358,1.4423863121205076,0.6931471805599453,0.20450495733842658
2024-11-25,739214.7150773787,0.9901810533647071,7.277414899000538,0.6980819927740722,-0.0019437714449016873,0.00034027707925653986,0.0003349654382385981,0.00005988861204757909,2024-05-15,2024-10-16,739020.0,739174.0,1.8125694076448624,0.7772307560688722,0.6931471805599453,0.14644067108556535
2024-12-27,739246.5016264465,0.6011420696891726,11.151593851491885,0.919099134104257,-0.02191973140655628,-0.001147595996609977,-0.000927760137398274,0.0006754536985537812,2024-05-22,2024-10-16,739027.0,739174.0,1.966070503918792,1.029642314509132,0.6931471805599453,0.1481267422573736
2024-10-21,739179.8283909232,0.9071361871662382,9.524405247896667,0.639759798162347,-0.0030073234857119816,-0.00004323319740917311,-0.00003683350437668771,0.00002263630520984068,2024-05-30,2024-10-16,739035.0,739174.0,4.870155707316093,6.625175945101382,0.6931471805599453,0.14630404194807828
2024-11-24,739213.1976325198,0.13291784030591217,4.518740228348046,1.7501622669547248,-0.679609017641846,0.011355289406849186,0.010607460709135487,-0.004052699694950045,2024-06-06,2024-10-16,739042.0,739174.0,1.0602165690471654,1.7604626928956113,0.6931471805599453,0.10376770143863331
2024-11-20,739209.5684091272,0.7297495165505349,3.9114765091199066,0.7375062394879045,-0.00811685541228819,-0.001083044627746492,-0.000875807487821612,0.0006371396314514851,2024-06-13,2024-10-16,739049.0,739174.0,0.9383171857477296,1.398216899610464,0.6931471805599453,0.10382207748379504
2024-11-20,739209.0419455817,0.9787359787983043,2.470592068615971,0.6656417985195549,-0.0013946690028993753,-0.0007286830080751419,-0.00038572058850968135,0.000618222091045914,2024-06-21,2024-10-16,739057.0,739174.0,0.5770746934845339,0.758223109238207,0.6931471805599453,0.10317036701137293
2024-10-19,739177.6139568588,0.9809568563438058,12.233414396978478,0.6487327107581397,-0.0026225510408314557,0.0005774513722926704,0.00014925658707290633,-0.0005578284311309673,2024-06-28,2024-10-16,739064.0,739174.0,6.713290909922747,0.3641755218228697,0.6931471805599453,0.06365126695821342
2024-11-04,739193.6188925281,0.2819261575371051,5.6135000624763665,1.0065485146000077,-0.14766053583919037,-0.009189099802657322,-0.009179674567481377,0.00041608895483108253,2024-07-08,2024-10-16,739074.0,739174.0,1.6151338474492667,0.8070363792198184,0.6931471805599453,0.07993355253413718
2024-11-30,739219.1128620724,0.6310829162783188,10.170684623734665,0.8678449231973042,-0.01957995406438912,0.0019311320275273997,0.0017267515720010471,0.0008646386044666277,2024-07-15,2024-10-16,739081.0,739174.0,1.8111860589708673,0.6291235435361632,0.6931471805599453,0.0674589327103742
2024-10-25,739183.8469039053,0.45849501349740074,8.414946511904953,0.7838444534375243,-0.04131647327056538,-0.004194313907071498,-0.0018076392756488002,0.0037847997833683677,2024-07-22,2024-10-16,739088.0,739174.0,3.0476597451621283,0.5367172702210748,0.6931471805599453,0.07558868133751466
2024-10-21,739179.7277463131,0.4208148811201752,12.39524201625955,0.7859724822064997,-0.051615888574065794,0.007120242401261822,0.006599529314122467,-0.002672838319982139,2024-07-29,2024-10-16,739095.0,739174.0,5.314865005546303,0.24610742000153807,0.6931471805599453,0.05142311536973552
2024-11-20,739209.8416312264,0.8042502558027274,4.556637105992682,0.9337224953863538,-0.013275332463075709,0.001924309084191743,0.0006526636759053017,0.001810247380237476,2024-08-05,2024-10-16,739102.0,739174.0,0.798859191895495,1.2176356122502046,0.6931471805599453,0.04589471196075726
2024-10-26,739184.7196730673,0.052496455163742586,10.111124139298258,2.5121118586967257,-1.6115536243153956,-0.015476360294466966,-0.015464565209653431,-0.000604111612643209,2024-08-12,2024-10-16,739109.0,739174.0,3.1459865491983834,0.5406378727413341,0.6931471805599453,0.06767685007613408
2024-10-25,739183.2273559899,0.42018462542067925,13.684790039504456,0.7784681011191904,-0.046187084334792974,0.004864634703568735,0.00319760364200377,-0.0036660607943417283,2024-08-19,2024-10-16,739116.0,739174.0,4.32531089979283,0.2915226697278013,0.6931471805599453,0.03782650082765979
2024-11-11,739200.9277154352,0.6308749494854057,3.8082305272256454,0.8518295842730402,-0.022191881647680007,-0.0023751884324696676,-0.0011427000456964603,-0.0020822479908269866,2024-08-23,2024-10-16,739120.0,739174.0,0.6669511960069185,1.547804521392069,0.6931471805599453,0.031293954197416964
2024-10-25,739183.7767923216,0.19186722442338927,5.677582330020788,0.9174472263309883,-0.1714004750786093,0.01492756279755635,0.007002111036678588,0.013183420349249741,2024-08-29,2024-10-16,739126.0,739174.0,1.60534099937094,0.38802567844488256,0.6931471805599453,0.015235285452073734
2024-10-27,739185.2012952011,0.7258231149661393,10.12991694050362,0.6648677648883753,-0.007077166199183037,-0.0007686121507361307,-3.410614214232066e-6,0.0007686045836253534,2024-05-02,2024-10-17,739007.0,739175.0,4.61161079725288,0.6597464458538912,0.6774400513545874,0.18165427298249523
2024-11-12,739201.5231890188,0.030548689719287044,2.2286072674290036,1.7662708080397125,-1.08319670177735,0.07066894701970187,0.0033645234609303875,0.07058880969923109,2024-05-09,2024-10-17,739014.0,739175.0,0.6937397336919897,0.21010566083425486,0.6774400513545874,0.12027584470372009
2024-12-11,739230.4859814603,0.6850402427292951,10.595059406073405,0.7995400607304441,-0.011222122025567416,0.0006720277734116143,0.00037222778639777067,-0.0005595246225770476,2024-05-16,2024-10-17,739021.0,739175.0,2.240235749469264,1.0796934176067525,0.6774400513545874,0.1802208863240407
2024-12-26,739245.1943477849,0.1038662446896921,9.106268493553484,2.9230480056050676,-1.4600260003793055,-0.014043942634502541,-0.0021309707787547927,-0.013881328764253482,2024-05-23,2024-10-17,739028.0,739175.0,1.6370288870538525,1.1857838245736678,0.6774400513545874,0.11897791915822224
2024-12-11,739230.9602698475,0.0826034463556642,2.957847176589265,1.6243479254708317,-0.745257893512773,0.04576479700912511,0.0375469502778389,-0.026165686884160332,2024-05-31,2024-10-17,739036.0,739175.0,0.5875758992252876,0.4547759397354595,0.6774400513545874,0.10743356921421741
2024-12-06,739225.5394738975,0.785149075337837,3.856323570478115,0.7513409649440675,-0.005736194494552972,-0.0009239394049800115,-0.0008787404546525187,0.00028544568210414807,2024-06-07,2024-10-17,739043.0,739175.0,0.7881887624252013,1.2640348137421362,0.6774400513545874,0.10605052179169622
2024-12-04,739223.5715174194,0.9355574324942664,4.107922030027575,0.7292378919487204,-0.0026270091420720052,-0.00041487064288586,-0.00033175165418363963,-0.00024911541557066594,2024-06-14,2024-10-17,739050.0,739175.0,0.8326436019514062,1.4421058587967586,0.6774400513545874,0.10437944462323778
2024-12-01,739220.8390179995,0.23553490039253405,13.73661752528279,1.45584696330185,-0.3213434821995475,0.003706644775117369,0.0009669166594174636,-0.0035783079328987116,2024-06-24,2024-10-17,739060.0,739175.0,2.744331108019413,1.4864968377044032,0.6774400513545874,0.10117697806829287
2024-10-27,739185.5228405193,0.8744407936067293,5.609742495157443,0.6944271094914224,-0.004796081175469781,-0.0005576487436910186,-0.00012694815423030205,0.000543006710343151,2024-07-01,2024-10-17,739067.0,739175.0,2.162010729623698,1.340643418388406,0.6774400513545874,0.0882160283975472
2024-11-02,739191.1499440368,0.4157579188819923,5.308825882758373,0.8387097647680561,-0.05529091275116392,0.005440906820346556,0.0001986999016231545,0.005437277386412105,2024-07-09,2024-10-17,739075.0,739175.0,1.6670095233211197,0.7958377197651358,0.6774400513545874,0.08024094524351184
2024-11-15,739204.9113734424,0.8899455637189086,13.25732359081297,0.7394680762903215,-0.004428480481564777,0.0007134731237075695,0.00031229576544946854,0.0006414945464580095,2024-07-16,2024-10-17,739082.0,739175.0,2.981859850383072,0.41666277548159636,0.6774400513545874,0.06300531847559236
2024-11-04,739193.3817551148,0.9638734488760954,5.436433343292815,0.6834985991182516,-0.0025793354579332697,-0.0005726531971008564,-0.0002354315389189241,0.0005220188450928753,2024-07-23,2024-10-17,739089.0,739175.0,1.5026508370385225,0.7985867284290055,0.6774400513545874,0.07286679544105393
2024-10-19,739177.1983013722,0.4421760659679951,5.261191924037396,0.7476558514707554,-0.04060799028074725,0.004369658902825362,0.0040659006339656845,0.001600740754075558,2024-07-30,2024-10-17,739096.0,739175.0,3.0221523411239377,0.781043182691278,0.6774400513545874,0.0763183626111542
2024-10-26,739184.728880037,0.2838338501417064,14.010759865386232,0.9428653961240197,-0.1359731703098425,0.011180247919144444,0.005487359128245377,0.009740987287292589,2024-08-06,2024-10-17,739103.0,739175.0,4.745876471157199,0.24637934041761375,0.6774400513545874,0.05273222306764816
2024-10-27,739185.9279734117,0.20733662219782972,12.537483863465905,1.0846340873355842,-0.2426968955382549,0.010849209066279104,0.0028247331091177472,0.010475028411707847,2024-08-13,2024-10-17,739110.0,739175.0,3.868006598800093,0.36994041106559683,0.6774400513545874,0.05408345055861151
2024-11-13,739202.3955261415,0.5741161790632957,3.6836295418965,1.0423221265700637,-0.04833797701925519,-0.006421913526279151,-0.006191897654141277,-0.0017033428250492826,2024-08-20,2024-10-17,739117.0,739175.0,0.6665361217144833,1.1731346330664993,0.6774400513545874,0.04045072412289418
2024-11-02,739191.8507272446,0.4346945031146253,12.676288806867921,0.7905865959978046,-0.040262833229370354,-0.003618241541903798,-0.0018914446828539704,-0.0030844949128280017,2024-08-26,2024-10-17,739123.0,739175.0,2.839717604196841,0.38159159455487957,0.6774400513545874,0.026908493547232085
2024-11-07,739196.2534655042,0.06821203112873665,2.6149355680673385,8.17665564557639,-5.910050301336191,0.15568996676523847,0.01805215753249529,-0.1546398569573286,2024-08-30,2024-10-17,739127.0,739175.0,0.4916138734718115,0.9902173706164402,0.6774400513545874,0.017432079875015615
2024-12-05,739224.9766285955,0.994691731579862,5.807007364130735,0.7132538740395498,-0.0018397934195770206,0.0003553541992495338,0.0003316664987984805,-0.00012756935564246978,2024-05-03,2024-10-18,739008.0,739176.0,1.3756429182031515,0.8868368697211212,0.6678293725756556,0.13217635750081239
2024-12-30,739249.7632443451,0.00850470899023681,14.166730072492655,26.578246559770676,-25.006763463811385,-0.006037138648329076,-0.00469292235155633,0.0037978313366198386,2024-05-10,2024-10-18,739015.0,739176.0,2.6103103825162592,2.486658662831573,0.6678293725756556,0.17804797885530543
2024-11-13,739202.3532514761,0.9793763219083862,12.331798488711957,0.6614063841382635,-0.0018428892250162018,0.00019318991971171114,0.00008290837997530286,0.00017449511628721352,2024-05-17,2024-10-18,739022.0,739176.0,3.774847422000775,0.7575964822199032,0.6678293725756556,0.19781752787292634
2024-11-03,739192.6774965094,0.6560546196680687,6.090009672820557,0.742922243965687,-0.013852168338464935,0.0015710372866056413,0.00088280326549098,-0.0012995447473418058,2024-05-24,2024-10-18,739029.0,739176.0,2.2136214467134816,0.9498461868841599,0.6678293725756556,0.10898059191418612
2024-10-20,739178.6773118626,0.621503790317372,2.0486771486130877,0.6793344036441513,-0.012214513912136044,0.0024169319925809187,0.002021051883410697,-0.0013254846439409418,2024-06-03,2024-10-18,739039.0,739176.0,1.2893998224524177,1.5331407122393697,0.6678293725756556,0.10962046269926506
2024-12-08,739227.6509919814,0.24041298320976706,14.153049328041508,1.4325099023335832,-0.30010303174478453,0.0016956485238416772,0.0006090457729909583,0.001582493969280232,2024-06-10,2024-10-18,739046.0,739176.0,2.8327289467517898,3.0063701027157093,0.6678293725756556,0.11452594495055288
2024-12-10,739229.340616484,0.10967176461830455,13.561857622991823,2.6311578489609655,-1.271031411070407,0.008000172525776336,0.0015744913948771133,-0.0078437068589822,2024-06-17,2024-10-18,739053.0,739176.0,2.580884543607415,1.2847912828046935,0.6678293725756556,0.10172569672799567
2024-11-08,739197.122899328,0.8481916801478295,3.0870633932178286,0.7093953635608811,-0.004730043691245734,-0.0005275689335533015,-0.0002689625866880363,-0.0004538591263956784,2024-06-25,2024-10-18,739061.0,739176.0,0.9154302368436519,2.4633969472575754,0.6678293725756556,0.10429978780118437
2024-11-02,739191.2443782904,0.9669669512568171,12.324575381445566,0.699979380652779,-0.0031397827258783863,0.000590289458904757,0.0002822456497350677,0.0005184390402927815,2024-07-02,2024-10-18,739068.0,739176.0,4.099489128666039,0.4173248381014151,0.6678293725756556,0.06138782062228254
2024-11-26,739215.9222639045,0.628432590358989,2.542134271142457,0.6819061940919117,-0.007015530367405683,-0.004308408154419278,-0.0040869567380113,0.0013635121732828693,2024-07-10,2024-10-18,739076.0,739176.0,0.5074217589660953,0.4025352184681692,0.6678293725756556,0.10021458137170325
2024-11-26,739215.4382638347,0.2188660332009172,10.387923196266803,1.4126888428366384,-0.33407416845538646,0.010513138490369738,0.005022152510062587,0.009236019980671643,2024-07-17,2024-10-18,739083.0,739176.0,2.002761780046871,0.6695147469098663,0.6678293725756556,0.07239916839901285
2024-11-14,739203.2367575426,0.7684306629218896,13.43917744931578,0.7694886580274608,-0.008838079441825512,-0.0012205805637101018,-0.00019660213846583563,0.0012046428979816091,2024-07-24,2024-10-18,739090.0,739176.0,3.0477636574169344,0.4140220284994906,0.6678293725756556,0.05563499037850049
2024-11-11,739200.9151254576,0.9787153998271811,7.905983433969411,0.7230232561233275,-0.0029328341756568793,0.0003866056759222509,0.00016108109345004172,0.0003514496123034416,2024-07-31,2024-10-18,739097.0,739176.0,1.7969436879871585,0.9391172210010827,0.6678293725756556,0.0610647619645773
2024-11-05,739194.3634992276,0.05427417157359306,5.541044671306578,3.0299455481641826,-2.0007400959470854,-0.027916407612787145,-0.027885879429889314,0.0013051982320537144,2024-08-07,2024-10-18,739104.0,739176.0,1.4052615468068146,0.7019928627500213,0.6678293725756556,0.054009369662387716
2024-11-02,739191.4931960796,0.8266634762902232,12.03792246021687,0.7327323384679081,-0.006853775984614422,0.0008615992064561848,0.0008441430300038329,0.0001725564761516517,2024-08-14,2024-10-18,739111.0,739176.0,3.156957327956473,0.5462630479236469,0.6678293725756556,0.048162247388679975
2024-10-29,739187.448516887,0.0027748598261683193,4.2214902352994175,32.01663585285235,-31.125659751633872,-0.017589642733643336,-0.016764169044611147,-0.005325238749663083,2024-08-21,2024-10-18,739118.0,739176.0,1.2111990678264095,1.1631528990514646,0.6678293725756556,0.034483752831122164
2024-10-18,739176.2831735077,0.17852373175177452,13.581928209233123,0.8203919730005699,-0.13525726449391615,-0.011192590382889266,-0.010894085100963981,-0.0025676816960246212,2024-08-27,2024-10-18,739124.0,739176.0,11.280190543184538,0.15884169604481085,0.6678293725756556,0.023770576695780553
2024-10-25,739183.2346304931,0.6023203102539566,4.409172220264683,0.7531598818035958,-0.023162211009605225,-0.005701275021600708,-0.005680716834001845,-0.00048372835746543524,2024-09-03,2024-10-18,739131.0,739176.0,1.387249304583035,0.5549814506931112,0.6678293725756556,0.007091145036727766
2025-01-10,739260.9005748484,0.23105031154498318,13.678727438361733,1.5328032247851353,-0.3238593950898499,0.003018124173310399,0.0010734059383126443,-0.0028207930121006276,2024-05-06,2024-10-21,739011.0,739179.0,2.428609241243763,1.8125093646877863,0.6537446326939164,0.19346864851482018
2024-12-05,739224.523443583,0.41308972653966214,6.99666831298442,0.9876987321243922,-0.06885964094961168,0.004503970307506509,0.0036541156220474703,-0.002633094671979896,2024-05-13,2024-10-21,739018.0,739179.0,1.6839018478870864,0.9026561456283606,0.6537446326939164,0.1353568760575493
2024-12-31,739250.0042718966,0.1680614352204979,3.889314810124367,1.1059132932032412,-0.25432098730627584,-0.03186156411600241,-0.012187287640336391,-0.029438568033955656,2024-05-20,2024-10-21,739025.0,739179.0,0.7139460561183544,0.34491340988358277,0.6537446326939164,0.11238603005206262
2024-11-28,739217.2043673655,0.9355548334783805,10.307412875185499,0.7205783950903494,-0.00278646898449543,-0.00020824025123297165,-0.00012107218574651558,0.00016942705826441178,2024-05-28,2024-10-21,739033.0,739179.0,2.580625769339252,1.2145324103546333,0.6537446326939164,0.15447011840612973
2024-12-18,739237.0798459753,0.42990342826142636,8.044256859320317,1.0899964035153926,-0.07457270237207189,0.0025728677485360686,1.801840879196007e-6,-0.002572867117599482,2024-06-04,2024-10-21,739040.0,739179.0,1.5642375672076931,1.5489856601259298,0.6537446326939164,0.1044324839633162
2024-11-27,739216.9805598668,0.1119794752857344,5.360375929669077,2.176929078511769,-1.0001097777200227,-0.010145724121076095,-0.008957807741147024,-0.004763758853429901,2024-06-11,2024-10-21,739047.0,739179.0,1.2785093226005615,2.0592439753736644,0.6537446326939164,0.10387127084596777
2024-11-03,739192.2266571012,0.06346126430978517,3.7457274763290704,2.452766278445492,-1.484722191430774,-0.017101035045500316,-0.002679350026181973,0.016889833719271143,2024-06-18,2024-10-21,739054.0,739179.0,1.3989641114047153,1.4709413143079826,0.6537446326939164,0.09958538965336479
2024-10-24,739182.7706356959,0.6988422027015543,6.998400754446254,0.7138189496002323,-0.011660424840896104,0.0008605133447570572,0.0001410259883244629,0.0008488786056451687,2024-06-26,2024-10-21,739062.0,739179.0,3.8612585432098845,1.353122388969096,0.6537446326939164,0.09588066101676844
2024-11-14,739203.2367795621,0.05057325883384635,9.081302484970406,3.8683816339037156,-2.695485500229764,0.012683834612252632,0.012609402348033254,-0.001372090702683796,2024-07-03,2024-10-21,739069.0,739179.0,2.4740275943765093,1.1834753792096868,0.6537446326939164,0.09714864370682702
2024-11-29,739218.9327732341,0.7588193095390066,14.292588009896253,0.825100276787904,-0.009717565349055586,0.0006968580068566322,0.0001644820782835599,0.0006771681679196972,2024-07-11,2024-10-21,739077.0,739179.0,2.884720479851313,0.7403561256529131,0.6537446326939164,0.08753514972748816
2024-12-02,739221.8454394921,0.12085347529321336,6.824668338648821,2.201678813585305,-0.9680630461150292,-0.010932163877345854,-0.004277535632820246,-0.010060561413315794,2024-07-18,2024-10-21,739084.0,739179.0,1.2692377413667675,1.5681048634476398,0.6537446326939164,0.08491539320700436
2024-12-03,739222.8566329582,0.8769742128063642,9.906980081171627,0.7957573009951916,-0.004886557783292751,0.0005498594707580152,0.0005266220771578825,-0.00015816012592370377,2024-07-25,2024-10-21,739091.0,739179.0,1.7356637761437363,0.78667774162831,0.6537446326939164,0.06412481836819967
2024-11-05,739194.7397727098,0.9584680110888328,3.488648404959142,0.7464771944913396,-0.00446983205094145,-0.000726515844732508,-0.00018530751074395254,0.0007024858711100669,2024-08-01,2024-10-21,739098.0,739179.0,1.008215647594318,1.6903106798713385,0.6537446326939164,0.057838531205708206
2024-11-10,739199.5330942237,0.6993052899847997,8.074671245279589,0.7796884541528175,-0.012879156387718662,-0.0011549115957995033,-0.00017484495082228552,0.0011415997710599397,2024-08-08,2024-10-21,739105.0,739179.0,1.9622710677442756,0.9657854072379699,0.6537446326939164,0.058708504048254666
2024-10-26,739184.5457995222,0.6499036413202818,7.879988203983559,0.7255127185832936,-0.014488547784326936,0.0004689469845577513,0.00031211500026939395,0.00034999357270190553,2024-08-15,2024-10-21,739112.0,739179.0,3.2246138954699544,2.548147201721836,0.6537446326939164,0.055252989537366466
2024-11-03,739192.0529697461,0.7855964250592735,13.756064142894605,0.7143334102894446,-0.006753084385028387,-0.000974890193326165,-0.00048911665123408,0.0008433123920167937,2024-08-22,2024-10-21,739119.0,739179.0,3.770423387381053,0.39559589932480077,0.6537446326939164,0.02969782415068697
2024-11-03,739192.0505487218,0.7736476371632763,9.206307797327778,0.6981498828293188,-0.005859891667401642,-0.0016714618827576532,-0.0014474079289326547,0.0008359396585726997,2024-08-27,2024-10-21,739124.0,739179.0,2.419710021911158,0.2946122649600581,0.6537446326939164,0.019306132706594727
2024-10-28,739186.4854399076,0.6174369235903915,2.268790784200051,0.8436608283534994,-0.03375995343214599,-0.007162441524360597,-0.005162786632026225,0.004964494212108245,2024-09-04,2024-10-21,739132.0,739179.0,0.7167527079455933,1.2827407674815694,0.6537446326939164,0.02264966992473858
2024-11-01,739190.6995837975,0.5096400865673717,4.179406120372946,0.7626246325865159,-0.027962526798336322,-0.0037567371857782314,-0.0037549926111711766,-0.00011447608072787995,2024-05-07,2024-10-22,739012.0,739180.0,1.8727958161592348,0.9076420458535454,0.671485683778766,0.11442673221631632
2024-12-29,739248.8399244838,0.30892469325661437,2.6907203821263823,0.316219635463003,0.05713907579356732,0.036913448504337955,0.0012184770922772355,-0.03689333265046682,2024-05-14,2024-10-22,739019.0,739180.0,0.5162875537068917,0.17771850354453134,0.671485683778766,0.1113713947795996
2024-11-10,739199.8891132852,0.5011259138384204,7.210722653948185,0.822884474951697,-0.03465024211388411,0.0026039660521148056,0.0005486541864789943,-0.002545509336896142,2024-05-21,2024-10-22,739026.0,739180.0,2.4883263467252346,0.9247812697826181,0.671485683778766,0.13074761673285776
2024-12-23,739242.388044038,0.49097891259546544,7.579025825226578,1.0179941374647108,-0.047499128117401875,-0.0021689091051843292,-0.0020120428289325146,0.0008098458872481427,2024-05-29,2024-10-22,739034.0,739180.0,1.4547588611945397,1.418710355404074,0.671485683778766,0.11342855237576752
2024-12-16,739235.5621763116,0.07985578914235171,8.542439292046854,3.5843123754993766,-2.1054564651838206,0.013122684945433656,0.007735557126180181,0.010600283775669128,2024-06-05,2024-10-22,739041.0,739180.0,1.7038816786333857,1.4998508318530333,0.671485683778766,0.09909394018862351
2024-11-09,739198.0580823834,0.49088624462665076,10.36997922573644,0.8400410888458385,-0.03926449139158813,0.0012186725561527008,0.0011915682123924054,0.00025559341606489985,2024-06-12,2024-10-22,739048.0,739180.0,3.494675777583762,1.5251618077994524,0.671485683778766,0.11211670558146813
2024-11-29,739218.2457624419,0.006667069079740353,8.147186560894374,31.42444319567956,-29.9910916846051,-0.01847427157520829,-0.013234449761192585,-0.012889842890936204,2024-06-20,2024-10-22,739056.0,739180.0,1.8737839897406185,1.3284715088433716,0.671485683778766,0.09413993932519087
2024-11-08,739197.8462962409,0.2763797597693845,3.0303441671830074,1.0338399648560554,-0.15854007126661301,0.004618558738903461,0.0018904389941269324,-0.004213944142271688,2024-06-27,2024-10-22,739063.0,739180.0,0.9753627629555369,3.1307389544413895,0.671485683778766,0.10241066820928814
2024-12-05,739224.330459441,0.26737931432622714,7.322367775362014,1.3378955390840068,-0.23925857805138023,0.005113266034978341,0.004521106870496744,0.002388531391882943,2024-07-05,2024-10-22,739071.0,739180.0,1.446161047542081,1.7086196455034326,0.671485683778766,0.09473035736865171
2024-11-13,739202.153108488,0.4334309149725192,8.60309729846784,0.9120679493113644,-0.05993348107405118,-0.004216379943116116,-0.002310868228876728,-0.0035267191344761206,2024-07-12,2024-10-22,739078.0,739180.0,2.359911736121222,0.716134859413087,0.671485683778766,0.07580864123044657
2024-11-20,739209.9080872638,0.17701412222269955,7.899545211365828,1.4719748333494946,-0.43343272880386163,-0.014334384170390135,-0.004875102584616052,0.013479908914150759,2024-07-19,2024-10-22,739085.0,739180.0,1.797177447239547,0.6775611387747966,0.671485683778766,0.06917734276403684
2024-12-03,739222.0839413758,0.408480435828679,6.918942148095657,1.1035639033580698,-0.09116502735798483,0.003146770137029215,0.0017160638211093594,-0.00263766701029118,2024-07-26,2024-10-22,739092.0,739180.0,1.2427010727658434,1.7103886585591073,0.671485683778766,0.07117777815137356
2024-11-04,739193.9236899834,0.32194624168353064,12.24168116181559,0.9883572904582791,-0.12291168540160652,0.007579397956670877,0.001182450246679424,0.0074865936713377455,2024-08-02,2024-10-22,739099.0,739180.0,3.7397722019606188,0.42648205209208934,0.671485683778766,0.06397481344640704
2024-10-22,739180.64221753,0.6325077238682274,2.3811649670816863,0.7308510297051186,-0.02010811269863751,-0.005209982977607152,-0.00410102298317998,0.0032133367576999854,2024-08-09,2024-10-22,739106.0,739180.0,1.8022247503451698,1.0252065098034127,0.671485683778766,0.05158144267359932
2024-11-02,739191.3627675403,0.10269705854477132,9.180125517676789,1.5587939128046486,-0.6709190550536243,-0.00685626480068386,-0.003605059079832419,0.005831973598021028,2024-08-16,2024-10-22,739113.0,739180.0,2.821321495756199,1.094691963098006,0.671485683778766,0.05400190664969745
2024-10-22,739180.1062148922,0.5002925484199957,13.250433491098828,0.7048433361216687,-0.022291597287231315,-0.0037049777831198167,-0.0033446655500278403,-0.0015937605629041016,2024-08-23,2024-10-22,739120.0,739180.0,13.366883061444938,0.22716924170820516,0.671485683778766,0.024548125272679307
2024-10-25,739183.4558356836,0.11262484280510847,10.841107502417644,1.1134473882136748,-0.358169073768373,0.00939669720247294,0.002130672086264409,0.009151948141012186,2024-08-28,2024-10-22,739125.0,739180.0,4.879833555927576,0.39598013394632686,0.671485683778766,0.02904034033613951
2024-11-08,739197.1154897524,0.21594067998392946,4.492470999293567,1.243378768972987,-0.2933619539967543,0.009701962857790352,0.004662359902483096,-0.008508259718277374,2024-09-05,2024-10-22,739133.0,739180.0,0.9443006344703015,1.4534274706274697,0.671485683778766,0.022872401789229318
2024-12-22,739241.9555878887,0.4580557361744849,11.572128673275163,0.9686886747587522,-0.049864388814114695,0.0016917970730680114,0.0006688913940826837,-0.0015539503336218995,2024-05-08,2024-10-23,739013.0,739181.0,2.4373549377949337,1.1666680460643275,0.6594695178362795,0.1945790653844659
2025-01-09,739259.3819106481,0.7768974946798899,6.063450011114997,0.8108622679473554,-0.006148246058996523,-0.0008972744380964224,-0.0006926652253564175,0.0005703650610295076,2024-05-15,2024-10-23,739020.0,739181.0,1.0774220201328812,0.8779501633644605,0.6594695178362795,0.11846293131243649
2024-12-21,739240.9272590197,0.531290010768723,9.28575724279567,0.9728013690814739,-0.035628628813557814,0.002037659829827667,0.001021730222316204,-0.0017629875027631353,2024-05-22,2024-10-23,739027.0,739181.0,1.8806016281425506,1.00041858110346,0.6594695178362795,0.13411314580649933
2024-11-25,739214.2988255965,0.6122601836498439,9.605441621818748,0.8308203965195495,-0.019663210329315582,-0.0011753996536946782,-0.0003748958422755101,-0.0011140096289306057,2024-05-30,2024-10-23,739035.0,739181.0,2.573705006014015,1.0663199800830279,0.6594695178362795,0.12022076128171018
2024-11-03,739192.3473678781,0.2688404409353256,12.887347362995156,1.0063782919738584,-0.1589948069802762,-0.005501046091638651,-0.00514223234530703,-0.0019542145760409833,2024-06-06,2024-10-23,739042.0,739181.0,5.299927003652238,0.6029325362725034,0.6594695178362795,0.10286480960927215
2024-10-25,739183.3809260014,0.897434613023129,11.628612771737208,0.6623260784774554,-0.0035311360350936214,-0.00022549125543057795,-0.0002253366623849694,8.348344797650811e-6,2024-06-13,2024-10-23,739049.0,739181.0,7.464429416230281,1.2085361652084847,0.6594695178362795,0.12126948995761254
2024-11-28,739217.179693653,0.6369107198829668,7.943991236585131,0.8616068626946559,-0.01908256521444932,-0.0011172521147599732,-0.0009807787160150637,0.0005350938218177028,2024-06-21,2024-10-23,739057.0,739181.0,1.8810612362245334,1.3693843873247555,0.6594695178362795,0.09295946381280287
2024-12-08,739227.5038039297,0.13342014117825743,4.462613040756898,2.058685389123537,-0.8314810804134771,0.007968393823491238,0.007936798126830267,0.0007088974680423492,2024-06-28,2024-10-23,739064.0,739181.0,0.8929949792250595,3.1197065674785334,0.6594695178362795,0.10259299891135863
2024-11-29,739218.2450362423,0.5332239682184113,9.843215508548457,0.9296512835275068,-0.03667567752353135,0.0022226085617749426,0.0009288860049035019,-0.0020191977636600357,2024-07-08,2024-10-23,739074.0,739181.0,2.1211634056784194,0.893897723694509,0.6594695178362795,0.08068858674487175
2024-12-02,739221.2202371001,0.2241781765324991,2.05734419055023,0.11255464999374888,0.17452415236772,0.06594207567691171,0.03422892185757713,0.05636256073891096,2024-07-15,2024-10-23,739081.0,739181.0,0.40891711495706845,0.28838940544433667,0.6594695178362795,0.09559599561345453
2024-10-31,739189.8287099729,0.5268271638371832,13.716278798596242,0.7946095850103685,-0.03148883547448644,0.004049206103832705,0.002708275206934786,0.0030102018993446895,2024-07-22,2024-10-23,739088.0,739181.0,5.338086367650082,0.29868854857498206,0.6594695178362795,0.054170716305273724
2024-11-24,739213.0494883503,0.3047253761799054,14.7669692194896,1.1839990292167129,-0.17208450465195638,-0.006637335422611821,-0.0063697441499418785,-0.001865631522176567,2024-07-29,2024-10-23,739095.0,739181.0,3.0642912612190063,0.5350141306930579,0.6594695178362795,0.06427157467687222
2024-11-21,739210.962728214,0.3075900900402922,3.805346456594668,1.4984192597135515,-0.2650641974562623,-0.017355283539272254,-0.010306724956601813,-0.013963426778462936,2024-08-05,2024-10-23,739102.0,739181.0,0.7819121410767019,1.2345181911693504,0.6594695178362795,0.054066628229210385
2024-10-25,739183.1806034633,0.07579317399276711,5.706533099631766,1.4333225873817248,-0.6619907422594564,-0.020311224743704455,-0.0037534505459898386,0.01996139923923373,2024-08-12,2024-10-23,739109.0,739181.0,3.203212479105073,0.4328860175612279,0.6594695178362795,0.08002839967429712
2024-11-09,739198.038393621,0.9292799645474639,7.79598558675463,0.7068048202588176,-0.003211199058696163,0.0002763668941150375,0.00020811963312042335,-0.00018183750568189373,2024-08-19,2024-10-23,739116.0,739181.0,1.950140113196464,1.3850222690437326,0.6594695178362795,0.04729037893287944
2024-11-08,739197.5941162716,0.3241252901553376,10.59848368331061,0.8772666273626188,-0.08237249173709846,-0.009215078099442848,-0.009057900403466348,0.0016947284914449834,2024-08-23,2024-10-23,739120.0,739181.0,2.6017951939013986,0.27337095260801725,0.6594695178362795,0.015517339394943647
2024-11-13,739202.1550070785,0.7312303018828995,6.955549899614324,0.7760740340318673,-0.010926932371310705,-0.001089439251158687,-0.0010893877167822898,-0.000010596437565043153,2024-08-29,2024-10-23,739126.0,739181.0,1.4179628909292317,1.05443046761142,0.6594695178362795,0.026126697995820413
2024-11-02,739191.1269994209,0.49578781497894664,2.7462755307276017,0.7950200513762401,-0.03421742444828228,0.001705919293700994,0.0001771480841803161,-0.0016966965529795065,2024-09-06,2024-10-23,739134.0,739181.0,0.7561855284658998,3.6211004924345214,0.6594695178362795,0.023256290700118223
2024-10-25,739183.3860031589,0.2989034171231804,3.9781957066483216,0.8310013545385957,-0.0933773369567203,-0.009619985405523685,-0.00544911220852207,0.007927880885925597,2024-05-09,2024-10-24,739014.0,739182.0,3.0427620456887037,0.7293093922079715,0.6456062357909452,0.11501931140037147
2024-12-03,739222.9692190218,0.16340007369045864,9.467667094493088,1.6549399421189022,-0.5368015790382823,0.008328973356417009,0.003041472925218241,-0.007753788726620605,2024-05-16,2024-10-24,739021.0,739182.0,2.403830920153841,1.1123247000899354,0.6456062357909452,0.1482682483534981
2025-01-07,739257.2214108433,0.871982558817763,11.589869779283818,0.8298245142416256,-0.0042272174089361,0.0003243836965945327,0.00022708620842649922,-0.00023163902209863172,2024-05-23,2024-10-24,739028.0,739182.0,2.0553334962173806,0.9804485484356846,0.6456062357909452,0.1529650684781201
2024-10-29,739187.2251462277,0.04941796445417236,10.481117761581752,2.627613745662737,-1.732052625793036,0.009717279726809065,0.0009273487401014134,-0.009672928698346066,2024-05-31,2024-10-24,739036.0,739182.0,5.6137082365631885,0.8404146814560768,0.6456062357909452,0.14380593404108385
2024-11-05,739194.0106620878,0.7785064986497221,11.678790413034841,0.7075195182230396,-0.006776822265801947,0.00025934084309960705,0.00015416153904821003,-0.000208547099663127,2024-06-07,2024-10-24,739043.0,739182.0,4.705496778848418,1.7418853028631673,0.6456062357909452,0.12506386962002403
2024-11-14,739203.9434847736,0.42656424355973666,6.998395295459817,0.9209770730980817,-0.06279666606451215,-0.00300317132730925,-0.002432251903656075,-0.001761586982903144,2024-06-14,2024-10-24,739050.0,739182.0,2.169867692264232,1.2745076810281288,0.6456062357909452,0.09498596521888594
2024-12-21,739240.3892907881,0.9691387930696056,4.3108676059825575,0.760916284627114,-0.0022294301413681274,0.0003099165085810953,0.00017955416161866494,-0.00025260353389553846,2024-06-24,2024-10-24,739060.0,739182.0,0.7739056965713618,1.6172250156637658,0.6456062357909452,0.10384286119677018
2024-12-02,739221.9625810765,0.2500672934915538,14.726458766414742,1.3989402815167573,-0.28237027190183944,-0.0034597274207319117,-0.0030102836451550256,-0.0017052583972748702,2024-07-01,2024-10-24,739067.0,739182.0,3.1763965169264248,1.385912003818116,0.6456062357909452,0.10244507856898001
2024-11-04,739193.6830467324,0.6056535286649828,9.87696312118827,0.7771620368503778,-0.020219772453727334,-0.0014790522039479879,-0.0014786049832835211,0.00003636929216438967,2024-07-09,2024-10-24,739075.0,739182.0,3.6443200449278566,0.8382886394738542,0.6456062357909452,0.09234664952993851
2024-11-26,739215.4730107106,0.2534269734456956,11.531689304270165,1.2972105106490905,-0.24942507357430613,0.007439708923017684,0.007424825971465819,0.0004703489690385242,2024-07-16,2024-10-24,739082.0,739182.0,2.5385483000174265,0.7367905874253838,0.6456062357909452,0.08435076315596113
2024-10-31,739189.0660548628,0.8194546790131509,8.244302583858733,0.7065348703242578,-0.006171994912106007,0.0007208993786463198,0.000051387285884218196,0.0007190655470693219,2024-07-23,2024-10-24,739089.0,739182.0,3.47781506461942,0.8509850383767623,0.6456062357909452,0.08060823049072746
2024-11-04,739193.2275307188,0.7113104769357098,7.2654593947471495,0.7444761026521689,-0.01123591172925058,-0.001302491802694368,-0.0010512850265711267,-0.0007689503813597921,2024-07-30,2024-10-24,739096.0,739182.0,2.49616043292275,0.8445579327545499,0.6456062357909452,0.06865699206006769
2024-11-30,739219.4163549662,0.33096863369033064,12.198516024054518,1.2004430483400794,-0.15321313034795322,-0.003454188742611874,-0.0027886020883768152,-0.0020384107197243305,2024-08-06,2024-10-24,739103.0,739182.0,2.2036768667527324,1.2034547280912138,0.6456062357909452,0.07502040598809998
2024-11-25,739214.8642119744,0.2690230705991908,12.254928321865297,1.2190766770513106,-0.2083002347055369,-0.0030110316066341942,-0.0012305294406313098,0.002748110010878329,2024-08-13,2024-10-24,739110.0,739182.0,2.263051648569616,1.5186342659457286,0.6456062357909452,0.06492496646911013
2024-11-01,739190.6759735433,0.715077164318069,3.737469357712299,0.7304543920241282,-0.010684482872955585,-0.0009700285619222717,-0.0007301268508801289,0.0006386471581153842,2024-08-20,2024-10-24,739117.0,739182.0,1.2724266543064906,2.1073867919350184,0.6456062357909452,0.04604183577108487
2024-11-11,739200.75642817,0.26211615412313743,4.906672912580831,0.9757149747298994,-0.139397123748605,-0.001773262116218857,-0.0017731658336598568,0.000018478613539014026,2024-08-26,2024-10-24,739123.0,739182.0,1.1105049187023475,4.199403017462347,0.6456062357909452,0.033944085917920815
2024-10-26,739184.9029374946,0.5716196392113514,12.096162017284305,0.7146666861594573,-0.01724041779725203,0.0021044140639084924,0.0018817849239399149,0.0009420424897043151,2024-08-30,2024-10-24,739127.0,739182.0,5.762102347194724,0.3871472127174305,0.6456062357909452,0.0263353218279497
2024-11-01,739190.1528349825,0.2619452524130413,3.392164925021309,0.8079670137665038,-0.0793745626619562,-0.007166415162805457,-0.006020652164564815,0.0038870623610908245,2024-09-09,2024-10-24,739137.0,739182.0,1.0121697692401017,0.8552891323808354,0.6456062357909452,0.01966203042279384
2024-11-19,739208.5060605673,0.5142788340229899,9.104959858532842,0.8129488430007233,-0.029518823127845626,-0.001183450572128453,-0.00117292694666813,0.0001574726466753518,2024-05-10,2024-10-24,739015.0,739182.0,2.880715968619538,1.4088654859717489,0.6456062357909452,0.18840868634286195
2024-11-22,739211.4044681385,0.2792485354485537,2.730429962463705,0.8322011729829031,-0.08437155521222679,-0.01841454729045943,-0.014506229264285617,-0.01134305357672925,2024-05-17,2024-10-24,739022.0,739182.0,0.8094741372378966,0.4685920012806973,0.6456062357909452,0.1169218862510002
2024-12-13,739232.5241777212,0.7678871460745225,3.8745994776399284,0.7425418944052175,-0.005506189081929358,-0.001285571763854797,-0.0012782174753600615,-0.00013731294805984005,2024-05-24,2024-10-24,739029.0,739182.0,0.8592149280927064,0.8488391037414461,0.6456062357909452,0.11094602463782921
2024-11-01,739190.1337988159,0.7099852954964988,2.4795899414993143,0.6979868874750998,-0.008284713891074534,0.0016156470083005113,0.0001461951984963764,0.0016090190239294866,2024-06-03,2024-10-24,739039.0,739182.0,1.1531893918562748,1.4682517334914795,0.6456062357909452,0.11013292683646077
2024-11-22,739211.1897804027,0.3910298244856135,5.592288357970514,0.9780888026506471,-0.08010045683704757,-0.003200882135408274,-0.0016115673605823805,-0.002765591634186322,2024-06-10,2024-10-24,739046.0,739182.0,1.5426858508404697,1.7497888159419719,0.6456062357909452,0.10460319680207304
2024-12-24,739243.2580791247,0.9104601833574022,6.97551319674156,0.8115632466338826,-0.0036800005283253137,0.00026289221459709013,0.0002172085491387006,-0.00014809713932694029,2024-06-17,2024-10-24,739053.0,739182.0,1.2581595301144444,1.8270690010619417,0.6456062357909452,0.10552226810142082
2024-11-11,739200.2263094757,0.013539921655991941,2.584149749531718,9.518400918179559,-8.496469614677876,-0.02741327898629753,-0.026323103665874675,-0.007653893007888009,2024-06-25,2024-10-24,739061.0,739182.0,0.8362291495276182,1.6239625022761917,0.6456062357909452,0.10495907591613614
2024-10-28,739186.1565645694,0.5916177131448174,5.565133546666811,0.7360187767203207,-0.019253586559105956,-0.0017967402692683511,-0.0009131678869817601,0.00154738489245429,2024-07-02,2024-10-24,739068.0,739182.0,2.9647847584951825,1.1391788626784816,0.6456062357909452,0.09664861908782817
2024-12-07,739226.7664314576,0.8921394599493941,10.016495947799703,0.7933806437626698,-0.004354810686963284,0.000441636901638305,0.00039111250058471793,0.00020511987903431224,2024-07-10,2024-10-24,739076.0,739182.0,1.9357638942228355,0.8782554529537261,0.6456062357909452,0.08301031843959887
2024-11-29,739218.7268277319,0.5988707530037335,8.943175182298493,0.8504416126641114,-0.02140862732400869,0.002197450942714755,0.0009508721995794352,0.0019810685767294705,2024-07-17,2024-10-24,739083.0,739182.0,1.8605138056342305,0.6523955646394637,0.6456062357909452,0.0735041763101685
2024-11-13,739202.0184827854,0.12002334496234715,9.681506080888594,1.7892449727143889,-0.759408286401551,-0.007766840711892841,-0.006034933262592791,0.004889109853538497,2024-07-24,2024-10-24,739090.0,739182.0,2.6533723113399477,1.2121426621697704,0.6456062357909452,0.0979626611818269
2024-11-22,739211.7868779607,0.3366916316004683,14.125075429324957,1.1101742458388733,-0.1338547846251617,0.00563147578325908,0.005044076207977356,0.0025041594808538565,2024-07-31,2024-10-24,739097.0,739182.0,3.032674666474432,0.5665695440149106,0.6456062357909452,0.0687395233736107
2024-11-03,739192.9510390838,0.34326785190345604,12.90967405964379,0.9164266322367891,-0.09490391678667658,-0.006783426672976184,-0.004318329579851671,-0.005231338936393132,2024-08-07,2024-10-24,739104.0,739182.0,4.303752005510423,0.37200849447042467,0.6456062357909452,0.07016589169421934
2024-11-26,739215.888466148,0.8661299659365869,8.653064510633046,0.7827984021838268,-0.005342561642318257,0.000501560371984777,0.000500643421552121,0.000030314537801082647,2024-08-14,2024-10-24,739111.0,739182.0,1.5559671387065368,1.0662018918856762,0.6456062357909452,0.05186671398256104
2024-10-26,739184.7816104784,0.6552472951132268,9.709517560605024,0.6972374225777512,-0.011140796083913603,-0.0010921856011148865,-0.0010920726155733208,0.000015709538425160775,2024-08-21,2024-10-24,739118.0,739182.0,4.911634242163116,0.688378604854311,0.6456062357909452,0.04015511224769961
2024-11-11,739200.5484181723,0.23728149606939036,12.792152075940635,0.9924201272486981,-0.16094321363353675,0.007588789373693962,0.007002534994600429,-0.002924761153955442,2024-08-27,2024-10-24,739124.0,739182.0,2.886016071010637,0.3933873839465519,0.6456062357909452,0.027267146044805603
2024-10-25,739183.2028191305,0.7564986335577331,14.294703701594505,0.6799312838489976,-0.006865269131027521,-0.0013869352107586906,-0.0008627291582193754,0.0010859501270317814,2024-09-03,2024-10-24,739131.0,739182.0,8.57808997903239,0.26195963896966923,0.6456062357909452,0.024253054555741622
2024-10-28,739186.8253212866,0.4115862756847092,3.379418967722215,0.7341120229275196,-0.030987400022872987,-0.005344880366713873,-0.0007372492998501906,0.005293789720451112,2024-09-10,2024-10-24,739138.0,739182.0,1.2447876933136868,0.706099651488149,0.6456062357909452,0.017572593862396017
2024-11-01,739190.2852530316,0.6571325183296689,12.17840509969034,0.7002730744796423,-0.011185282739346285,0.001491980788380183,0.0013730052883089907,-0.0005838348663544325,2024-05-13,2024-10-25,739018.0,739183.0,6.131275682921541,0.4045258492235786,0.6462869710112424,0.1498530565337576
2025-01-09,739259.1793839835,0.40457505780102687,5.569215463072888,1.0264314787643296,-0.0683805294226064,0.005691729849721926,0.005663247981438616,0.0005686923447234172,2024-05-20,2024-10-25,739025.0,739183.0,0.9953883927904048,0.8727568472233477,0.6462869710112424,0.11514740265722152
2024-11-12,739201.6036267251,0.5903303496300968,6.301535030638449,0.7890255361716633,-0.020638788652541342,0.0018184118457292605,0.0014029332907777039,0.001156892312324764,2024-05-28,2024-10-25,739033.0,739183.0,2.2106312458418467,1.0632630174455069,0.6462869710112424,0.10646087389172267
2024-12-31,739250.1686115316,0.5382310327019028,4.714321018580071,0.9070072663363095,-0.027850662927669603,-0.0025915090778366474,-0.000437462044081228,0.002554319138341571,2024-06-04,2024-10-25,739040.0,739183.0,0.8558788133864692,1.2269655941039754,0.6462869710112424,0.10678940257684143
2024-11-02,739191.9237130883,0.32383593411075223,12.076893388157417,0.9078569435584045,-0.10146297233353066,0.0039044657663878427,0.00389461304115959,-0.0002772042216926938,2024-06-11,2024-10-25,739047.0,739183.0,5.357837252821259,0.6968122339656226,0.6462869710112424,0.11428694565183233
2024-10-28,739186.5978662386,0.28063105040083386,14.146615179308277,0.894009884984518,-0.12122527717570185,-0.008808643105272546,-0.00277560907300687,0.008359915527677746,2024-06-18,2024-10-25,739054.0,739183.0,8.12112900008174,0.27300295849474915,0.6462869710112424,0.10116526830077538
2024-11-29,739218.5499745843,0.633363414545543,3.2720377899856636,0.7842756638592745,-0.014155660840290442,0.0017663929717946119,0.0017661527794963902,0.000029128856527098735,2024-06-26,2024-10-25,739062.0,739183.0,0.7719947552071578,1.5512346000711312,0.6462869710112424,0.10427102704999489
2024-11-04,739193.1009178207,0.6114814042533222,7.523223778178457,0.7688924936152576,-0.019317941322034946,-0.0013143495119506204,-0.00032362989102045786,-0.0012738831709395173,2024-07-03,2024-10-25,739069.0,739183.0,3.003535812221293,1.1946185344374611,0.6462869710112424,0.09657686444675682
2024-11-04,739193.7495931955,0.3590382975053877,14.076400888659878,0.8999608577146903,-0.08557545812483332,-0.00632441587158448,-0.006323763386909038,0.00009084460984786784,2024-07-11,2024-10-25,739077.0,739183.0,5.343550440964396,0.3451262256605907,0.6462869710112424,0.08061341714011848
2024-11-16,739205.3723916279,0.7693910786300298,8.028307837583007,0.7505802602484734,-0.007646985318415965,-0.0012837814720179593,-0.00047398000263339723,0.0011930791361013083,2024-07-18,2024-10-25,739084.0,739183.0,2.160712271666938,0.5708503640347096,0.6462869710112424,0.06640074091678087
2024-11-14,739203.0770914942,0.5436659829660963,6.833864843854135,0.8126116083285944,-0.027173121106098635,-0.0029990336510860426,-0.002962560715104514,0.00046630124347454794,2024-07-25,2024-10-25,739091.0,739183.0,1.8703197110682122,0.7208152401942494,0.6462869710112424,0.0696797901579469
2024-11-14,739203.9736849258,0.7738527938331836,9.864543707249707,0.7765854320212934,-0.009020657283331774,-0.0005116130897096149,-0.000313240881558998,-0.00040450970777270633,2024-08-01,2024-10-25,739098.0,739183.0,2.543263186212396,1.3831774157470371,0.6462869710112424,0.07458824258708999
2024-11-06,739195.9144519323,0.6558269132091573,11.435997650794015,0.7679184942875359,-0.015705964764458225,-0.001711092575681314,-0.00014065996400066676,-0.0017053013156269631,2024-08-08,2024-10-25,739105.0,739183.0,3.552047498637292,0.5263883746577881,0.6462869710112424,0.06084021477213254
2024-11-08,739197.5835594379,0.30493593497776655,12.932076346376986,0.9417022497456535,-0.11304666974037497,0.00462314984207667,0.0009701519246755601,-0.004520212351797409,2024-08-15,2024-10-25,739112.0,739183.0,3.6421942299520715,0.5765807648171187,0.6462869710112424,0.05853445713095289
2024-11-11,739200.051264544,0.08982014049835164,7.729549089961718,1.5521895068757947,-0.6804947193711983,0.01206474606133384,0.008949776726233807,-0.008090710356639524,2024-08-22,2024-10-25,739119.0,739183.0,1.9177001543981158,0.6554297414303718,0.6462869710112424,0.033085407052833665
2024-11-20,739209.605012808,0.759730502782856,4.523484136224053,0.7431067693679037,-0.006789168553098492,-0.00045892154354067275,-0.000458857899391362,7.642728040449866e-6,2024-08-27,2024-10-25,739124.0,739183.0,0.8413476936672108,2.4846466625571466,0.6462869710112424,0.03386942468405936
2024-11-14,739203.1880602493,0.7830036380538214,7.975432283708412,0.7706678095649416,-0.008891373403524023,0.0016722618893537941,0.001128054560307921,0.0012344848057200316,2024-09-04,2024-10-25,739132.0,739183.0,1.5996518501241097,0.5220043293483742,0.6462869710112424,0.013517736798280167
2024-11-07,739196.7451516003,0.7346717489975673,14.26057532380175,0.7149712471410132,-0.007310004128901283,-0.00008873055442516112,-0.000050747117796798365,-0.00007278627153464002,2024-09-11,2024-10-25,739139.0,739183.0,3.2577366403441745,4.244247680926754,0.6462869710112424,0.0221750747274889
2025-01-04,739254.5174661832,0.8310361082171991,11.815427047873094,0.8030217589174207,-0.004775541359582395,0.00037149961559762844,0.0002610004109647323,0.00026436858713815934,2024-05-14,2024-10-28,739019.0,739186.0,2.3218263242054835,0.9041379801874592,0.6520545866604176,0.19635321400274708
2024-11-02,739191.2661592072,0.10723252731546178,11.012577408577567,1.496266637537078,-0.6303065313526786,0.008898802553268772,0.00362599043598638,0.008126554020013534,2024-05-21,2024-10-28,739026.0,739186.0,6.040273961024684,0.6896961541605096,0.6520545866604176,0.1609930995797288
2024-12-13,739232.2971044591,0.9016324835635781,11.431497052146195,0.76791564824147,-0.003531267720939947,-0.0002578938672861242,-0.00020829227517632132,0.00015206437743819115,2024-05-29,2024-10-28,739034.0,739186.0,2.6466273855602944,1.079980890494674,0.6520545866604176,0.14424846821561865
2024-11-02,739191.0188440278,0.6666367462513171,2.0255855470734323,0.6898978485902779,-0.008781174363413136,0.002686086800190544,0.0025458683854455003,-0.0008565141342365555,2024-06-05,2024-10-28,739041.0,739186.0,1.095312438840134,1.0758982909902306,0.6520545866604176,0.10899055525278498
2024-12-03,739222.4046177854,0.690247606906068,8.195545723742184,0.8340432898000701,-0.013198778154233091,-0.0008797758481674233,-0.00029215943009258953,-0.0008298484261759383,2024-06-12,2024-10-28,739048.0,739186.0,2.0435203311176977,1.263539216998892,0.6520545866604176,0.10322971933467077
2024-11-21,739210.7615942118,0.05044386897154142,3.924105336864653,3.511067898728759,-2.3925676233822366,-0.018705105929714562,-0.018696607488201213,-0.0005637874368777374,2024-06-20,2024-10-28,739056.0,739186.0,1.144528402487461,1.644264883011608,0.6520545866604176,0.10615549022559964
2024-11-18,739207.2311293202,0.41234374762914106,5.679957065395396,0.9294189130855813,-0.06686079574794163,-0.0025081805168748346,-0.0007047904192671837,-0.0024071227575966506,2024-06-27,2024-10-28,739063.0,739186.0,1.7320045971841518,1.9352055991539536,0.6520545866604176,0.10571447869153892
2024-11-08,739197.0569498178,0.15765203243927742,4.844706371257016,1.2810177360628627,-0.3900324519535675,0.011044028052656538,0.010495764578750276,0.003436492621164144,2024-07-05,2024-10-28,739071.0,739186.0,1.8765066337946856,1.149225769416415,0.6520545866604176,0.11511055844812287
2024-12-02,739221.7939558045,0.10103309166803157,4.456057331426711,2.08557947805776,-0.9835414141824316,0.016784463155792486,0.013595841321988817,-0.009842321991047481,2024-07-12,2024-10-28,739078.0,739186.0,0.9862201356867365,1.3286116905831948,0.6520545866604176,0.0964761421924671
2024-12-07,739226.9963447878,0.203311818111426,6.85853795915492,1.5387765277485201,-0.39786713645761806,-0.007805704212618765,-0.0006896941878098185,-0.007775174607826859,2024-07-19,2024-10-28,739085.0,739186.0,1.3560777730335427,1.510974223091353,0.6520545866604176,0.08889557736443636
2024-11-15,739204.6423390418,0.22837118438736664,12.908135680028892,1.2097987590363217,-0.2568353647005023,0.00976227796438091,0.009660911762380316,-0.001403158926614777,2024-07-26,2024-10-28,739092.0,739186.0,3.6954069907853424,0.4654590047041222,0.6520545866604176,0.08015975700317117
2024-11-01,739190.9322610033,0.1906193596474957,12.677538866979512,1.0813498578765501,-0.2564912158923718,-0.012170154983231051,-0.012136993465636094,0.0008978095181998997,2024-08-02,2024-10-28,739099.0,739186.0,5.902265476757661,0.31688993326105996,0.6520545866604176,0.10172222201129484
2024-11-24,739213.5532412266,0.8724115688355853,14.973097249835973,0.7887836294408608,-0.005605825302550023,-0.0006156859015764195,-0.0001058161558411376,-0.0006065245836427184,2024-08-09,2024-10-28,739106.0,739186.0,3.24538403481286,0.5305057815108617,0.6520545866604176,0.05148679197993134
2024-11-09,739198.0680613391,0.5837148523793158,13.493036311580218,0.7756365415495946,-0.020536002190860634,0.001512112648072943,0.0006046758722672375,0.0013859479607690986,2024-08-16,2024-10-28,739113.0,739186.0,4.193797305621194,0.5875202103975359,0.6520545866604176,0.05270279240287012
2024-11-24,739213.7298621269,0.020245899259253134,6.218659237926554,5.880769782778429,-4.866106343148187,-0.009247875450061553,-0.0032058740461079886,-0.008674420553578338,2024-08-23,2024-10-28,739120.0,739186.0,1.2053994807267645,1.7130890362674993,0.6520545866604176,0.035848916021530834
2024-11-19,739208.1667403469,0.016783407017730626,10.077067827067932,6.999309999591208,-5.992846197752139,-0.025477936751156758,-0.023478360861579627,-0.009894030136874968,2024-08-28,2024-10-28,739125.0,739186.0,2.1206518553064813,0.3917552470216482,0.6520545866604176,0.01993133476477993
2024-11-04,739193.6339236866,0.11563969667566214,14.073792048332145,1.1695324003674692,-0.37860694189084027,-0.007743467804225941,-0.0021022877906878012,-0.007452629044854488,2024-09-05,2024-10-28,739133.0,739186.0,4.641666669595525,0.40174352865755447,0.6520545866604176,0.03099326328045608
2024-11-10,739199.7437689942,0.6779865427210138,2.850756602138471,0.5535345719610166,0.008970289492166992,-0.0065535996436967255,-0.0010415270134077291,0.006470308321108336,2024-09-12,2024-10-28,739140.0,739186.0,0.6667204188852264,0.3255273530530544,0.6520545866604176,0.016061783839410235
2024-11-28,739217.4693094196,0.988908576424504,6.527146328927886,0.7121501323570303,-0.0020172354505536005,-0.0003640905267055374,-0.0003507737068290756,0.0000975690434210838,2024-05-15,2024-10-29,739020.0,739187.0,1.9414267278532957,0.8394213423030737,0.6486659016149008,0.1432148728772802
2024-12-24,739243.7558029313,0.0002321982354263064,6.526721904441721,950.7319131872397,-949.158316512961,-0.02530845742769016,-0.012701910181111394,-0.021890168914839005,2024-05-22,2024-10-29,739027.0,739187.0,1.3919524763041846,1.3342487011950608,0.6486659016149008,0.11858542690427397
2024-12-16,739235.9279008345,0.7960922741631762,6.1114743048498,0.8102281346571959,-0.006613252695717233,0.0005981636500500763,0.00014370367460993027,0.0005806453359365195,2024-05-30,2024-10-29,739035.0,739187.0,1.3739939260464187,1.4401658848012961,0.6486659016149008,0.11089033729090778
2024-11-14,739203.6903597239,0.6095173354980817,12.331831827714634,0.7834508147664042,-0.01838921862099189,-0.0005309514870227747,-0.0004583376836413223,-0.00026802247914308033,2024-06-06,2024-10-29,739042.0,739187.0,4.456937337132147,1.7118547137511864,0.6486659016149008,0.12365560782948125
2024-12-28,739247.0420741552,0.5237283562728573,13.165326482005336,1.0312948672730955,-0.04134570559226575,0.0016320135650458023,0.001028319966576943,-0.0012672909385112415,2024-06-13,2024-10-29,739049.0,739187.0,2.5006341270512684,1.0078156515428718,0.6486659016149008,0.1033698042340779
2024-11-18,739207.1676790329,0.00037522532903122585,14.78444798644514,412.68674248475855,-411.4998587534105,-0.024784439736025326,-0.0128122581974856,0.02121590188772644,2024-06-21,2024-10-29,739057.0,739187.0,4.724086556520672,0.42138358915879104,0.6486659016149008,0.10768619281552301
2024-12-19,739238.2172118082,0.1857314871014957,8.277939196340393,1.8330800327935097,-0.5472010810236283,0.006175082977929317,0.005657465731998305,-0.002474819443025548,2024-06-28,2024-10-29,739064.0,739187.0,1.6128886862655132,1.9882338012961773,0.6486659016149008,0.10522502648148302
2024-10-29,739187.7428629333,0.8153908489450417,12.250833841658048,0.7000423704228065,-0.006410714614701777,0.0011832353640260356,0.0011646532718901834,0.00020887480211197185,2024-07-08,2024-10-29,739074.0,739187.0,9.809705857874386,0.36060810711309926,0.6486659016149008,0.06511542151185601
2024-11-05,739194.6017207,0.6963556012801743,5.2680756982264425,0.7133327626796204,-0.009442035426905575,0.0018856141519041831,0.0002668784917179826,0.001866632422444137,2024-07-15,2024-10-29,739081.0,739187.0,2.2674142130824406,0.6618992104864309,0.6486659016149008,0.0828698536470911
2024-12-09,739228.1511790077,0.48432907515312607,10.426995824161967,0.9577796971135745,-0.046122880844079256,-0.003242758500037123,-0.0030384999109495147,0.0011326963320867607,2024-07-22,2024-10-29,739088.0,739187.0,2.0336757054584895,0.6606678311232815,0.6486659016149008,0.0754915460628217
2024-11-03,739192.1020856169,0.9566405725344602,9.889898985123725,0.6934634831700566,-0.0031524091484638776,-0.0004089032380388573,-0.00040706509085619303,-0.00003872815364694948,2024-07-29,2024-10-29,739095.0,739187.0,4.637260088534196,0.7457254583510214,0.6486659016149008,0.07085383556318525
2024-11-25,739214.2219792098,0.25021593531032976,4.402291169909233,1.3582658925296274,-0.28053025658837405,0.012473519674356228,0.012185455478957436,-0.0026652144073034856,2024-08-05,2024-10-29,739102.0,739187.0,0.9924335094493703,1.278282648271603,0.6486659016149008,0.06967808201250474
2024-11-20,739209.4533073567,0.6361968800845813,11.205234599027989,0.8172972091768489,-0.01777919918539691,-0.00045679171831605693,-0.0004422055739181021,-0.00011451159032123272,2024-08-12,2024-10-29,739109.0,739187.0,2.671940898086442,2.2098589539981273,0.6486659016149008,0.07300897749894428
2024-11-17,739206.6035685893,0.7882137440254364,8.508665780452313,0.7406333412529401,-0.0064350672890737355,-0.0005698704458892651,-0.0004260242681150752,-0.00037849127873049377,2024-08-19,2024-10-29,739116.0,739187.0,2.072979168189718,1.0460669870473946,0.6486659016149008,0.04792475567994114
2024-11-29,739218.3838533423,0.3131395653055303,11.011146539397123,0.9692581780566353,-0.10142357875889947,-0.0038194813482082296,-0.003728757224290627,0.0008275308644461628,2024-08-23,2024-10-29,739120.0,739187.0,2.0023523137357064,0.7551616715205617,0.6486659016149008,0.033029759339094696
2024-11-28,739217.064876955,0.49314091011319194,8.823048827442136,0.8814650734863863,-0.037826560080300484,0.0012586341226169023,0.0011529089371824528,0.0005049364684595942,2024-08-29,2024-10-29,739126.0,739187.0,1.556190184055935,1.6797695204922969,0.6486659016149008,0.033093469601091434
2024-11-22,739211.7342477144,0.9389625991783994,8.754172273656376,0.7540163537690105,-0.0037096856007594737,0.0005631658507520813,0.0003660881686578443,-0.00042794301983098323,2024-09-06,2024-10-29,739134.0,739187.0,1.595443126525158,0.7065355148144732,0.6486659016149008,0.018613813653953083
2024-10-31,739189.6337930759,0.4580538515753948,7.009284022048525,0.7191487938803209,-0.024272723264307818,0.005007995760333843,0.0033836973584278804,0.0036919661052195398,2024-09-13,2024-10-29,739141.0,739187.0,3.252860654580281,0.3167360037370997,0.6486659016149008,0.015229356253864963
2024-12-20,739239.5764570266,0.11188275016877294,6.494756198159643,2.4103043944355127,-1.1105687831564952,-0.016464486212763158,-0.012891028023021637,-0.010242104410712626,2024-05-16,2024-10-30,739021.0,739188.0,1.4926961045695204,1.1619770731084325,0.6554318272902026,0.12553760391033036
2024-12-26,739245.6963013087,0.5548699065222319,5.395194791362639,0.8992036755564031,-0.025792691524583383,0.002407683485575113,0.0002921837910688179,-0.0023898887838030847,2024-05-23,2024-10-30,739028.0,739188.0,1.1402372336906155,1.1017455682614132,0.6554318272902026,0.11429960890532741
2024-11-20,739209.9699198744,0.23016742608277335,13.933791562965803,1.2100703542621043,-0.25026124183104537,0.003368958536055226,0.0004253398494624282,-0.00334200054310568,2024-05-31,2024-10-30,739036.0,739188.0,4.5887418467709695,1.2270788790031082,0.6554318272902026,0.12809180772667272
2024-11-24,739213.6239481642,0.24562388604012036,10.256300075874787,1.246335641584543,-0.24385293754650297,0.005440108387030269,0.005092463533024819,0.001913529311886665,2024-06-07,2024-10-30,739043.0,739188.0,3.0948115253233066,1.073495722785949,0.6554318272902026,0.11468893505370792
2024-12-21,739240.9290010415,0.8712453523578041,11.765049817596987,0.8251551923646411,-0.004807674705665861,-0.0003585961372591156,-0.0001878152197083124,-0.00030547771261268285,2024-06-14,2024-10-30,739050.0,739188.0,2.402280461698998,0.9928329265638178,0.6554318272902026,0.0997682214708636
2024-11-26,739215.0419292978,0.4932262696806172,10.282498893900112,0.9301748897826414,-0.04530393493195354,0.0024349782093563994,0.0022230076083386147,0.0009936579156375343,2024-06-24,2024-10-30,739060.0,739188.0,2.8578497770727442,0.8924592060126149,0.6554318272902026,0.09381948922228256
2024-12-14,739233.2753304706,0.4125538364168465,3.1484508997846494,0.8371630440608399,-0.04345789397104137,0.008080477272638033,0.00795628826720939,0.00141123703277868,2024-07-01,2024-10-30,739067.0,739188.0,0.6518613088042285,0.7047180059304853,0.6554318272902026,0.1038768794474231
2024-11-03,739192.5903893801,0.44815861043272565,9.203407586340838,0.8057732284869816,-0.044368716713214996,0.002283273328673153,0.0022370076992256267,0.000457311323974652,2024-07-09,2024-10-30,739075.0,739188.0,4.7505971523204815,0.9462416347896773,0.6554318272902026,0.11712649375323576
2024-11-15,739204.7075741576,0.7846237256075761,14.651231402690614,0.7559970953104959,-0.007718763183760966,0.0012413296617014092,0.0005489965971046857,0.0011133292708750684,2024-07-16,2024-10-30,739082.0,739188.0,4.649505472768076,0.3330028054180942,0.6554318272902026,0.05618090159776857
2024-12-12,739231.4430469994,0.6103078175234792,11.02054963539446,0.8927784884451677,-0.021454688059062137,0.001802975774872163,0.0016744987444884474,-0.0006684127463495065,2024-07-23,2024-10-30,739089.0,739188.0,2.082830228232684,0.6589887355017466,0.6554318272902026,0.07273704341352824
2024-11-02,739191.3611490832,0.21380633980141722,4.485983313454607,0.9561101544986079,-0.1780614496052757,-0.01540963974711069,-0.0011431344003301972,-0.015367180641826135,2024-07-30,2024-10-30,739096.0,739188.0,2.388494939311568,0.5507320409126488,0.6554318272902026,0.10019901894666684
2024-11-14,739203.0459832543,0.577852203903798,6.0594448601207604,0.8127527516781744,-0.024424231785169184,0.002866942629845756,0.002860500040131906,0.0001920925902586214,2024-08-06,2024-10-30,739103.0,739188.0,1.8270561746710396,0.8124298028701618,0.6554318272902026,0.06551033853988295
2024-11-11,739200.1480299304,0.26133607510126905,13.94617708258792,0.9860145883767739,-0.14921945232300599,-0.006978149463262688,-0.006973675167033246,-0.0002498491471611867,2024-08-13,2024-10-30,739110.0,739188.0,4.448719447456184,0.4007092458651017,0.6554318272902026,0.07311005418281855
2024-11-12,739201.2775217656,0.8355220937802639,3.8819208687034874,0.715454102329442,-0.004797551825658603,0.00012354047845265922,0.00010343014590168994,0.00006756074847918047,2024-08-20,2024-10-30,739117.0,739188.0,1.1417704652340719,8.358371232355735,0.6554318272902026,0.05053125480348954
2024-11-27,739216.2810527873,0.8530664731621784,7.061058055541381,0.7475962978478514,-0.004434911483088182,0.00022384667799469273,0.00007750227194587349,0.00021000174545104976,2024-08-26,2024-10-30,739123.0,739188.0,1.3411736854891168,2.3935769507518727,0.6554318272902026,0.03624138368675681
2024-11-26,739215.6077664112,0.10097598385569809,3.278790593014423,1.5298012185607162,-0.6249000851733366,0.01896468369864007,0.018656377581796967,-0.00340570158923062,2024-08-30,2024-10-30,739127.0,739188.0,0.6085243268136621,1.0147741441081999,0.6554318272902026,0.03075448634498292
2024-11-08,739197.1194212374,0.9846015726477384,4.381420479530968,0.6880874321630418,-0.0020991689338191394,0.00038732339560021997,0.0003755768235755668,0.00009466500077733096,2024-09-09,2024-10-30,739137.0,739188.0,1.3151032494016959,1.217921370965361,0.6554318272902026,0.021732492669471047
2024-11-12,739201.2106971241,0.36886037186878334,8.686643771909603,0.8250347346589537,-0.05566042259217994,-0.006321533435904321,-0.006317359706787765,-0.00022967654714989443,2024-09-16,2024-10-30,739144.0,739188.0,2.026382288834472,0.373881561384086,0.6554318272902026,0.01254497964332354
2024-11-20,739209.9484825531,0.541314541318528,12.460632661203968,0.8031256101495142,-0.025158707590820537,-0.0010157925681323714,-0.0005884131761709613,0.0008280123643891797,2024-05-17,2024-10-31,739022.0,739189.0,4.351279450454616,1.0759519993970024,0.6356831432457352,0.17465834992534152
2025-01-13,739263.2590289252,0.7508463055349934,12.26350572150912,0.8871151515912126,-0.008880038291537102,-0.00048714333410822583,-0.00048420610725206464,0.00005341417102118666,2024-05-24,2024-10-31,739029.0,739189.0,2.2423579339519826,1.116077838134202,0.6356831432457352,0.14736573604041966
2024-11-09,739198.5585530584,0.748473771008903,7.999636920238187,0.7274153227017379,-0.008260450398103322,-0.0007205792148731211,-0.00008702546863060808,0.000715304811053852,2024-06-03,2024-10-31,739039.0,739189.0,3.5839743081039943,1.0725765724040932,0.6356831432457352,0.12010151476756196
2024-12-18,739237.2967372143,0.27812026566607867,3.3731014905699244,0.9501462269697738,-0.11185076789209393,0.016029184178369685,0.0025986022216069075,0.015817142975833417,2024-06-10,2024-10-31,739046.0,739189.0,0.7389477106642506,0.5753482255264414,0.6356831432457352,0.1074319164304231
2024-12-25,739244.0546271773,0.7315986170901466,7.740224897672561,0.8791097038344112,-0.010747862244462166,-0.0005662928332115232,-0.0005580678817125659,-0.00009616554657247921,2024-06-17,2024-10-31,739053.0,739189.0,1.5327650684282619,1.7939086431252176,0.6356831432457352,0.10650473922685008
2024-12-20,739239.6542002321,0.5755445610809861,13.760633989339714,0.9799489620299542,-0.03028600283792889,0.0016183735851427723,0.0011161435231168753,0.0011719030236722315,2024-06-25,2024-10-31,739061.0,739189.0,2.7604334813340516,0.7827150564694249,0.6356831432457352,0.08943926427469583
2024-12-04,739223.2446103124,0.23857112883017445,12.240367420444992,1.4028384207058016,-0.29895805787311736,-0.007008895828841523,-0.005118029749381325,-0.004788568911898402,2024-07-02,2024-10-31,739068.0,739189.0,2.9445228327984396,0.8313503606237694,0.6356831432457352,0.10371652595882727
2024-12-18,739237.4500506723,0.13857164109308132,10.869021582511106,2.0879656383944116,-0.816612086895897,0.010613629025086363,0.01009798496117928,-0.0032679995113146527,2024-07-10,2024-10-31,739076.0,739189.0,2.0821656939875597,0.9809250134648962,0.6356831432457352,0.10383221150901639
2024-11-02,739191.6095626839,0.1796945956286298,8.448646572320282,1.0342355093015825,-0.24325348622286289,-0.008777196428141643,-0.008770171458491583,-0.00035109788783473604,2024-07-17,2024-10-31,739083.0,739189.0,5.013607923310744,0.5894556411742868,0.6356831432457352,0.14688294734777246
2024-11-07,739196.1314274668,0.8622382328330664,14.4326816232159,0.7156007361695701,-0.00507648786219671,0.000898018271989154,0.00027053734581252445,-0.0008562980563723713,2024-07-24,2024-10-31,739090.0,739189.0,6.202371197404219,0.3377212775693655,0.6356831432457352,0.06000345229862711
2024-12-07,739226.7208238228,0.7923712938953424,3.607255029894786,0.8286846910172226,-0.008473883609036318,-0.0009156029813866515,-0.0009085702423304404,0.0001132648854487996,2024-07-31,2024-10-31,739097.0,739189.0,0.7091278384248123,2.0329522696154716,0.6356831432457352,0.0727851483003326
2024-11-20,739209.9855589053,0.3605624912306165,2.7435853071103793,1.0843102946837708,-0.12393951921266332,0.012672748475884453,0.004488501155823626,-0.01185124091845245,2024-08-07,2024-10-31,739104.0,739189.0,0.7071492030931958,1.2852898242633854,0.6356831432457352,0.06680410707468425
2024-11-16,739205.2561758095,0.07932749592341272,2.5198561947231206,2.0924451955835845,-1.1191983026805994,-0.029389225188750746,-0.028438565547463237,-0.00741448223396201,2024-08-14,2024-10-31,739111.0,739189.0,0.7048585339724361,1.1988556514558464,0.6356831432457352,0.06373792139508144
2024-11-05,739194.041967365,0.6023121659470855,10.470251442055531,0.7203037106272031,-0.014102397206618619,-0.0016149108803538963,-0.000168804164251772,0.0016060642283597072,2024-08-21,2024-10-31,739118.0,739189.0,4.521737157453283,0.5023528914807,0.6356831432457352,0.0431928740425411
2024-11-08,739197.7162789992,0.7908600327414301,8.230442606300697,0.6924413228359286,-0.004730644023355616,0.0009696577594643871,0.0009648354811114047,0.00009658501373411576,2024-08-27,2024-10-31,739124.0,739189.0,2.7967107674659326,0.46878988183596015,0.6356831432457352,0.030287835685485622
2024-11-18,739207.6829107759,0.43702041901893496,3.510065406757725,0.8040518024700956,-0.03772453323076844,0.00399614694250588,0.003970694825361531,0.0004503032200043122,2024-09-03,2024-10-31,739131.0,739189.0,0.7888445956821661,1.175354692362235,0.6356831432457352,0.030582111044600457
2024-11-05,739194.9124679517,0.9437273876495018,13.508448460428067,0.6803856556665538,-0.0024234430032867606,0.00010262491536436142,0.000022873802069641565,0.00010004330278644954,2024-09-10,2024-10-31,739138.0,739189.0,4.868425732570255,1.6497612049990629,0.6356831432457352,0.02440631593241685
2024-11-13,739202.6678536418,0.7105485217166015,11.578747795995557,0.7323249316584916,-0.00879200573141571,-0.0019679036710646574,-0.00037991143030921684,0.0019308837778877748,2024-09-17,2024-10-31,739145.0,739189.0,2.653014550714485,0.274167689731984,0.6356831432457352,0.01397065487342823
2024-11-23,739212.7357397096,0.5660721229405187,12.092005585049586,0.8011183218363517,-0.02197045918934157,0.0008982927925712126,0.0008339044912089853,0.000333965927493915,2024-05-20,2024-11-01,739025.0,739190.0,4.0628117779293556,1.144971423561828,0.6377442913474753,0.17215330850723598
2025-01-12,739262.6753279368,0.41257442273494516,3.6091598561968112,0.6893021554851319,-0.01848812700493808,-0.01236406928389274,-0.012283506399658509,-0.0014091415068928858,2024-05-28,2024-11-01,739033.0,739190.0,0.6609598105277361,0.17093369015232948,0.6377442913474753,0.1091357493697023
2024-11-22,739211.0927522552,0.1406600402661247,2.669899019759454,1.2658145450081664,-0.3955455307792277,-0.025732184346400223,-0.021340474219541918,-0.01437808997475643,2024-06-04,2024-11-01,739040.0,739190.0,0.8894909442548631,0.8098334836578662,0.6377442913474753,0.10843036276583101
2024-11-16,739205.3852033617,0.8376337971376651,13.225605186617143,0.7207707581546566,-0.004984142563623281,0.0002169886125461439,9.931032076663896e-6,0.0002167612340262728,2024-06-11,2024-11-01,739047.0,739190.0,4.907882670679663,1.4547626804964089,0.6377442913474753,0.12945925656338042
2024-11-11,739200.5522450076,0.3042707681441508,3.55111283950375,0.925169164908966,-0.10838895672714494,0.0074544975955577915,0.005298554309379116,0.005243553817091696,2024-06-18,2024-11-01,739054.0,739190.0,1.4870056144111323,1.2458404154465388,0.6377442913474753,0.12088469486711528
2024-11-04,739193.2594859748,0.6599240872947006,3.5748118456266176,0.7140394797068199,-0.011641549535699526,0.0013303984618680282,0.0011555511159334426,0.0006592887726981183,2024-06-26,2024-11-01,739062.0,739190.0,2.1026116280403717,1.615361948559508,0.6377442913474753,0.11451732510073523
2024-12-23,739242.5597820536,0.41672351309314914,5.153529575035799,1.0089009966123308,-0.06606489178547338,-0.004063156981606648,-0.0036565230756231497,-0.0017717459339911764,2024-07-03,2024-11-01,739069.0,739190.0,0.9797986286302545,1.314771735241155,0.6377442913474753,0.10321294323243003
2024-11-11,739200.1083426278,0.32648584775305994,9.433521626085241,0.9305900839468725,-0.10193343097000092,0.003652627520873299,0.0005222201833585793,0.003615103578921901,2024-07-11,2024-11-01,739077.0,739190.0,3.7530341561730696,0.9658323917391853,0.6377442913474753,0.12243834634400709
2024-12-05,739224.5068114549,0.450512471071416,4.200543623814291,0.8656574794722808,-0.04163180798556898,-0.004732995045902941,-0.0014202877997893746,-0.0045148670711673495,2024-07-18,2024-11-01,739084.0,739190.0,0.9386926818303404,0.9433884182509288,0.6377442913474753,0.0924033323482424
2024-11-02,739191.577450287,0.8147704606962411,3.73622168753711,0.6882255029827403,-0.005338676344170349,0.000833878971950002,0.0003109262357916849,0.0007737435077316035,2024-07-25,2024-11-01,739091.0,739190.0,2.4707918468229804,1.3961536263339103,0.6377442913474753,0.0881520548939433
2024-11-28,739217.1610829489,0.7439585824117246,10.30651656963235,0.8020089624133152,-0.009814649137758705,0.001086944488624591,0.0004892276647556263,0.0009706207361215449,2024-08-01,2024-11-01,739098.0,739190.0,2.4255457975622474,0.6517848571401048,0.6377442913474753,0.0688410618353181
2024-11-19,739208.4459491944,0.9723618752400602,13.448786798680162,0.7370082806484158,-0.0030722364901170354,-0.00035842207039160976,-0.0003582919092715157,9.658586562225331e-6,2024-08-08,2024-11-01,739105.0,739190.0,3.690557732952071,0.619733128760927,0.6377442913474753,0.06317069551365724
2024-11-12,739201.8355330921,0.611099177218133,8.502409749478609,0.7479788624682462,-0.014908378934971921,-0.0015586110999746701,-0.001522413575078149,0.0003339542893601173,2024-08-15,2024-11-01,739112.0,739190.0,2.7427674007606972,0.6874835744945232,0.6377442913474753,0.06006082809225759
2024-11-14,739203.5873863756,0.15474593571408726,6.6146202730580566,1.1392520508321007,-0.301437162059422,-0.005375051394177099,-0.0033401999667798266,0.004211204301855851,2024-08-22,2024-11-01,739119.0,739190.0,1.9251033103835045,1.311983898204498,0.6377442913474753,0.04651187519992365
2024-11-22,739211.9300356144,0.07745286628272853,5.390163468794196,1.7031641199091092,-0.8085160320995066,0.013438861486610935,0.007535351902733946,0.01112750959371766,2024-08-27,2024-11-01,739124.0,739190.0,1.1913121788900762,0.8644934680088049,0.6377442913474753,0.03640982486132113
2024-11-06,739195.0505922929,0.4398340779210076,11.51594524544657,0.7381992011328486,-0.028329346997250357,0.0035406716222514826,0.0032981615330991937,-0.001287822207527778,2024-09-04,2024-11-01,739132.0,739190.0,4.626828353680192,0.3055907452085684,0.6377442913474753,0.034842852197164285
2024-11-14,739203.6216145447,0.7416717114548911,8.879175272042751,0.7261623219317362,-0.007445352905805558,-0.0015160949165579426,-0.0005444023914484343,-0.0014149805059427718,2024-09-11,2024-11-01,739139.0,739190.0,2.2001434565622158,0.4102021970030637,0.6377442913474753,0.016953156145361407
2024-11-20,739209.9749295668,0.5058153165599818,6.666755160792617,0.7107382275986803,-0.011645665398897526,-0.004896057521502046,-0.002267740036732061,-0.004339208957823907,2024-09-18,2024-11-01,739146.0,739190.0,1.2350728808814209,0.1804659477607407,0.6377442913474753,0.010875254042369739
2024-12-18,739237.4138594727,0.15585888056883726,7.515580749906703,1.8632778412887416,-0.6440491529057493,-0.010391206402875884,-0.007270471744106405,0.007424110123463897,2024-05-21,2024-11-04,739026.0,739193.0,1.8662994957448336,1.2853519159747693,0.6095538044228418,0.14496790137914323
2024-11-16,739205.0938512323,0.26526424792104525,11.745951750346642,1.0410666054190758,-0.16554585330062824,-0.00028078621189216494,-0.000038879277236697444,0.00027808146034984744,2024-05-29,2024-11-04,739034.0,739193.0,4.953073131246713,13.314750614708007,0.6095538044228418,0.16238697993079795
2024-11-30,739219.0419843205,0.05409099889065551,9.238562003046038,3.77723362437292,-2.5573501438675668,-0.01462466311167008,-0.014202668326029538,0.003487833647214403,2024-06-05,2024-11-04,739041.0,739193.0,2.826492209941409,1.0238231548319021,0.6095538044228418,0.13580120641396923
2024-12-05,739224.1202744818,0.5796952699432542,9.680924594491163,0.8776272106092319,-0.025079444599982893,0.0014845065538196343,0.0008990438745348717,-0.0011813042876392063,2024-06-12,2024-11-04,739048.0,739193.0,2.6706231867910173,1.0116230462072253,0.6095538044228418,0.11179388475451468
2024-12-25,739244.1203559721,0.28001760851732943,14.896716533290498,1.4082805584771005,-0.23451554049669568,0.005411678581438048,0.004814264592879243,0.0024716637106500915,2024-06-20,2024-11-04,739056.0,739193.0,3.0890255093426338,0.81458127228784,0.6095538044228418,0.11260765998226699
2024-12-10,739229.8823247203,0.4030183292460071,12.413147364812728,1.0824075292989137,-0.08759245721829867,0.0035149442625267164,0.0027404476945022435,-0.002201086005218065,2024-06-27,2024-11-04,739063.0,739193.0,2.982300577275751,0.8090794192986314,0.6095538044228418,0.10599946777098837
2024-11-19,739208.8571049933,0.6745024485845604,4.288124329442203,0.758944212828353,-0.011637806025449537,-0.0012509200596190642,-0.0007610250726747681,-0.0009927949608643906,2024-07-05,2024-11-04,739071.0,739193.0,1.475923003698118,1.4633820351452855,0.6095538044228418,0.11199879341264635
2024-12-09,739228.025862272,0.24013910228617769,3.4457351578929956,0.8982904531896247,-0.11607599859406771,0.02085342136487444,0.007396685222295142,0.019497544213138297,2024-07-12,2024-11-04,739078.0,739193.0,0.7977774000619732,0.38792350803180736,0.6095538044228418,0.09672326088595515
2024-12-27,739246.676404428,0.032981506114186716,7.9691397699432525,7.333498613521719,-5.8149218173368675,-0.020194810151556716,-0.002072353272310072,-0.020088198251017042,2024-07-19,2024-11-04,739085.0,739193.0,1.3984880220105178,1.1916895889751753,0.6095538044228418,0.10193401713252129
2024-12-06,739225.1467411023,0.6377832436405976,12.42282321133556,0.8613927063662412,-0.018268582806758176,0.001262689913140518,0.0007674708709762227,-0.001002683538784699,2024-07-26,2024-11-04,739092.0,739193.0,2.809813734982948,0.7427812750761273,0.6095538044228418,0.0910298980306704
2024-12-11,739230.6354012546,0.5653191882667908,11.62768246875771,0.9220826783608302,-0.029101877653624438,-0.002417211655232532,-0.002010467765804875,0.0013419879093537143,2024-08-02,2024-11-04,739099.0,739193.0,2.317123277312747,0.5853382356521649,0.6095538044228418,0.07344917379764458
2024-11-29,739218.0878604881,0.9133460239025564,6.287971703492305,0.7591292452743188,-0.0038961378837602707,-0.0003326835602656637,-0.000141059318608208,0.000301298224197929,2024-08-09,2024-11-04,739106.0,739193.0,1.498039254788108,1.701091762067432,0.6095538044228418,0.07616400281724438
2024-12-10,739229.4007423648,0.6184892009385375,12.394940910048135,0.8342798964763918,-0.016791051626672597,0.0011884362135182742,0.0003068364462380484,-0.0011481428608242352,2024-08-16,2024-11-04,739113.0,739193.0,2.293183342880214,0.7050009144873722,0.6095538044228418,0.05805140866937729
2024-12-03,739222.8219873258,0.3664161575382903,8.193268803004234,0.9170158492055926,-0.06870085913603613,0.001980302154085259,0.0016934094978112318,0.001026625975804932,2024-08-23,2024-11-04,739120.0,739193.0,1.614029302592078,1.551486928935982,0.6095538044228418,0.044128927742599626
2024-11-25,739214.1619015627,0.8969568203093679,4.844937503771761,0.6911899481304014,-0.0021963476957088954,0.0006230846332106593,0.000252150343225939,-0.0005697847528271559,2024-08-28,2024-11-04,739125.0,739193.0,1.1090295203705034,0.6525854842298506,0.6095538044228418,0.03662679024748117
2024-11-29,739218.5613696784,0.9160703709722935,8.77895678155178,0.7452667943740051,-0.0034626171564913094,0.00033088305510553957,0.0003235301804985354,0.00006936727227274146,2024-09-05,2024-11-04,739133.0,739193.0,1.6880468814521044,1.0919829946886621,0.6095538044228418,0.03338931687951491
2024-11-12,739201.4227597942,0.8808218766543141,6.59057226075925,0.685666504199154,-0.0027519934584742693,-0.0008265054777436883,-0.0006173614838663372,0.000549523523589916,2024-09-12,2024-11-04,739140.0,739193.0,2.0840435389213208,0.44500677956479656,0.6095538044228418,0.020039852107301026
2024-11-11,739200.2594036581,0.363800697236699,11.647875198317143,0.7644180348643766,-0.041234307560706986,0.006342394369676632,0.0034620552455089733,0.005314145257475526,2024-09-19,2024-11-04,739147.0,739193.0,3.694428532430294,0.20305901788769737,0.6095538044228418,0.02186500857185557
2024-12-29,739248.6241328995,0.3477470795560916,6.831405403363151,1.1770492359198372,-0.12232426245383167,0.005388628125160979,0.004722931056522674,-0.0025944624311424417,2024-05-22,2024-11-05,739027.0,739194.0,1.5227040288609668,1.1555475600101024,0.6263550396768537,0.1262275533013724
2024-12-25,739244.6000210886,0.8049744655915374,8.145688455262468,0.8287341119106433,-0.006431308945357276,0.0004780050749270991,0.00035418967287229947,-0.00032099614839850517,2024-05-30,2024-11-05,739035.0,739194.0,1.8425450617912977,1.3296005122125,0.6263550396768537,0.1255582298204668
2024-12-14,739233.8666839267,0.7053596440112168,4.717525453335142,0.7960639242568738,-0.009669943670139916,0.0011756896671913785,0.0005829236188807896,0.0010210025700709562,2024-06-06,2024-11-05,739042.0,739194.0,1.1797293400008686,1.2297804916280006,0.6263550396768537,0.11079450873022283
2024-12-05,739224.068563547,0.18930235912790333,9.864126688890057,1.5241899651835142,-0.4249664623512206,0.00820866717909589,0.008190944609982626,-0.0005391133956438724,2024-06-13,2024-11-05,739049.0,739194.0,2.7657320477187928,0.993526361629735,0.6263550396768537,0.12992211654973734
2024-12-19,739238.0517092209,0.13922962680949882,6.1637999633943235,2.0058634770131243,-0.7701693014979394,-0.012854990929000113,-0.005925696376188615,0.011407756757658373,2024-06-21,2024-11-05,739057.0,739194.0,1.3865624864259027,1.3533108150675344,0.6263550396768537,0.11784646374219708
2024-12-26,739245.9331044045,0.7436463574333777,2.326715929459801,0.4058136975484864,0.006176367897972927,-0.006018092309066249,-0.005588040134764595,0.0022341088811207084,2024-06-28,2024-11-05,739064.0,739194.0,0.4642491333113946,0.3280177942909577,0.6263550396768537,0.10629455535353233
2024-11-12,739201.4301558665,0.7293060343893095,7.67076401165756,0.7347369580983307,-0.009122822060063316,0.0010988987182550553,0.0010964395572860403,0.00007347577968960643,2024-07-08,2024-11-05,739074.0,739194.0,3.469653654486269,0.7893011257072923,0.6263550396768537,0.1049298482825831
2024-12-19,739238.1253677005,0.9595383092768925,10.297608679386169,0.7666916544423628,-0.0025503707028714795,-0.0003254295722269636,-0.00031904230106061623,0.00006415930652502125,2024-07-15,2024-11-05,739081.0,739194.0,2.0814374710079955,0.7302511168702284,0.6263550396768537,0.0952580256436878
2024-12-07,739226.5706472864,0.31502050034074053,5.488982486070952,1.0698824290609417,-0.12667857819368394,-0.0071146418291219305,-0.00361523670794438,-0.006127657945922157,2024-07-22,2024-11-05,739088.0,739194.0,1.2649436469466782,1.0218734387970099,0.6263550396768537,0.09965339024234476
2024-11-06,739195.2274645126,0.07411397345247853,14.301182115588517,1.4759140663897503,-0.6964745439087301,0.017979693594195118,0.0005227572824323287,-0.01797209243702042,2024-07-29,2024-11-05,739095.0,739194.0,10.020527923723998,0.2007479512713353,0.6263550396768537,0.2034213219349335
2024-11-28,739217.8844308122,0.007040475311342666,2.260529273656183,29.817444637145783,-28.460818696297206,-0.09495001935855975,-0.0944257150911959,-0.009964462138378065,2024-08-05,2024-11-05,739102.0,739194.0,0.5682156805646088,0.9335641706465346,0.6263550396768537,0.06980393270042123
2024-11-05,739194.3649527964,0.07179255889359684,2.0680032117064715,1.0112999285488038,-0.3285466463486878,0.04246154840367823,0.04225270487789753,-0.004206188695149554,2024-08-12,2024-11-05,739109.0,739194.0,1.7953947715135263,0.2686144895401055,0.6263550396768537,0.10727860617278408
2024-11-22,739211.8865549541,0.27373577954974243,7.961575366948688,0.9598683463795198,-0.12351290312066059,-0.005637729917235116,-0.0032725942621649315,0.004590656316359682,2024-08-19,2024-11-05,739116.0,739194.0,2.1276488937236104,0.7532525655765613,0.6263550396768537,0.06656423418836915
2024-11-06,739195.3915386869,0.8572429671581765,4.402720934963891,0.6738354714313457,-0.003154425834595031,0.0003742374882501754,0.00005109132499274801,0.00037073356217408424,2024-08-23,2024-11-05,739120.0,739194.0,2.797453146747597,1.6411784413621164,0.6263550396768537,0.04588139666611455
2024-11-27,739216.6349221413,0.3875151228539694,8.270192727839767,0.8734136898811462,-0.057487435127758814,-0.0018213361788286424,-0.0007724671162654519,-0.0016494120257226996,2024-08-29,2024-11-05,739126.0,739194.0,1.8260826888145423,1.4789580078164266,0.6263550396768537,0.04668873787176682
2024-11-11,739200.458264213,0.5192413124249028,10.419344955585295,0.7253410885276532,-0.017732143107617,-0.004120974143624896,-0.004118814184173157,-0.00013340767848573962,2024-09-06,2024-11-05,739134.0,739194.0,3.8658287266053604,0.21443227854990415,0.6263550396768537,0.02558078474826899
2024-11-26,739215.6964892723,0.607453304387101,13.99486139324405,0.7427744961004259,-0.011674518744204195,-0.0018816536089402854,-0.000948578151874402,0.0016250599354560881,2024-09-13,2024-11-05,739141.0,739194.0,2.7536358092021387,0.26930449748965996,0.6263550396768537,0.021175571271069525
2024-11-09,739198.0317480059,0.47582565792898734,10.180256981220948,0.7058197255797555,-0.017293021119652238,0.003687693348894643,0.000550132430053432,0.00364642791576706,2024-09-20,2024-11-05,739148.0,739194.0,4.080501476982371,0.21918215245626937,0.6263550396768537,0.024866741764315515
2024-12-06,739225.5326703875,0.7907532738263188,5.890108657266248,0.7695291492852807,-0.006286485776246558,0.0007212915918532086,0.0007183557800843126,-0.00006501179660334212,2024-05-23,2024-11-06,739028.0,739195.0,1.750300351888911,1.1700778546577242,0.6346509738783367,0.13198738857365275
2024-12-25,739244.6222387956,0.18670440801735458,12.486003408181585,1.744873076696008,-0.5037576719396184,-0.007636073304016273,-0.004074788878571798,0.006457995904255252,2024-05-31,2024-11-06,739036.0,739195.0,2.8538033569554653,0.9864673301872334,0.6346509738783367,0.1339588559082281
2024-12-11,739230.3337904888,0.8567373351447878,2.9130541625277013,0.6519915192494419,-0.0016213569655559115,0.0014816398934975835,0.000463495512493718,-0.0014072770458945585,2024-06-07,2024-11-06,739043.0,739195.0,0.7733540132009005,0.32183636340761035,0.6346509738783367,0.10902070230373508
2025-01-15,739265.1425517054,0.11566962442713227,13.660256383092891,2.896026535462875,-1.3451449506517485,-0.007319499382191912,-0.006176403208236383,-0.003927736576604279,2024-06-14,2024-11-06,739050.0,739195.0,2.4366657038488846,1.5561382657301377,0.6346509738783367,0.13255197426046572
2025-01-10,739260.6159834698,0.2711045591785917,13.54767630944472,1.5328746957326211,-0.2692825908820946,-0.003974627172041652,-0.003190093098426379,0.0023708578996017885,2024-06-24,2024-11-06,739060.0,739195.0,2.4096886667089175,1.3557633499119053,0.6346509738783367,0.12477491894960675
2024-12-14,739233.9175116839,0.1569838030804576,9.03176191137248,1.78286266296604,-0.6080295182951925,-0.005833880112549101,-0.005107257480951404,-0.0028195883016606913,2024-07-01,2024-11-06,739067.0,739195.0,2.093006223042471,1.811546679027328,0.6346509738783367,0.1421351905293997
2024-12-31,739250.3765447887,0.5811283539425106,12.396768438512966,0.9565909080365559,-0.026356139168280487,-0.0014321348611322819,-0.0005508787096070138,0.00132194663575051,2024-07-09,2024-11-06,739075.0,739195.0,2.2744414461188023,0.8627032860468579,0.6346509738783367,0.10824801211004555
2024-12-04,739223.98709023,0.9742793406668522,10.426161722504538,0.739659039286487,-0.0024119402694313926,-0.00044018789179991915,-0.0002614397730035359,0.0003541392737033227,2024-07-16,2024-11-06,739082.0,739195.0,2.6365572770676446,0.512020668955437,0.6346509738783367,0.07764181588833037
2024-12-13,739232.242424511,0.15313083133697528,5.396622091946192,1.6294004179526582,-0.5393008290228366,-0.016678590002418257,-0.008805443319938211,-0.01416472846220928,2024-07-23,2024-11-06,739089.0,739195.0,1.157014292038502,0.917513342353257,0.6346509738783367,0.09583715837416873
2024-11-10,739199.5319332817,0.7248243792947991,9.40527161822715,0.7247938944655802,-0.009146944216563126,0.0008820966660423895,0.000012775655170391318,0.0008820041444789587,2024-07-30,2024-11-06,739096.0,739195.0,4.683383973328565,0.7991371122993989,0.6346509738783367,0.10962198604633953
2024-11-26,739215.1841679439,0.7937353698059695,4.849136403931748,0.7580338811808404,-0.006734342652342183,0.0008155600533674746,0.00035978583591558946,0.0007319100716094011,2024-08-06,2024-11-06,739103.0,739195.0,1.3237631140417179,1.3516075128510265,0.6346509738783367,0.08757672425409092
2024-12-16,739235.6662580525,0.27590150182608203,9.039987772772179,1.2111682313940877,-0.18742159361313895,-0.002187397746064657,-0.0019958036526239284,-0.0008952522994450933,2024-08-13,2024-11-06,739110.0,739195.0,1.6232521238037685,2.615038501721723,0.6346509738783367,0.09348182254820271
2024-11-06,739195.0553820588,0.3204563716705076,10.074635122328155,0.7332245823898718,-0.045038189858301776,0.0050266231533265295,0.0032507788565097843,0.003833976675936785,2024-08-20,2024-11-06,739117.0,739195.0,11.626325097744443,0.2849995571003373,0.6346509738783367,0.08735130291280956
2024-12-10,739229.1258925328,0.5230915289016199,11.044976030442724,0.8294632178231255,-0.024799780685406024,0.0011095824152954502,0.0004719384653788022,-0.001004214728645615,2024-08-26,2024-11-06,739123.0,739195.0,1.9944174716257843,1.0585251572838201,0.6346509738783367,0.04591542019094353
2024-11-17,739206.7923188074,0.6546835480623668,3.0830028413459973,0.6687474967915445,-0.004632393844892951,-0.0030247883210991013,-0.0019228005481669867,-0.0023349908863689933,2024-08-30,2024-11-06,739127.0,739195.0,0.9381605047041862,0.3252130697404947,0.6346509738783367,0.032470712934256796
2024-11-21,739210.0280224835,0.9995927567400653,13.096449401085037,0.6858503115960933,-0.0015482550154725242,-0.0004469687936247518,-0.00044219717894790404,-0.00006513645219753153,2024-09-09,2024-11-06,739137.0,739195.0,3.2952275614716906,0.26438378997869105,0.6346509738783367,0.02254227619923691
2024-11-15,739204.4223433973,0.7209360073080747,6.689111696076607,0.671764306654738,-0.0032588308181862235,-0.002020785399007943,-0.0018683269835532178,-0.0007700181240533405,2024-09-16,2024-11-06,739144.0,739195.0,1.9783293549833316,0.17380805054428225,0.6346509738783367,0.019364148013989693
2024-11-11,739200.5074205925,0.478819474433959,2.96771744043431,0.6395821402901458,-0.00116667995271868,-0.007402803268451667,-0.00508164452891098,0.005383157541182293,2024-09-23,2024-11-06,739151.0,739195.0,1.0372422423501875,0.02542756563524982,0.6346509738783367,0.015257518813242396
2025-01-17,739267.676656777,0.3631022655928498,2.656824301136216,-0.11587007588515878,0.11628836234814792,0.04129738541140033,0.012578680374437975,-0.03933510953150466,2024-05-24,2024-11-06,739029.0,739195.0,0.502802592086961,0.38483965929145564,0.6346509738783367,0.11080616897978528
2024-12-25,739244.0191459329,0.8843613096593637,12.192556636052288,0.7968230493556546,-0.003976646933795732,0.00030686579125015684,0.00022755381576986138,0.00020587830086767468,2024-06-03,2024-11-06,739039.0,739195.0,2.7766548256011205,0.9399473104846395,0.6346509738783367,0.13050464002127904
2025-01-01,739251.3463964884,0.4662812413107936,8.170730344231025,1.0638604724465897,-0.05705830378283939,0.0019795915800674873,0.0018426006071869025,-0.0007236061264725095,2024-06-10,2024-11-06,739046.0,739195.0,1.6816669522904186,1.6448652478003254,0.6346509738783367,0.12512615550577455
2024-11-26,739215.8035464322,0.22242230673581537,8.394278432115577,1.243959581221533,-0.2696323801920873,0.006695943756488939,0.0019389819703802232,-0.0064090570061908205,2024-06-17,2024-11-06,739053.0,739195.0,2.7486954303058444,1.066977394984599,0.6346509738783367,0.14925330381909546
2024-11-20,739209.313162461,0.651494741675544,10.397375595710598,0.7828975141668126,-0.015019575953506488,0.0009258513975984512,0.0009002729203520901,0.00021612375925780228,2024-06-25,2024-11-06,739061.0,739195.0,3.8691500401639596,1.0164910684671782,0.6346509738783367,0.12728626144497038
2024-11-21,739210.5025249498,0.012517039518550547,12.22064039693711,10.818781840263817,-9.752594981523206,0.005435804555928889,0.0030918248967973013,-0.004470860093740535,2024-07-02,2024-11-06,739068.0,739195.0,4.3146492575749535,1.8376551411178692,0.6346509738783367,0.19553358601483464
2024-12-08,739227.6430231443,0.15616402368024798,9.233706441033636,1.609345231636594,-0.5292503989208727,-0.01319042854350914,-0.010648214995988661,-0.007784787894388827,2024-07-10,2024-11-06,739076.0,739195.0,2.2571404951253937,0.6785896252506246,0.6346509738783367,0.12407657488356734
2024-12-26,739245.0335432589,0.6467987747965184,7.177281938802778,0.8685340284464453,-0.015290581516142493,0.0013952709776074114,0.0012576408808766606,0.0006042520299521702,2024-07-17,2024-11-06,739083.0,739195.0,1.3423277199380337,0.9875853152077715,0.6346509738783367,0.1001128206615971
2024-11-19,739208.3350145589,0.30119451274214964,14.970065458329257,0.9697590934399647,-0.11973268335431321,-0.009613710890698915,-0.009094773436173124,-0.00311585192758299,2024-07-24,2024-11-06,739090.0,739195.0,5.201429592601384,0.250579197585717,0.6346509738783367,0.11025704943089006
2024-11-23,739212.9675120857,0.18557942154148546,3.880476545724955,1.1876567663788506,-0.2880006648683204,-0.018688293987431208,-0.01613111603054931,0.00943607056828278,2024-07-31,2024-11-06,739097.0,739195.0,1.1516608637407284,0.7370018648907339,0.6346509738783367,0.09713054507564937
2024-11-25,739214.615597446,0.2001725805115649,6.165330153714567,1.2063533173831098,-0.2795524499090109,0.0077144548356498565,0.0036899862297559184,0.006774718815972598,2024-08-07,2024-11-06,739104.0,739195.0,1.6972910093828553,1.1765389563731246,0.6346509738783367,0.1286656032947352
2024-12-13,739232.3615742151,0.3502723616887989,5.483088852760243,0.9819287087540244,-0.08622246568529307,-0.005595395183667891,-0.002441184194237051,-0.005034785694666758,2024-08-14,2024-11-06,739111.0,739195.0,1.0281091030256864,0.9843969521434438,0.6346509738783367,0.07271398056333618
2024-12-07,739226.7062105014,0.9305072260015066,13.652638803156577,0.7210811806627776,-0.00233073492117745,-0.0003330837188848958,-0.00030933509237391374,0.00012351746602086102,2024-08-21,2024-11-06,739118.0,739195.0,2.6772905340051993,0.47691680711167034,0.6346509738783367,0.04845142255785086
2024-12-08,739227.1787225298,0.14359904304599239,11.090309653929705,1.3504970266834413,-0.4105626168492741,0.008523547938354187,0.0006211759286306775,-0.008500882890800927,2024-08-27,2024-11-06,739124.0,739195.0,2.0565928968589593,0.6236872533035347,0.6346509738783367,0.0464677308613651
2024-12-05,739224.1739400886,0.9069301089280317,9.780185949972894,0.748818261024121,-0.003480423946346318,0.00041734413959768936,0.00009617894401902457,-0.00040611050415363675,2024-09-03,2024-11-06,739131.0,739195.0,1.8074710989767735,0.7733294274970933,0.6346509738783367,0.03880724022076824
2024-11-10,739199.7972014293,0.5493675817137101,6.379370288979674,0.6959257393970899,-0.011678341590164926,0.0019045816404802689,0.0002935052785156229,0.001881830459084448,2024-09-10,2024-11-06,739138.0,739195.0,2.5949507473890963,0.5280399694322024,0.6346509738783367,0.03208145167344417
2024-11-28,739217.8171048805,0.5942895677067547,3.893475950773513,0.5111047000122617,0.0131572218965826,0.0061765053737191005,0.0045975583336630346,0.0041245213055755335,2024-09-17,2024-11-06,739145.0,739195.0,0.7190854051159705,0.32514867281862114,0.6346509738783367,0.017340229985779446
2024-11-23,739212.6164413284,0.3685023155264063,10.124596163572285,0.7051305078576106,-0.018822265579715537,0.0074759737339846945,0.004438530364266451,-0.006015781867447802,2024-09-24,2024-11-06,739152.0,739195.0,1.9912357148979818,0.09163610930085836,0.6346509738783367,0.02001477469805323
2024-11-12,739201.8939473246,0.11358738987571297,6.5958518670035815,1.482106364023427,-0.5971409770343156,-0.011515732586482684,-0.010312389028811694,0.005125107757093832,2024-05-28,2024-11-07,739033.0,739196.0,3.522315157940054,0.892985752036039,0.6486659016149008,0.2184705286103107
2025-01-20,739270.1335967738,0.3824028276269308,5.791608666124947,1.0973980370874716,-0.0849413595616646,-0.005712704444947842,-0.0010360444714722513,0.005617971513674544,2024-06-04,2024-11-07,739040.0,739196.0,1.044165153149137,0.9817464462008607,0.6486659016149008,0.1102513922025044
2025-01-03,739253.5665426706,0.9311628634156475,7.76616132685834,0.8105513460877202,-0.0030889304646201684,-0.00025150281444387884,-0.00017233866686215202,-0.0001831749152514294,2024-06-11,2024-11-07,739047.0,739196.0,1.5792431290003155,1.4725990696580074,0.6486659016149008,0.1160621524209293
2024-11-15,739204.1869783772,0.5891212972939953,8.2921531387253,0.7763837430236218,-0.02014019231801383,-0.0013142422938531258,-0.0013059601453509141,0.00014731227276552742,2024-06-18,2024-11-07,739054.0,739196.0,3.839559032130474,1.0887435202634694,0.6486659016149008,0.13694904936772828
2024-11-18,739207.1598236561,0.740940753035274,10.879007375431886,0.7460290379041199,-0.008835441666835874,-0.0004878707566054921,-0.0003452531097820961,0.0003447001092784961,2024-06-26,2024-11-07,739062.0,739196.0,4.44205566920315,1.233439034114888,0.6486659016149008,0.1297949034364904
2024-11-22,739211.0823248397,0.963750793934556,9.54149580061727,0.7217865901710393,-0.0027828215162486753,-0.0003022895839328267,-0.0002941775604281838,0.00006955972609781988,2024-07-03,2024-11-07,739069.0,739196.0,3.4059889792759406,0.9298447751226137,0.6486659016149008,0.10437921420540024
2024-11-27,739216.3912896576,0.1250740601526388,9.673527870997106,1.6314089092271977,-0.6344069910590112,-0.012535223066332434,-0.004020943107536096,-0.011872819119681334,2024-07-11,2024-11-07,739077.0,739196.0,2.9593643370801486,0.6543622760843887,0.6486659016149008,0.1436780127313184
2024-12-04,739223.5047888443,0.18728284466319758,4.070665424079218,1.2102321697456466,-0.2865613893635944,-0.01808951896036492,-0.013443656910375499,-0.01210366824948185,2024-07-18,2024-11-07,739084.0,739196.0,1.0519660121036867,0.7288249725160111,0.6486659016149008,0.09480035220836906
2024-12-25,739244.8873984859,0.8819753234823413,14.712094688575815,0.8175973420831343,-0.004371465293667901,0.00043671985142816714,0.00042239027749360944,-0.00011095351328512303,2024-07-25,2024-11-07,739091.0,739196.0,2.685004518496727,0.6000756774615844,0.6486659016149008,0.08788567173216047
2024-12-14,739233.8404545953,0.23086879498747398,7.168751549767419,1.3434256277572372,-0.2794091275179705,0.007266655501917048,0.007242798515587172,-0.0005883467057352904,2024-08-01,2024-11-07,739098.0,739196.0,1.4582409204107372,1.2383052797105332,0.6486659016149008,0.12073334922088094
2024-12-06,739225.1419414267,0.6187264905272557,4.210349320748444,0.813823779520236,-0.016897556989956392,0.0023931059554523257,0.0005646377485226912,-0.0023255408676186727,2024-08-08,2024-11-07,739105.0,739196.0,0.949190646613932,1.037630128428574,0.6486659016149008,0.07416390750084498
2024-12-08,739227.0992329177,0.5383776592061481,13.897583081743877,0.8364937926384564,-0.024900865141159877,0.001100123104957424,0.00008904188187244341,-0.0010965137433401283,2024-08-15,2024-11-07,739112.0,739196.0,2.8944772622869555,0.8768411060779053,0.6486659016149008,0.07892805978268207
2024-11-08,739197.441928564,0.4445994755874195,14.688607996620457,0.7118104199044697,-0.02305706991749446,-0.001975322438741169,-0.0002510585416864289,0.0019593030254763167,2024-08-22,2024-11-07,739119.0,739196.0,9.342588767194917,0.35330877562812385,0.6486659016149008,0.06217680075483054
2024-11-25,739214.5333729114,0.8229351257133719,7.810947209896206,0.7171808531664822,-0.004309001862065003,-0.0001803308124350178,-0.00005177200279628477,0.00017273928806132974,2024-08-27,2024-11-07,739124.0,739196.0,1.9718181354621553,2.5174951336309848,0.6486659016149008,0.047533198935465155
2024-12-08,739227.0613602084,0.7167923035054088,2.955879831394634,0.6564292620924914,-0.0032659424731304805,0.0029106437871854935,0.0009037631947363732,-0.002766777790810354,2024-09-04,2024-11-07,739132.0,739196.0,0.5262176401175773,0.2720984272126987,0.6486659016149008,0.030523145440009912
2024-11-12,739201.079562897,0.8605626525001893,8.554213761582325,0.6778726959690349,-0.003026824326964779,-0.0008727888056109244,-0.0007139069378536161,0.0005020928034579036,2024-09-11,2024-11-07,739139.0,739196.0,3.407958728658215,0.34888351083200936,0.6486659016149008,0.025949236830162488
2024-11-11,739200.3159537158,0.48444494228846524,5.335305736381567,0.65803000233977,-0.004524869155232404,-0.006447397273145989,-0.0031670249003457863,-0.005615949152045457,2024-09-18,2024-11-07,739146.0,739196.0,2.150447478688247,0.06372453994319209,0.6486659016149008,0.016871574890994168
2024-11-11,739200.2679996483,0.7763444070592298,6.253556763370461,0.6493148996707786,-0.0005842381809699488,0.003091248864788173,0.001861719372231269,0.0024677561717302986,2024-09-25,2024-11-07,739153.0,739196.0,2.3933488975018737,0.02346298688772214,0.6486659016149008,0.011046952739666828
2025-01-25,739275.485314819,0.01249316962863634,14.929323009211291,22.715773011679982,-20.85295688199094,0.013215589717105947,0.0066165670046797,-0.011439967335768943,2024-05-29,2024-11-07,739034.0,739196.0,2.6403815916944495,1.3204246405327171,0.6486659016149008,0.15007052897151063
2025-01-13,739263.7452205165,0.8277818655172453,3.522519900019012,0.6202513055743707,-0.00092693413848354,-0.0016929049365349395,-0.0015447890098390373,0.0006924984037706467,2024-06-05,2024-11-07,739041.0,739196.0,0.6672994835053503,0.12867043184532173,0.6486659016149008,0.11007978921901755
2024-12-18,739237.9864972128,0.36322429917785387,4.687564269322156,1.000961671033811,-0.08493815785178896,0.006822657210626903,0.0019457913383080247,0.006539307874804849,2024-06-12,2024-11-07,739048.0,739196.0,1.1262392859459658,0.9646659409548567,0.6486659016149008,0.10980403870487426
2024-12-07,739226.5068433528,0.9011098942120901,9.20230759251696,0.7612337005277667,-0.0037404727777551315,-0.0003137352735812712,-0.00031351397647210485,-0.000011781699612685014,2024-06-20,2024-11-07,739056.0,739196.0,2.520306928367159,1.1674657845105278,0.6486659016149008,0.11407077207693975
2024-12-02,739221.2057282008,0.4229726134000299,11.912209605317981,0.9516390170352447,-0.06401618178111962,-0.001978400083984578,-0.0013467672318199957,0.0014492359765083435,2024-06-27,2024-11-07,739063.0,739196.0,3.4824126872454917,1.148935285599774,0.6486659016149008,0.14287188550145288
2024-12-17,739236.4668483203,0.07499397379997565,14.842987521241541,3.1247311680371452,-1.8358425153373188,0.004356663907703553,0.002458679530899773,-0.003596583847072283,2024-07-05,2024-11-07,739071.0,739196.0,3.3268472877873703,2.1290526912791803,0.6486659016149008,0.15733927589974864
2024-11-07,739196.9341917948,0.18923608021647725,7.406059748340834,0.9069306996446123,-0.17074094975846815,0.013222140984563983,0.004350545118355765,-0.012485902826341292,2024-07-12,2024-11-07,739078.0,739196.0,5.712792498266154,0.3299534255072663,0.6486659016149008,0.21101687581809322
2024-11-27,739216.5841193327,0.6703064557914648,6.6123515381793885,0.7666547404451813,-0.011655145378844012,-0.0012039172228841715,-0.001157869145353683,0.00032978132420600695,2024-07-19,2024-11-07,739085.0,739196.0,1.952313633635487,0.9813830109167793,0.6486659016149008,0.11325842654807623
2024-11-27,739216.4277088087,0.10681986526199365,10.742354252579911,1.7703024960191915,-0.7727386069915051,-0.015128219177603777,-0.015127594026049374,0.00013752988276736358,2024-07-26,2024-11-07,739092.0,739196.0,3.089139561443343,0.5079223910229108,0.6486659016149008,0.14311865235380655
2024-11-13,739202.6426112169,0.6912533537067594,14.092975333705606,0.729181595404764,-0.010477910482526621,-0.001931594398348932,-0.00014412900952303712,-0.0019262096844183075,2024-08-02,2024-11-07,739099.0,739196.0,6.162424040786341,0.26606840492456907,0.6486659016149008,0.09111081823888761
2024-12-03,739222.7289826827,0.8443455639510484,8.572245836184177,0.7633365253370845,-0.005104864053754669,0.0006853769796094688,0.0006566092508723686,0.0001964838310076047,2024-08-09,2024-11-07,739106.0,739196.0,2.011145899197769,0.7336353954312658,0.6486659016149008,0.07581390257726628
2024-11-26,739215.6604218219,0.3243640690640813,3.885480195948073,0.8443839831992672,-0.06699714009554505,-0.008092609594015768,-0.004565163651956101,0.006682036431509102,2024-08-16,2024-11-07,739113.0,739196.0,1.0220923862520823,0.6911235869589316,0.6486659016149008,0.06164966561623322
2024-12-02,739221.9130722993,0.49815924443784854,4.202736825054675,0.6927984087534867,-0.010339586438715733,-0.004603260331591163,-0.004602265145285467,0.00009571422512519271,2024-08-23,2024-11-07,739120.0,739196.0,0.9159546630745246,0.2662401996766481,0.6486659016149008,0.03639084110450898
2024-12-06,739225.5928117447,0.5022307335909609,6.341029837323068,0.7767281130081257,-0.020622366223737965,0.0029990505347503816,0.0029791411414126297,-0.0003449958978440263,2024-08-28,2024-11-07,739125.0,739196.0,1.2348136081146752,0.5446257863424194,0.6486659016149008,0.03821827980474913
2024-11-28,739217.6822890831,0.6702043430699908,3.9486659576994327,0.6936314839264648,-0.005620254195034019,-0.00205296486187558,-0.0008885697834185549,0.0018507048560187337,2024-09-05,2024-11-07,739133.0,739196.0,0.8562066174302095,0.4646557165426807,0.6486659016149008,0.03089809135057683
2024-11-27,739216.6970161526,0.4696585294736567,8.84489144639321,0.7357826965845055,-0.018554079199038863,0.0030154319063925563,0.0015507924362189495,0.002586092110087408,2024-09-12,2024-11-07,739140.0,739196.0,1.8439193252418662,0.3267229089052761,0.6486659016149008,0.02393283316205376
2024-11-19,739208.1555266525,0.021127791089436524,11.482117996639996,2.244938615116255,-1.503714605790611,-0.015255957727190924,-0.013984111479355937,0.006098267975973341,2024-09-19,2024-11-07,739147.0,739196.0,2.952471676358662,0.18136689994646804,0.6486659016149008,0.026593509285451452
2024-11-08,739197.7038864653,0.9504885855730489,9.884516190700056,0.6594535050745352,-0.0013210374395749235,0.0013124035783351393,0.0011441827014633582,0.000642844536492992,2024-09-26,2024-11-07,739154.0,739196.0,5.104188505191685,0.096791943224975,0.6486659016149008,0.01862232153518452
2024-11-11,739200.0803203804,0.9194344562075205,7.460213143841465,0.6870985889649135,-0.003094533756349002,0.00039036316840744014,0.0003368914393117658,-0.00019719929352698568,2024-05-30,2024-11-08,739035.0,739197.0,4.72723311911266,0.9770030725221397,0.6604763982703967,0.13226531796966925
2024-11-13,739202.1221764812,0.7194903896405728,6.447097852705639,0.7234399656401487,-0.009015402660285072,0.0008308598202874598,0.00019101077372397636,0.0008086055436920265,2024-06-06,2024-11-08,739042.0,739197.0,3.5321601621879424,1.210927401560462,0.6604763982703967,0.13032115669190397
2024-12-31,739250.9606094818,0.37163519616383894,11.122043090336092,1.1608907609506716,-0.10694721773244126,-0.0021619831922305584,-0.0017547255368151827,0.001262976489858819,2024-06-13,2024-11-08,739049.0,739197.0,2.3362475936430314,1.6529108928957825,0.6604763982703967,0.1389960539870133
2024-11-26,739215.8056214323,0.8156356288802036,9.523260442512925,0.753242815867117,-0.005997221937137846,-0.00047673011312507124,-0.00045887333601321237,-0.00012925502797318453,2024-06-21,2024-11-08,739057.0,739197.0,3.2337284818387015,1.077427515482583,0.6604763982703967,0.1181576362686182
2024-12-24,739243.4977862388,0.6034871837835348,14.216786934937808,0.9338195710520472,-0.02361071412352472,-0.0013340758194790331,-0.0013340615341917211,-6.173743490370309e-6,2024-06-28,2024-11-08,739064.0,739197.0,3.056322578778854,0.7512685473186179,0.6604763982703967,0.11208571124169797
2024-12-27,739246.9167767111,0.9231097745254204,12.925284336187394,0.8094758371717151,-0.0034326301262577372,-0.0003224403984415305,-0.00021714522818265446,-0.0002383605680993311,2024-07-08,2024-11-08,739074.0,739197.0,2.555879057739043,0.7603101784178283,0.6604763982703967,0.09759218133728649
2024-12-11,739230.6135208431,0.6589767811237969,12.888289765527686,0.8329345627594672,-0.014571689618276727,-0.0011343501858556394,-0.00041780877682710485,0.0010546023753799166,2024-07-15,2024-11-08,739081.0,739197.0,3.0627544991911377,0.6568067183151847,0.6604763982703967,0.1092049099941509
2024-12-30,739249.4582297461,0.33500777269437926,12.842687417262058,1.1913905511072986,-0.13293638682801198,-0.006676520953532837,-0.004105519423457562,-0.0052650396301049535,2024-07-22,2024-11-08,739088.0,739197.0,2.2978989190124826,0.5193888539862902,0.6604763982703967,0.09327953182013594
2024-11-16,739205.9168465724,0.4530951581446533,6.964393481298865,0.7881561902746609,-0.035946119566994894,-0.005099468714015774,-0.003993640419516532,-0.003171027808901951,2024-07-29,2024-11-08,739095.0,739197.0,2.794141803792152,0.45859910603349535,0.6604763982703967,0.11305379384073973
2024-12-21,739240.6251962711,0.0344996798934425,12.487188699514999,6.0365231060312885,-4.6826814308484925,0.030301677294681133,0.007867260596797102,0.029262567515053736,2024-08-05,2024-11-08,739102.0,739197.0,2.297708077135997,0.4269512951100404,0.6604763982703967,0.0975928902426521
2024-11-11,739200.8088195144,0.43949688903643047,11.03342454848396,0.763196520612848,-0.0349441385171983,-0.0013347518836653246,-0.0013266537543641817,0.00014680738053501864,2024-08-12,2024-11-08,739109.0,739197.0,5.588351751934849,1.042843819538258,0.6604763982703967,0.12556646233736338
2024-11-30,739219.368975206,0.5396025775147936,4.917397913676055,0.7631124007573433,-0.01765614879586928,0.0025694119359600813,0.0025264130424552554,0.00046809703648507885,2024-08-19,2024-11-08,739116.0,739197.0,1.1979141064427852,0.7540513221136935,0.6604763982703967,0.06056821647722333
2024-12-11,739230.7720204378,0.31113953021895796,10.894699566608928,0.9574372568336973,-0.0949889563083598,0.002744357551030668,0.00027900378383114013,-0.0027301383218633736,2024-08-23,2024-11-08,739120.0,739197.0,2.0596522730249096,0.9884901721197421,0.6604763982703967,0.049629130505928806
2024-11-14,739203.7705790844,0.30942493226478623,5.463065784669796,0.7729591073843441,-0.05369679974799384,0.002614711846204784,0.001962893233392993,0.0017273587331482795,2024-08-29,2024-11-08,739126.0,739197.0,2.122539379211585,1.1631706708416236,0.6604763982703967,0.057696570294664025
2024-11-18,739207.579732856,0.9707363298621088,10.55744533871004,0.6874363444316417,-0.001996778449068777,0.0006785691805751903,0.0003480603624304721,-0.0005825033192448378,2024-09-06,2024-11-08,739134.0,739197.0,3.2587643575107004,0.27056909671781004,0.6604763982703967,0.02316643652968741
2024-11-11,739200.4915930991,0.9723930950715522,8.651507446339636,0.668474617330755,-0.0016737174124660948,-0.0005624109006269209,-0.0005605674238142867,0.00004549928023824191,2024-09-13,2024-11-08,739141.0,739197.0,3.9042537086041933,0.33448641600227275,0.6604763982703967,0.022842327032266567
2024-11-08,739197.2678169544,0.49716053099825086,4.135352716583979,0.6484021598600821,-0.0019610322968025263,0.006935426909925462,0.005962572583840042,-0.003542297927244026,2024-09-20,2024-11-08,739148.0,739197.0,3.4321313535631774,0.03399348045326052,0.6604763982703967,0.015834423031446866
2024-11-21,739210.6128826847,0.7676766657763341,5.81626348239134,0.657246556556043,-0.0011885214097751224,0.0021699595376073358,0.0009297493328969045,0.0019606862504824188,2024-09-27,2024-11-08,739155.0,739197.0,1.302810406217401,0.07229190037069051,0.6604763982703967,0.012185613558672663
