tc_d,tc,m,w,a,b,c,c1,c2,t1_d,t2_d,t1,t2,O,D,p2,best_cost
2024-06-10,739046.0101561369,0.39707794223368686,12.607899997155013,0.13831425278950382,0.008160496340103046,0.00953343506794915,0.001441592387494139,0.00942381003539023,2023-11-13,2024-05-06,738836.0,739011.0,3.5948766218510784,0.02695877589784876,0.25764978535290584,0.7847602469609763
2024-06-20,739056.213855088,0.26182996066288317,2.4639905881614097,2.154412414616234,-0.5860703633105916,0.09537008862672067,0.08415154427384826,0.04487729271017929,2023-11-20,2024-05-06,738843.0,739011.0,0.6081920826669411,0.6530070499276562,0.25764978535290584,0.664405189401244
2024-05-10,739015.6257801539,0.8291637472739612,14.60947776101765,0.14075669136319402,0.0016292786743619151,-0.0015694618350464231,-0.0012301334240956445,0.0009746703086634019,2023-11-28,2024-05-06,738851.0,739011.0,8.305578819559333,0.05891830274599827,0.25764978535290584,0.513908981874812
2024-06-27,739063.7032694767,0.10041087508851669,3.22940837520746,0.7709017943893096,-0.3391709821006787,0.06676775796224083,0.02220127225914559,-0.0629685398701579,2023-12-05,2024-05-06,738858.0,739011.0,0.6999109344848133,0.15794638145288067,0.25764978535290584,0.4402451682117257
2024-07-16,739082.7734998824,0.08189386722462279,3.134380049153362,-1.866495868745365,1.4476827033462136,0.10209852910877436,0.0966513556871126,-0.032903268682890646,2023-12-12,2024-05-06,738865.0,739011.0,0.5536959785037493,0.3704704951904648,0.25764978535290584,0.25594706864560063
2024-06-11,739047.4287608722,0.03476045104913373,5.6106205272172165,-1.6271723427617681,1.554031878963896,-0.07060094412330037,-0.06670971039400929,-0.023115100048427005,2023-12-19,2024-05-06,738872.0,739011.0,1.4036178443186589,0.1363715955111128,0.25764978535290584,0.23115465796598902
2024-06-03,739039.597813944,0.5156353693993746,10.426287799598663,0.0564754701799776,0.013928694497223743,0.000898018065521796,0.0003123994827419681,-0.0008419281496577124,2023-12-27,2024-05-06,738880.0,739011.0,2.8530425584216412,0.7670758860235485,0.25764978535290584,0.41043562678020284
2024-05-11,739016.4671673223,0.6129527126184179,10.494222756857019,0.1472152922176553,0.0030536555412269788,-0.0006255070453085708,-0.00006799381694239649,-0.000621800534406543,2024-01-04,2024-05-06,738888.0,739011.0,5.272699099099193,0.28514419413223846,0.25764978535290584,0.281077611917927
2024-06-08,739044.4941300844,0.08643106751627207,13.610429384124382,0.008923041531039969,0.11775450355113855,-0.004791756482419624,-0.00399041991224212,0.0026528247418161786,2024-01-11,2024-05-06,738895.0,739011.0,3.2403410661289453,0.1560561315984459,0.25764978535290584,0.2643102543572815
2024-06-20,739056.514623525,0.887115300901955,2.547992153202974,-0.09584194206196013,0.007598773905455723,-0.004129741352272688,-0.00367158785832605,0.0018905571229835341,2024-01-19,2024-05-06,738903.0,739011.0,0.49302261362026867,0.6406231875256773,0.25764978535290584,0.1091336261980193
2024-05-07,739012.2729999111,0.7600906714500617,14.994283316187687,0.1829369622355756,-0.0005761091526828506,0.0008792921044821083,0.00003660613812499324,-0.0008785297921278197,2024-01-26,2024-05-06,738910.0,739011.0,10.467456192579407,0.03321324364673497,0.25764978535290584,0.21866004529987995
2024-05-12,739017.9848019172,0.288439060968992,3.5521609695412426,0.19950015452042327,-0.004137985367459323,0.02292638530078306,0.005371295312724311,-0.022288300285653637,2024-02-02,2024-05-06,738917.0,739011.0,1.5101657111749907,0.014655977807947192,0.25764978535290584,0.09557434489893023
2024-06-14,739050.8024286589,0.4918078858798568,2.91952771571768,-1.057349058225921,0.1586194182126472,-0.04001715077457676,-0.013133763202655486,-0.0378004843917612,2024-02-09,2024-05-06,738924.0,739011.0,0.538399427440117,0.6677179859252512,0.25764978535290584,0.07002442280995431
2024-05-28,739033.38405565,0.7330939820232573,13.213801004622946,0.29916307003339054,-0.007122936316371593,-0.001522399511064386,-0.0013938977859756243,-0.0006121676514986186,2024-02-16,2024-05-06,738931.0,739011.0,3.19742700626117,0.2595746743784802,0.25764978535290584,0.07102460537872468
2024-05-13,739018.3360235394,0.47948335186926616,9.739024702548283,0.3200175647092308,-0.02790200221794488,0.004062290142380333,0.00008550865876049473,-0.00406139009086268,2024-02-26,2024-05-06,738941.0,739011.0,3.6508453271284083,0.33816020273814124,0.25764978535290584,0.059553117903509145
2024-05-16,739021.609186812,0.09320242079419597,7.524849805075948,0.9227015546915723,-0.5389087132511613,-0.027811360132576256,-0.024921218633336694,0.012345226375133182,2024-03-04,2024-05-06,738948.0,739011.0,2.319843532435416,0.2400061295648,0.25764978535290584,0.03885759812709739
2024-05-29,739034.6874508935,0.6754187983070036,7.623854321034182,0.3077001944172145,-0.009182741284653607,0.0032919297080061666,0.00030480604126159215,-0.003277788046787655,2024-03-11,2024-05-06,738955.0,739011.0,1.4720250648689674,0.24712708708342748,0.25764978535290584,0.00937969661135489
2024-05-10,739015.2932609745,0.10025821387566473,6.3817260329585626,0.48867595041431316,-0.2190753840712089,-0.02932767966520808,-0.029325706692212877,-0.0003401786991574066,2024-03-18,2024-05-06,738962.0,739011.0,2.558265687895706,0.11735394269157408,0.25764978535290584,0.019922584713198813
2024-05-16,739021.6293326986,0.8717198993595479,3.930148596214954,0.24525581745976463,-0.0020450370831318274,0.0027245630602690907,0.002706437724091792,0.00031374944620781917,2023-11-14,2024-05-07,738837.0,739012.0,1.847444551174871,0.16648392738804346,0.26675455234582507,0.39655460462807707
2024-07-19,739085.4777119184,0.7240717610904114,3.8496599842806867,0.882137020919717,-0.02020051283889112,-0.006930553747544609,-0.0010591656392463925,0.006849141799980809,2023-11-21,2024-05-07,738844.0,739012.0,0.7289784080625148,0.5482185123652926,0.26675455234582507,0.5381107168220929
2024-05-22,739027.8094844582,0.029305927180229625,12.885420266168827,-0.8531047960576225,0.928702956468892,0.03336058445047597,0.0066520674036217985,0.032690649949718216,2023-11-29,2024-05-07,738852.0,739012.0,4.9398961607736265,0.06331404430660335,0.26675455234582507,0.6924553225539375
2024-07-06,739072.1954289124,0.24246433768015213,12.500767970367072,-0.220954381067046,0.13223615119423748,0.004112631005723115,0.0016903990666886546,0.0037491712130247198,2023-12-06,2024-05-07,738859.0,739012.0,2.51602186416836,0.6236510116462114,0.26675455234582507,0.6086186311515971
2024-05-09,739014.9741236938,0.04592986565782666,3.916873138068652,0.0787482469351061,0.09884204865249697,0.07659594964050113,0.07348933207751776,0.02159299822003663,2023-12-13,2024-05-07,738866.0,739012.0,2.4398371451610843,0.015131835202295465,0.26675455234582507,0.26455128550358176
2024-06-09,739045.798236449,0.19794706165029635,3.6909072802547493,-0.3605474731396049,0.23800274527680887,0.042017628999770705,0.019424008064264628,0.03725840921834634,2023-12-20,2024-05-07,738873.0,739012.0,0.9585126434227408,0.30378501580447753,0.26675455234582507,0.1747278903151442
2024-06-06,739042.2221532946,0.5037437739334988,12.759116405485402,0.08286408337581899,0.011661755905845525,-0.001428355261070462,-0.001183525088195946,0.0007996668790430462,2023-12-28,2024-05-07,738881.0,739012.0,3.3997748310543607,0.3223419285553087,0.26675455234582507,0.3775903817435595
2024-06-18,739054.4929570841,0.4185627858832227,11.431244428940012,0.12762729596464034,0.008001109229878999,0.006696087818529726,0.006036441565181506,-0.002898096841655095,2024-01-05,2024-05-07,738889.0,739012.0,2.4735557191500415,0.04375182370005501,0.26675455234582507,0.21036607687787195
2024-05-10,739015.3782566271,0.14339947452937765,7.239130242712234,0.2777911407757929,-0.059035896574634136,0.030605697111332153,0.0018251931196144535,0.03055122527406584,2024-01-12,2024-05-07,738896.0,739012.0,4.107318837915466,0.038209825726418775,0.26675455234582507,0.16705639201241054
2024-06-10,739046.6458830994,0.7602815230583848,3.2288335930849645,0.04565280766694116,0.006695823088609098,0.0043148724428559455,0.002179323637566286,-0.0037240666858774805,2024-01-22,2024-05-07,738906.0,739012.0,0.7199867433118115,0.3653968356902091,0.26675455234582507,0.10044684438084268
2024-05-14,739019.6036825101,0.9484565271792194,6.102496105794622,0.23014227135800394,-0.0015669784911128718,-0.001603292028800457,-0.0015652590171764784,0.0003471448383064483,2024-01-29,2024-05-07,738913.0,739012.0,2.564551416955474,0.15190089074530344,0.26675455234582507,0.02762384811829256
2024-06-10,739046.3489770462,0.6526458213977205,13.897736724768713,0.26397342817587727,-0.0056517601365815295,-0.0023669347851324523,-0.0023646975343748597,-0.00010288755022580556,2024-02-05,2024-05-07,738920.0,739012.0,2.880937088485782,0.11213234671362275,0.26675455234582507,0.15804524264769426
2024-06-10,739046.8655073806,0.4231337788228965,6.5683278336648145,0.2714587339087317,-0.01570014138978193,0.009363903692847862,0.0046007030699397955,0.008155747889137843,2024-02-12,2024-05-07,738927.0,739012.0,1.2909131107742395,0.10801137651166977,0.26675455234582507,0.08260922607170706
2024-06-09,739045.35131897,0.42513964119427483,12.918477069543725,0.46749731211896484,-0.0512465038233562,-0.0060332473891709015,-0.005027448724338522,-0.003335391039006441,2024-02-20,2024-05-07,738935.0,739012.0,2.4601987915153645,0.27953319688480344,0.26675455234582507,0.04990807344079782
2024-06-06,739042.1605010941,0.7632515214083944,12.748748312494747,0.3494823773978792,-0.007890549055805225,-0.0012940776530897494,-0.0009440800787178247,0.0008850704927825918,2024-02-27,2024-05-07,738942.0,739012.0,2.435320068263414,0.36504551578559347,0.26675455234582507,0.04278526185635924
2024-05-10,739015.952998489,0.3886909952612171,7.587016566890656,0.3427652488809668,-0.04511853511984977,-0.009008729251233888,-0.003227365685673956,0.00841078554315656,2024-03-05,2024-05-07,738949.0,739012.0,3.4166727827963896,0.2565812420564837,0.26675455234582507,0.03910424477899374
2024-05-11,739016.692246428,0.2879332308467993,3.0571629143314523,0.4306260640598728,-0.10307292426235624,-0.02206887191841046,-0.008875924359408255,-0.02020527343337053,2024-03-12,2024-05-07,738956.0,739012.0,1.2455537645663877,0.43988349919935255,0.26675455234582507,0.016430762052293532
2024-05-26,739031.4878851895,0.6147770920803056,14.420402686485588,0.30674449862849723,-0.011659907445983343,0.0024128414407685182,0.0024125927533251916,0.00003464137544427952,2024-03-19,2024-05-07,738963.0,739012.0,2.8846010828231585,0.20601868370359314,0.26675455234582507,0.03329605466567161
2024-06-21,739057.8361632713,0.6593266237854781,5.0109240099172725,0.3006707184004281,-0.005897579093370122,0.004893411601908754,0.0045674984361169695,0.0017559712815886925,2023-11-15,2024-05-08,738838.0,739013.0,1.267940538649465,0.15857868892421537,0.262212530911324,0.5135927294592041
2024-07-27,739093.424354172,0.9641998762256796,7.604987343620356,0.2242428408054058,-0.00039215583515409886,-0.0008099566460298282,-0.0006612526293930305,0.0004677336085515897,2023-11-22,2024-05-08,738845.0,739013.0,1.3650826208097024,0.06138545566956475,0.262212530911324,0.3988198655518989
2024-07-10,739076.4383424089,0.7906678909168783,2.2624060802054458,1.4289490161215934,-0.029243293161903165,0.012589641049411895,0.012412398548813772,-0.002105094776593871,2023-11-30,2024-05-08,738853.0,739013.0,0.4533561912404371,0.8117764971856746,0.262212530911324,0.4982321135285648
2024-06-13,739049.0525090701,0.34935482471095064,3.9266862147187624,0.138922814647938,0.012535884057649263,-0.015939141730574508,-0.0031316375736289265,0.01562847034148823,2023-12-07,2024-05-08,738860.0,739013.0,1.0355748812787193,0.06997301415963082,0.262212530911324,0.32621212476376826
2024-07-09,739075.2862639468,0.2743506062771764,7.314556337049193,-0.08854697875498037,0.0749630473859361,0.02142798502766486,0.01737254624380723,0.012544049559556465,2023-12-14,2024-05-08,738867.0,739013.0,1.4053271878289828,0.13121510548675067,0.262212530911324,0.2478138301144909
2024-06-07,739043.2244340548,0.5884075144424844,14.518546533613746,0.07491286306346714,0.008954876669565518,0.0022988303204699353,0.0010590508298764512,-0.0020403509948168004,2023-12-21,2024-05-08,738874.0,739013.0,3.9803517802896367,0.15787296365801842,0.262212530911324,0.45663080839159864
2024-07-01,739067.1633846202,0.8261811186611361,12.872926804867582,0.11518046788410467,0.0014940270233463845,-0.0005233812773772242,-0.000011228841668059992,0.0005232608093712074,2023-12-29,2024-05-08,738882.0,739013.0,2.5184411705766725,0.18320538536338465,0.262212530911324,0.3070995426828075
2024-05-24,739029.4126278561,0.1849827292417008,14.096816919986823,0.13395060293540784,0.024347687201932006,-0.0005771429539848072,-0.00047234350019645003,0.00033164078029771215,2024-01-08,2024-05-08,738892.0,739013.0,4.76746267023788,0.5535851594494475,0.262212530911324,0.3058153779892766
2024-06-29,739065.2183708496,0.09906073402129238,8.135676898311118,0.48486711665153304,-0.19702003328368933,-0.040069991175395905,-0.03916510793411875,-0.008467497464135103,2024-01-16,2024-05-08,738900.0,739013.0,1.4914325002144024,0.05986858454894362,0.262212530911324,0.11499347492681056
2024-05-30,739035.0826557183,0.5097932377244828,2.9248265048331805,0.04761220238706542,0.020632209098708134,-0.012830456451899315,-0.012579699217418742,-0.0025242385710069143,2024-01-23,2024-05-08,738907.0,739013.0,0.8182957293305658,0.28028353371957576,0.262212530911324,0.10859314675420449
2024-06-12,739048.7944419584,0.5782479584970567,4.194944829597872,0.06986188877247773,0.010553450505677974,-0.007387009299876815,-0.0073442306834262325,-0.0007938400752589967,2024-01-30,2024-05-08,738914.0,739013.0,0.8852710525659739,0.19693081877972257,0.262212530911324,0.09746251597166758
2024-05-18,739023.2119399023,0.3768085350183147,11.585163904873477,0.2795752407582657,-0.025521686989116624,-0.007524381811246639,-0.005144155137176709,0.005491264842099469,2024-02-06,2024-05-08,738921.0,739013.0,4.247259655075348,0.11032072363797699,0.262212530911324,0.16344898657852358
2024-05-14,739019.4957192488,0.49241686377965344,12.707188715006145,0.28054746188528545,-0.01825779161900987,0.004315390947983256,0.004256207190100025,-0.0007122495271157968,2024-02-13,2024-05-08,738928.0,739013.0,5.349580410380931,0.163950044122163,0.262212530911324,0.11544164922724262
2024-05-08,739013.2965603456,0.8089995726204933,2.7078179748607605,0.21160884033445024,-0.0011749207138525234,0.0028232291556717216,0.0006208186512451463,0.0027541254633188053,2024-02-21,2024-05-08,738936.0,739013.0,2.397511404519708,0.12433438641816133,0.262212530911324,0.06184373994176093
2024-05-25,739030.6844820633,0.8283306351545994,13.167875229553209,0.3132356925085231,-0.005791648635703736,-0.000737930057684067,-0.00042815977265150577,0.0006010157894070848,2024-02-28,2024-05-08,738943.0,739013.0,3.355387930157229,0.4937135274654998,0.262212530911324,0.05213075351148945
2024-06-03,739039.9392650551,0.48455452569124924,3.4579145347974087,0.773293181660678,-0.09189479022858514,-0.013154672593426332,-0.006466553438015681,0.01145552694874965,2024-03-06,2024-05-08,738950.0,739013.0,0.6634672853675968,0.9789020688993527,0.262212530911324,0.029568018032153462
2024-06-04,739040.4440104414,0.5345451301218037,14.09488720091166,0.4049176940809591,-0.026514379122246523,0.002868347674112703,0.0010165172771321555,0.002682183999072319,2024-03-13,2024-05-08,738957.0,739013.0,2.494579969146531,0.35056813908726586,0.262212530911324,0.04026828522495697
2024-05-09,739014.7809129541,0.7153020806966749,8.530960530691551,0.2397032066936408,-0.004572046672547898,-0.0028073841295702174,-0.0010145876134204411,-0.0026176358848504005,2024-03-20,2024-05-08,738964.0,739013.0,4.5489797317708005,0.13655272473038937,0.262212530911324,0.025667585466196834
2024-07-18,739084.2060335866,0.2725235820822543,8.208753279315335,0.15562594162598592,0.006298592730310804,0.02535631441502804,0.012046765063666835,-0.022311838387156155,2023-11-16,2024-05-09,738839.0,739014.0,1.6339477928347335,0.008246777648870517,0.2994469140313673,0.47654163316374065
2024-06-03,739039.0247324209,0.3988653305084816,12.43532420658087,0.1393179675554523,0.00976996014405923,0.007371344029610394,0.007368940244452869,-0.00018823516290983255,2023-11-24,2024-05-09,738847.0,739014.0,4.033018185459337,0.042512367155263325,0.2994469140313673,0.7432351244038908
2024-05-28,739033.4124724051,0.8804146964146335,6.294669732388945,0.18776254894640762,-0.0000476207473118523,0.0016386466440116477,0.0014810470986090507,-0.000701186362982302,2023-12-01,2024-05-09,738854.0,739014.0,2.2278363197979414,0.004064669404731691,0.2994469140313673,0.37502247637629904
2024-05-13,739018.0087547611,0.23084794950794368,2.226147249182388,0.1784148737040515,0.013916814589782797,0.034556762197186175,0.025016072544519354,-0.023840426338474333,2023-12-08,2024-05-09,738861.0,739014.0,1.299517525462216,0.04176177322130258,0.2994469140313673,0.37246100294596124
2024-06-16,739052.1656982403,0.5525210737561009,13.255063206257924,0.043985369423797646,0.012751252998993594,0.0029591347557717694,0.002916608028185204,-0.0004998760973902091,2023-12-15,2024-05-09,738868.0,739014.0,3.320310650109604,0.17962019517419292,0.2994469140313673,0.4960803889838168
2024-07-01,739067.9461081685,0.6365832132903549,2.241984064175588,-0.14173558547853823,0.026732662813405743,0.013656972313365696,0.002021746752847422,0.013506495949556569,2023-12-22,2024-05-09,738875.0,739014.0,0.45474408639454456,0.5557896465403084,0.2994469140313673,0.17620435547258942
2024-06-04,739040.6454774456,0.030184099788602498,7.607601607021289,0.82016241048439,-0.5594433658831269,0.06290434107990506,0.05209319215481147,-0.035259827818906325,2024-01-02,2024-05-09,738886.0,739014.0,2.1291887996755703,0.03528628822047828,0.2994469140313673,0.12951640137234047
2024-06-13,739049.1859689213,0.12967486684896382,10.519184380747333,0.22154420283157059,-0.02300232525092406,0.032403741211831275,0.021280484126088756,0.02443651857124122,2024-01-09,2024-05-09,738893.0,739014.0,2.495198178785915,0.008750851785331693,0.2994469140313673,0.18049924141358006
2024-06-23,739059.4241136588,0.7227432999625422,11.233596609526172,0.2436661762041239,-0.0026050021804636045,0.0026439531545268268,0.0011783131104705603,-0.0023668685001549095,2024-01-17,2024-05-09,738901.0,739014.0,2.233481012877808,0.06338982966791616,0.2994469140313673,0.09121263487878553
2024-06-08,739044.1748603785,0.6472050573776832,11.276689696759293,0.24376426579596655,-0.004187310791287547,-0.0032766357753930427,-0.002984854645030881,-0.0013516599988988133,2024-01-24,2024-05-09,738908.0,739014.0,2.7045500959361872,0.07334445737966973,0.2994469140313673,0.1610561660988476
2024-05-15,739020.5290889598,0.4553718243603305,6.493561617445341,0.28725211803756723,-0.020289371361216203,-0.011544578524115503,-0.00017475396921524033,-0.011543255795039476,2024-01-31,2024-05-09,738915.0,739014.0,2.8758914229037402,0.12324624571826427,0.2994469140313673,0.049182737185840694
2024-05-14,739019.6509214949,0.40847815670251963,9.57037325694302,0.28969990004462426,-0.02586590762726441,0.009327117867338438,0.004202650108272502,-0.0083266355617777,2024-02-07,2024-05-09,738922.0,739014.0,4.340401778555129,0.11836415956950753,0.2994469140313673,0.13344107622744586
2024-06-03,739039.9667831376,0.9099661509935206,13.670240085843913,0.28395703256869403,-0.0026399500034980762,0.0008262049813979775,0.0006572094610546232,0.0005006899195980722,2024-02-14,2024-05-09,738929.0,739014.0,3.1599945101720626,0.21269485697766338,0.2994469140313673,0.09770898215042206
2024-05-19,739024.0122757478,0.44835452788806995,4.846012379617151,0.29639091856836025,-0.021773659642729693,-0.008553794747079745,-0.00047962353376200404,-0.008540337571842858,2024-02-22,2024-05-09,738937.0,739014.0,1.6676618918120822,0.23551015905784772,0.2994469140313673,0.03874699240927876
2024-06-12,739048.5250963524,0.1362505790589397,3.5448237616252385,2.0493725778878873,-1.0763729681698353,-0.02897277794497836,-0.02886049228488365,0.0025483027534411802,2024-02-29,2024-05-09,738944.0,739014.0,0.6249609704105984,1.4279610222164472,0.2994469140313673,0.05550484008899201
2024-06-06,739042.7302606627,0.511670064392746,2.190229805887053,1.766302914366867,-0.22397155540445757,-0.05136683049965469,-0.04554757913491637,-0.023748038035357494,2024-03-07,2024-05-09,738951.0,739014.0,0.4046738508722717,1.0186158299066999,0.2994469140313673,0.029341363880439408
2024-06-01,739037.3419183564,0.19585344373969688,13.225558656739876,0.7268324812143315,-0.2528039819560049,-0.012402322613367656,-0.012395037057438425,0.00042504417509116457,2024-03-14,2024-05-09,738958.0,739014.0,2.575394311051684,0.301854790367464,0.2994469140313673,0.040443737885189075
2024-05-10,739015.340965363,0.4887346044941835,12.991480559976374,0.28242848912026397,-0.01851473642428789,-0.003295347377405524,-0.0021845869788170613,0.0024671631623701764,2024-03-21,2024-05-09,738965.0,739014.0,7.496149351136027,0.2113638805289903,0.2994469140313673,0.03767579151511808
2024-07-08,739074.0567428311,0.02591001731797494,14.051233720233883,-0.39861140042417453,0.5252498270066297,-0.015907827230413864,-0.0019996419221385334,-0.0157816475494773,2023-11-17,2024-05-10,738840.0,739015.0,3.0795622185732783,0.06088471788646867,0.24073931320458938,0.9337038572729187
2024-07-04,739070.8985396654,0.22833632118358965,7.146216191755329,0.15742685727994515,0.008485107989061422,0.029843529187146015,0.02023836903299552,-0.021932730181815584,2023-11-27,2024-05-10,738850.0,739015.0,1.5629145783995646,0.009084604878588975,0.24073931320458938,0.4653330797398798
2024-07-22,739088.9086287458,0.7305970538498007,9.227147233147683,0.14310564298599027,0.001286493580031688,-0.0020548017023371955,-0.0003199497940174252,-0.002029739432842561,2023-12-04,2024-05-10,738857.0,739015.0,1.679302824196181,0.049573339096067454,0.24073931320458938,0.4161091728305804
2024-05-16,739021.4651844818,0.07336924080532416,6.9099233230212835,-0.13263053200074298,0.25008635349425795,-0.02985140218735082,-0.004912743951317962,0.029444373985869708,2023-12-11,2024-05-10,738864.0,739015.0,3.511246987550965,0.08895411749267725,0.24073931320458938,0.6164235392123142
2024-05-26,739031.3264259899,0.5577091086256835,2.1483912633558555,0.08192417311779274,0.017209304874285864,0.013222122430454383,0.013055174718833383,-0.002094501044797692,2023-12-18,2024-05-10,738871.0,739015.0,0.7811074330013119,0.3378753543715769,0.24073931320458938,0.1837984470862296
2024-05-27,739032.8075561569,0.31172561154705064,3.86381208693734,0.16620325164531094,0.007992431274380374,0.0211465060853244,0.014727900728701409,0.015174441002626037,2023-12-26,2024-05-10,738879.0,739015.0,1.3258697477802917,0.030492762960992847,0.24073931320458938,0.23557878753431027
2024-06-09,739045.691715559,0.17873471928948195,8.39031153498335,0.30139153575984,-0.05473990926063758,-0.03202973386263399,-0.030948944215389653,-0.008250254739331482,2024-01-03,2024-05-10,738887.0,739015.0,2.193956565996446,0.03640672212368624,0.24073931320458938,0.12298769684299025
2024-05-16,739021.6937363512,0.3931234207653672,9.951319986430406,0.19881242498732554,-0.0029217031536899244,-0.004407597009115036,-0.0023960223155160536,0.003699457860053132,2024-01-10,2024-05-10,738894.0,739015.0,4.6697801084396335,0.02618680031357279,0.24073931320458938,0.28606413550349064
2024-05-29,739034.3738990286,0.43712643493793724,4.880916250213273,0.2631467547184911,-0.012839765636374418,0.009913786005835833,0.004371580052862928,-0.008897889683004468,2024-01-18,2024-05-10,738902.0,739015.0,1.492821640939125,0.1159907272923753,0.24073931320458938,0.13169198979208638
2024-06-05,739041.8180600008,0.935249869234088,14.153182168740052,0.2075845646541959,-0.0005354749445327585,-0.0004986400239980057,-0.00007310981888380955,-0.0004932512827307272,2024-01-25,2024-05-10,738909.0,739015.0,3.6038635325849047,0.07096195622360692,0.24073931320458938,0.2340371226217441
2024-06-26,739062.6473831972,0.5696378510211842,10.33811269464711,0.3533215520354307,-0.013567961906615493,0.005318463106758895,0.0028765933394083202,0.004473394748692223,2024-02-01,2024-05-10,738916.0,739015.0,1.8497209963252939,0.14056786283213465,0.24073931320458938,0.05904492251750634
2024-06-13,739049.545047182,0.7273530759197645,7.04046387411284,0.2702390985438838,-0.003806208898595229,-0.0025254746963946557,-0.0024753976008046645,-0.0005004289760397469,2024-02-08,2024-05-10,738923.0,739015.0,1.4548154020260973,0.15570178954694028,0.24073931320458938,0.09899695466402333
2024-06-14,739050.5168367889,0.27721210011664127,14.174359796405648,0.6488771838496049,-0.1470804319461973,-0.009887056377558403,-0.005581052298187625,-0.00816123391760786,2024-02-15,2024-05-10,738930.0,739015.0,2.756243120143528,0.2909354325873253,0.24073931320458938,0.08394538861772236
2024-05-21,739026.7846896901,0.6165298812950194,2.433866830654792,0.2952585455151009,-0.011508708287991646,0.0013508975645448336,0.0005710990492702964,0.001224242666229096,2024-02-23,2024-05-10,738938.0,739015.0,0.7822437375688175,2.158049895743455,0.24073931320458938,0.07770726593979868
2024-05-22,739027.0246999421,0.49781380323292945,5.2855383016198285,0.3239277415095792,-0.022724379769725963,0.006374054522904938,0.004544876567802336,0.0044690791047380385,2024-03-01,2024-05-10,738945.0,739015.0,1.61518995020824,0.3357793427389236,0.24073931320458938,0.02379180652366063
2024-05-29,739034.8838066603,0.44205995364044004,14.720588204345384,0.4647927116401946,-0.05211315978702025,-0.0021005958293161334,-0.002025881374271884,0.0005552544421421553,2024-03-08,2024-05-10,738952.0,739015.0,3.3445043809757884,0.7450079681148444,0.24073931320458938,0.05584698142742815
2024-05-13,739018.1191227265,0.8178636016593537,14.909900001309499,0.2696084622849274,-0.005167042035562642,0.00041341180614161817,0.0003572041035083736,-0.00020812147869466517,2024-03-15,2024-05-10,738959.0,739015.0,6.981326065072331,0.6855912555767358,0.24073931320458938,0.047881043875361365
2024-06-03,739039.4688218378,0.8650627576826393,10.322764169030004,0.28524665149426054,-0.003029132689880321,-0.0012780583430619006,-0.0011622806497296973,-0.0005315419264122477,2024-03-22,2024-05-10,738966.0,739015.0,1.8063259530055336,0.1986182850935736,0.24073931320458938,0.01719174748163596
2024-08-02,739099.1918796998,0.35141789196206547,4.258997277742043,1.3551090850089176,-0.20057857012850008,-0.03328029841997746,-0.016670325105029225,-0.02880414074079257,2023-11-20,2024-05-13,738843.0,739018.0,0.7789142482361703,0.49729469447920627,0.20924064614521823,0.6187004686522809
2024-05-16,739021.1774730887,0.15949866056514653,12.957293624285137,0.12447362902758324,0.04080433146563997,0.025511551449730437,0.010222641806189548,0.023373849744417134,2023-11-28,2024-05-13,738851.0,739018.0,8.209183176492523,0.019688477618719204,0.20924064614521823,0.698456671172471
2024-06-25,739061.8189628175,0.9095312457310334,9.798840814776998,0.13565186182428376,0.0008508226912829774,0.0006703557224278254,0.000647815903387014,-0.00017236980568126984,2023-12-05,2024-05-13,738858.0,739018.0,2.3972617842522173,0.11780851012378092,0.20924064614521823,0.5297609066352519
2024-07-20,739086.3150770626,0.05611584032002971,2.577472524759574,-4.556409877610531,3.733130846328529,-0.17019250174886685,-0.16044117169133945,-0.05678131803549637,2023-12-12,2024-05-13,738865.0,739018.0,0.4821929762543557,0.477555901383186,0.20924064614521823,0.26814524553525887
2024-07-06,739072.4198682844,0.9770317418940673,7.384265082904268,0.16285231958594082,0.00026274540172726603,0.0006858596090457492,0.0004842023830438265,0.0004857483459313758,2023-12-19,2024-05-13,738872.0,739018.0,1.5321459720997777,0.05068754898387885,0.20924064614521823,0.2743368635738349
2024-06-06,739042.8017215999,0.22814740825458074,8.808925816531236,0.10880187083207525,0.030307952149115705,0.018680664595248798,0.011021997616370448,-0.015082532886253094,2023-12-27,2024-05-13,738880.0,739018.0,2.638001239430319,0.042020078261127206,0.20924064614521823,0.37489397005089814
2024-05-29,739034.2733116836,0.9397123819277042,5.782373483830645,0.23225960031103696,-0.0010262901658887231,-0.001266165180982899,-0.0012459923459198718,0.00022511627982567547,2024-01-04,2024-05-13,738888.0,739018.0,2.0209185119628357,0.13172512244365298,0.20924064614521823,0.08522140438839254
2024-05-16,739021.7199475967,0.6895367541089817,11.093691290330217,0.18960430972995715,-0.0003357518872619633,0.0010636072233414606,0.0002595050324460192,0.00103146374811688,2024-01-11,2024-05-13,738895.0,739018.0,6.229569161972872,0.01962088210112523,0.20924064614521823,0.28595421592193065
2024-07-01,739067.3631852043,0.3591382117711633,6.203636260544505,0.19342778373972355,-0.0020406677275073247,0.012973624596141695,0.01034495021864917,0.00782923624214286,2024-01-19,2024-05-13,738903.0,739018.0,1.1876444851222552,0.009105970925931064,0.20924064614521823,0.1126929943942862
2024-05-28,739033.4564848271,0.3077880634152779,8.51469834887072,0.36137519420889164,-0.05350929850104923,-0.019565653858046324,-0.01167207591913167,0.0157027849323268,2024-01-26,2024-05-13,738910.0,739018.0,2.8158252687063903,0.09885926967274622,0.20924064614521823,0.0743099639561929
2024-05-23,739028.3320279738,0.8820186456594274,6.318138895795815,0.2443553115881725,-0.001996265830859625,-0.0019370620667851172,-0.00003409726409373325,-0.0019367619438534877,2024-02-02,2024-05-13,738917.0,739018.0,2.3904932273692836,0.14386774411078368,0.20924064614521823,0.030354781345285395
2024-05-17,739022.8450670313,0.1276334633309351,14.945341632969065,0.5230441810352289,-0.21832257585672452,-0.009718550510130052,-0.0008395331402586179,-0.009682221239176307,2024-02-09,2024-05-13,738924.0,739018.0,7.17296385467967,0.19184737336320734,0.20924064614521823,0.16842502935593706
2024-05-16,739021.6939576548,0.5976901057482363,4.38645124787789,0.24492196639098815,-0.006515683934431159,-0.0056696731724311875,-0.004296792842855771,0.0036990221880612373,2024-02-16,2024-05-13,738931.0,739018.0,2.234554412853711,0.15659025959857262,0.20924064614521823,0.050727584452575906
2024-05-30,739035.9256604812,0.04642251638842843,3.9672810878042784,2.312076421152293,-1.7851014164567893,-0.015304183219985404,-0.013177950890371527,0.0077820070908371135,2024-02-26,2024-05-13,738941.0,739018.0,1.0524765908780866,1.3648610634551754,0.20924064614521823,0.0737592598836679
2024-05-18,739023.6602360338,0.12481645129971146,3.1941169076320217,0.8345058732511349,-0.42978353750798576,0.02335446558627395,0.01305475028072887,-0.019365034415881208,2024-03-04,2024-05-13,738948.0,739018.0,1.3180679630179564,0.7191191688465846,0.20924064614521823,0.05336087986815423
2024-05-16,739021.4314515735,0.9157840263572932,14.508244534653757,0.27481329603987,-0.003691333229387161,0.00035222464180435976,0.00032728659728623966,-0.0001301755796261507,2024-03-11,2024-05-13,738955.0,739018.0,6.842173675067375,0.6615180720051614,0.20924064614521823,0.054956212682095
2024-06-02,739038.7308482629,0.21584888203601987,3.916113054590067,1.1579283218563263,-0.4301957238074564,-0.028526177736328415,-0.02719883200302511,-0.00860036940577647,2024-03-18,2024-05-13,738962.0,739018.0,0.8156599565760863,0.831222112452881,0.20924064614521823,0.03537577992909547
2024-06-03,739039.6863578263,0.6717498586772036,5.232616545095343,0.4238273042277618,-0.01788064793724907,-0.0034997052525784335,-0.002771710890547768,0.0021367160771014896,2024-03-25,2024-05-13,738969.0,739018.0,0.9840070387816766,0.655904267434068,0.20924064614521823,0.026056001179799726
2024-07-21,739087.512600052,0.4360627052870564,9.320574166485052,0.18052120925878584,0.0012624716496613105,0.009645356120168442,0.0016973693245032747,-0.009494831860602168,2023-11-21,2024-05-14,738844.0,739019.0,1.8811948114874832,0.0061236399180534746,0.22825865198098017,0.5291034989828516
2024-06-09,739045.2467268811,0.4745616566005232,8.971935013149315,0.12228929195683853,0.009092772118643126,0.005687440635501286,0.0047099408462699,0.0031880147752150804,2023-11-29,2024-05-14,738852.0,739019.0,2.8507528544337513,0.08456408549631136,0.22825865198098017,0.6409403703646215
2024-07-10,739076.2959785556,0.2179092412868165,12.573702732649192,-0.16495924759188488,0.13014764773100396,-0.007487098043105684,-0.0020308507894107575,0.007206405635143407,2023-12-06,2024-05-14,738859.0,739019.0,2.667615453169874,0.3012556931225314,0.22825865198098017,0.6495708821561542
2024-06-16,739052.0525156144,0.42752582546212825,10.18840836564633,0.033186133013691534,0.02474784038183412,0.0017797171024299756,0.0013853714620807112,0.0011172013590817463,2023-12-13,2024-05-14,738866.0,739019.0,2.8019020324157746,0.5835019917218235,0.22825865198098017,0.6079432253048452
2024-06-19,739055.8768859733,0.23408625650628095,13.195955262801105,-0.07802177286149667,0.097272116914097,0.011389486685991844,0.01135140912060395,-0.0009305471224258013,2023-12-20,2024-05-14,738873.0,739019.0,3.362901910720419,0.15150232515481707,0.22825865198098017,0.5363465288253938
2024-06-05,739041.7775682426,0.2831381025925897,10.090169188596036,0.11473594477098903,0.023528491880356314,-0.005482546164458059,-0.0007891336943666161,-0.005425456704999965,2023-12-28,2024-05-14,738881.0,739019.0,3.138323670836408,0.12042361566819149,0.22825865198098017,0.4215278395978641
2024-06-25,739061.5147159761,0.8531122951837564,11.501938189505184,0.18796784055147206,-0.00011129317556062776,0.0010412783635425317,0.000784931036282256,0.0006842104198729195,2024-01-05,2024-05-14,738889.0,739019.0,2.5639838699396167,0.007927511154244794,0.22825865198098017,0.19735451059883916
2024-06-17,739053.818233365,0.24564776469732147,5.5462038308455055,0.27176008495899684,-0.030105143620873784,-0.02102659038209548,-0.020751919409821618,0.0033875276979973114,2024-01-12,2024-05-14,738896.0,739019.0,1.334035637032001,0.06341453893452284,0.22825865198098017,0.13095734382019306
2024-07-04,739070.3586280949,0.3326291704529712,5.473468523067957,0.07054538437191034,0.026311601356717087,-0.01683897254320266,-0.013410900001831939,-0.010183258685293087,2024-01-22,2024-05-14,738906.0,739019.0,1.0133134666126866,0.0949575278651558,0.22825865198098017,0.1089988725834387
2024-05-19,739024.0615225685,0.29434771096862994,8.997023756342298,0.30453760829182575,-0.04174793574498138,-0.01674261618855564,-0.016186833946254888,-0.004278037357674183,2024-01-29,2024-05-14,738913.0,739019.0,4.4223685023377035,0.08157808015241726,0.22825865198098017,0.13807743830852992
2024-05-31,739036.873420421,0.34842817916504903,12.632666021286076,0.34432456940299894,-0.04068353292886713,-0.009274331679891881,-0.006733021068635618,0.0063780604730556655,2024-02-05,2024-05-14,738920.0,739019.0,3.775366388004319,0.12099134175290277,0.22825865198098017,0.1630004366927991
2024-06-12,739048.9665509005,0.7029253828773959,9.627859360846735,0.2988153972914975,-0.00618389988685818,-0.0031145926233970816,-0.0025257474654539476,0.0018224398345274594,2024-02-12,2024-05-14,738927.0,739019.0,2.1508659983801226,0.14495749914118153,0.22825865198098017,0.03008772372417016
2024-05-28,739033.37953665,0.8002826690049507,14.867620385315385,0.2974248831932625,-0.005328118222546864,-0.000844562877829668,-0.00005925132353349688,-0.0008424818901718062,2024-02-20,2024-05-14,738935.0,739019.0,4.550372055577229,0.33958133576560734,0.22825865198098017,0.0823487535150511
2024-06-15,739051.9712529144,0.8562517392035729,13.233228749793424,0.3547204425128929,-0.004829066957678424,0.0009813005304822348,0.0009444918590443622,-0.00026624398457737996,2024-02-27,2024-05-14,738942.0,739019.0,2.5370127996037786,0.3184174356007173,0.22825865198098017,0.03349331000895051
2024-05-18,739023.0783654763,0.05798068470647613,4.993556070935336,1.0845643879639888,-0.7421235068118944,0.04193636040212108,0.029743645281353794,-0.0295630493886133,2024-03-05,2024-05-14,738949.0,739019.0,2.3043172801156637,0.20547493943113393,0.22825865198098017,0.023099415095514355
2024-05-19,739024.1155411006,0.2849952243217096,11.752931645678903,0.41656127742126,-0.08661958373483558,0.005644752545415819,0.003828797127274085,0.004147715498579439,2024-03-12,2024-05-14,738956.0,739019.0,4.8426752286277,0.3721024731081564,0.22825865198098017,0.0653768729694523
2024-05-31,739036.7473545949,0.4168553921289363,2.1405636046995076,1.0383509488359772,-0.1935336702909598,-0.03835664280048979,-0.035487860401392436,0.01455485523994135,2024-03-19,2024-05-14,738963.0,739019.0,0.48526936256652387,0.9825920168688504,0.22825865198098017,0.03858279036927819
2024-05-31,739036.6351886,0.8818583875204238,14.967806133518904,0.2579721314192284,-0.001851887588948391,-0.0008414812770981977,-0.0008066942966388265,0.00023944738770177213,2024-03-26,2024-05-14,738970.0,739019.0,3.166745941863118,0.1296614470763848,0.22825865198098017,0.023642811320432354
2024-06-26,739062.0828480659,0.3178226963386362,5.9317947850525705,0.2560948888109577,-0.017321062496208225,0.020639365777068687,0.009850787720732236,-0.01813685201353049,2023-11-22,2024-05-15,738845.0,739020.0,1.5488852110702769,0.044965245695526845,0.1931112642153347,0.49707766634952055
2024-05-25,739030.134315318,0.8199540738982669,13.574380071563068,0.16212435647629958,0.0010724211302788663,0.0012621249613742691,0.00040319841578301155,-0.001195989320869576,2023-11-30,2024-05-15,738853.0,739020.0,6.180948433319219,0.05132542208119429,0.1931112642153347,0.6001014655267342
2024-07-30,739096.269400822,0.028384026024289362,7.8301151040677635,-1.8934114960217925,1.8112289824322714,-0.07082617687973881,-0.04041870824452061,-0.05816077161837152,2023-12-07,2024-05-15,738860.0,739020.0,1.4090811381106567,0.09270121136446613,0.1931112642153347,0.31481475090358935
2024-06-07,739043.7297470203,0.8793997465146264,7.461770511139936,0.15649580907424915,0.0007509005574213271,0.0011338863579262945,0.0010936138369076309,-0.00029951134939351875,2023-12-14,2024-05-15,738867.0,739020.0,2.3845280450067485,0.0780472031434901,0.1931112642153347,0.3899866938299038
2024-07-19,739085.9359112156,0.9851826374075647,2.2767791566624718,-0.042018506148273134,0.004043334197258604,-0.0026539908438891714,-0.0008966733909733113,0.002497927987226208,2023-12-21,2024-05-15,738874.0,739020.0,0.42309255519626726,0.6592286312648996,0.1931112642153347,0.18484929404243056
2024-06-17,739053.573249273,0.0685443802952297,12.536334924159295,-0.11671053985676538,0.22968735291001877,-0.010816039677599401,-0.009240973860645985,-0.005620597513989256,2023-12-29,2024-05-15,738882.0,739020.0,3.2547633175366246,0.1161101213329141,0.1931112642153347,0.37758371022689224
2024-06-07,739043.4656902916,0.3458063547927513,8.143548527392813,0.26122111864006164,-0.01850770651845088,-0.015964214714078894,-0.006586498378154531,0.014542152198068236,2024-01-08,2024-05-15,738892.0,739020.0,2.4169667955867298,0.04922937533722223,0.1931112642153347,0.09986813679790298
2024-06-08,739044.712996139,0.2132036771375772,12.525051410811402,0.254501783640438,-0.02803636497846689,-0.009207557030352392,-0.008048156546833654,-0.004472838323128882,2024-01-16,2024-05-15,738900.0,739020.0,3.5232235088363657,0.05183134289259314,0.1931112642153347,0.2706172109098636
2024-07-04,739070.8537656812,0.6121354909746058,9.042313792881457,0.30070455284505326,-0.007169006147755041,-0.003691390805465588,-0.0008388187682269795,0.0035948225481581227,2024-01-23,2024-05-15,738907.0,739020.0,1.6838099022689523,0.13147310284902103,0.1931112642153347,0.11814793329514785
2024-07-05,739071.9594644002,0.30008735694152217,2.586813768321181,-2.4006030051840805,0.693599210221092,-0.11153518109909256,-0.10359039222481776,-0.04134159239211514,2024-01-30,2024-05-15,738914.0,739020.0,0.45776342486263644,0.7214051656843796,0.1931112642153347,0.10379098788415925
2024-06-27,739063.0495025073,0.7162475897196224,7.914637683454841,0.2828486728240445,-0.004091583374897072,-0.0022945293185009153,-0.0010343591677393496,0.00204816159166552,2024-02-06,2024-05-15,738921.0,739020.0,1.5038060040650296,0.16137264930527637,0.1931112642153347,0.1091512126160199
2024-06-12,739048.9465782196,0.5260625599080572,10.367983657840709,0.3551033587480832,-0.019643751332136382,0.006403982119482199,0.005592772018126372,-0.0031195974323477036,2024-02-13,2024-05-15,738928.0,739020.0,2.359495611387694,0.1556386328131972,0.1931112642153347,0.02589054476617313
2024-06-15,739051.0756662351,0.5661111036909284,2.0212257688374473,-0.40201880579449784,0.06221196169291203,0.02650985406430383,0.0253255720032156,0.007835034474756853,2024-02-21,2024-05-15,738936.0,739020.0,0.42114270153095246,0.6572845223373055,0.1931112642153347,0.07886469711712675
2024-05-17,739022.3739588578,0.06175170076431871,6.120541644632701,0.9383539940776784,-0.6140110956299396,-0.036330747885664226,-0.035889723937668414,-0.0056436652637843875,2024-02-28,2024-05-15,738943.0,739020.0,3.4187631789974673,0.17051435527852327,0.1931112642153347,0.05617648417390808
2024-06-11,739047.3904492789,0.022152686697925143,13.31426037515909,6.1712041743781265,-5.479826494010905,0.019744219719518338,0.00851060926163351,-0.017815828421053424,2024-03-06,2024-05-15,738950.0,739020.0,2.688061546716236,0.4617811404890534,0.1931112642153347,0.06708414490471339
2024-06-14,739050.8818361507,0.6571106490132811,6.714559099733324,0.4156946963653548,-0.015803740663223938,-0.0023715155759704877,-0.002371488196243197,0.000011395707517409531,2024-03-13,2024-05-15,738957.0,739020.0,1.188204395509773,0.6521611406290557,0.1931112642153347,0.039533824184433956
2024-05-19,739024.1012568278,0.10083929004983297,2.3952282682203054,0.52747386920921,-0.2372407260376394,0.010431429919047478,0.007708624085598493,0.007027933185718946,2024-03-20,2024-05-15,738964.0,739020.0,1.0234551934696319,0.9574768241758134,0.1931112642153347,0.05427089964827587
2024-05-28,739033.657369824,0.08207691684095077,8.38674261372958,0.7562475203983107,-0.4110017438755007,0.02613753035960497,0.014099644361654605,0.022008419347470935,2024-03-27,2024-05-15,738971.0,739020.0,2.033424132858952,0.15388873638021675,0.1931112642153347,0.013693221408775066
2024-08-07,739104.7731663501,0.8484792369746075,9.977904552689001,0.1797989602341635,0.00011400993574946857,-0.0011868614081674493,-0.0011702636702539662,0.00019779520793218605,2023-11-24,2024-05-16,738847.0,739021.0,1.7848968980952933,0.008168542374819484,0.16841865162496325,0.4457560106096906
2024-06-05,739041.6109834937,0.619026750336609,8.301358328856857,0.14646625860648746,0.0032868537623278573,-0.0032793053717460534,-0.003131787060851157,-0.0009724985998179085,2023-12-01,2024-05-16,738854.0,739021.0,2.917936481397166,0.07474097824316997,0.16841865162496325,0.5684118078458414
2024-07-28,739094.6370921329,0.15673813857965938,7.575130803606965,-0.1710035790489082,0.16734273576139122,-0.03765408108696832,-0.03501442946916806,0.013849893553837917,2023-12-08,2024-05-16,738861.0,739021.0,1.3920325879919897,0.091955849225347,0.16841865162496325,0.28899370712975514
2024-06-22,739058.9013937381,0.4907174533591633,14.357566271826926,0.057439055449119626,0.015496890398902457,0.0039263068112875155,0.0037182830680528725,-0.001261053607977889,2023-12-15,2024-05-16,738868.0,739021.0,3.6944430294895225,0.134899706047911,0.16841865162496325,0.5213758877660063
2024-05-21,739026.9295842946,0.9312004670277985,14.872804617244253,0.1511500134698993,0.000920875908375668,0.000530033964100785,0.00021961460899960926,-0.0004823955084931255,2023-12-22,2024-05-16,738875.0,739021.0,7.677537709904263,0.10877966674863199,0.16841865162496325,0.4587404632808717
2024-06-27,739063.6961484972,0.19659578616432777,14.338018111832055,0.07928306232871778,0.04625546338327344,0.006279048671473134,0.004448886881213793,0.004431010915907603,2024-01-02,2024-05-16,738886.0,739021.0,3.254007364626631,0.1010076499363397,0.16841865162496325,0.33404661622570747
2024-07-08,739074.8933697713,0.5984139285458917,5.871384697006066,0.18321357674356675,0.00025374780573131107,0.004029543885230238,0.0035651608805329755,-0.001877991432066117,2024-01-09,2024-05-16,738893.0,739021.0,1.136689330112018,0.006418116002470407,0.16841865162496325,0.11543067560979565
2024-05-28,739033.4627137554,0.1530282440138129,4.787992296926486,0.350847470312491,-0.08872516308753928,0.029201982711111584,5.5720935063678574e-6,-0.029201982179490164,2024-01-17,2024-05-16,738901.0,739021.0,1.8011098040779387,0.09710746535542505,0.16841865162496325,0.1647968950714276
2024-07-02,739068.1810949715,0.7233820641412246,8.581805383161537,0.2796815156467517,-0.0036639086907032264,0.002230539860770024,0.0017667739584165312,-0.001361549797232969,2024-01-24,2024-05-16,738908.0,739021.0,1.6694782866887257,0.13845980903361843,0.16841865162496325,0.1117023039387923
2024-07-06,739072.8167827056,0.2824822956396243,12.578611833990353,0.429030670358142,-0.07022445330797375,0.01716986794486278,0.01686853280823852,0.0032026498624431604,2024-01-31,2024-05-16,738915.0,739021.0,2.2296111465593667,0.09185016283099802,0.16841865162496325,0.08037574644808593
2024-06-26,739062.5144013711,0.09711580606919859,14.744475703397567,1.1564531918095102,-0.6389582418950108,-0.031924482500750424,-0.025655970047172603,0.01899852057080504,2024-02-07,2024-05-16,738922.0,739021.0,2.8612065473829156,0.1318284650770608,0.16841865162496325,0.1288961776584878
2024-06-11,739047.5373551346,0.15469192773968102,12.422847920739226,0.8078910878164487,-0.33464725872559914,-0.021151611608652414,-0.00631771997072743,0.02018606172621969,2024-02-14,2024-05-16,738929.0,739021.0,2.959161988679138,0.19701091655445763,0.16841865162496325,0.09335085607769478
2024-06-02,739038.015589562,0.272754979560274,12.904754415860864,0.5325341498725882,-0.1233660337297417,-0.009611645635634249,-0.008331789642126813,0.004792182507413011,2024-02-22,2024-05-16,738937.0,739021.0,3.658214168694954,0.27128188556886246,0.16841865162496325,0.07387905995326678
2024-06-10,739046.5671056549,0.6908408514710481,13.255570952533128,0.3583058916791874,-0.010909715133128158,0.0012126286466876387,0.0005475651400205904,-0.001081961483696035,2024-02-29,2024-05-16,738944.0,739021.0,2.930803388198527,0.46888372565441955,0.16841865162496325,0.06666669513762576
2024-06-19,739055.4546212623,0.14325884458600482,4.561083840725165,1.5192532028999024,-0.7453956479667686,0.026954491060700206,0.022934279913100816,0.014162040573621719,2024-03-07,2024-05-16,738951.0,739021.0,0.805123773858154,0.8685785606974344,0.16841865162496325,0.05138406717888161
2024-06-05,739041.8255640614,0.4001021447020029,14.378427955171743,0.3980495538544021,-0.043717380079818936,-0.005827997380962015,-0.005460469803957602,0.0020368659731478016,2024-03-14,2024-05-16,738958.0,739021.0,3.1867239137845456,0.20873450828101,0.16841865162496325,0.053751857305389256
2024-06-08,739044.4127314164,0.23536264506878785,7.4489434929896605,0.521243197456587,-0.13212974680283499,0.01063643642538074,0.008853475265710503,-0.005894892327313413,2024-03-21,2024-05-16,738965.0,739021.0,1.4479886932397845,0.3925069133254607,0.16841865162496325,0.04485545169633043
2024-05-27,739032.0215226018,0.8584279424205934,11.206096766109829,0.2377510635351224,-0.0014099503834915158,0.0007263089535425248,0.0006192953028174366,-0.0003794707154765662,2024-03-28,2024-05-16,738972.0,739021.0,3.0227804142950156,0.1487071702418601,0.16841865162496325,0.03021669981190974
2024-07-01,739067.1196054469,0.6357096157831216,8.093184522358966,0.19960852709541638,-0.0004045333151595482,-0.003979947086315492,-0.0029353741423257264,-0.002687667660711919,2023-11-27,2024-05-17,738850.0,739022.0,2.0237278781772647,0.007983922888987376,0.16340610980141893,0.48762774079314075
2024-07-17,739083.8364470258,0.4539809383799819,13.595722634548583,0.032147074574577536,0.018813585034510794,0.002126991106125393,0.00007662379584302314,0.002125610490999502,2023-12-04,2024-05-17,738857.0,739022.0,2.812403825328717,0.2953528792805443,0.16340610980141893,0.6841884910281874
2024-07-27,739093.972262855,0.4187185693510723,6.792676018408923,0.05965610691571756,0.017106542853292418,0.010122420244505903,0.004245321825722664,-0.009189158514381271,2023-12-11,2024-05-17,738864.0,739022.0,1.2558759956672572,0.10417396790051703,0.16340610980141893,0.2538619822242234
2024-05-20,739025.642008109,0.13365492459776965,10.241508805101912,-0.004186671028531276,0.1227213617463254,0.018166510238304293,0.0070495484304958144,0.016742937650379902,2023-12-18,2024-05-17,738871.0,739022.0,6.110131843965632,0.08815961405090934,0.16340610980141893,0.6164233769382577
2024-07-19,739085.430012525,0.7683522237760454,6.811107615829375,0.15403097991575826,0.0008745961185514387,0.001839149030156512,0.00014618348055191324,-0.0018333301789746905,2023-12-26,2024-05-17,738879.0,739022.0,1.2791716462130946,0.053645492097709385,0.16340610980141893,0.19164988878598152
2024-07-05,739071.2373159848,0.3359376463544728,11.831692203407151,0.17819722499674348,0.001067475407828564,-0.01145184175947932,-0.011309692152140326,-0.0017987615483909896,2024-01-03,2024-05-17,738887.0,739022.0,2.484851168092887,0.002646636833440732,0.16340610980141893,0.19565046301862388
2024-05-29,739034.6479967068,0.9757849199396103,2.9143646351483237,0.2047566042217341,0.000013493916757353171,-0.0012192472739832407,-0.001173985371150296,0.0003291234774984391,2024-01-10,2024-05-17,738894.0,739022.0,1.1172691632636467,0.0037055821638429702,0.16340610980141893,0.13076448178483432
2024-05-28,739033.4371565123,0.9555206268284198,9.078900957229664,0.21358174095396135,-0.0007244507551630449,0.0010572348439651829,0.0004361285072460232,-0.0009630874521358072,2024-01-18,2024-05-17,738902.0,739022.0,3.528083498508584,0.07211808559976332,0.16340610980141893,0.13700433437692308
2024-06-22,739058.3772797604,0.9512213908267984,4.624200386685963,0.16706258589365056,0.00047657015104753185,0.0011383643478777284,0.0008042889733674574,-0.0008056007918557475,2024-01-25,2024-05-17,738909.0,739022.0,1.039572301800109,0.08611732166263289,0.16340610980141893,0.10426814158307891
2024-06-21,739057.5241990613,0.49290484169468585,10.898864315009138,0.31212290871214465,-0.015998887587676675,-0.0076957663362245635,-0.0076954769105818735,0.00006674294321126051,2024-02-01,2024-05-17,738916.0,739022.0,2.3976735230390855,0.0940198929381042,0.16340610980141893,0.05211431145017254
2024-07-02,739068.7424101813,0.8836868745100255,6.033301074890369,0.17193357656354813,0.0003653185309974905,0.0014005022525811269,0.0013991856610898745,-0.00006071280989462498,2024-02-08,2024-05-17,738923.0,739022.0,1.0919625019420542,0.03820597588711492,0.16340610980141893,0.09590185241883102
2024-07-01,739067.2630068316,0.5698449162088753,3.185517675730357,-0.5113462722953045,0.059533518080477014,0.01857166198906192,0.017788639458923654,-0.0053358162671133655,2024-02-15,2024-05-17,738930.0,739022.0,0.562460133821441,0.5734392765084316,0.16340610980141893,0.0834405870377886
2024-06-06,739042.8160607701,0.4750933530310141,5.232521519245434,0.3341777628610722,-0.022762257160909308,0.004113355997489302,0.0012090557268723122,0.003931651283035981,2024-02-23,2024-05-17,738938.0,739022.0,1.3461767128731625,0.5024431837486222,0.16340610980141893,0.08459239298142537
2024-06-20,739056.9637555339,0.9653977293479792,3.9992922117823695,0.24093329836214286,-0.0010994682999362685,-0.000727059622352301,-0.000706858211837864,-0.00017019742304878792,2024-03-01,2024-05-17,738945.0,739022.0,0.7408072433318287,0.3650361045834582,0.16340610980141893,0.06214587166022645
2024-05-30,739035.6909815781,0.5871526099439747,3.4738592427311445,0.32385965463574545,-0.01627871245672702,0.004166839206374746,0.003682198856382839,0.0019503744650283532,2024-03-08,2024-05-17,738952.0,739022.0,1.000933958175846,0.6603164071841274,0.16340610980141893,0.06006295343395928
2024-05-28,739033.1598544135,0.9588587095310166,13.72113008284289,0.25223455585519144,-0.0017171337693024124,-0.0007096442156353392,-0.00040331921005790533,-0.0005838908524570007,2024-03-15,2024-05-17,738959.0,739022.0,4.135871796440052,0.16909400001940417,0.16340610980141893,0.05271474922308636
2024-05-26,739031.8850196267,0.8895422997477296,6.3581172610604355,0.2643045998422646,-0.0030385078845600465,0.0018577878141774738,0.0015934606061899638,-0.0009551224314332847,2024-03-22,2024-05-17,738966.0,739022.0,1.9195125749793618,0.22882439833668383,0.16340610980141893,0.023313780547785136
2024-05-29,739034.0222250634,0.17025415858002393,13.196306744326636,0.26432763830045775,-0.030974238814414277,0.0068680663980772595,0.0014243079004146318,0.006718756064422523,2024-04-01,2024-05-17,738976.0,739022.0,3.305950357617853,0.058185059664463426,0.16340610980141893,0.034450090161940214
2024-06-12,739048.1351534658,0.3692602997822561,12.165084185773711,0.12662617367982718,0.013582412514859669,0.0058166213786061014,0.00445330453169025,-0.0037418127973062243,2023-11-28,2024-05-20,738851.0,739025.0,4.1482358288410355,0.07087998556493834,0.153305013814915,0.7615043198281786
2024-06-29,739065.947920315,0.08181206379195373,2.8578221867362843,-1.007509011482833,0.8504498366205232,-0.06110951700927136,-0.033255119843940736,-0.05126860709314778,2023-12-05,2024-05-20,738858.0,739025.0,0.7391032815664133,0.39840244552704096,0.153305013814915,0.4985266313898559
2024-07-26,739092.6392421916,0.5349289860683965,6.157441313458177,0.0708602805055488,0.009279948965659944,-0.00573502018792068,-0.0023447119150129063,0.005233811478402164,2023-12-12,2024-05-20,738865.0,739025.0,1.1892868014062055,0.14057448046609197,0.153305013814915,0.23538843176676003
2024-06-02,739038.6503010131,0.825305742893631,2.5774555860102226,0.14022685538090535,0.0028648875994770626,-0.0032155254565636375,-0.0010502223107285442,0.0030391836173315986,2023-12-19,2024-05-20,738872.0,739025.0,1.0264132269233932,0.2852852461723208,0.153305013814915,0.1802134505164892
2024-07-13,739079.1392283475,0.52520966538094,3.0119050481642136,-0.4438460289853067,0.06084602897619845,0.017160905664776512,0.013422655705691804,-0.010692473850415433,2023-12-27,2024-05-20,738880.0,739025.0,0.6243395741934759,0.618277538651962,0.153305013814915,0.1834003630371312
2024-06-07,739043.3460701505,0.4291350080207402,4.941312080823123,0.24463434212953095,-0.009532731083860517,0.009976565043442222,0.009299111741930799,-0.0036136367937464405,2024-01-04,2024-05-20,738888.0,739025.0,1.6800122463762273,0.08298277707775145,0.153305013814915,0.13753460324094963
2024-06-27,739063.2157660003,0.1328826204140561,4.0617059451096775,-0.5439513514263026,0.41036899532518917,-0.05076216946271739,-0.04921818727626176,-0.012424487506551849,2024-01-11,2024-05-20,738895.0,739025.0,0.9580245002948699,0.26448075226427414,0.153305013814915,0.12716899726577252
2024-06-12,739048.8526571734,0.9237975086175003,2.8541326125076862,0.08450992590316325,0.002959159225881466,-0.0023855460334592554,-0.0021527682613943933,-0.0010278223049176103,2024-01-19,2024-05-20,738903.0,739025.0,0.8225098187323704,0.4014978013719775,0.153305013814915,0.1186834393918543
2024-07-08,739074.9697150377,0.851256094394397,7.849869457006712,0.2441846175937048,-0.0012570296834426913,-0.0011840488435424254,-0.0009734177319481637,0.000674113924365198,2024-01-26,2024-05-20,738910.0,739025.0,1.4921493196790683,0.11512607935649141,0.153305013814915,0.10507673531931631
2024-06-22,739058.4005416099,0.5350913823412741,5.888445726625935,0.22903828558757475,-0.00413036388372205,0.005988473390611217,0.0008284818589997444,-0.005930887906491484,2024-02-02,2024-05-20,738917.0,739025.0,1.3523668087211056,0.06267574004035413,0.153305013814915,0.11408802078843691
2024-05-25,739030.0261665655,0.35263395823957727,4.74314973527191,0.2380323941266743,-0.013888089245583827,-0.012633613257056184,-0.002649319861166369,-0.012352703679846574,2024-02-09,2024-05-20,738924.0,739025.0,2.3016984619298215,0.08172825336989999,0.153305013814915,0.1370854188456761
2024-07-03,739069.7935702539,0.9821291533395564,8.059310866527156,0.2702131929838958,-0.0011099604015881298,-0.0005016592001761378,-0.0004998282690452766,-0.00004282119317072939,2024-02-16,2024-05-20,738931.0,739025.0,1.4506115140275684,0.2696307370522615,0.153305013814915,0.08485099248178742
2024-06-18,739054.7938481822,0.20354100315392204,11.718890625339188,0.6656686916947158,-0.20802815342162873,0.02316048509033868,0.023078281137930184,-0.0019496177416242746,2024-02-26,2024-05-20,738941.0,739025.0,2.499421339227683,0.15600548658144353,0.153305013814915,0.030231221339751677
2024-06-19,739055.4217063688,0.01907682876381234,3.407568095212283,5.474474067199666,-4.919346729779397,0.057611561540165834,0.013661162048480648,0.055968425693255545,2024-03-04,2024-05-20,738948.0,739025.0,0.6842083705798527,0.4780347028569832,0.153305013814915,0.05959159587327574
2024-06-11,739047.568294433,0.5158218132181004,6.487459725294587,0.35862824158648626,-0.022573512289390946,0.003316032290011394,0.0004837853108343129,0.00328055207570603,2024-03-11,2024-05-20,738955.0,739025.0,1.4572871173615494,0.5412593552326983,0.153305013814915,0.07925879952785775
2024-06-09,739045.308776222,0.47745971004734067,3.572060436230598,0.30791307269723606,-0.019807683674084704,0.005998120388113297,0.002656745859611874,0.005377652799106278,2024-03-18,2024-05-20,738962.0,739025.0,0.8024538273442618,0.4414041838892049,0.153305013814915,0.05701241559431083
2024-06-08,739044.4856806786,0.09625061650734515,8.99566543438023,0.7121351745044956,-0.35765866150636405,0.03043586101575859,0.022670709205677122,-0.02030715587870936,2024-03-25,2024-05-20,738969.0,739025.0,1.9389047469876226,0.12573418752284687,0.153305013814915,0.024599036384030475
2024-05-22,739027.8246160174,0.34129510223718934,11.037982338956185,0.2074453776329681,-0.0007946721438522776,-0.007293965617442503,-0.004954322835777748,-0.005353187804226985,2024-04-02,2024-05-20,738977.0,739025.0,5.0770206212205515,0.0033687178596031025,0.153305013814915,0.0331833259576014
2024-05-22,739027.3252217565,0.1959798908239126,5.279141240690363,0.21392082395883102,-0.01168639747588745,0.03815179097761498,0.03119402319128201,0.02196570217273702,2023-11-29,2024-05-21,738852.0,739026.0,4.10443676198243,0.011371400437387786,0.11887820606482703,0.42932117855157403
2024-07-03,739069.298138824,0.6360325814921469,3.0894327751268547,0.15233029075550428,0.0036158262359905036,0.0038028328578432985,0.0007033107981428987,-0.003737230480704693,2023-12-06,2024-05-21,738859.0,739026.0,0.7770884586964385,0.19574962005918908,0.11887820606482703,0.4654298284511246
2024-07-26,739092.8388055747,0.21323223319471857,6.285849121562273,-0.26330828899023817,0.16305418789269766,-0.029995696290557088,-0.027585511033457227,0.011780550792656086,2023-12-13,2024-05-21,738866.0,739026.0,1.2224738834313587,0.18440042297234926,0.11887820606482703,0.21110451003084618
2024-08-05,739102.375737594,0.5460535608885352,13.084618718085352,0.031410564360033776,0.011116050565512637,0.001966167758894232,0.0017359534180259716,0.0009231908722247596,2023-12-20,2024-05-21,738873.0,739026.0,2.290097596393232,0.23594137985300748,0.11887820606482703,0.5192074218267876
2024-06-28,739064.6552067047,0.8527142505779728,9.012957083478241,0.178226120252476,0.00011111036220980021,-0.0010488137780411558,-0.0002500907454565469,0.0010185602387909867,2023-12-28,2024-05-21,738881.0,739026.0,2.2354266413840165,0.010022876919493481,0.11887820606482703,0.27041219976684905
2024-07-27,739093.034353501,0.0638753382971693,4.701587552148519,-3.188682048976963,2.49792059265002,0.0816301689108687,0.0008753017244040274,0.08162547594537026,2024-01-05,2024-05-21,738889.0,739026.0,0.8328988622587433,0.4157350287222118,0.11887820606482703,0.13922652375475428
2024-06-01,739037.7182914638,0.37095162635453166,4.6773108417654905,0.23414797230916728,-0.010928723166474334,-0.011984032633747041,-0.0037073304919334263,-0.011396172111296617,2024-01-12,2024-05-21,738896.0,739026.0,1.8556013341947843,0.07232484117836524,0.11887820606482703,0.16096528135281565
2024-07-09,739075.6293451949,0.1612379515663074,3.318845476114088,-2.608873833482124,1.3563858484069193,0.11117395899972404,0.08290457286372468,0.07407078343014666,2024-01-22,2024-05-21,738906.0,739026.0,0.6491885672682516,0.5927347896022274,0.11887820606482703,0.11219139383350868
2024-07-03,739069.0860407617,0.06492429201515339,3.447908494955321,-5.178669231625699,4.029927430350941,0.14575846896231923,0.07578081010635301,0.12451024091962973,2024-01-29,2024-05-21,738913.0,739026.0,0.7063577362563253,0.5206128924020652,0.11887820606482703,0.1081210930233087
2024-06-13,739049.0175697036,0.5788024703009583,7.311654089669536,0.235885073008904,-0.0048766124237965315,-0.004455688135819523,-0.00017475099256184998,-0.004452259971551692,2024-02-05,2024-05-21,738920.0,739026.0,2.0058346285748065,0.08663995017019993,0.11887820606482703,0.13426864936866592
2024-06-09,739045.8508738697,0.4461730564599514,4.219963785022111,0.18135809595634694,0.001620545273753272,-0.01052006713312873,-0.010355287171316119,0.0018546805884332549,2024-02-12,2024-05-21,738927.0,739026.0,1.2019600918950903,0.016286856649895917,0.11887820606482703,0.1136138422978365
2024-06-30,739066.2024376909,0.23472184223113196,10.15085502888119,0.5193575236196916,-0.12402567220499107,0.010706987046968791,0.008322223896177336,0.006736479870514898,2024-02-20,2024-05-21,738935.0,739026.0,1.9109052273407316,0.2678521840888452,0.11887820606482703,0.11232227349545121
2024-06-24,739060.6709524367,0.143949536645158,9.310133362019268,0.7655149452663863,-0.32095327909113497,-0.014209839570576034,-0.013359758739754026,0.004841114235077953,2024-02-27,2024-05-21,738942.0,739026.0,1.8232273437203739,0.3492263554074179,0.11887820606482703,0.10965948184207555
2024-05-30,739035.1930503618,0.8077937191160414,8.765801573986778,0.24646576685891838,-0.0029840483768104036,-0.00213032822149965,-0.002124389151685382,-0.0001589624594655134,2024-03-05,2024-05-21,738949.0,739026.0,3.122477773169621,0.12908273995520217,0.11887820606482703,0.054942582684175324
2024-06-09,739045.3949543049,0.03559619652445712,7.194127053285106,2.046556384369489,-1.6272096709715862,0.028476557956949044,0.0019644166807198174,-0.02840872084730302,2024-03-12,2024-05-21,738956.0,739026.0,1.7495895204762348,0.2827362641801976,0.11887820606482703,0.09581025367186352
2024-06-18,739054.2106374527,0.279429324694994,14.582482503127224,0.33130077022130916,-0.04466948090569461,0.010269097726333299,0.0043809028616113655,-0.00928773698110089,2024-03-19,2024-05-21,738963.0,739026.0,2.7234818033537462,0.08335259707056618,0.11887820606482703,0.06705786359798831
2024-05-26,739031.8243350309,0.1179179293151851,10.25402422640844,0.2022784600526238,-0.0003637817341103162,-0.009148999392198886,-0.0007836154610824176,0.009115379130217678,2024-03-26,2024-05-21,738970.0,739026.0,3.8551451747129524,0.0004572490324154691,0.11887820606482703,0.053909261233091615
2024-05-25,739030.8653847174,0.49945390832534764,11.372360969047419,0.1832848454726054,0.004289070095457693,0.0012702213813163608,0.0012415207017847129,0.00026849339767159614,2024-04-03,2024-05-21,738978.0,739026.0,4.317863773814936,0.1482956817248048,0.11887820606482703,0.04475794204494927
2024-07-25,739091.4124972136,0.9326468323443258,7.053999799587394,0.20303877523217506,-0.00024330445783412376,0.0008583086186317153,0.0008127645751914725,-0.0002758757512564461,2023-11-30,2024-05-22,738853.0,739027.0,1.4692439569593732,0.03747903232080345,0.1275966571047081,0.39564765498316773
2024-05-28,739033.6108743321,0.5221473149350216,6.249302198477008,0.16487155985030674,0.002718834732981614,0.0077706015190942114,0.006471241949260858,-0.004301775866159904,2023-12-07,2024-05-22,738860.0,739027.0,3.250476752354876,0.029234097653538495,0.1275966571047081,0.37187944049758487
2024-07-08,739074.7424580177,0.6852218201243886,12.815062136161092,0.05300303808238503,0.005813755595172518,0.000057386381231843446,0.000032283677535103945,0.00004744429276210047,2023-12-14,2024-05-22,738867.0,739027.0,2.999158278791189,5.416994557052024,0.1275966571047081,0.5870816537790077
2024-06-02,739038.203421752,0.9029953954732162,3.97563631922459,0.18872359326721241,0.00012360475580231508,-0.0015205628921632001,-0.000048751429360852686,0.0015197811708134105,2023-12-21,2024-05-22,738874.0,739027.0,1.6988410997838412,0.018463315014943825,0.1275966571047081,0.20625305190179094
2024-06-17,739053.1608504384,0.9325250906375666,14.510053102238887,0.1463622428490636,0.0006631740181845846,0.00012921367789651373,0.00012551448256964073,-0.00003069672980659909,2023-12-29,2024-05-22,738882.0,739027.0,4.337737599938751,0.32984548126541924,0.1275966571047081,0.36903750993992424
2024-06-02,739038.5077947206,0.5930281749749465,14.659442727324212,0.16434370883347735,0.0017655511465182253,-0.00033941546018210485,-0.0003346406011821558,0.000056732024916050355,2024-01-08,2024-05-22,738892.0,739027.0,5.935590383333273,0.21042946409829844,0.1275966571047081,0.32880661190155763
2024-06-06,739042.3804802329,0.4629273933910564,12.945577711781047,0.1849594903869196,-0.0004575995731028665,0.002728275269146932,0.001968721800736949,-0.0018888145529780916,2024-01-16,2024-05-22,738900.0,739027.0,4.5851165367202,0.0059977570350618365,0.1275966571047081,0.28552403978038593
2024-07-11,739077.8974357398,0.2660410242208103,5.421007598670775,-0.1700765371362788,0.10602173192683863,-0.026153670254730296,-0.015720907076720136,-0.020901376712510952,2024-01-23,2024-05-22,738907.0,739027.0,1.0450433625236486,0.1989439999830025,0.1275966571047081,0.10796666928985642
2024-06-22,739058.4656088791,0.720275358162452,14.183350819577635,0.22612895113036022,-0.002200639662863289,0.0016794310351106807,0.0016588196703586607,-0.0002623087930743401,2024-01-30,2024-05-22,738914.0,739027.0,3.4405322725267404,0.06654362775654084,0.1275966571047081,0.19750175335782622
2024-06-29,739065.4423987243,0.3694036980106222,9.819768619517252,0.2743697216525812,-0.01921634107570654,0.009231265159541332,0.004580681112576775,-0.008014587761740716,2024-02-06,2024-05-22,738921.0,739027.0,2.0687949993712063,0.07830859944929526,0.1275966571047081,0.15319511020059218
2024-05-31,739036.6781472454,0.6516042681565256,10.764082952527739,0.2518736546809004,-0.006290787187449693,0.0027607005575977376,0.0026709521224019587,-0.0006981993472905358,2024-02-13,2024-05-22,738928.0,739027.0,4.1433049262022745,0.1379407474773503,0.1275966571047081,0.129512384409234
2024-06-01,739037.5219604686,0.6837415186315675,13.107971277165367,0.27422758245523843,-0.007276535190649682,-0.0017753356333816465,-0.0016550743174628354,-0.00064229713904823,2024-02-21,2024-05-22,738936.0,739027.0,4.7290166733733505,0.21379652162359897,0.1275966571047081,0.11409373186780626
2024-07-02,739068.3815080171,0.07117516092488653,13.139694649489469,1.4530117944548804,-0.9365728664963627,-0.04177666044379291,-0.022704851873306897,0.035068205817337786,2024-02-28,2024-05-22,738943.0,739027.0,2.3182042364185476,0.12143700181218409,0.1275966571047081,0.0469869059120292
2024-06-09,739045.7501970348,0.43893255708820533,10.123060323521598,0.30143552240649313,-0.021324776227598232,-0.00869994616749767,-0.005146152515694409,-0.007014711512426544,2024-03-06,2024-05-22,738950.0,739027.0,2.627017671598571,0.10628057307617511,0.1275966571047081,0.0681931075958891
2024-05-31,739036.2594111548,0.5777774414045257,13.650840806995959,0.2510781849820164,-0.007863903807107922,0.003230361802079619,0.000046858905914752066,-0.0032300219217942477,2024-03-13,2024-05-22,738957.0,739027.0,4.664755802062615,0.10303581378630944,0.1275966571047081,0.09731498749214076
2024-06-13,739049.2706794463,0.8858532791421518,3.194500099888641,0.14554865359474511,0.0011043526641564836,0.0018408321961201695,0.00127405761452545,-0.0013286987503352014,2024-03-20,2024-05-22,738964.0,739027.0,0.6825848343126725,0.1663613641022959,0.1275966571047081,0.057368822134250506
2024-05-29,739034.2836906555,0.9963681198122953,8.915251301827881,0.19803981851208918,0.00004572142570891721,-0.0007186305582700035,-0.0007085825193727242,0.00011975263053002148,2024-03-27,2024-05-22,738971.0,739027.0,3.067661193468885,0.007110502890606243,0.1275966571047081,0.0445543285480461
2024-06-11,739047.3801898918,0.5181424525752646,4.046468411624121,-0.22461859996811817,0.06478199898132665,0.013955737633044163,0.008793872234318408,0.010836531917954603,2024-04-04,2024-05-22,738979.0,739027.0,0.7795934637037731,0.594394210658061,0.1275966571047081,0.02155687764456554
2024-08-13,739110.222532097,0.8892999002903323,10.844377757450937,0.1509058077944333,0.00047086229219469114,-0.0007795077916785407,-0.000033839830585603624,0.0007787729214305643,2023-12-01,2024-05-23,738854.0,739028.0,1.9617284905770709,0.0495355578183125,0.13623975326072812,0.45250573233283903
2024-06-19,739055.4834383443,0.003420233815578878,8.356546563201006,-12.54668807335278,12.550497859396222,0.05454315208624547,0.0025044842784177203,-0.05448562193829189,2023-12-08,2024-05-23,738861.0,739028.0,2.602467363665902,0.09417804709390959,0.13623975326072812,0.5129896641674049
2024-06-09,739045.371904305,0.6570315698952284,4.726868922633434,0.17307550766313579,0.001186128587936118,0.004341563433599257,0.002816465807061007,-0.0033040419800030316,2023-12-15,2024-05-23,738868.0,739028.0,1.7479002462458908,0.03797504531741211,0.13623975326072812,0.23453485296655452
2024-06-20,739056.9702537659,0.9511238843125838,11.430308376952786,0.12025760910812322,0.0009888772310218269,0.00004023862715006229,0.00003953966093589065,-7.467417759609627e-6,2023-12-22,2024-05-23,738875.0,739028.0,3.342895774937764,2.0449296056582718,0.13623975326072812,0.5146795334786515
2024-05-31,739036.8469580455,0.14982736281110312,9.220332442370646,0.12472634807510427,0.03341023922582267,0.019292895290936314,0.019292530168628762,-0.00011869456424656905,2024-01-02,2024-05-23,738886.0,739028.0,4.162002706048467,0.028140171079993264,0.13623975326072812,0.2938846299104832
2024-06-01,739037.9605005548,0.25901251266029207,2.8264041982279053,0.048425035633317126,0.0557614498118735,-0.029450230976682347,-0.02832469839112098,0.008063967115010385,2024-01-09,2024-05-23,738893.0,739028.0,1.204586654812982,0.17351292347573408,0.13623975326072812,0.13622452436582172
2024-05-25,739030.5924542258,0.3807472141526921,4.7633978371346775,0.19684403895115654,-0.003354765929720923,-0.011948079427740364,-0.00112956573189644,-0.011894565282889404,2024-01-17,2024-05-23,738901.0,739028.0,2.9655992924543106,0.02244315981300658,0.13623975326072812,0.16114333869071223
2024-06-22,739058.9093568731,0.256826534445269,4.126304162583642,-0.13377986356908847,0.10796607787211122,-0.03044597885703805,-0.029471032926290122,-0.00764302602512457,2024-01-24,2024-05-23,738908.0,739028.0,1.041311345363258,0.2207171282787597,0.13623975326072812,0.11364161315277385
2024-07-14,739080.9622982863,0.6351401082693701,8.639070629673537,0.25962151419773755,-0.004266940181929789,0.003087635477708566,0.002798497183783466,0.001304571330192648,2024-01-31,2024-05-23,738915.0,739028.0,1.5704417610182806,0.10159984518866388,0.13623975326072812,0.11904825195892604
2024-05-27,739032.8615516308,0.2250214324421816,3.6957641419156237,0.18924962486875535,-0.0018421086872943873,0.02099739678451929,0.02085880164753639,-0.002408540129471453,2024-02-07,2024-05-23,738922.0,739028.0,1.839254268490058,0.005341576261016908,0.13623975326072812,0.17936327365355592
2024-05-24,739029.918160516,0.7346622112892421,4.96002291815924,0.19482303937042106,-0.0006533718782282848,0.003274032322733328,0.002299477877941876,-0.0023305984508616056,2024-02-14,2024-05-23,738929.0,739028.0,3.1283955994164545,0.029558438929314992,0.13623975326072812,0.11054877289175326
2024-06-25,739061.7057293623,0.716137165004323,4.753739180992027,0.1536218786081152,0.0014011698758717485,0.003055898228832352,0.0029828270269564184,0.0006642717156699063,2024-02-22,2024-05-23,738937.0,739028.0,0.9898266882280228,0.06907370757099304,0.13623975326072812,0.0804629497245946
2024-05-26,739031.6403874513,0.6018746253559218,4.2138914244536805,0.22539257869105822,-0.005385775023306033,-0.0037715318239777466,-0.003607075510178905,0.0011015709523877703,2024-02-29,2024-05-23,738944.0,739028.0,2.133476526037285,0.2039638138570347,0.13623975326072812,0.11186514228206654
2024-06-03,739039.3454069799,0.898312277430815,3.546499420713667,0.20106408902976586,-0.0005693527528179349,0.0015750733144924717,0.0015322115696143114,0.0003649433544625098,2024-03-07,2024-05-23,738951.0,739028.0,1.1584859020277347,0.09156048685757796,0.13623975326072812,0.07836249481341584
2024-06-21,739057.6160816874,0.7273243576999849,6.059556540883281,0.23543131408253049,-0.00238153549684618,0.0017306543081505124,0.001468952389603879,-0.0009150645941117939,2024-03-14,2024-05-23,738958.0,739028.0,1.169833243724059,0.16517108482404097,0.13623975326072812,0.084679672177495
2024-06-15,739051.444301085,0.9461171594902258,8.434608495056604,0.23635563351483,-0.0011649898747326554,-0.0007023184187854209,-0.0003084261246697627,-0.0006309710666793254,2024-03-21,2024-05-23,738965.0,739028.0,1.7516738825459952,0.18606645476555533,0.13623975326072812,0.07333921861427636
2024-06-14,739050.4942853693,0.3831082134774785,14.516897475879807,0.1306064214340379,0.01606688110445375,-0.003937529981402055,-0.003632933824754696,-0.0015185302695018236,2024-03-28,2024-05-23,738972.0,739028.0,2.887500953343729,0.10768503648266096,0.13623975326072812,0.05008922313550363
2024-06-04,739040.0896860712,0.5380539387697357,10.938060761349712,0.16564342154376283,0.005124603187323156,0.003040743679145746,0.0024847733454433996,-0.0017527189004625993,2024-04-05,2024-05-23,738980.0,739028.0,2.7914220484461625,0.08290217278086226,0.13623975326072812,0.04533781929780995
2024-07-28,739094.5966614773,0.05399343382292644,7.5881948829757215,-0.4776789655994872,0.5100174335738192,-0.06199429007440193,-0.05578674655267356,0.027039432518025496,2023-12-04,2024-05-24,738857.0,739029.0,1.5543683222588223,0.058537719948038386,0.11536943053514773,0.3763434080700063
2024-08-09,739106.705409465,0.9448499934049421,10.29753836448113,0.1350912094021147,0.000515570503093527,0.0005603601572731808,0.00012482253893116252,-0.0005462809164102318,2023-12-11,2024-05-24,738864.0,739029.0,1.866586473788848,0.08442095479644951,0.11536943053514773,0.3813806429286739
2024-06-25,739061.3467203606,0.4101350008482231,3.777979698775988,-0.08802961870357655,0.047607127348697494,-0.016560262866108375,-0.007912630102096373,0.014547597432634929,2023-12-18,2024-05-24,738871.0,739029.0,1.065676703139991,0.31208433076189573,0.11536943053514773,0.18196731915816858
2024-07-11,739077.7097971234,0.4186028032968586,12.42206925153369,0.05649519272334752,0.01884825798873032,0.004470502719940888,0.002599958447631083,0.0036367032652652106,2023-12-26,2024-05-24,738879.0,739029.0,2.7796407579205544,0.14207675864839547,0.11536943053514773,0.46551775706264376
2024-06-06,739042.2124637552,0.4291977508977033,5.710477130952879,0.18947117717395257,-0.0016531116611292554,-0.008470610326512673,-0.008421722967071204,-0.0009087472528313506,2024-01-03,2024-05-24,738887.0,739029.0,2.239075670330871,0.014668054905247493,0.11536943053514773,0.18852340258002592
2024-06-04,739040.0141177828,0.7320379071639581,2.45726963017632,0.09410934198326223,0.006714986662066057,0.005352905191982014,0.0002695832388722936,0.0053461125008427415,2024-01-10,2024-05-24,738894.0,739029.0,1.0107732838961305,0.3737114123688202,0.11536943053514773,0.13778636293258612
2024-05-28,739033.1442666514,0.46926305213444375,11.60531334938927,0.17794277816314905,0.000046062761490662384,-0.0036898783138614904,-0.0016442644983888212,-0.0033032705354607986,2024-01-18,2024-05-24,738902.0,739029.0,6.380743239982595,0.0005047745106160243,0.11536943053514773,0.27711689213262025
2024-07-09,739075.5473466251,0.8279427318341033,2.66314918538839,-0.6065607582961163,0.02133784438824402,-0.00879818191733187,-0.006609239394443879,-0.005807405589193562,2024-01-25,2024-05-24,738909.0,739029.0,0.5403323419255768,0.7539844835345106,0.11536943053514773,0.11285559448655351
2024-06-25,739061.5606991902,0.9456322822964986,5.384530875366472,0.16477414236775373,0.0004252059625218869,-0.0011503690546818708,-0.0011090965780615489,0.00030537475747321335,2024-02-01,2024-05-24,738916.0,739029.0,1.2833086184306388,0.06491373131987759,0.11536943053514773,0.10141139484147667
2024-06-09,739045.939329924,0.7197615820513691,10.440651519382216,0.23379061209165336,-0.003293753992923447,0.0026846488729873772,0.0024235057229684423,-0.001154971680159995,2024-02-08,2024-05-24,738923.0,739029.0,3.2935401507093434,0.08457942504756498,0.11536943053514773,0.10746342675565157
2024-06-23,739059.6505578022,0.39952999365331643,10.479195704950875,0.2997573775977645,-0.022672967595459597,0.00999737443680938,0.000368743120920028,0.00999057176244401,2024-02-15,2024-05-24,738930.0,739029.0,2.405310520238718,0.08646569692659305,0.11536943053514773,0.07891135658961716
2024-06-15,739051.7938186561,0.9452549020800078,7.998651345343929,0.21778170765053312,-0.0008164415459390434,-0.0007598404132335702,-0.0002968440400067576,0.0006994576967161266,2024-02-23,2024-05-24,738938.0,739029.0,2.0468952276341574,0.1269798704278848,0.11536943053514773,0.10884833873975902
2024-06-04,739040.464780024,0.8298726921831638,11.17446310816231,0.23961145555985297,-0.0026362202858181477,-0.001240773130438861,-0.00017547802421928252,0.001228301845734649,2024-03-01,2024-05-24,738945.0,739029.0,3.7694296286217472,0.15778805595757162,0.11536943053514773,0.11643105554715556
2024-06-19,739055.7560510637,0.9056294725384189,10.8556428385627,0.2313638131831218,-0.0011626531435341035,-0.0012412887746604611,-0.000987480000059209,0.0007521177245492447,2024-03-08,2024-05-24,738952.0,739029.0,2.3415600082333325,0.07813980870307337,0.11536943053514773,0.05567158583805236
2024-06-06,739042.1729292173,0.8283931645709426,13.929586514433622,0.2130603837744496,-0.0011373418993664128,0.0011541381987708636,0.0008289577658004589,0.0008030342485729763,2024-03-15,2024-05-24,738959.0,739029.0,4.085325512726442,0.05860457289392572,0.11536943053514773,0.09833839164673953
2024-06-05,739041.0254518917,0.06945730196648682,6.539749100572844,0.29096451736384343,-0.07938413347040374,-0.017148260258601396,-0.0012950096931623751,0.017099291792098983,2024-03-22,2024-05-24,738966.0,739029.0,1.9055598836458385,0.04916663262757332,0.11536943053514773,0.08276457122048933
2024-05-30,739035.9552975446,0.08238270732493948,4.818608740735076,-0.30848233542560066,0.39134124844240153,-0.031196175067038038,-0.01963472531288703,0.024242089445853446,2024-04-01,2024-05-24,738976.0,739029.0,1.6519875765312373,0.2144710476263053,0.11536943053514773,0.030025254937206387
2024-06-05,739041.9438127518,0.8991058442199273,9.299818285992536,0.15926597118284253,0.0015966690023722892,0.0008447236050588579,0.0007328561025780184,0.0004200951104902202,2024-04-08,2024-05-24,738983.0,739029.0,2.2438006833804542,0.18274126273839053,0.11536943053514773,0.04711871201532429
2024-07-19,739085.7544572353,0.048316526811108776,6.369893468178058,-0.7458968289393296,0.7403922709488364,-0.060288878053375974,-0.0496099189882165,0.0342579152155737,2023-12-05,2024-05-28,738858.0,739033.0,1.4828040417779762,0.09315114836911004,0.1100830746119997,0.3731982678740654
2024-08-17,739114.8425090077,0.6900839567200628,8.623352419126906,0.09898649106577394,0.002767819870985172,-0.0023955429989837695,-0.002341573224073414,0.00050562940606989,2023-12-12,2024-05-28,738865.0,739033.0,1.531699897838071,0.09246122605380137,0.1100830746119997,0.24258611251035003
2024-07-22,739088.9711427853,0.6807037496346003,6.342819252066625,0.08556930609807012,0.004081647571241196,-0.0030134012254291955,-0.0028724656216772317,0.000910784385955651,2023-12-19,2024-05-28,738872.0,739033.0,1.3677877846101691,0.14536315806708003,0.1100830746119997,0.1919656572274419
2024-06-30,739066.3931662027,0.45433594643354114,10.627973555359686,0.11222413485165021,0.009322289579210778,-0.00569152993366956,-0.0049133792305685224,-0.002872667318447178,2023-12-27,2024-05-28,738880.0,739033.0,2.9085366197817204,0.07001969245180835,0.1100830746119997,0.377993036981773
2024-06-11,739047.9580364678,0.02407720847107943,6.759028321430784,-0.13253546576127487,0.28302010292350765,-0.04158254834998328,-0.028910591721031182,0.029887890752251824,2024-01-04,2024-05-28,738888.0,739033.0,2.549123919475222,0.024245327245409436,0.1100830746119997,0.2347340695900251
2024-06-23,739059.1024005432,0.07197126011695822,5.461587740212876,0.21005253683528394,-0.01925295444807139,-0.04701981301897834,-0.04608646252414709,0.009322059233349207,2024-01-11,2024-05-28,738895.0,739033.0,1.5980634592789718,0.005395810354698391,0.1100830746119997,0.1311227181897772
2024-07-23,739089.5794423077,0.7347120086989783,8.470174880429177,0.21602217321503656,-0.0011839582435868607,0.0019413824074482324,0.0018747073754931279,0.0005044183860855618,2024-01-19,2024-05-28,738903.0,739033.0,1.6085327364801338,0.05289931607647214,0.1100830746119997,0.1116692870765632
2024-07-27,739093.0638660674,0.8022658527818567,4.454440280445277,-0.26306801334730234,0.010834485691818125,0.003802118927419405,0.0036094232846027936,0.0011950614590087263,2024-01-26,2024-05-28,738910.0,739033.0,0.7900685312763491,0.513224960444686,0.1100830746119997,0.10881396732862042
2024-07-19,739085.0001559438,0.6593269348248617,2.5505204962068415,-1.6561384475902454,0.0962620341448439,-0.0305216035509415,-0.027160204055566312,-0.01392449636363355,2024-02-02,2024-05-28,738917.0,739033.0,0.4760390843189319,0.8153042152669661,0.1100830746119997,0.09815327956830142
2024-07-11,739077.5866356626,0.2772994881622917,9.22836775612541,0.3467039622444604,-0.04922458177942418,-0.012319553329407644,-0.011952616170039855,0.0029843526815409647,2024-02-09,2024-05-28,738924.0,739033.0,1.8165830671714882,0.12006356871114802,0.1100830746119997,0.17344788686949367
2024-06-07,739043.3605714112,0.4711604217168682,9.065202807916439,0.24272463976685682,-0.011108109274651876,0.007758597839332561,0.006462301318954699,-0.004293541905645295,2024-02-16,2024-05-28,738931.0,739033.0,3.439143447252515,0.07441289132822336,0.1100830746119997,0.09573392782941274
2024-05-31,739036.799994276,0.08966284601124098,2.883221195600777,0.13017196688216148,0.03524213571653226,-0.04354070827385083,-0.04230519276592891,-0.010298734972130217,2024-02-26,2024-05-28,738941.0,739033.0,1.4809229423167085,0.02517104741528074,0.1100830746119997,0.10020219286093482
2024-05-30,739035.8605508284,0.24114339657590939,7.32714969865109,0.23431454265665477,-0.02475889264997299,-0.022297750981832083,-0.018335751878852162,-0.012688179612732595,2024-03-04,2024-05-28,738948.0,739033.0,3.9937638767563466,0.036543527339562634,0.1100830746119997,0.10033970602972607
2024-06-05,739041.307990337,0.5971056388701336,9.572738963528765,0.20596897851204216,-0.0026518531859494837,0.004933931485391234,0.0023895820832504286,0.004316662758421542,2024-03-11,2024-05-28,738955.0,739033.0,3.5661772632711983,0.03352519544303836,0.1100830746119997,0.09050000765422832
2024-06-06,739042.9673339993,0.6675771298112284,2.5502747345002224,0.12147324733152341,0.004217370045770197,-0.005965182968717786,-0.004949636472107558,0.0033293402716249036,2024-03-18,2024-05-28,738962.0,739033.0,0.8502285823032184,0.18506846442021593,0.1100830746119997,0.05709292646139247
2024-06-16,739052.6116524024,0.7730551614228671,14.373837318244583,0.1612982664884732,0.001536625239112269,-0.0013540400137627897,-0.0011774014766473162,-0.0006686928455273429,2024-03-25,2024-05-28,738969.0,739033.0,3.3172524845446496,0.06103433577191015,0.1100830746119997,0.06838007572133559
2024-06-17,739053.0973064342,0.42787069660566523,4.742281586117967,-0.1207491148813463,0.06325828882449176,-0.010549547463607633,-0.003815862850452664,-0.009835249991405684,2024-04-02,2024-05-28,738977.0,739033.0,1.0049046422963244,0.5410143887627006,0.1100830746119997,0.03007200548356457
2024-06-12,739048.3923001183,0.635810686619584,13.445986349529184,0.11784311205108343,0.007369395014438412,0.0010946732144840638,0.00037709208175266067,-0.0010276726173195033,2024-04-09,2024-05-28,738984.0,739033.0,3.0626041944387548,0.3183336155683067,0.1100830746119997,0.05504282382865744
2024-06-20,739056.1971773491,0.15305731960925997,2.7296372374081788,-0.6368859865567156,0.43604073998584547,-0.05046649851115246,-0.047972214032953424,-0.015669529436223024,2023-12-06,2024-05-29,738859.0,739034.0,0.9489104334990847,0.48447688824144747,0.11184830013656885,0.45049371013719763
2024-08-10,739107.5570148567,0.6300477865433302,11.286762734680815,0.050559944735303904,0.006294208283618586,-0.0019963948471399488,-0.0014029233186431264,-0.001420351557782191,2023-12-13,2024-05-29,738866.0,739034.0,2.135933433260839,0.1759943657067821,0.11184830013656885,0.4779055601331741
2024-06-25,739061.6604988793,0.45574479747774144,8.322871249875847,0.08653189249376318,0.013063205048605437,0.0064878715353282775,0.001480577063698671,-0.006316673857131801,2023-12-20,2024-05-29,738873.0,739034.0,2.5432075826319895,0.11025442921017369,0.11184830013656885,0.42722572489731914
2024-06-23,739059.784509944,0.756955064752111,8.103558125572636,0.1609129472143116,0.0006298647638441982,-0.0016787634371819575,-0.0016450355081329563,-0.0003348206310858496,2023-12-28,2024-05-29,738881.0,739034.0,2.497425807648228,0.03504710576975929,0.11184830013656885,0.276020422917696
2024-05-31,739036.0088061757,0.10621899363123946,7.905665047142816,0.16315986846545127,0.009859375063171883,0.03886038503395237,0.03783791552147259,0.008855601276984737,2024-01-05,2024-05-29,738889.0,739034.0,5.401502268202632,0.00340883563496783,0.11184830013656885,0.17491698937703762
2024-07-27,739093.6482142927,0.6393931922495871,14.514847311946166,0.18579431789212864,-0.0005427828476092357,0.0025878070346243313,0.002441836105086532,-0.0008568440256820429,2024-01-12,2024-05-29,738896.0,739034.0,2.767568115891356,0.009239527497871906,0.11184830013656885,0.17228613296349374
2024-06-19,739055.8779849875,0.27759229664237545,3.759396238866166,-0.0933338565829492,0.08882328285169278,-0.027754574675978937,-0.00030647733696742904,0.0277528825004975,2024-01-22,2024-05-29,738906.0,739034.0,1.1513839953500826,0.23630970139679688,0.11184830013656885,0.12096750090334699
2024-07-08,739074.5125202053,0.4779524405043406,3.3062837239068275,-0.6032115718237616,0.09596299975381306,0.024144128788386624,0.021218880315571145,0.011519464966033238,2024-01-29,2024-05-29,738913.0,739034.0,0.7277354173140602,0.5745619221049126,0.11184830013656885,0.11312651118128263
2024-06-17,739053.4569349886,0.3550741073392965,5.1315167471966365,0.16512543047089595,0.004473017922173129,0.014837591026085138,0.006377971862639579,0.013396849718375587,2024-02-05,2024-05-29,738920.0,739034.0,1.5726293775349687,0.020859817056206535,0.11184830013656885,0.1312019934749232
2024-07-12,739078.9963539506,0.8133627440425435,2.3194370592178326,-1.2284730820904795,0.04125128167010435,-0.0170563249044903,-0.011313973996547499,0.012763706814753426,2024-02-12,2024-05-29,738927.0,739034.0,0.4493569377801512,0.8481129022163411,0.11184830013656885,0.09526793107022206
2024-07-04,739070.7084581133,0.1812048210801296,8.557120572805474,0.4582510323021425,-0.13108566841526992,0.011045478300217178,0.007918355554692778,-0.007700794516803742,2024-02-20,2024-05-29,738935.0,739034.0,1.7806970741037766,0.25131174338281337,0.11184830013656885,0.17343218918385128
2024-05-31,739036.4771183833,0.42913732434543805,8.350118556768619,0.21220442983172377,-0.007623755743322173,-0.011121787975216627,-0.0023377266380368565,0.010873325247204097,2024-02-27,2024-05-29,738942.0,739034.0,4.839100814219521,0.03522881292695534,0.11184830013656885,0.10033498066209275
2024-06-28,739064.9487143713,0.5006492463285576,13.181956760224324,0.2569674949022157,-0.009858085357193225,-0.006326897646027248,-0.000534177977806283,0.00630430707622431,2024-03-05,2024-05-29,738949.0,739034.0,2.7710381529757506,0.05917734131527549,0.11184830013656885,0.09694122993298224
2024-06-26,739062.4582982885,0.41383360056643814,4.040291517984781,0.19370769246162442,-0.005838486752170183,-0.01287648934351001,-0.009479841342033493,-0.00871416008249788,2024-03-12,2024-05-29,738956.0,739034.0,0.8483613113620099,0.046442530416081755,0.11184830013656885,0.06200623105959709
2024-06-05,739041.3771184472,0.9711523031620377,11.262594600594372,0.18198759074827614,0.0001864789049591074,0.0010407350409113263,0.0002656915728670466,0.0010062491806148884,2024-03-19,2024-05-29,738963.0,739034.0,4.23593877426676,0.015450353684757116,0.11184830013656885,0.07587540943710973
2024-06-01,739037.7191943224,0.7359151169214103,9.892394417800912,0.15870840582256215,0.00253053874840898,0.002020217743448228,0.001094277550398548,0.0016981862011089368,2024-03-26,2024-05-29,738970.0,739034.0,4.568760578342497,0.09318394894661791,0.11184830013656885,0.06127770596694043
2024-06-08,739044.2960943942,0.0005639314196228541,7.108538249426019,-100.69995409176569,100.69815590645258,0.03954341623080399,0.029065143178489673,-0.02681229604521977,2024-04-03,2024-05-29,738978.0,739034.0,2.1070049313602826,0.2020195124954829,0.11184830013656885,0.02984036422221412
2024-05-31,739036.7757465314,0.012600521780018917,6.053263491066558,-4.226323476945114,4.2509273423686595,0.041041241393938874,0.04075495998072965,0.004839083810463147,2024-04-10,2024-05-29,738985.0,739034.0,2.8189303335830505,0.2156066462062417,0.11184830013656885,0.026308586635669838
2024-06-20,739056.3106092585,0.3938123180435512,13.785642340693274,0.04694882810472345,0.025423981243478742,-0.004870475464362459,-0.004035486822531416,0.002726972195335334,2023-12-07,2024-05-30,738860.0,739035.0,4.871879840869421,0.1491195172532737,0.10654324790687565,0.6023144651912755
2024-06-27,739063.391261873,0.0883658331602686,5.5957240465109805,-0.21620599231769788,0.2764502418983695,-0.055299369063126394,-0.03301727653790656,-0.044360789767533056,2023-12-14,2024-05-30,738867.0,739035.0,1.7224200117929072,0.07894504661505866,0.10654324790687565,0.2644338660923493
2024-08-05,739102.4101135242,0.7054560343728581,13.440453939297498,0.055028796611008825,0.0042213051556778455,-0.0008106788944583946,-0.0005584729101877607,0.0005876293717188565,2023-12-21,2024-05-30,738874.0,739035.0,2.610463677162993,0.27330897754242156,0.10654324790687565,0.5082629447204174
2024-07-13,739079.4596725871,0.17327816200132887,11.395701367036345,0.005277907846760539,0.07865304331147283,-0.019709730307852134,-0.010082901140444361,0.01693542362624245,2023-12-29,2024-05-30,738882.0,739035.0,2.7041127985196742,0.060678889289878,0.10654324790687565,0.296734498592372
2024-06-01,739037.9221593973,0.389939860964596,11.501788652808733,0.13625870592438902,0.009259307255439846,-0.002872329625631688,-0.0005757325011421816,-0.002814037946689782,2024-01-08,2024-05-30,738892.0,739035.0,7.158888858159357,0.10928900385504148,0.10654324790687565,0.3311376374960504
2024-07-24,739090.780681319,0.9805116148109772,10.901832336706537,0.19519403946640726,-0.00022326439282368396,0.0004793243489901582,0.00047048401298817604,-0.00009163310022792405,2024-01-16,2024-05-30,738900.0,739035.0,2.13362312956643,0.04189316944230096,0.10654324790687565,0.1805939970333532
2024-06-14,739050.6160316168,0.283954660789777,12.037165325808646,0.16584565551938285,0.0021007074741458812,0.011669448141910836,0.0014640280589854585,0.011577246727061211,2024-01-23,2024-05-30,738907.0,739035.0,4.2508068189425074,0.004246587121416948,0.10654324790687565,0.2460096618200325
2024-06-11,739047.5576426093,0.13456809148737195,8.357655389746487,0.2004131072753495,-0.01620958233413205,-0.031318730946480765,-0.031018229718234223,-0.004328086557002222,2024-01-30,2024-05-30,738914.0,739035.0,3.144774334213466,0.008333458978319518,0.10654324790687565,0.14996501658586134
2024-07-04,739070.6097388508,0.7217107032070292,8.026218422389611,0.1986103807074291,-0.0009536934203499182,-0.0020148391433098137,-0.002009805303201915,0.0001423355775443463,2024-02-06,2024-05-30,738921.0,739035.0,1.83361171774857,0.042561858021595386,0.10654324790687565,0.16670478144409867
2024-07-16,739082.969724335,0.2412035655202241,4.6171759359066264,-0.6052624852430849,0.26244575071034243,0.03820656498078796,0.03097841725864649,0.022362452275642004,2024-02-13,2024-05-30,738928.0,739035.0,0.8617247292204763,0.35884661323002875,0.10654324790687565,0.10283179472261822
2024-06-21,739057.7139871047,0.18410362668745742,3.799489007231104,0.02804102821054381,0.06745221753131764,-0.03222931043544449,-0.019122352843329464,0.025943478426754197,2024-02-21,2024-05-30,738936.0,739035.0,1.0151181853303155,0.10141037058958559,0.10654324790687565,0.08474457529278172
2024-06-13,739049.242602879,0.8890114474804156,8.986084240487152,0.19418047702746888,-0.0005291189990901558,0.001407466328034435,0.0013887648448949377,-0.00022867809281755693,2024-02-28,2024-05-30,738943.0,739035.0,2.873928295842133,0.037192229241238495,0.10654324790687565,0.0969067215137311
2024-06-22,739058.19159928,0.6618976443960044,7.455168797792211,0.22468005256202034,-0.0035297657060000087,0.00180001257653311,0.0017914388364661607,0.00017547698104917783,2024-03-06,2024-05-30,738950.0,739035.0,1.8273863281550446,0.1741019736036612,0.10654324790687565,0.16079809409457305
2024-06-22,739058.3880563683,0.5444210053350901,6.617129519070453,0.18084957602350676,8.648222335807492e-6,-0.0034359181409507385,-0.0002236253840097312,0.0034286331327426775,2024-03-13,2024-05-30,738957.0,739035.0,1.5446848518075842,0.00020708530203351124,0.10654324790687565,0.13634355087238917
2024-06-06,739042.9414989708,0.5609377165348844,3.885822930726187,0.10380065128673559,0.011379496174773695,0.006137401174997966,0.003529880845053141,0.0050207205063211155,2024-03-20,2024-05-30,738964.0,739035.0,1.4203306110314378,0.26765179326763333,0.10654324790687565,0.07619130152159712
2024-06-25,739061.6717849209,0.7442747743851922,7.535745415075055,0.0785491746195508,0.0060383655468413235,-0.0018351302129922423,-0.0008601205507215314,-0.0016210785103946818,2024-03-27,2024-05-30,738971.0,739035.0,1.4675739783251707,0.3249822169025974,0.10654324790687565,0.05359330016554119
2024-06-22,739058.913026084,0.6394827041554768,9.027809218382387,0.03973566543124312,0.012987094536504474,-0.003453817553762998,-0.0034213351043672338,0.0004725693581960966,2024-04-04,2024-05-30,738979.0,739035.0,1.7335462080564277,0.26635388732650056,0.10654324790687565,0.033153363387565915
2024-06-11,739047.7689733456,0.4491348845519899,13.627147220307267,0.05591467463218457,0.026703201990911838,0.0021681931949765884,0.001887158361887838,-0.0010675650087463519,2024-04-11,2024-05-30,738986.0,739035.0,3.418903159525359,0.40591696649406644,0.10654324790687565,0.0561723993850117
2024-08-19,739116.6133731534,0.6190416882105837,6.643857767974303,0.018144601446705856,0.007786903870302184,0.00294748498052561,0.00224439565232468,-0.0019105904496385744,2023-12-08,2024-05-31,738861.0,739036.0,1.2202444082385249,0.24615733582922256,0.10299084630250781,0.3353235693356913
2024-08-01,739098.1575066883,0.07401754110637905,9.657601413642908,-0.7549790406144344,0.6627554943405431,0.04046400989136682,0.021641129635478432,0.034190606964326464,2023-12-15,2024-05-31,738868.0,739036.0,2.0121468575863664,0.1255306549807264,0.10299084630250781,0.45134825334409306
2024-07-18,739084.8479060477,0.22931509391807908,11.58376215292608,-0.10129525633260196,0.09800651078579385,-0.012174510813933144,-0.00885952837244562,-0.008350297634001207,2023-12-22,2024-05-31,738875.0,739036.0,2.687382133956975,0.15936260417466722,0.10299084630250781,0.48283112922734645
2024-08-04,739101.4368681746,0.3194617966402709,7.888630324656748,0.10640949381889143,0.015500072777184801,-0.014121985164498344,-0.002044610593150088,-0.01397318977573446,2024-01-02,2024-05-31,738886.0,739036.0,1.49604858967639,0.04444831598160463,0.10299084630250781,0.11874186113241589
2024-07-14,739080.3879899397,0.7553037645655263,9.938565543488789,0.16921819564924606,0.0001101291039493374,0.0013900785551579074,0.001019619015094094,0.0009448256207197414,2024-01-09,2024-05-31,738893.0,739036.0,2.2780873198599028,0.006020890172564986,0.10299084630250781,0.21383008592711797
2024-07-07,739073.7575489872,0.4606236007324206,10.301249865484328,0.17567385124435467,-0.00043821775077105917,-0.00579394591464917,-0.0029280788746061724,0.004999616321875595,2024-01-17,2024-05-31,738901.0,739036.0,2.4931859154388483,0.003381985903232971,0.10299084630250781,0.20308357678772607
2024-07-13,739079.7108599333,0.3699160324183766,8.27688150205784,0.22033468690558825,-0.00850754789770747,0.010449164011311508,0.001051828638605766,-0.010396089892372819,2024-01-24,2024-05-31,738908.0,739036.0,1.8023592262936332,0.036388091129736316,0.10299084630250781,0.15777552079191978
2024-07-26,739092.2100146487,0.526683838929748,2.7818804641193884,-1.7532723817661913,0.17396012193979557,0.042249104165306466,0.00857180165883041,-0.041370412363095764,2024-01-31,2024-05-31,738915.0,739036.0,0.5083835632554178,0.7795495522212479,0.10299084630250781,0.11602543501650842
2024-07-18,739084.0579434079,0.1512217411515713,2.987500912749112,-4.199548376126318,2.209469254225688,0.16230263758733898,0.13402051626804234,-0.0915458758604367,2024-02-07,2024-05-31,738922.0,739036.0,0.5779626302356878,0.6890782981460271,0.10299084630250781,0.12468468416224102
2024-07-10,739076.7930109611,0.9317894931228616,2.615766794256503,-0.5411796730613754,0.012869546602437821,-0.005950744262728022,-0.00539557924501213,-0.0025097971812847357,2024-02-14,2024-05-31,738929.0,739036.0,0.5359195279954834,0.7703901954137383,0.10299084630250781,0.09653122858674898
2024-06-28,739064.2778843425,0.06529787354090313,10.6040798769065,0.5488719763232425,-0.28834934784835836,-0.03678679670610575,-0.03292895042793445,0.016399775474407813,2024-02-22,2024-05-31,738937.0,739036.0,2.538782406832704,0.048267304836041754,0.10299084630250781,0.13804283182239002
2024-06-05,739041.6635036363,0.7315380807202622,7.814994399679581,0.18327327107336175,-0.0005030163568149567,0.003237268967386116,0.0032144588272873045,0.0003836206653399893,2024-02-29,2024-05-31,738944.0,739036.0,3.54168784292599,0.014544928502060428,0.10299084630250781,0.09932379238228223
2024-06-01,739037.2033610005,0.391451634157452,5.502017651682201,0.18639956098821864,-0.004085353915219171,-0.009710837050219098,-0.008076902797035128,0.005391103544095036,2024-03-07,2024-05-31,738951.0,739036.0,3.7405179442757084,0.02993154604826375,0.10299084630250781,0.1543522221433171
2024-06-28,739064.0682845002,0.5966187371195769,13.243168730464811,0.1637214687628543,0.0012682649505620096,0.004051088701966325,0.000220748048075485,0.004045069835054776,2024-03-14,2024-05-31,738958.0,739036.0,2.8020875631402378,0.014104029709625121,0.10299084630250781,0.09096868792888903
2024-06-25,739061.7755381983,0.658216799594295,3.6264877590516265,0.08816243261067322,0.0052347039151139415,-0.004718765115458858,-0.0009275272464308064,0.004626709135227752,2024-03-21,2024-05-31,738965.0,739036.0,0.763582209205139,0.2013476238316968,0.10299084630250781,0.056203876015221886
2024-06-25,739061.3618404041,0.30136139414655255,8.632038904610301,-0.0816514029805749,0.08312190287706775,-0.00979712909508452,-0.0037218364193788165,0.009062652601371029,2024-03-28,2024-05-31,738972.0,739036.0,1.7302696085696625,0.2962039688513112,0.10299084630250781,0.04957717112877868
2024-06-02,739038.0258590372,0.3438785942675627,14.576154601647406,0.06065239936184433,0.04234630643779423,-0.0025847740489381376,-0.0016340255638197904,0.002002752441228688,2024-04-05,2024-05-31,738980.0,739036.0,7.782910225233043,0.3865050101883053,0.10299084630250781,0.05412549740449976
2024-06-19,739055.2376058655,0.15447400038025563,11.100230780936284,-0.3959082018766241,0.33033845552096136,-0.023906640479131942,-0.017460074789884192,-0.016330133108156848,2024-04-12,2024-05-31,738987.0,739036.0,2.236814827556174,0.19229321867442656,0.10299084630250781,0.03254537593285781
2024-08-11,739108.4599574313,0.8243411577302813,5.0591159049946235,-0.006860297667533343,0.00357696884257467,-0.001255387153065471,-0.000992387788125022,-0.000768871499056998,2023-12-11,2024-06-03,738864.0,739039.0,1.0131630272057566,0.4642691557686634,0.08140727463533343,0.3485616606522507
2024-06-07,739043.1565506954,0.6713599487948089,13.94919055733123,0.10362828527076161,0.005042432051343972,-0.0017886190583687824,-0.0013290314987829523,0.0011970101967831222,2023-12-18,2024-06-03,738871.0,739039.0,8.266963137418312,0.13568399510981566,0.08140727463533343,0.5133291299379007
2024-07-24,739090.6210162851,0.9146498178051026,8.952716129265493,0.14471986755255245,0.0004417457230340219,-0.0007241739583576395,-0.0007240447286080613,0.000013680385164569417,2023-12-26,2024-06-03,738879.0,739039.0,2.010302303944818,0.062320293221626966,0.08140727463533343,0.30104740254933093
2024-06-18,739054.7600731156,0.6520179476850682,7.965072657514442,0.16706137984383454,0.0003428168154029838,-0.0029630686260531725,-0.001479078742963818,0.0025675088616815343,2024-01-03,2024-06-03,738887.0,739039.0,2.9981346688292154,0.009470877401747502,0.08140727463533343,0.1940284093203085
2024-06-18,739054.5488252975,0.07105413680418039,3.298589466437575,-0.8151139411456948,0.7484625619722262,0.05913338842567348,0.05105798828077472,-0.029830176992801185,2024-01-10,2024-06-03,738894.0,739039.0,1.2256410581050494,0.2726455517436806,0.08140727463533343,0.15764196776606557
2024-07-25,739091.4763976989,0.11354765789953672,7.229054486488538,-0.06850112529950339,0.1457738230037398,0.04061678802137421,0.029717337259482002,0.027687602557452496,2024-01-18,2024-06-03,738902.0,739039.0,1.4771791028025156,0.05637293541431024,0.08140727463533343,0.11337657078048988
2024-07-15,739081.4211383149,0.7962321602223441,10.661565870816409,0.1767283174301105,-0.00019069979100401352,-0.0011068075769649554,-0.00041948812508559285,-0.0010242327495931822,2024-01-25,2024-06-03,738909.0,739039.0,2.3794684341417884,0.012867578133556564,0.08140727463533343,0.20533948953205824
2024-06-19,739055.1881242845,0.6850970820721837,5.791648717666898,0.15581867722115728,0.0011893814343881314,-0.0030886298974532,-0.0011711087879007094,-0.0028579956001266857,2024-02-01,2024-06-03,738916.0,739039.0,1.9832318562038629,0.04555176289854617,0.08140727463533343,0.1681039813087832
2024-07-06,739072.5623973394,0.009600639888492692,5.40207080344001,-4.21768235087157,4.216629235927682,-0.0689058740123422,-0.061759963433203086,-0.03055693685784284,2024-02-08,2024-06-03,738923.0,739039.0,1.284755072058807,0.1087549612004717,0.08140727463533343,0.11834642116669798
2024-07-15,739081.7103731505,0.7123511877566905,5.032499737389914,-0.003197886132071515,0.007442442865802571,-0.003784526103345668,-0.0030101231442722035,0.0022938606067548152,2024-02-15,2024-06-03,738930.0,739039.0,1.015225770971674,0.27836485092884417,0.08140727463533343,0.08645060607828395
2024-06-18,739054.441159888,0.8328968987796497,9.591422631060286,0.18107201388011154,-0.0003388072720016835,-0.0016296098518238835,-0.0016293830203140095,-0.00002718901016689853,2024-02-23,2024-06-03,738938.0,739039.0,3.084108483848785,0.018054160493628034,0.08140727463533343,0.12476422937907344
2024-07-17,739083.1272009019,0.08072559666092351,9.598929303736165,0.5901748085552427,-0.29653355732597164,0.015456565421054983,0.005173355214901272,-0.014565088754820772,2024-03-01,2024-06-03,738945.0,739039.0,1.7432758041981062,0.16134270049374863,0.08140727463533343,0.20558910028673544
2024-07-12,739078.598682684,0.9932784774091117,10.472394565702235,0.20190974094998826,-0.00041636356239594334,-0.00035131867052668185,-0.00033873907600848223,-0.00009316998790144243,2024-03-08,2024-06-03,738952.0,739039.0,1.937121267675636,0.11240781696603186,0.08140727463533343,0.17164701043651465
2024-07-07,739073.9686545546,0.8705722564900236,12.383474605963,0.17408540842484216,0.00003783513933341439,0.0009071852286625327,0.0006191681442085087,-0.0006630353296023396,2024-03-15,2024-06-03,738959.0,739039.0,2.345769377081129,0.002931984516294474,0.08140727463533343,0.11803093774446678
2024-06-22,739058.5427684883,0.4202604564657647,9.563744490453832,0.10037400181299025,0.01504477075190631,-0.0029519117699742595,-0.0026976725828505373,-0.0011984764217326416,2024-03-22,2024-06-03,738966.0,739039.0,2.3669920821776853,0.22396118922144706,0.08140727463533343,0.11109390681480985
2024-06-17,739053.0095285883,0.47809790056924106,12.967691471920517,0.05014961193664698,0.02236326805488624,-0.0030492580468910856,-0.0024768388655799036,-0.001778551059284747,2024-04-01,2024-06-03,738976.0,739039.0,3.517233355272308,0.27039288419221585,0.08140727463533343,0.061664296523120984
2024-06-14,739050.3934741504,0.2541461034837407,9.691019678942466,-0.1034809932141474,0.11650676734451891,-0.014038638989938233,-0.01177827823104034,-0.0076390802196347725,2024-04-08,2024-06-03,738983.0,739039.0,2.7415807043102003,0.21764070612491204,0.08140727463533343,0.03681719770142694
2024-06-05,739041.1299391998,0.7491660360933182,14.56181488160921,0.1058900010591935,0.006531504919320697,-0.0005924442771312715,-0.0005788821342481158,-0.00012603847092828953,2024-04-15,2024-06-03,738990.0,739039.0,7.365926027671863,0.5671896849044936,0.08140727463533343,0.0617330719739634
2024-08-23,739120.4214291832,0.13424441073689766,4.1123876524425755,-3.3561676347353986,1.827486096269278,0.08764938675534126,0.08546311236756159,-0.01945434200986848,2023-12-12,2024-06-04,738865.0,739040.0,0.7563704500181275,0.6806241676880264,0.05375574330482344,0.30624619387046337
2024-07-30,739096.7335668784,0.7177761895480966,3.2149839406817167,-0.4912349450862629,0.023837728142673417,0.0073992504646283805,0.004706732506523325,0.005709253589598201,2023-12-19,2024-06-04,738872.0,739040.0,0.7043536597621801,0.719262426487957,0.05375574330482344,0.20688543643061025
2024-07-28,739094.8682377501,0.11618847027628745,13.591442017666,-0.3960868231501536,0.33276236222059913,-0.019464303915913674,-0.008252283521545415,0.017628356236787435,2023-12-27,2024-06-04,738880.0,739040.0,2.952888631182486,0.1461479805456156,0.05375574330482344,0.43927438575414535
2024-07-06,739072.9665468441,0.9675006520557841,11.613503094678173,0.15183070453515138,0.00023736441414516987,-0.0005543281494584858,-0.0003857007815702607,0.00039813892597705065,2024-01-04,2024-06-04,738888.0,739040.0,3.1878091893046774,0.03567275925968386,0.05375574330482344,0.22172832202418088
2024-08-12,739109.4258210799,0.953389433456068,4.402751658531331,-0.2073756680166077,0.004036442858506075,0.0014594204075182387,0.0010742798350128042,0.0009878414660083694,2024-01-11,2024-06-04,738895.0,739040.0,0.7902050948978282,0.5989141017661113,0.05375574330482344,0.16511052368452536
2024-06-27,739063.647356417,0.9357902515779242,13.030606032963767,0.16502251622551084,0.00005668132757347105,0.0007494766576952201,0.00004386344733613676,0.0007481919930190292,2024-01-19,2024-06-04,738903.0,739040.0,3.973482020877457,0.005431200109192093,0.05375574330482344,0.21240818694892202
2024-06-04,739040.0742853987,0.48420859298708707,5.803519892164056,0.14199778062448715,0.00460016658681522,-0.007114148754833999,-0.00604235381654086,-0.0037551395262546815,2024-01-26,2024-06-04,738910.0,739040.0,6.897835158558617,0.053950022760523506,0.05375574330482344,0.20187046715361298
2024-06-23,739059.9516290078,0.009727405680295844,5.979712672978572,-1.6745001866696976,1.7718318331755545,0.048033263324909814,0.025532047799990458,-0.040685487840004184,2024-02-02,2024-06-04,738917.0,739040.0,1.8740850109885698,0.060006337303971626,0.05375574330482344,0.2084377060536629
2024-07-09,739075.1682874797,0.030298381195794883,10.61069775943238,0.10409582816772571,0.05613836803025748,-0.034168865248944524,-0.027628738956909274,-0.02010383386450188,2024-02-09,2024-06-04,738924.0,739040.0,2.462610620589361,0.0046914242514384166,0.05375574330482344,0.2260953587902313
2024-06-27,739063.084702189,0.3115855049267467,13.719918009863562,0.2596082189208531,-0.02663813182142286,-0.011359080125309768,-0.008860628585115033,-0.007107598917345416,2024-02-16,2024-06-04,738931.0,739040.0,3.808782446397132,0.05325818116262386,0.05375574330482344,0.17356899715741572
2024-06-05,739041.4912949838,0.521054433770176,7.471624962182467,0.15808750909933852,0.0018613798762963155,0.007825590813063703,0.0018868625858734231,-0.007594710077121972,2024-02-26,2024-06-04,738941.0,739040.0,5.006811722817072,0.016587689987897985,0.05375574330482344,0.12855117712883116
2024-06-08,739044.5307354805,0.9389526643727781,9.770910771722978,0.16914652909327477,0.00002508447077914319,-0.0013189102300489707,-0.001096799379627274,0.0007324993623048804,2024-03-04,2024-06-04,738948.0,739040.0,4.756980986239286,0.0018276724162243692,0.05375574330482344,0.1345398287420652
2024-07-12,739078.8467080256,0.7009264792218345,2.819106843670141,0.10661242429876878,-0.0017976485042062742,0.007614414086056648,0.006657808359182536,-0.003694981694993502,2024-03-11,2024-06-04,738955.0,739040.0,0.5202030794294056,0.05869879931212587,0.05375574330482344,0.05515190676203908
2024-06-28,739064.4689514535,0.5723610168122905,10.396361897070433,0.13356022393718636,0.0038044533606278633,0.002554226343978584,0.0003412416388727572,0.0025313289711480884,2024-03-18,2024-06-04,738962.0,739040.0,2.3696897367986263,0.08200145194482428,0.05375574330482344,0.1431211715702742
2024-06-11,739047.7510591564,0.8047169573014632,14.506678182937359,0.12415376396104831,0.0029820550501423854,-0.0013091177129148516,-0.0012939905396056788,0.00019843807517312808,2024-03-25,2024-06-04,738969.0,739040.0,5.352887711323519,0.1263607321758778,0.05375574330482344,0.09405795154159918
2024-06-29,739065.200434372,0.43447452509549234,11.166431480904823,-0.05320828152130952,0.04177467665490049,0.00434849098968,0.004132431850654335,0.0013536546409722598,2024-04-02,2024-06-04,738977.0,739040.0,2.226379405442914,0.37378720779077057,0.05375574330482344,0.059952333329384266
2024-06-20,739056.0211461567,0.11944506219879727,12.309485952197983,-0.5741706588598227,0.48428239226296566,-0.01397809239348862,-0.009791788241695023,0.009975367160696769,2024-04-09,2024-06-04,738984.0,739040.0,2.9446491710726552,0.33618556054394066,0.05375574330482344,0.05159017589319437
2024-06-04,739040.9160121707,0.46944766413972705,12.10849057721758,0.05835690014298138,0.027139188253926246,-0.0024710017564662187,-0.0018816009593770452,-0.0016016951988847697,2024-04-16,2024-06-04,738991.0,739040.0,7.704780274456871,0.4258150173411496,0.05375574330482344,0.05635102596804258
2024-08-14,739111.6520375003,0.27991263412518014,4.448866857781125,-1.0264062096014552,0.31145073779814825,0.03374736707516631,0.015725560750741552,0.02985952986201818,2023-12-13,2024-06-05,738866.0,739041.0,0.8823472779036086,0.5806608708447922,0.09405423633610091,0.2557545538084518
2024-08-04,739101.7866193291,0.013505025276921327,9.934411001607952,-5.64343316159877,5.460843706342739,-0.04895948329700792,-0.03817796739799871,0.03065083702066463,2023-12-20,2024-06-05,738873.0,739041.0,2.095635773798079,0.1516268801305367,0.09405423633610091,0.4512045313311562
2024-08-11,739108.5110787019,0.03612557714706011,7.718691025836863,-1.6577300938294506,1.5425109074949088,-0.061440021570267477,-0.028166072165869947,-0.054603558760413604,2023-12-28,2024-06-05,738881.0,739041.0,1.4924744391754634,0.11750274751516816,0.09405423633610091,0.1612443205493295
2024-07-19,739085.7686510422,0.572208332741753,6.531820485469672,0.11797428537575097,0.00423475963347781,-0.004447000241970563,-0.004301608610498447,-0.0011278184757184389,2024-01-05,2024-06-05,738889.0,739041.0,1.5391069820695655,0.08342218274423013,0.09405423633610091,0.13035575625962872
2024-07-20,739086.99948667,0.8415314963504326,3.9023094153737956,-0.11652357992360671,0.0064585767643474574,-0.002614170975089645,-0.0021388564767523487,-0.0015030578361645557,2024-01-12,2024-06-05,738896.0,739041.0,0.8841830168638473,0.5327844130259959,0.09405423633610091,0.153091603438998
2024-08-10,739107.1513075347,0.06498553468328107,7.491993625066263,-0.9846690576313399,0.8513625750525539,-0.0551812159425464,-0.05469782642590121,0.0072879611126789754,2024-01-22,2024-06-05,738906.0,739041.0,1.3260696870789217,0.13382664376055844,0.09405423633610091,0.11012152219671105
2024-06-10,739046.9009413815,0.1798979134920973,14.874169157658137,0.10246427899054786,0.03178839534610112,-0.00926362431333026,-0.004416528028713426,0.008143034789936261,2024-01-29,2024-06-05,738913.0,739041.0,7.39067545087985,0.04150315208304517,0.09405423633610091,0.29652785603713094
2024-08-03,739100.8797201214,0.3090750375712195,8.739924191292152,0.11240395478011703,0.014721431407020761,-0.01627478714319511,-0.011320883170128734,0.01169214697156193,2024-02-05,2024-06-05,738920.0,739041.0,1.537745066353237,0.03198828727805598,0.09405423633610091,0.11963364310993035
2024-06-11,739047.3113941071,0.6164811330068999,12.550248773833275,0.18422158856341703,-0.0019382751008855663,-0.00277205067308024,-0.0027209956415191047,0.0005295730855685975,2024-02-12,2024-06-05,738927.0,739041.0,5.887890003194477,0.03434643825793011,0.09405423633610091,0.2259346367489517
2024-06-27,739063.7271885752,0.8401843907627091,8.616957996824194,0.1701259921844306,-0.00008695392372149393,0.0010780102966561414,0.000949363835388502,-0.0005107000173811384,2024-02-20,2024-06-05,738935.0,739041.0,2.378245107278678,0.007864785958280487,0.09405423633610091,0.19000837245488136
2024-07-09,739075.2098755409,0.27383853172793154,3.6555870847647656,-0.05394626599505272,0.06060612019004155,-0.02695620632201641,-0.02413994728839401,0.011995832784291222,2024-02-27,2024-06-05,738942.0,739041.0,0.7909120944029016,0.16842057052956622,0.09405423633610091,0.08226810819512956
2024-06-16,739052.1144143747,0.9197688926927359,13.48464367350694,0.17903051330563696,-0.00036228045545515247,0.0008108073199276285,0.00032605328784184165,0.0007423595917988459,2024-03-05,2024-06-05,738949.0,739041.0,4.78075073810758,0.030476598008428193,0.09405423633610091,0.19968002214609143
2024-06-05,739041.3565334759,0.41294601456867375,4.721803892328415,0.11779357472436487,0.012947390301197794,0.00908203437584197,0.000962683700694355,-0.009030868645727969,2024-03-12,2024-06-05,738956.0,739041.0,4.11683174735758,0.12467645115880457,0.09405423633610091,0.15825011476577788
2024-06-13,739049.5773954216,0.15688974688562854,13.419226929105518,-0.0867291803635661,0.14585447517858402,0.017435317928214154,0.014030606735838445,-0.01035047756782994,2024-03-19,2024-06-05,738963.0,739041.0,4.937626805880287,0.09780407567798459,0.09405423633610091,0.12479836363419841
2024-06-08,739044.696374109,0.6613747237903397,13.464836897786721,0.10283747112530203,0.007436394323498289,-0.002061541347732347,-0.0012541574593528404,-0.0016361667994308313,2024-03-26,2024-06-05,738970.0,739041.0,6.442013711446222,0.17718088108825084,0.09405423633610091,0.08384894059837718
2024-06-23,739059.1320266371,0.9904328970897214,4.850564297305178,0.023027706935981496,0.0036463827327946575,0.0011137642167451656,0.0006009904537330621,-0.000937699954688972,2024-04-03,2024-06-05,738978.0,739041.0,1.1567501847171968,0.6685005697421617,0.09405423633610091,0.03358148721248699
2024-06-13,739049.177714547,0.16553748075689126,14.035865915012293,-0.265954810847784,0.24960564553873005,0.0034105521897166676,0.00023139126227196481,0.003402693686261719,2024-04-10,2024-06-05,738985.0,739041.0,4.602331050061596,0.8631511134065036,0.09405423633610091,0.058337844699992925
2024-06-27,739063.7657199324,0.5154936429352123,13.26816719439158,-0.09299935593119667,0.03799963527950367,-0.006558069044374192,-0.0019142309266011734,0.006272478740531738,2024-04-17,2024-06-05,738992.0,739041.0,2.4245440964162888,0.22512090295357828,0.09405423633610091,0.03140193181181389
2024-09-01,739129.2942157406,0.1266287281956562,13.812089819016961,-0.9609969381507816,0.606588945216389,0.011702832528585772,0.011606878507324461,-0.001495546892723444,2023-12-14,2024-06-06,738867.0,739042.0,2.418490077267614,0.4751999127395145,0.09225729065939926,0.587055430619869
2024-08-15,739112.0231459033,0.7925854745177519,4.0490168854969655,-0.3588849475979935,0.011913231939610393,0.0035679349927859537,0.0022512620812529184,-0.0027680280262777834,2023-12-21,2024-06-06,738874.0,739042.0,0.78847627272401,0.6535956982688329,0.09225729065939926,0.20872758825395485
2024-08-04,739101.776667956,0.5889999662581927,8.360047864748642,0.1373915829187454,0.0021946298072817775,0.0038079843930637802,0.0031089937843892966,0.0021988412372079182,2023-12-29,2024-06-06,738882.0,739042.0,1.7323622115157882,0.040604355328712156,0.09225729065939926,0.15219699053861882
2024-07-14,739080.0044938633,0.17133219889534204,3.327743819347691,-1.2749100679068948,0.675222393936406,0.06301426035191358,0.04382467042974945,0.045279082029371934,2024-01-08,2024-06-06,738892.0,739042.0,0.84674703773882,0.5516925223938842,0.09225729065939926,0.16716493001194196
2024-08-04,739101.5368959139,0.007761490329530442,9.056388394710108,-0.6228928306046048,0.7663953291109268,-0.0628497364377447,-0.04845683155292339,-0.04002530257406661,2024-01-16,2024-06-06,738900.0,739042.0,1.7575711028199952,0.01045055775237429,0.09225729065939926,0.14024231548908145
2024-07-07,739073.7989291775,0.9578092370633247,12.408847999982045,0.16488480306111053,-0.000018438035499059474,0.0006729610706819889,0.0006229794575490113,-0.00025450579192896287,2024-01-23,2024-06-06,738907.0,739042.0,3.2731621495874323,0.002114814410636339,0.09225729065939926,0.18124447737048993
2024-08-06,739103.8929483132,0.2230645624599253,13.600632177338444,0.08726613334218535,0.027322537892781152,-0.012679676720634647,-0.007177131892779961,0.010452893357030145,2024-01-30,2024-06-06,738914.0,739042.0,2.4266427774282877,0.035341448160634795,0.09225729065939926,0.25442184954972247
2024-07-31,739097.2646093499,0.6182284291990529,5.115305664590567,-0.2115626243950065,0.022040364607763253,-0.006614992461172711,-0.006110184761188009,-0.0025345152288983475,2024-02-06,2024-06-06,738921.0,739042.0,0.9442671830805546,0.40268625245516015,0.09225729065939926,0.11214242615408718
2024-07-02,739068.3219068033,0.4852315654675551,14.748292896908385,0.20284431071175849,-0.005419697636800944,-0.005328599144835098,-0.005328385982405144,0.0000476620272932949,2024-02-13,2024-06-06,738928.0,739042.0,3.9282340089319048,0.033463340947814925,0.09225729065939926,0.19314530182097214
2024-06-09,739045.1601668225,0.3786813199943496,6.5968058984335185,0.13491651795652768,0.006867874141813903,0.009566802059129105,0.0005122126940717193,0.009553080120808622,2024-02-21,2024-06-06,738936.0,739042.0,3.718997294798034,0.04120934540990344,0.09225729065939926,0.19763190052331758
2024-07-24,739090.2734815221,0.010902728527232066,8.232044539784818,-0.4052088872421304,0.5472383947891976,0.05784116406974903,0.03350185497357335,-0.04715109727538995,2024-02-28,2024-06-06,738943.0,739042.0,1.4613759307026004,0.012530460234655894,0.09225729065939926,0.13946320315607
2024-07-09,739075.8185694193,0.63881034082521,13.89475977268912,0.14775002001489057,0.0010952325788120595,0.003202621363369975,0.0030497265355640645,0.000977727802299887,2024-03-06,2024-06-06,738950.0,739042.0,2.905431538752815,0.01572250178166318,0.09225729065939926,0.15560681511866822
2024-06-10,739046.60462971,0.8182975877819483,4.2293151578037875,0.11180256222924101,0.0030660165965116395,-0.0026167024122985,-0.0026020469994863242,0.00027655546820304334,2024-03-13,2024-06-06,738957.0,739042.0,1.998041560308151,0.22670515140484615,0.09225729065939926,0.11194445861490782
2024-07-04,739070.7196145757,0.09915496115431635,12.039463236539406,-0.4036246564099786,0.38149207808650604,-0.014352098709460772,-0.013295519833691411,-0.005404802467993056,2024-03-20,2024-06-06,738964.0,739042.0,2.5151727035532305,0.21891596520678472,0.09225729065939926,0.13375304677152303
2024-07-06,739072.6501306585,0.12594186047883807,4.832662781797699,-0.5812096192269637,0.4493718232409488,0.025713470389800593,0.014232610495578803,0.021415306627930685,2024-03-27,2024-06-06,738971.0,739042.0,0.9221244708419543,0.455437467584561,0.09225729065939926,0.04523215060983443
2024-06-26,739062.4301584889,0.6804630906858394,5.752379845201705,-0.03279438530506651,0.015510321756819184,-0.0031780513767676265,-0.003138320615433794,0.0005009533592240478,2024-04-04,2024-06-06,738979.0,739042.0,1.2881340847360525,0.5773204093323736,0.09225729065939926,0.03150512324682351
2024-06-19,739055.9592175345,0.2726143765128846,12.043834651922806,-0.18613011916918779,0.13343782534931126,0.009997973580822984,0.0015153756638497393,0.009882464890918975,2024-04-11,2024-06-06,738986.0,739042.0,3.0895031068936416,0.30210015020628495,0.09225729065939926,0.04892386023241066
2024-06-11,739047.8748547396,0.19724980268462106,11.140765026577911,-0.23058161984931383,0.21051680326643407,-0.013405632834698103,-0.005125451666159804,0.012387119799073379,2024-04-18,2024-06-06,738993.0,739042.0,3.961785825171171,0.27803598546014735,0.09225729065939926,0.04580133638936581
2024-06-09,739045.0262513409,0.3242523786848877,3.022457065537399,-0.01588686794744339,0.05909744543796953,-0.025498150147032182,-0.01460706280555283,-0.02089950662372756,2023-12-15,2024-06-07,738868.0,739043.0,2.150297443248183,0.2486469088798948,0.08322380556173133,0.21002746466349329
2024-07-04,739070.3084533546,0.470982578489726,8.512182273962948,0.06622677587865429,0.013428908642065219,0.005522557371386388,0.005518529442642273,-0.00021088553991321728,2023-12-22,2024-06-07,738875.0,739043.0,2.6653248089074384,0.13454402359701342,0.08322380556173133,0.4155276578598519
2024-07-09,739075.338221415,0.3747200706429655,3.9870209105837358,-0.1470485546281253,0.06246808308917747,-0.015855352469419964,-0.014081636781837914,-0.0072869546090209274,2024-01-02,2024-06-07,738886.0,739043.0,1.12143797576296,0.37028892268527885,0.08322380556173133,0.16144011700623595
2024-06-10,739046.2676587184,0.14213104304606275,5.359492417620992,0.009351721392281099,0.09170862354772649,-0.026097139645247628,-0.006292601464803758,0.02532713691811029,2024-01-09,2024-06-07,738893.0,739043.0,3.282399989622097,0.09319284026318435,0.08322380556173133,0.2353003113619921
2024-08-15,739112.0159637207,0.41113844433945845,9.357061066786164,0.13429906310588235,0.005107600372374519,0.008893698716482705,0.008786676596943786,-0.0013755694240155558,2024-01-17,2024-06-07,738901.0,739043.0,1.6643490616819112,0.025233826998692466,0.08322380556173133,0.12485909587419974
2024-06-12,739048.580235308,0.27293148035718123,4.5320178091635785,0.055574266256878176,0.04064247461602957,-0.021021231718020388,-0.0031928851564845327,-0.020777335423971168,2024-01-24,2024-06-07,738908.0,739043.0,2.32728620778071,0.1164351230932288,0.08322380556173133,0.1718187745179131
2024-07-01,739067.9966180844,0.9904962559810677,2.572853888654122,-0.14291317675668164,0.005292139045686868,-0.002924468567421681,-0.0029073331717351437,0.0003161174312907905,2024-01-31,2024-06-07,738915.0,739043.0,0.7418491666538517,0.6966618090908664,0.08322380556173133,0.13256149860029248
2024-06-08,739044.6243427866,0.7880623384931251,13.266677183897531,0.16080721879989238,-0.000029804582591695275,0.0011341960832361344,0.0011334685130828344,-0.000040618777406232104,2024-02-07,2024-06-07,738922.0,739043.0,9.129988166751469,0.0015609655276737923,0.08322380556173133,0.2687241639457392
2024-07-11,739077.5341487704,0.10562530342646828,2.1843415391034253,-3.461281594065381,2.260640237823979,-0.15475406386309462,-0.06180161013877463,0.14187805068578324,2024-02-14,2024-06-07,738929.0,739043.0,0.507173028226376,0.7063774324362783,0.08322380556173133,0.15282374431963017
2024-06-20,739056.1086601869,0.14646316901352943,12.962632363187456,0.1905896966211009,-0.018526196023499645,0.018712286571536087,0.016359756151774322,-0.00908339404571727,2024-02-22,2024-06-07,738937.0,739043.0,4.552700148527323,0.011186510064239333,0.08322380556173133,0.2190524112402167
2024-07-02,739068.759933808,0.9395041926550345,14.136288955918786,0.16971213036151503,-0.000094464170357952,0.0009410175666943803,0.0008612299519904614,0.00037920578927795904,2024-02-29,2024-06-07,738944.0,739043.0,3.5493143734367885,0.0066716413623845805,0.08322380556173133,0.15415670432075948
2024-07-18,739084.6232231248,0.7979507907854453,14.167057725321957,0.14330384011276504,0.0005947635742621358,-0.0013085440586667414,-0.0011711165494918564,0.0005837581528152879,2024-03-07,2024-06-07,738951.0,739043.0,2.629871789673682,0.025600736451655105,0.08322380556173133,0.17401392479513988
2024-06-14,739050.872004834,0.30342880375740916,9.435382014411598,0.06138090874244297,0.033771687483364184,-0.013525317248839428,-0.0033388898306147873,0.013106716651426108,2024-03-14,2024-06-07,738958.0,739043.0,3.7060292790031704,0.08029760975097004,0.08322380556173133,0.13316484540751664
2024-06-11,739047.6591268786,0.1254074265666967,9.712691409299229,-0.13942100478363287,0.2000537360422855,-0.023201998934948273,-0.01628830044437415,0.016523438601306374,2024-03-21,2024-06-07,738965.0,739043.0,4.445627571984071,0.11132813383821068,0.08322380556173133,0.09213547278263495
2024-06-13,739049.9920932973,0.5753870490591829,4.052866825437926,0.001350907059413214,0.022927468336943004,0.005600526443135009,0.00013551062731108468,0.005598886792045377,2024-03-28,2024-06-07,738972.0,739043.0,1.5557102125007887,0.5811991886623395,0.08322380556173133,0.037969165255320105
2024-07-02,739068.1359490061,0.010859493386840892,4.1395896593480295,-6.668319206143899,6.546502305512946,-0.04052704805310946,-0.01929995547939935,-0.03563640473437586,2024-04-05,2024-06-07,738980.0,739043.0,0.8265636172166977,0.423756746542321,0.08322380556173133,0.043822665339467735
2024-06-07,739043.5702711431,0.39756628991640797,13.87055663587837,0.03501195977427395,0.038763721144893105,-0.00130460944294999,-0.0008707019917474704,-0.000971536844489838,2024-04-12,2024-06-07,738987.0,739043.0,10.148468733864327,0.8516489317928008,0.08322380556173133,0.060049846737155056
2024-06-21,739057.7956898919,0.6829669158895743,6.504269165000503,-0.03130125467756937,0.01637543674063426,0.004233728030630157,0.0024941121417976935,-0.0034210901276465703,2024-04-19,2024-06-07,738994.0,739043.0,1.5127696282674588,0.40613563468616154,0.08322380556173133,0.021077415273968798
2024-09-01,739129.5866841241,0.8481829778509782,11.806928118103471,0.05348624379230555,0.0017430802176611718,0.0007022472939416052,9.682567743439064e-6,0.0007021805392704899,2023-12-18,2024-06-10,738871.0,739046.0,2.1221904498217685,0.17831173791684612,0.09584795879012784,0.4163480166966883
2024-06-11,739047.0814837394,0.755812742734538,4.039510234820273,0.12389628573064417,0.0026212700907350256,-0.0027329750178384333,-0.002187601391326931,0.0016381552431907853,2023-12-26,2024-06-10,738879.0,739046.0,3.2441877808944484,0.17945749744889924,0.09584795879012784,0.2260593280303761
2024-07-26,739092.560151008,0.18947670649527765,6.846075228199748,-0.04628787013900414,0.09199641328533857,0.027512743617675955,0.014926572939036362,-0.023111652508368944,2024-01-03,2024-06-10,738887.0,739046.0,1.6180293504720695,0.09254461532390025,0.09584795879012784,0.12442183268963987
2024-08-15,739112.7286740233,0.6404187823754027,3.7544287435428827,-0.608432801265083,0.03639603004098344,-0.00898247135758756,-0.0063075957174186835,-0.006395234785016294,2024-01-10,2024-06-10,738894.0,739046.0,0.7093929835277282,0.6911596375035871,0.09584795879012784,0.17563378002227206
2024-07-15,739081.6280351235,0.7910066991854825,8.911573506220622,0.14229315506567217,0.0005980103073238764,-0.0011314245177353281,-0.00038956719689306745,0.0010622423633227485,2024-01-18,2024-06-10,738902.0,739046.0,2.294496428980129,0.04691469010529859,0.09584795879012784,0.23155324128610766
2024-07-10,739076.831578557,0.14115112966406643,6.001369119813956,-0.14514084060350507,0.17242544265755577,0.03914494497882161,0.0371990405929845,0.012188441096237965,2024-01-25,2024-06-10,738909.0,739046.0,1.6184225868463196,0.10359998239550805,0.09584795879012784,0.11896854281322868
2024-07-18,739084.3625439157,0.9901522784883081,8.089865546133781,0.13940043323403697,0.0003167130730000377,-0.0005925872763806367,-0.00015884145712475735,-0.0005709019807521296,2024-02-01,2024-06-10,738916.0,739046.0,1.9043237932928083,0.06541454957064692,0.09584795879012784,0.17903189969967662
2024-06-24,739060.2843483612,0.5559201755913604,3.166082398425817,-0.018902699174428866,0.020526927408686314,0.009120703121651976,0.006128400232741148,-0.006754993413812507,2024-02-08,2024-06-10,738923.0,739046.0,1.1402649307070978,0.39517171275238494,0.09584795879012784,0.1441209114471894
2024-08-05,739102.2719044785,0.014967476275100425,14.925112076443643,0.11072742055564437,0.04707271575442892,-0.037941830986754695,-0.028163315496936715,0.025424598302578212,2024-02-15,2024-06-10,738930.0,739046.0,2.657790441808756,0.0012441763647619004,0.09584795879012784,0.2109546169832757
2024-07-10,739076.0071281702,0.14628214574585877,12.147605273514403,0.058576196731498005,0.052832988631920125,0.021036480656988904,0.004343075187917461,-0.02058327516076982,2024-02-23,2024-06-10,738938.0,739046.0,2.9500436714394254,0.030243548348303017,0.09584795879012784,0.21226117823461868
2024-07-02,739068.5449328134,0.9084807596734519,9.02934266608667,0.15505457684269075,0.0001706832674883335,-0.0007880395906652796,-0.00021138047867514897,0.0007591605164199242,2024-03-01,2024-06-10,738945.0,739046.0,2.4445826724535378,0.021792271981493347,0.09584795879012784,0.20405415766182766
2024-06-15,739051.0517088614,0.6099605776041316,9.528319891870401,0.125364435663688,0.003772312691425293,-0.004847887002330314,-0.0033805034265940353,0.0034747956731510394,2024-03-08,2024-06-10,738952.0,739046.0,4.512913912719717,0.04981276327329696,0.09584795879012784,0.14511629339544796
2024-07-07,739073.419790508,0.7206692460717731,3.4566148378563435,0.14017920848098714,-0.0006356398081875856,-0.0047046310821766595,-0.002072573720291754,0.004223504681344478,2024-03-15,2024-06-10,738959.0,739046.0,0.7859311652049802,0.028168940591691203,0.09584795879012784,0.05777341024576796
2024-07-02,739068.9957080144,0.25730258180672144,9.176186282292644,-0.13552417858250776,0.1086865218812637,0.004108971341987814,0.0040741968163464206,0.0005334470835517186,2024-03-22,2024-06-10,738966.0,739046.0,2.1897472399127706,0.7416935482362453,0.09584795879012784,0.12576211713597482
2024-07-11,739077.4689225273,0.5437090783165087,11.264311856520935,-0.09078664062374567,0.027840498696316513,-0.0030996368232416877,-0.003069130309672817,0.0004338059223240954,2024-04-01,2024-06-10,738976.0,739046.0,2.0988903056053116,0.4335389462348326,0.09584795879012784,0.06167021452119729
2024-06-19,739055.740476629,0.5737906529623545,6.701428848866407,-0.044256080237105505,0.02758255376489905,0.005741389627814881,0.004976487582299264,-0.002863237014569616,2024-04-08,2024-06-10,738983.0,739046.0,2.1444451176599717,0.41134243197906945,0.09584795879012784,0.02599369432880377
2024-06-23,739059.9501077994,0.4274233352341118,6.864162338537359,-0.14522978196903114,0.06496623054774574,0.009400811309336376,0.007101992950176389,0.0061592978016484605,2024-04-15,2024-06-10,738990.0,739046.0,1.7613764548644635,0.430321471146909,0.09584795879012784,0.025581897006999026
2024-06-23,739059.6009548844,0.041365001137800846,10.437176784152543,-2.724257689350232,2.494331412073659,-0.030812593765415362,-0.01567175174207584,0.026529457813669256,2024-04-22,2024-06-10,738997.0,739046.0,2.5359457523316054,0.3208306851898526,0.09584795879012784,0.028310322973347648
2024-08-04,739101.8650291403,0.24814726037274598,12.785293018416386,-0.2354352376680789,0.1270276079157084,0.00832245847652163,0.004659571552446084,-0.006895774651267394,2023-12-19,2024-06-11,738872.0,739047.0,2.915148353436883,0.29624107967946195,0.10476862454850713,0.5617125065105038
2024-06-11,739047.5300771899,0.4088203706796337,10.913075744034263,0.06460900188285186,0.021256263244267982,-0.0015682425403889427,-0.0008092631717612077,0.0013433085216422007,2023-12-27,2024-06-11,738880.0,739047.0,9.997241996769764,0.5077606574324862,0.10476862454850713,0.49262593857403947
2024-08-24,739121.348802368,0.5321346787083908,9.475834303488085,0.11988531288209876,0.00371418255326114,0.004636050741012428,0.0021800894626859343,0.004091476067133673,2024-01-04,2024-06-11,738888.0,739047.0,1.724944262288658,0.044990329045865814,0.10476862454850713,0.12435949783731394
2024-08-08,739105.7550286442,0.25137059410346413,9.727062093311233,0.08460539863083183,0.024629487387309846,0.01751538490267624,0.00783830850203029,0.015663640321326923,2024-01-11,2024-06-11,738895.0,739047.0,1.977431440210613,0.03633862338280262,0.10476862454850713,0.17553708608462332
2024-08-11,739108.382038,0.7572157015833492,3.2969428819162,-0.6683536275765175,0.023802853415584968,0.0073083266391258,0.0006718919712834397,0.0072773758624301394,2024-01-19,2024-06-11,738903.0,739047.0,0.6337387351035811,0.7480304211222614,0.10476862454850713,0.16472501683882357
2024-06-25,739061.2785866143,0.6504137121234602,12.5597052617093,0.15185050595094293,0.0005354074456484515,0.003102068424359102,0.0008988072921416309,-0.0029690021827204487,2024-01-26,2024-06-11,738910.0,739047.0,4.718220283725864,0.008938060169176955,0.10476862454850713,0.19673223116908362
2024-06-27,739063.7953087916,0.34368102358914104,7.325790175881785,0.09634956805620862,0.016252946945521374,0.01018457888359563,0.008905019049627177,-0.004942295292873456,2024-02-02,2024-06-11,738917.0,739047.0,2.5276781574491434,0.07486694624656191,0.10476862454850713,0.236052496945565
2024-06-16,739052.8577460829,0.9193360796673378,10.19040769491868,0.15776699856963697,0.0000689575355531227,0.001114595005560496,0.0009519557001847899,-0.0005797433667633365,2024-02-09,2024-06-11,738924.0,739047.0,5.013059382016044,0.00558145444368944,0.10476862454850713,0.1649442433790951
2024-06-14,739050.6506532769,0.7674795693617864,9.973811693898618,0.1550834703045365,0.00028365049416047554,-0.002301031964938305,-0.0004847476814046996,-0.002249392760066726,2024-02-16,2024-06-11,738931.0,739047.0,5.539437590212811,0.009485638105575818,0.10476862454850713,0.16111911267700219
2024-07-17,739083.4560536473,0.9087174228988273,3.2494934900637995,-0.025247176334576515,0.0030364891364037033,0.0020049924961449404,0.001258412126067514,0.0015608952016595344,2024-02-26,2024-06-11,738941.0,739047.0,0.7048684781974192,0.4235182834707587,0.10476862454850713,0.09994628164774753
2024-06-29,739065.0100705223,0.9657724272193027,8.386054478807125,0.14907852130598545,0.00023996966793097757,0.0006681757416509628,0.00004225092847527468,-0.0006668385717501585,2024-03-04,2024-06-11,738948.0,739047.0,2.497629081322956,0.04136021321289011,0.10476862454850713,0.20424202939079014
2024-06-27,739063.8879548528,0.8866285391117488,10.016852430311923,0.1386172313799253,0.0006331233152329816,0.0009868375432638878,0.000955809220057763,-0.0002455138929830177,2024-03-11,2024-06-11,738955.0,739047.0,2.971199331252583,0.056787542424213404,0.10476862454850713,0.18319092982557425
2024-07-04,739070.8849611992,0.06304197731277374,2.2356636770192764,4.982511239086919,-3.8066602343361393,-0.1949212042178918,-0.15988157224731703,-0.11149959062471498,2024-03-18,2024-06-11,738962.0,739047.0,0.5397895404580219,0.5506915151072018,0.10476862454850713,0.055949729853041814
2024-07-03,739069.7980212737,0.8306825736419807,13.669475268277925,0.08398589352218432,0.0028841850914006592,-0.0009685210233117025,-0.0005475353277163141,-0.0007988980144544959,2024-03-25,2024-06-11,738969.0,739047.0,3.2338570149411083,0.18096614357674506,0.10476862454850713,0.09965871833991813
2024-06-29,739065.6285273051,0.24202947950900439,11.35455362162728,-0.2407045572028153,0.1614253710347179,0.009431080400204397,0.004255826671181761,0.008416247195750461,2024-04-02,2024-06-11,738977.0,739047.0,2.8186936634790105,0.36484512470598546,0.10476862454850713,0.05729697387274777
2024-06-16,739052.1658106183,0.5435295419917522,9.742659880142313,0.011573078937038028,0.02388980659824337,-0.005391793646975511,-0.0015119156044645936,-0.005175475817404803,2024-04-09,2024-06-11,738984.0,739047.0,4.000344220239754,0.24718663402109445,0.10476862454850713,0.04072075951638364
2024-07-03,739069.1966418152,0.43537642443334634,12.745852898614979,-0.16447451431501176,0.06191549763280803,0.007751198899193304,0.004386000402561333,0.006390937712385194,2024-04-16,2024-06-11,738991.0,739047.0,2.554543506856485,0.2728515925931316,0.10476862454850713,0.03187389381312687
2024-06-14,739050.9102885133,0.2947440063729781,7.0649356245707855,-0.09162167389323171,0.09853142803481689,0.014102441591226754,0.013933270919549146,0.002177801716504109,2024-04-23,2024-06-11,738998.0,739047.0,2.9290975970196755,0.2914856915872432,0.10476862454850713,0.030481498450663773
2024-07-06,739072.4315496798,0.32227329831649026,3.4141413581858955,-0.2666859383987322,0.11160459958814953,0.024243295967975604,0.018184979050899323,0.016032589819153207,2023-12-20,2024-06-12,738873.0,739048.0,1.1408730348839742,0.4345434974695285,0.1275966571047081,0.2641937185609852
2024-07-22,739088.5490709421,0.5222838924912582,11.962864283972243,0.06159734798143596,0.009712800513341733,0.0032263073487439555,0.0027061396738216207,-0.0017566636486043264,2023-12-28,2024-06-12,738881.0,739048.0,3.1088724841955813,0.13143474536117208,0.1275966571047081,0.3685815360975134
2024-07-02,739068.237129602,0.3500215524011681,4.878237975693794,0.02156013927111773,0.0344085058817458,0.015068792752654695,0.008064013362042623,0.012729501306777758,2024-01-05,2024-06-12,738889.0,739048.0,1.6934670212529175,0.16383970551735555,0.1275966571047081,0.13167068153735695
2024-08-02,739099.842222918,0.5703792868165326,4.310880819937248,-0.2292928487331676,0.02823956806986061,0.007310653893708322,0.0072188430147504465,-0.0011549744075005858,2024-01-12,2024-06-12,738896.0,739048.0,0.9393651277018848,0.511092556009214,0.1275966571047081,0.17906637188545182
2024-06-22,739058.9804656479,0.053392305511378094,11.68424352310016,-0.1723507043295619,0.2700598692530204,0.042775079753596804,0.03124494549006919,0.029214051914261605,2024-01-22,2024-06-12,738906.0,739048.0,4.8985576441542955,0.028850098449540125,0.1275966571047081,0.20667391812383332
2024-07-13,739079.796033572,0.14767170890318185,9.582151807229227,-0.009006313204862004,0.08989641465211633,0.01810268401638548,0.008621537367015129,-0.015917797021769698,2024-01-29,2024-06-12,738913.0,739048.0,2.5276586018821106,0.07653034197077879,0.1275966571047081,0.2679917866124984
2024-07-07,739073.5256477055,0.42429865173789316,11.482712290360084,0.11347791855837192,0.007414711977938767,0.007093748451002845,0.0006712179521454425,0.0070619213778420845,2024-02-05,2024-06-12,738920.0,739048.0,3.2789256583782183,0.03862297029059458,0.1275966571047081,0.21597624852215988
2024-08-11,739108.2159985637,0.22693515796036895,12.854728897258143,0.06483120968330355,0.032405867581864096,0.008638470869761801,0.0010133124879301576,-0.008578833065722163,2024-02-12,2024-06-12,738927.0,739048.0,2.254066614650634,0.0662255604431002,0.1275966571047081,0.2736982290832472
2024-07-08,739074.753077984,0.4896565058915924,11.895698929866667,0.1315531757476911,0.0032452311364094375,-0.005067007290551449,-0.004552543750572793,-0.002224614187139456,2024-02-20,2024-06-12,738935.0,739048.0,3.1299885157419425,0.026363051022841307,0.1275966571047081,0.2040614547003832
2024-07-30,739096.3135254355,0.22054571991998634,14.385488201701701,0.09490798320545951,0.023245559263196495,0.01436861638373817,0.007863537143278353,-0.012025885430159004,2024-02-27,2024-06-12,738942.0,739048.0,2.6587638270180842,0.02480270672253461,0.1275966571047081,0.2127964526268496
2024-07-09,739075.234882029,0.9941888529415204,2.1156763239870893,0.1646409689962287,-0.00204133582445569,-0.0027716809935465756,-0.002570004105305819,0.0010379279496663387,2024-03-05,2024-06-12,738949.0,739048.0,0.5164097210639691,0.3460914552450679,0.1275966571047081,0.07098151478870489
2024-07-26,739092.0601050998,0.23352035046430847,2.509580610655488,2.6987070631747443,-0.9667609491135489,0.13482468115176638,0.11474310899185224,-0.07079345722988381,2024-03-12,2024-06-12,738956.0,739048.0,0.4503539891323906,0.6672264912313063,0.1275966571047081,0.05991034162667521
2024-07-08,739074.7237246179,0.9627986679433853,11.365669276743121,0.11260949643258007,0.0009408277353774991,0.00035343018163973354,0.0003212819129748999,0.00014727805569426795,2024-03-19,2024-06-12,738963.0,739048.0,2.5875939715643828,0.22550020657270556,0.1275966571047081,0.1627143951392511
2024-06-28,739064.4310145554,0.536048588355749,11.740985255883603,0.03747853827189118,0.01601487614779598,0.0022404567273337007,0.0003292798475739187,0.0022161275073958467,2024-03-26,2024-06-12,738970.0,739048.0,3.2676814063667186,0.3263522701755562,0.1275966571047081,0.09363538558899592
2024-06-29,739065.2119940827,0.7409060278665757,12.204019718912722,0.04039188140430143,0.007284158745220519,-0.001198997490722528,-0.00033725504268618256,-0.001150588553281172,2024-04-03,2024-06-12,738978.0,739048.0,3.1518877474523608,0.36882585269109563,0.1275966571047081,0.06338269760655457
2024-07-10,739076.993468984,0.7722188663721179,5.138303559173135,0.05376828511715331,0.004285232393353939,-0.002235727389163233,-0.0019240915008505311,0.0011385731662960433,2024-04-10,2024-06-12,738985.0,739048.0,0.9442546158078424,0.2880555067178169,0.1275966571047081,0.04138080487635594
2024-06-26,739062.8526148893,0.2139437599238379,11.155999521415286,-0.3888272861468558,0.2531888733449231,0.0183700944426208,0.015188619224917434,-0.010332773871099479,2024-04-17,2024-06-12,738992.0,739048.0,2.7741379802318766,0.2643165543500809,0.1275966571047081,0.03252219827111018
2024-06-26,739062.9507561997,0.22802069530769314,4.455418613215986,-0.06037596157634063,0.0897427016729399,0.026663439143957298,0.002111945547815122,-0.026579666532644465,2024-04-24,2024-06-12,738999.0,739048.0,1.0305742843525796,0.17225376570083153,0.1275966571047081,0.025318378068437314
2024-07-14,739080.6619733847,0.8677204710260096,14.745254435482602,0.06472406614547253,0.002075520159586298,-0.0003006041892677908,-0.00010291422565127552,-0.00028243856104282936,2023-12-21,2024-06-13,738874.0,739049.0,4.402484654751188,0.40631186046645773,0.1223747131235564,0.5289635943640385
2024-07-23,739089.9819904787,0.3527632304003528,14.341294596514366,-0.01904733878811458,0.03693766157580116,0.006146364733441891,0.0009607346759335389,-0.006070814469159565,2023-12-29,2024-06-13,738882.0,739049.0,3.707487998037021,0.1478243654835884,0.1223747131235564,0.349478205396633
2024-08-28,739125.1377982962,0.9846133441448763,3.609054879346753,-0.4053734320429188,0.00484204764750678,-0.0017077556215300998,-0.0016076561461481362,-0.0005760824408188293,2024-01-08,2024-06-13,738892.0,739049.0,0.6428011357791884,0.7735271586904685,0.1223747131235564,0.2039318067560011
2024-06-24,739060.2574002952,0.8796057939258526,11.006209464635454,0.1505707235011145,0.0002490737848752839,-0.001110995279512373,-0.0005707023920266866,-0.0009532099930412993,2024-01-16,2024-06-13,738900.0,739049.0,4.652067467267127,0.017917033847565687,0.1223747131235564,0.18363535931100947
2024-08-07,739104.7726947154,0.8243614148049838,9.850796275602386,0.13445328825562575,0.00057094627830652,-0.0010053252188276574,-0.0001923258789623461,0.0009867570885948775,2024-01-23,2024-06-13,738907.0,739049.0,1.9845781750659477,0.047526407532124094,0.1223747131235564,0.18738598166765072
2024-08-08,739105.5741896065,0.4397625141302596,8.771160618835378,0.07558132505131553,0.011777141164794395,-0.008462344432624584,-0.008053667175602281,0.0025980220016386824,2024-01-30,2024-06-13,738914.0,739049.0,1.7027000638754244,0.069776683846012,0.1223747131235564,0.1257986198663634
2024-07-29,739095.9526325184,0.047919148483639,10.206197683352038,-0.5755148307361779,0.5896066737529171,-0.02742887714108183,-0.02577626175949137,0.009376973441721172,2024-02-06,2024-06-13,738921.0,739049.0,2.136653104722027,0.10092516721678248,0.1223747131235564,0.2653283599636569
2024-08-02,739099.6999288903,0.4006007983817258,9.131082983227625,0.0699657736527935,0.014633977063606774,-0.009030877211848353,-0.005060763833437317,-0.007479666612734467,2024-02-13,2024-06-13,738928.0,739049.0,1.7727175334790526,0.07109219990189249,0.1223747131235564,0.17081076655926355
2024-06-29,739065.3278577474,0.6808312642456887,14.787566533954246,0.16869096290454683,-0.000871821554995865,-0.001658011846196477,-0.0015657041745872444,0.0005455031803829615,2024-02-21,2024-06-13,738936.0,739049.0,4.87054608705987,0.02420932898286857,0.1223747131235564,0.22923871980681407
2024-08-01,739098.8419405735,0.1785810467031548,11.878035521053443,0.13454575918276754,0.009688103972103372,0.009255101886479202,0.007912857442437367,-0.004800374779616117,2024-02-28,2024-06-13,738943.0,739049.0,2.1550833520161583,0.0157379561635926,0.1223747131235564,0.253289861302766
2024-06-17,739053.4562813751,0.5291060013380747,13.86635245735053,0.1313898675775657,0.0034892625123883066,-0.004081816955750858,-0.004020180927909669,0.0007066646779955492,2024-03-06,2024-06-13,738950.0,739049.0,6.940330600561609,0.032618243590178106,0.1223747131235564,0.2262617345833158
2024-07-12,739078.4250208727,0.2544313949608988,2.90559087959083,0.9787330333477816,-0.3049268131059962,0.06075041201201952,0.054449262794682415,0.026942352175445612,2024-03-13,2024-06-13,738957.0,739049.0,0.6554851135187085,0.43952402837421717,0.1223747131235564,0.058012252450621374
2024-06-20,739056.9396852631,0.476432048376246,9.899267131132406,0.07904901556809395,0.014239558050052305,-0.004459374600977057,-0.00045470809414266535,-0.004436131465698513,2024-03-20,2024-06-13,738964.0,739049.0,3.875894026137387,0.15368110634543422,0.1223747131235564,0.1292493992567327
2024-06-28,739064.9918707622,0.06956643401188868,10.241862786759318,-1.0105201318019812,0.9037808641380756,-0.014059648271664903,-0.013640325787163007,0.00340811119874129,2024-03-27,2024-06-13,738971.0,739049.0,2.8870145999618866,0.4366258803911889,0.1223747131235564,0.07713471692227244
2024-06-25,739061.4038513675,0.5116429823162841,3.006970727809633,0.09565218103882338,0.007040240323889177,0.009033032498457069,0.007615518737754785,-0.004857936853550828,2024-04-04,2024-06-13,738979.0,739049.0,0.9062402489659792,0.13261472010851608,0.1223747131235564,0.048296720927931865
2024-06-19,739055.6208239209,0.687559621201849,4.488859627987365,0.0307420622883611,0.011496730601529349,-0.003510784117418678,-0.00280167791238194,-0.0021157046094363967,2024-04-11,2024-06-13,738986.0,739049.0,1.680928614421803,0.5015850328523535,0.1223747131235564,0.03698773387676943
2024-07-08,739074.1558401263,0.5616488357590838,9.553857180415758,-0.12345062637751789,0.031236305642885417,0.005070201214870352,0.002679021377347066,0.004304623655906545,2024-04-18,2024-06-13,738993.0,739049.0,1.7809840927152458,0.3621767663747238,0.1223747131235564,0.02956859739869546
2024-06-15,739051.0461172502,0.5277253665021845,14.28593433446718,0.015397883377768462,0.027356635314383395,-0.003015432597143266,-0.00014292487545316548,0.003012043530211815,2024-04-25,2024-06-13,739000.0,739049.0,7.31393144265096,0.33512928218550625,0.1223747131235564,0.05208557413411936
2024-07-01,739067.1263143256,0.785000795917316,4.391994413066084,0.08201194601229927,0.003354078253816267,0.002372329645873398,0.0009533177424427661,-0.002172356607611565,2023-12-22,2024-06-14,738875.0,739050.0,1.6898767257039162,0.252700716276619,0.12585903720616728,0.1880233013522081
2024-08-05,739102.0990183353,0.9015263722092679,5.384549756953762,0.03947564676117366,0.0019529764210468137,0.0009199671703447983,0.0004066131269838694,-0.0008252304886979243,2024-01-02,2024-06-14,738886.0,739050.0,1.2191284470389787,0.3554296971435806,0.12585903720616728,0.18531544330865105
2024-07-24,739090.663413242,0.027661780451294422,11.36886615714655,-1.2211966199120483,1.2238053229231332,-0.03218443115022135,-0.027018255314721414,0.017488610242436826,2024-01-09,2024-06-14,738893.0,739050.0,2.861107830637802,0.09251869039428658,0.12585903720616728,0.2897635014991238
2024-07-14,739080.3532134445,0.1912621811319984,2.1992941122241403,-1.4789375779666876,0.7155336253120161,-0.08053764751845544,-0.018344154725723014,0.07842069022398171,2024-01-17,2024-06-14,738901.0,739050.0,0.6218098362992088,0.7726394879312107,0.12585903720616728,0.25985299544801693
2024-06-26,739062.0159757001,0.6179033351967725,10.622234544244645,0.1386583479966687,0.001506282223378545,-0.003475794273014578,-0.002800451513806242,0.0020587902144563602,2024-01-24,2024-06-14,738908.0,739050.0,4.312366922645031,0.02520907673116763,0.12585903720616728,0.18598686790261515
2024-08-19,739116.2023015805,0.2858203888338176,10.621338868853423,0.05311561986957701,0.027753926189683517,0.014179249045072834,0.01417461179766556,0.0003626070430633928,2024-01-31,2024-06-14,738915.0,739050.0,1.8790841723520897,0.05267264642463707,0.12585903720616728,0.1771690646954185
2024-08-05,739102.5497652965,0.95694973257312,3.636862392474434,-0.2373957031144564,0.0049371119812376815,-0.001953272397478984,-0.0018566775563414015,0.0006066477647955368,2024-02-07,2024-06-14,738922.0,739050.0,0.7144118746462693,0.6650777536761412,0.12585903720616728,0.17734214403936432
2024-06-25,739061.3381223322,0.7145527021461596,4.524431339496548,0.0667474754002124,0.005790530245329363,0.004219028819492688,0.002340057496709304,-0.0035106032375938536,2024-02-14,2024-06-14,738929.0,739050.0,1.7693867876844398,0.2167584847006754,0.12585903720616728,0.09953852231794162
2024-07-15,739081.2793201875,0.5896805925676364,2.521677596229313,0.09104057946817136,0.0009604945549996506,-0.007879618873201854,-0.0020020814388571227,-0.007621027719350106,2024-02-22,2024-06-14,738937.0,739050.0,0.6135622768791692,0.028504732521797166,0.12585903720616728,0.13052369262985528
2024-06-15,739051.960269143,0.9277750990374145,11.999142058317108,0.15181072513279523,0.00020013750976380316,0.0010922776509636391,0.0006711368963749248,0.0008617689557641761,2024-02-29,2024-06-14,738944.0,739050.0,7.655470342995491,0.014167328405538842,0.12585903720616728,0.19026102366250128
2024-06-20,739056.7059394552,0.321150055185836,9.155254036507687,0.09489647093898979,0.018338341480585576,0.011950781124387275,0.00013269689400792958,0.011950044393948096,2024-03-07,2024-06-14,738951.0,739050.0,4.018208112782738,0.053827147379888626,0.12585903720616728,0.19003451024004003
2024-07-01,739067.3792050409,0.7178802835342523,13.310452697375274,0.10321248435926676,0.003342412239256589,-0.0024487001027528907,-0.0016383366218149587,0.0018198860697422705,2024-03-14,2024-06-14,738958.0,739050.0,3.8969398947721356,0.07361793187384957,0.12585903720616728,0.12200646083784782
2024-07-12,739078.8445897172,0.266780944323813,12.968350803133205,-0.09221720913907387,0.08473522840536052,-0.004901984003038773,-0.003757336160990125,0.003148312586031449,2024-03-21,2024-06-14,738965.0,739050.0,2.833658616636158,0.35560034225997944,0.12585903720616728,0.13790226915107673
2024-07-22,739088.7689404361,0.3180115870329974,8.123297713801854,-0.2969628690755486,0.12095842062954772,-0.010268307224071271,-0.008935500880670693,-0.005059145902170397,2024-03-28,2024-06-14,738972.0,739050.0,1.4254818868273242,0.4611559616985546,0.12585903720616728,0.041138249610280724
2024-06-25,739061.4177428174,0.04993096076310889,6.588294584105946,-1.6930964962518256,1.5539777685331286,0.02482696550586682,0.023243656041284203,-0.00872414294151427,2024-04-05,2024-06-14,738980.0,739050.0,2.059816461486436,0.4743709371929587,0.12585903720616728,0.055044786378233686
2024-07-14,739080.6408291595,0.9099780958443568,2.136651414845703,0.963395168118556,-0.027074744256244277,-0.014091540269414107,-0.013583469708810674,-0.0037497810381864013,2024-04-12,2024-06-14,738987.0,739050.0,0.3798907534657067,0.8182823066997285,0.12585903720616728,0.04219061896106745
2024-06-16,739052.1364243346,0.4451216408148361,14.745958239143285,0.019749826771923776,0.0331503275919242,-0.0029320444908558447,-0.000880864674263,-0.002796598348349947,2024-04-19,2024-06-14,738994.0,739050.0,7.753330961483868,0.341289540012738,0.12585903720616728,0.0690749087100459
2024-06-17,739053.6104518892,0.24543395405579088,10.971958073854195,-0.14857485314184007,0.14147473450411144,-0.013959825856842674,-0.01064494658505668,0.009031159956210687,2024-04-26,2024-06-14,739001.0,739050.0,4.678323564579907,0.22669888894265722,0.12585903720616728,0.05069013988994357
2024-08-23,739120.2047867989,0.7831446204176948,3.285758787000148,-0.5531788808938632,0.016894100958802987,-0.0051667179859248066,-0.0007364940652889834,0.005113956515054954,2023-12-26,2024-06-17,738879.0,739053.0,0.6682720582669526,0.7793393752641016,0.11536943053514773,0.2590143923492149
2024-07-05,739071.632859645,0.8855231169437503,11.436539199360155,0.12825391396588756,0.0007056912214685095,0.0007713456275681007,0.00015195729413396294,0.0007562295008315342,2024-01-03,2024-06-17,738887.0,739053.0,4.174482429721317,0.07083876370960844,0.11536943053514773,0.24677542735385968
2024-08-05,739102.8202820368,0.6328345444191662,14.127080104368904,0.10382931297907648,0.0029992912902703146,0.0020731870183313184,0.00029716992109296857,-0.0020517783630244024,2024-01-10,2024-06-17,738894.0,739053.0,3.2220660089338993,0.06480640577755761,0.11536943053514773,0.25041768370473505
2024-07-18,739084.5562211097,0.6689167101119425,9.12775062066556,0.1251435174965282,0.001772672615348725,-0.001938093558613066,-0.0019368210085847525,-0.00007022124067688241,2024-01-18,2024-06-17,738902.0,739053.0,2.549952800217834,0.06702889755077855,0.11536943053514773,0.23861990355309282
2024-07-07,739073.622967609,0.4152729574076154,14.055965706729744,0.11215676257897512,0.007705306979666778,0.007949772878861365,0.0036429896193316902,0.007065940521892416,2024-01-25,2024-06-17,738909.0,739053.0,4.646972427785963,0.028635725212968657,0.11536943053514773,0.20545389702905584
2024-06-21,739057.8750699906,0.1655343529134297,6.7238424335579365,0.00886622811690007,0.07920449173044934,-0.020962651905305118,-0.017219265513278854,0.011955319740023592,2024-02-01,2024-06-17,738916.0,739053.0,3.607216798196967,0.09301954191981127,0.11536943053514773,0.2427482270957487
2024-06-20,739056.6616859748,0.7590682272552978,3.7203203744771702,0.063653635468041,0.005681270805552613,0.004054610590460084,0.0006595898605999058,0.004000600986859957,2024-02-08,2024-06-17,738923.0,739053.0,2.130040084430948,0.28588858376389903,0.11536943053514773,0.1064109586465213
2024-06-19,739055.9277436523,0.3962335353260086,13.15550693527155,0.1469700601650888,0.0013420352708922207,0.0064250154600507545,0.005879310701539252,0.0025912408874238673,2024-02-15,2024-06-17,738930.0,739053.0,7.875643373709138,0.006291198589435861,0.11536943053514773,0.23111966794347055
2024-06-22,739058.8408472759,0.40014821787182375,9.418872476246118,0.10478803197697925,0.01068048223344833,-0.008903581303407782,-0.008831723299032859,0.0011289037141017687,2024-02-23,2024-06-17,738938.0,739053.0,4.541550269947113,0.05096219240481619,0.11536943053514773,0.19748631343185538
2024-06-23,739059.3711976887,0.020408143430977303,4.419595868799885,-1.4899355499766267,1.5235184370681751,0.05827571382370648,0.00712597150330526,-0.05783838994817032,2024-03-01,2024-06-17,738945.0,739053.0,2.031182842350468,0.12072050715556229,0.11536943053514773,0.12501675997186948
2024-07-09,739075.0953976659,0.10310037869412828,12.989777065523283,-0.1181997942424511,0.1800152476712642,-0.02606252272657032,-0.018450692166491558,0.01840725534810558,2024-03-08,2024-06-17,738952.0,739053.0,3.550924270814303,0.05482156182846305,0.11536943053514773,0.18877658221586271
2024-07-04,739070.1050756192,0.37245002184820414,13.179199674372535,0.03155529670178747,0.028998993881231682,-0.009059274602208416,-0.005062997169542453,0.007512424108064157,2024-03-15,2024-06-17,738959.0,739053.0,3.9246997101657226,0.09046247642182245,0.11536943053514773,0.12891586381542292
2024-06-25,739061.3410941123,0.6041096154413564,12.4360396000766,0.08204269576843455,0.008322996148529401,-0.0032444068363039363,-0.0029722971774446758,-0.0013006249299510337,2024-03-22,2024-06-17,738966.0,739053.0,4.821998007984319,0.1246172140343026,0.11536943053514773,0.09766023257559624
2024-06-17,739053.1071892506,0.4057416074959813,14.007699752438672,0.03807133123500329,0.03200223469499967,-0.0032752429655221764,-0.0003120273393996455,0.003260345905371038,2024-04-01,2024-06-17,738976.0,739053.0,14.665751341642737,0.28302154961786524,0.11536943053514773,0.07958554048982583
2024-07-13,739079.4909954439,0.6796926078167173,10.400054934964048,-0.07052790872086608,0.015083400254369612,0.002693622210980423,0.0016698941435136388,-0.002113540670284325,2024-04-08,2024-06-17,738983.0,739053.0,2.1396117410823035,0.36596494270418584,0.11536943053514773,0.03629331371367085
2024-06-27,739063.8084965324,0.560565389604807,4.794372028772241,0.02700040652018742,0.01522826550035922,0.006773449170360771,0.0066898599270593835,-0.0010608429760270964,2024-04-15,2024-06-17,738990.0,739053.0,1.4659230510883683,0.26286642153883377,0.11536943053514773,0.029244848342939035
2024-06-26,739062.2933656176,0.2927658838760184,14.475710722447017,-0.1847513821280522,0.12226975290173248,0.012203150051536129,0.011414152631581588,-0.004316710655495145,2024-04-22,2024-06-17,738997.0,739053.0,4.491622415588421,0.20264115594544654,0.11536943053514773,0.05028713140689212
2024-06-27,739063.655986579,0.11482335257501888,4.093089680892184,-0.3594731267701328,0.33683929998923523,-0.035396327052739915,-0.029461893330143762,-0.019618787175250098,2024-04-29,2024-06-17,739004.0,739053.0,1.1220797554955986,0.26695835636875653,0.11536943053514773,0.02530954892065239
2024-07-15,739081.4727397115,0.06778849265762689,4.630073708318123,-1.0598686200466783,0.9194137219370118,0.05176087195364588,0.04603350798976837,0.02366651659111783,2023-12-27,2024-06-18,738880.0,739054.0,1.4682419093879198,0.26006234221804714,0.09405423633610091,0.2655401882023688
2024-08-25,739122.4111694274,0.7314783056543405,11.532439828046197,0.10179261770429802,0.0016548586925037528,0.0013592325488191643,0.0006855112164478507,-0.0011737067324905442,2024-01-04,2024-06-18,738888.0,739054.0,2.260424797117863,0.07722313039890553,0.09405423633610091,0.21086771383241576
2024-08-20,739117.0198911425,0.16515652228067326,13.18026053354891,-0.16048152858325776,0.14587039095967017,0.014525282991382121,0.009425557166824281,0.011051819672554477,2024-01-11,2024-06-18,738895.0,739054.0,2.6416729186173415,0.12583871616693196,0.09405423633610091,0.29511111233601056
2024-08-04,739101.7658313024,0.22986541016323808,9.111398536823547,-0.030578485169370073,0.06560002729338966,-0.018552082372627194,-0.009887942115475964,-0.015697399819133782,2024-01-19,2024-06-18,738903.0,739054.0,2.067611394483803,0.08920720592667163,0.09405423633610091,0.18260197335067813
2024-06-23,739059.6639251135,0.7358830458253801,6.501953575536583,0.12778623467532932,0.0017184861382711246,-0.0020879190083798434,-0.000326445407580975,0.002062241300484296,2024-01-26,2024-06-18,738910.0,739054.0,3.3882790263793043,0.09315310129607059,0.09405423633610091,0.21111123889784644
2024-08-13,739110.6699008095,0.5298990109213467,10.502700842461653,0.07658981497143129,0.006710187176082694,0.004050940933420118,0.0026445590769110113,-0.003068620167890813,2024-02-02,2024-06-18,738917.0,739054.0,2.0541960673708,0.08357393240211086,0.09405423633610091,0.2030098933423528
2024-07-30,739096.3621314571,0.6780221522768218,2.087083860644468,-0.6632894513935857,0.0396290785690496,-0.0146618083450591,-0.0002238992598280435,0.014660098671860773,2024-02-09,2024-06-18,738924.0,739054.0,0.4661479891078091,0.8780725890020525,0.09405423633610091,0.2264546768420402
2024-07-10,739076.4356874734,0.24169313136526555,4.3716636439725125,-0.006319428703269418,0.05952817441880756,0.022757769452492596,0.020216135319679945,-0.010451025939552262,2024-02-16,2024-06-18,738931.0,739054.0,1.3004540655646255,0.14461403338396053,0.09405423633610091,0.10668704228034138
2024-07-15,739081.8383918022,0.049746941152680316,4.600097791640657,-0.05153325716670212,0.1657580416224589,0.055552312934791494,0.02623024545043215,0.04896972223747125,2024-02-26,2024-06-18,738941.0,739054.0,1.1869242127326642,0.03226798000050033,0.09405423633610091,0.09039042579726603
2024-07-20,739086.6149582058,0.31739598924472806,9.389270841543905,0.07720122639830561,0.019776437053541696,-0.007735327323934853,-0.0015331653273405708,-0.007581866055757903,2024-03-04,2024-06-18,738948.0,739054.0,2.1622166821397877,0.08642490745852657,0.09405423633610091,0.23885264850474847
2024-06-21,739057.8541588703,0.9963088242464491,5.894137778365439,0.11787159122512819,0.0009566479544522226,0.0009189994583262779,0.00016686700888499348,-0.0009037230802351833,2024-03-11,2024-06-18,738955.0,739054.0,3.0808079372960795,0.1759586353682376,0.09405423633610091,0.15791762462349118
2024-06-21,739057.4154461258,0.5004757287554139,5.097689924085341,0.05088716705188003,0.017933193557955574,0.006837747379423751,0.004375247833225767,0.0052547117544799364,2024-03-18,2024-06-18,738962.0,739054.0,2.701649207034166,0.25748633736895327,0.09405423633610091,0.10567968014232398
2024-07-23,739089.4735833368,0.7940553527649283,14.034927871082443,0.045926239996343855,0.0038743772219173396,-0.00020831300354591653,-0.00017998233043374737,0.00010488407018207485,2024-03-25,2024-06-18,738969.0,739054.0,2.7310503296878124,1.0522673970062457,0.09405423633610091,0.12384766001015148
2024-06-28,739064.6951164098,0.5855484210455121,7.387739758214735,-0.00773432410763667,0.01943857618548356,-0.003692022385657885,-0.0033144597042499254,-0.001626464314118953,2024-04-02,2024-06-18,738977.0,739054.0,2.4739661838514815,0.4173028503862076,0.09405423633610091,0.05214657995040914
2024-06-25,739061.5332110359,0.22421967529871695,14.082166707138581,-0.17172135993745102,0.1486842239280437,-0.009347023289763631,-0.003146562745001787,-0.008801476425643063,2024-04-09,2024-06-18,738984.0,739054.0,5.225208312869689,0.2532770292412735,0.09405423633610091,0.06580092942229132
2024-07-10,739076.9250012174,0.49471842439572267,7.502981740858488,-0.09272221436717674,0.034728311153161114,0.006906974234729332,0.0060350212104319165,-0.0033592874346878568,2024-04-16,2024-06-18,738991.0,739054.0,1.5777491627649276,0.3315278545944376,0.09405423633610091,0.025400840158204777
2024-07-11,739077.6063885243,0.18100813566932542,11.067037676981942,-0.5623740275246304,0.3551129536935825,-0.012619835204889348,-0.00045648815711163003,0.01261157639476449,2024-04-23,2024-06-18,738998.0,739054.0,2.1410853714322595,0.46023488857374045,0.09405423633610091,0.05333271369853939
2024-07-02,739068.249264256,0.17877967080954862,14.850066240704539,-0.472120208014552,0.32843977524847284,-0.01608503530705865,-0.01371764014418887,0.008399685095517648,2024-04-30,2024-06-18,739005.0,739054.0,3.5224514674552236,0.24582354093591668,0.09405423633610091,0.04562129196361528
2024-06-30,739066.1458702012,0.960624682590933,14.892875364468829,0.10239082621863103,0.0009914075769980144,-0.00021348011279595028,-0.00020910844263648246,-0.00004298159812660032,2023-12-28,2024-06-20,738881.0,739056.0,6.883460937078361,0.29955046390042966,0.07043824326475939,0.4251512106203417
2024-08-17,739114.9467959412,0.7762098442934093,10.743787538389856,0.10548338991296421,0.001278049055586614,0.0011215352461261046,0.0008412153265065317,0.0007417533840527126,2024-01-05,2024-06-20,738889.0,739056.0,2.2975676926607664,0.08232966193934813,0.07043824326475939,0.21126451176887176
2024-08-16,739113.1729442988,0.12452418532362478,2.836707197182226,-3.815236443326958,2.202934147068397,0.12083287568302732,0.09875312689584018,-0.06963048020891442,2024-01-12,2024-06-20,738896.0,739056.0,0.6025458058566416,0.8003051324991444,0.07043824326475939,0.2563746848121345
2024-07-29,739095.201643629,0.3518029001691972,4.67587890916892,-0.17787974070830065,0.07024459842291096,0.013729180260465308,0.0036877448016632763,0.013224633412770118,2024-01-22,2024-06-20,738906.0,739056.0,1.1714243177851853,0.38495014399479816,0.07043824326475939,0.2033371521925856
2024-08-07,739104.4654320548,0.08971891095814756,5.9224567673941415,-0.8213488080845818,0.653636468525551,0.04037570247176371,0.0017013062169004306,0.040339842677491085,2024-01-29,2024-06-20,738913.0,739056.0,1.2949810006905542,0.24524393600304695,0.07043824326475939,0.17848426286749652
2024-06-25,739061.2142978824,0.5299682524721955,9.846277507455287,0.11298954479954756,0.005113182109428642,0.0051814445319669795,0.0023837509244454156,-0.004600554202273477,2024-02-05,2024-06-20,738920.0,739056.0,5.169612004622329,0.05311512278238055,0.07043824326475939,0.2056641600232688
2024-06-27,739063.6920296677,0.48284504166464226,4.717020255674662,0.03351562280901065,0.019114666176328024,0.010488856688669867,0.010486314079811874,-0.00023093647393569285,2024-02-12,2024-06-20,738927.0,739056.0,2.160280325277318,0.18654284715310293,0.07043824326475939,0.1094097814916371
2024-06-22,739058.5940569463,0.8568228644557991,9.931894520008973,0.1338226385789783,0.0007624322067381978,0.0014655138046961108,0.0007840476559059681,-0.0012381437658944246,2024-02-20,2024-06-20,738935.0,739056.0,6.1075151843098086,0.04488180024038544,0.07043824326475939,0.17868697510803214
2024-07-07,739073.147618877,0.7851084206740044,3.571539812703275,0.09044734786688247,0.0021218183407693022,-0.0026567624331428597,-0.0015417970245740482,0.0021636193198374294,2024-02-27,2024-06-20,738942.0,739056.0,1.1564468705919413,0.17556163516119763,0.07043824326475939,0.09478296287699522
2024-07-12,739078.8963244819,0.6910496383884984,6.138041404220325,0.0597929858065307,0.00527115910280624,0.0036141845689164603,0.0013090529199839354,0.0033687847290789284,2024-03-05,2024-06-20,738949.0,739056.0,1.6956635306291719,0.16420078464745919,0.07043824326475939,0.1029205101206761
2024-08-04,739101.7806581273,0.8718296127681611,9.410431568901984,0.04878906237736949,0.002187273138723317,0.0010534858906609016,0.000656399108357529,-0.0008239980172118342,2024-03-12,2024-06-20,738956.0,739056.0,1.7347175784889153,0.1923518516826541,0.07043824326475939,0.14022935640388362
2024-07-21,739087.8365908879,0.18926266908654582,2.8867415160529113,1.55058404151869,-0.6509146304321859,0.08855829077028463,0.0643995982963214,0.06078867167019458,2024-03-19,2024-06-20,738963.0,739056.0,0.6277727929318745,0.48189438915425675,0.07043824326475939,0.06729689960873494
2024-07-19,739085.008856959,0.963345030667115,5.7526693961428865,0.047308750629245985,0.0019148673911975086,0.0007459790600461144,0.0006879140095991736,-0.0002885464839925665,2024-03-26,2024-06-20,738970.0,739056.0,1.2611075678308037,0.4298575035485467,0.07043824326475939,0.056953434598132624
2024-07-17,739083.4835720295,0.18412062665259657,6.533597978491138,-0.4894368869322401,0.3049920675844876,-0.016531283588713478,-0.015457526689324383,0.005860734232098562,2024-04-03,2024-06-20,738978.0,739056.0,1.398569643481369,0.5199145890438223,0.07043824326475939,0.046162865781572665
2024-07-03,739069.8521925205,0.4464846710737044,4.100315435504657,0.02261196400757082,0.022314478907550256,-0.008616858188814988,-0.004441887470983956,-0.0073837579010463,2024-04-10,2024-06-20,738985.0,739056.0,1.1827898286840453,0.28198570251347,0.07043824326475939,0.04684565946013775
2024-07-01,739067.9425265493,0.37660816223920823,6.690244566342279,-0.08550499968924381,0.05877778736728487,0.010735785221247258,0.0027979284556002024,0.01036478078273215,2024-04-17,2024-06-20,738992.0,739056.0,1.969715949111226,0.30819611030627814,0.07043824326475939,0.03468873871973164
2024-07-16,739082.3864666062,0.8868385467620494,6.5238460329751025,0.05205104039062619,0.002448633937619156,-0.001583272142540368,-0.0012002216141999114,0.0010325786915057497,2024-04-24,2024-06-20,738999.0,739056.0,1.194706784240564,0.21023700097473455,0.07043824326475939,0.028158723024586173
2024-07-08,739074.3518157166,0.1902614531204619,10.332807919662756,-0.5160678898593498,0.3260281893015641,-0.010450680334204808,-0.0030804905111185233,-0.00998635557441472,2024-05-01,2024-06-20,739006.0,739056.0,2.1624411412573386,0.574437841202793,0.07043824326475939,0.05087755225066426
2024-07-09,739075.7945537403,0.42864281171567387,8.990309959691906,0.061974803557713995,0.015431042343705717,-0.005725808675946373,-0.0038723090747615698,0.004217832076204783,2023-12-29,2024-06-21,738882.0,739057.0,3.3385095358510584,0.12849295314312675,0.09225729065939926,0.30926285183864327
2024-08-17,739114.5440242008,0.9467064199212447,9.095465698675827,0.12015175930127303,0.0004420310694301829,0.0005327585562312244,0.00016740726407564295,-0.00050577315782106,2024-01-08,2024-06-21,738892.0,739057.0,1.9579712736349493,0.08636002206047819,0.09225729065939926,0.16624693096956555
2024-06-21,739057.9114222107,0.027900660224239544,7.878614544296277,-0.5316461533532557,0.6232920984109361,-0.033383722175592635,-0.006793244134158406,0.03268523734701767,2024-01-16,2024-06-21,738900.0,739057.0,6.463688176543515,0.06611827137630442,0.09225729065939926,0.2685575383989749
2024-07-20,739086.0087769382,0.5971957749131273,11.831753188133677,0.10544685639004113,0.0035933565197045496,-0.0026841953255674245,-0.0009507750561236923,-0.002510165599806316,2024-01-23,2024-06-21,738907.0,739057.0,3.426901178576912,0.06756998423124501,0.09225729065939926,0.24467897705939856
2024-07-26,739092.1695870723,0.7000915102172195,2.4180137259611243,-0.33236169101950236,0.022400440654687565,-0.007979329468567588,-0.007875171306254003,0.0012850586232171343,2024-01-30,2024-06-21,738914.0,739057.0,0.6244218433465382,0.8128047135382249,0.09225729065939926,0.2432741883507236
2024-06-26,739062.8975066834,0.6250256093774776,6.210218652658123,0.09850340344451547,0.004990294563888527,0.0040850216077381795,0.0035669508661603454,0.0019910457187331944,2024-02-06,2024-06-21,738921.0,739057.0,3.143639314085266,0.12294836123200488,0.09225729065939926,0.19514001629401603
2024-08-16,739113.363320863,0.2872804475823186,6.138076168956016,-0.11088821218302496,0.07042894601196135,-0.015481960693179276,-0.015412688280932658,-0.0014629240786688833,2024-02-13,2024-06-21,738928.0,739057.0,1.1630048038142566,0.2129114530893566,0.09225729065939926,0.14719518001987758
2024-06-27,739063.0998845729,0.7634290732570674,9.78565625835952,0.1257526847478204,0.0013462487913460516,0.0018235746276999921,0.0006334310249532237,-0.0017100261867637806,2024-02-21,2024-06-21,738936.0,739057.0,4.729469908761558,0.0575944352528696,0.09225729065939926,0.20688318393601463
2024-07-06,739072.9078963343,0.059411421273965606,6.025575894139705,-0.6276879271095642,0.6141597907413214,0.04850290790089147,0.04757819319606938,0.00942590086091816,2024-02-28,2024-06-21,738943.0,739057.0,2.0139100807302657,0.12484897580117553,0.09225729065939926,0.14035409845078106
2024-07-28,739094.0841682053,0.2491936388056411,6.328323863527118,-0.025958466324964843,0.06042085507223762,-0.023089827185900795,-0.023076368163296272,-0.0007882587562277697,2024-03-06,2024-06-21,738950.0,739057.0,1.3669576963626606,0.10304203796562783,0.09225729065939926,0.08966653098328782
2024-06-27,739063.8042885101,0.396506877095295,8.48342996528195,0.0604906510381195,0.020825757924196612,-0.004598477180832524,-0.00013820857200761512,-0.004596399762124812,2024-03-13,2024-06-21,738957.0,739057.0,3.7176458611057477,0.21167327318445997,0.09225729065939926,0.19841884499514525
2024-07-03,739069.8884602637,0.17514582294338712,10.067324030571486,-0.1758930256752131,0.16925322593842224,0.0030627812415966143,0.002795739903117154,-0.0012507866836493683,2024-03-20,2024-06-21,738964.0,739057.0,3.3744551860462497,0.9614057462839528,0.09225729065939926,0.1495952861058937
2024-07-04,739070.1749294995,0.8114714532305449,2.8085642360998695,0.1180995873268666,0.00033916600742986826,0.0029725500527027823,0.0018695481561291137,-0.0023110265052001338,2024-03-27,2024-06-21,738971.0,739057.0,0.9022942763702405,0.032966438266938236,0.09225729065939926,0.05983781046789336
2024-07-05,739071.0477770389,0.9751668241304621,14.754196736985474,0.06425431505134116,0.0021046804360182825,-0.0003701614994774034,-0.00035372208708884677,-0.000109088133180791,2024-04-04,2024-06-21,738979.0,739057.0,4.414255006429796,0.3758012895375164,0.09225729065939926,0.07028206612660157
2024-06-28,739064.7257960321,0.16745813012215985,10.565407980418318,-0.3571796213333936,0.28322013179515215,-0.018029228839140224,-0.014260791445179005,-0.011030998136668996,2024-04-11,2024-06-21,738986.0,739057.0,3.9035298873638387,0.2489814174275615,0.09225729065939926,0.05183015426369359
2024-07-20,739086.7794346402,0.8257916757614512,4.861168504230262,0.1623813379414312,-0.0012352478541261874,-0.0027728450939052468,-0.00161372248276544,0.002254899036190255,2024-04-18,2024-06-21,738993.0,739057.0,0.8875084861422056,0.07567602729872898,0.09225729065939926,0.04053615835801587
2024-06-27,739063.5867717548,0.9443188285933173,5.957702790728932,0.06345691308873701,0.0025927394660268176,-0.0017419322591874006,-0.0008959141738831535,-0.001493876095475454,2024-04-25,2024-06-21,739000.0,739057.0,2.149888900576282,0.2359214515122964,0.09225729065939926,0.02527436324901123
2024-07-02,739068.7716168636,0.9555106543325824,6.922202675232823,0.04704211756200988,0.0028032560963580254,-0.0014042248105381374,-0.0010620692449074742,0.000918616480122437,2024-05-02,2024-06-21,739007.0,739057.0,1.8263507479267047,0.2755607488698522,0.09225729065939926,0.021111678166831474
2024-08-08,739105.9927473698,0.2838323270897723,6.543916397247068,-0.1071808598103887,0.07372545920471746,-0.016646799521441918,-0.0010518309787659883,-0.016613536224993963,2024-01-02,2024-06-24,738886.0,739060.0,1.6300577059077792,0.19209269630626946,0.1083147275552577,0.1567702768586158
2024-09-08,739136.6377821489,0.057050316448742824,6.16995475921742,-2.8449273251717146,2.2717488705326163,-0.04868786639464152,-0.027613198648608225,-0.04010011963142958,2024-01-09,2024-06-24,738893.0,739060.0,1.1357492431496385,0.43143527963102296,0.1083147275552577,0.22877946324060475
2024-09-01,739129.536464453,0.5831690790181662,14.47521706285195,0.07301032744330713,0.004898311967055563,-0.001989051825936854,-0.001193364005481472,0.0015912917761001439,2024-01-17,2024-06-24,738901.0,739060.0,2.7411665436938795,0.09921326589735975,0.1083147275552577,0.27939267814188873
2024-07-25,739091.4455425905,0.02323931680431857,3.4395723216495813,-4.446239992125942,4.153100580022358,-0.044969448347129064,-0.0040490807900677595,0.04478678632588653,2024-01-24,2024-06-24,738908.0,739060.0,0.9654717983839648,0.6239844973035765,0.1083147275552577,0.28067162763966147
2024-06-28,739064.962433565,0.40954772988015364,10.390184003237732,0.09875500633931175,0.010625362864406542,-0.007892896555379787,-0.001740368282072111,0.007698631974362945,2024-01-31,2024-06-24,738915.0,739060.0,5.636444190912621,0.05306261438753957,0.1083147275552577,0.21689655234570993
2024-08-28,739125.621579378,0.14969405954324036,5.737490020961005,-0.6735071878662013,0.4046872406936346,-0.027831113703636234,-0.0027130120513811826,0.027698564143178787,2024-02-07,2024-06-24,738922.0,739060.0,1.0340132059085967,0.37937748151220824,0.1083147275552577,0.21283217273465901
2024-08-05,739102.3681687253,0.7436246023774532,2.4971293716188088,-0.15868646471109576,0.00958190563374253,-0.004183818112471817,-0.002536050237424836,-0.003327579178848292,2024-02-14,2024-06-24,738929.0,739060.0,0.5599875522395689,0.6820116613812758,0.1083147275552577,0.20794052593813367
2024-07-01,739067.8874509373,0.6973105071872888,11.250705819409077,0.12127516557063237,0.0018953623092693708,0.002516862525971827,0.002476988829518827,-0.0004462323532423846,2024-02-22,2024-06-24,738937.0,739060.0,5.029926712519118,0.04667444750759319,0.1083147275552577,0.19476263155199017
2024-08-02,739099.9429878083,0.5629556216402573,13.847547769083269,0.10057648767704251,0.004058940831381982,-0.0026184749190841673,-0.0026176996988216935,0.00006371176234928197,2024-02-29,2024-06-24,738944.0,739060.0,3.001801837306172,0.06301814141667754,0.1083147275552577,0.23830752698391908
2024-07-11,739077.2270754469,0.46781113669232044,12.415091403375122,0.07984910693937185,0.010460198571987616,0.005368117837516761,0.005295715534475394,-0.0008786842979031916,2024-03-07,2024-06-24,738951.0,739060.0,3.935248914906518,0.073424081690894,0.1083147275552577,0.2074825394277111
2024-06-27,739063.582497719,0.2946698225263365,2.5440000643634537,0.11520859389586224,0.0036797664448320966,-0.02600692903645087,-0.01874844719723436,-0.01802376446804348,2024-03-14,2024-06-24,738958.0,739060.0,1.369918560716139,0.0163888969979797,0.1083147275552577,0.09141970880381967
2024-06-24,739060.0512045706,0.5511399263104305,12.088483523129957,0.0785921196692648,0.010662848144360335,-0.004317497033221491,-0.0011840151677497961,0.004151974074390976,2024-03-21,2024-06-24,738965.0,739060.0,14.480245212360341,0.11259814281470744,0.1083147275552577,0.10312016380134684
2024-07-11,739077.659005846,0.8494057868256759,5.443749931020857,0.030824495430966152,0.004069463821288286,-0.001170359972861973,-0.0008953509655349939,-0.0007537168663318023,2024-03-28,2024-06-24,738972.0,739060.0,1.5499640285554899,0.5425437691824199,0.1083147275552577,0.05087748005136117
2024-08-01,739098.0337496259,0.9008762581453138,2.9274450931745943,0.36857515620617515,-0.005932927353025413,0.003680560845638517,0.00157931508527963,0.003324498759189949,2024-04-05,2024-06-24,738980.0,739060.0,0.5276498619378053,0.49605680551339526,0.1083147275552577,0.06147332167752194
2024-07-05,739071.9881890223,0.418668054519613,11.887611765366547,-0.09071817199893194,0.05100577833124945,-0.006786602515256168,-0.002113858643366968,-0.006448998010229504,2024-04-12,2024-06-24,738987.0,739060.0,3.7055984939593998,0.2646928295914042,0.1083147275552577,0.04971567194852092
2024-07-15,739081.1110156616,0.7024437865435101,8.880762804305817,-0.016889589072686065,0.01009498542524066,0.00286078330937235,0.002441123930166756,-0.0014916417467846048,2024-04-19,2024-06-24,738994.0,739060.0,2.003361246508072,0.27911426792418637,0.1083147275552577,0.028839167699248987
2024-06-29,739065.1925157692,0.48997167874968384,8.781789779043898,-0.013690078025937419,0.02909936154037181,-0.004971411293110668,-0.004963976807797292,0.00027178023643909763,2024-04-26,2024-06-24,739001.0,739060.0,3.5146645233046065,0.3265815959002825,0.1083147275552577,0.05260819681518932
2024-07-19,739085.1528783834,0.6666491785501535,8.707802336971866,-0.05735578746771876,0.014045700545193218,0.0033188356338747214,0.0028938547254499297,-0.0016248922403247963,2024-05-03,2024-06-24,739008.0,739060.0,1.5533282057233473,0.3240010716863123,0.1083147275552577,0.01912008460456333
2024-09-05,739133.6434252333,0.5995686203845044,4.412906717082917,-0.31516611682702483,0.025272068322973747,0.005098448092278197,0.0007877077945941091,0.005037230328264812,2024-01-03,2024-06-25,738887.0,739061.0,0.8585219296149054,0.6734679503218869,0.11712535723741264,0.2523666687172802
2024-07-15,739081.2326501891,0.5459796841479659,14.341851827418143,0.08256314781491231,0.006871356751116857,-0.0033923079133297432,-0.0028218373051333173,-0.0018828136397948505,2024-01-10,2024-06-25,738894.0,739061.0,5.078856942492357,0.07711138139884238,0.11712535723741264,0.26141496642524065
2024-07-29,739095.376147602,0.7684827248139965,13.026005851320484,0.11465904819935427,0.0012380307914565934,0.0011103193257729523,0.0001071087379828514,-0.001105141042325651,2024-01-18,2024-06-25,738902.0,739061.0,3.580904283583397,0.06578189610959742,0.11712535723741264,0.24843608900818617
2024-07-02,739068.7877636048,0.10824257196056866,7.265105094464706,-0.11998970041296146,0.1783411150786585,0.02320774058862161,0.018553283269928642,-0.013941840019686815,2024-01-25,2024-06-25,738909.0,739061.0,3.493452458819053,0.114491914707726,0.11712535723741264,0.2617430196595743
2024-08-12,739109.1178113291,0.7366720075193282,2.394707399067523,-0.5032155055319681,0.022521891943156784,-0.007856430337833089,-0.007817951271185734,-0.0007766180364822222,2024-02-01,2024-06-25,738916.0,739061.0,0.5296358816662026,0.8818633990595709,0.11712535723741264,0.2596061115466273
2024-07-12,739078.2892084605,0.25717583210420664,4.235693688621984,-0.09463555630037834,0.08658197089177389,0.0194823126853934,0.00535964684504119,-0.018730581765334486,2024-02-08,2024-06-25,738923.0,739061.0,1.4798581927057222,0.2698314493246608,0.11712535723741264,0.1782329969177292
2024-06-28,739064.5043924686,0.06633425864185495,11.297994254828517,-0.17275910397655173,0.2501804207024956,0.03451880621372625,0.033047894249754114,-0.009969185928542772,2024-02-15,2024-06-25,738930.0,739061.0,6.55882841177591,0.042553381886857554,0.11712535723741264,0.19957950070623762
2024-08-10,739107.5264776315,0.9427922761862988,10.892138657933655,0.109494857619133,0.0005790016846751718,0.0005398948784767219,0.0003023033844006184,0.00044732442766444826,2024-02-23,2024-06-25,738938.0,739061.0,2.24144269652893,0.09282682028245137,0.11712535723741264,0.21639643763653985
2024-07-14,739080.4532257235,0.013628777031226894,2.125749485257021,18.32906373736527,-17.25632256521392,-0.21057280706543732,-0.19766878350515035,-0.07258070751247804,2024-03-01,2024-06-25,738945.0,739061.0,0.6565552190744302,0.5254008457654423,0.11712535723741264,0.09430415103126845
2024-08-16,739113.4757192237,0.8199975191662867,7.840549592781782,0.06457420284532953,0.0020522867677199436,0.0015065688108831699,0.0007797533239941297,-0.0012890827497278963,2024-03-08,2024-06-25,738952.0,739061.0,1.4026023989917424,0.14246727086361516,0.11712535723741264,0.08328684509194835
2024-07-24,739090.266499612,0.4480287146760905,7.233649014406546,-0.05291712595804675,0.03072963436193297,0.008018099128779717,0.00715991614764553,0.003609087751443963,2024-03-15,2024-06-25,738959.0,739061.0,1.727811511089699,0.23737467794333844,0.11712535723741264,0.08966497116012312
2024-07-15,739081.1391077099,0.7962422023718116,12.93150887356584,0.06388011218545224,0.0034977802332830828,-0.0003923127338701802,-0.0002444611713817978,0.00030683548823976365,2024-03-22,2024-06-25,738966.0,739061.0,3.588274574633481,0.5489794710006531,0.11712535723741264,0.13909236629478164
2024-06-26,739062.1226067145,0.5879187433453991,8.659107482544744,0.040751907025682904,0.014546122148850602,-0.0028924413268683145,-0.0018988409245486724,0.0021818845002966767,2024-04-01,2024-06-25,738976.0,739061.0,5.981289911179825,0.3414497882879692,0.11712535723741264,0.07035472901905133
2024-07-12,739078.1751660737,0.07415579205962343,11.167345520630366,-1.2913634951684967,1.0859540212627818,-0.019826493506088762,-0.00812259710224334,0.01808627272440643,2024-04-08,2024-06-25,738983.0,739061.0,3.0432554713116264,0.3637145293086976,0.11712535723741264,0.06701226674223616
2024-06-27,739063.1501528028,0.5715451763727694,3.953242355120436,0.0748355469392539,0.007815587188410534,-0.007633374740667919,-0.007464794286885837,0.001595385905022227,2024-04-15,2024-06-25,738990.0,739061.0,2.2190954877462694,0.14802741424392704,0.11712535723741264,0.034054302135263316
2024-07-06,739072.7496565414,0.8631811110767686,10.656186685582748,0.026453108481374537,0.004785758291556729,0.001151250862518153,0.0008741492012387666,-0.0007491606786413831,2024-04-22,2024-06-25,738997.0,739061.0,3.1606540376126118,0.33672929395695145,0.11712535723741264,0.04908069854713854
2024-07-01,739067.8725426957,0.6657231414985413,6.560484502361951,0.0414626683002165,0.008731099550857508,0.00469321876899944,0.0032122340108798907,0.003421674308439527,2024-04-29,2024-06-25,739004.0,739061.0,2.327744765161355,0.1887799562930673,0.11712535723741264,0.028534156978747977
2024-07-05,739071.5345564361,0.25158496661200763,5.520468342445293,-0.13559237823960396,0.11238963844923265,-0.019894035763422774,-0.015255004793946012,-0.012769396528146057,2024-05-06,2024-06-25,739011.0,739061.0,1.5362962318923912,0.2574614094677543,0.11712535723741264,0.03108408233832332
2024-09-19,739147.6711595459,0.4645171473980608,12.75831485234577,0.019700132661413388,0.01336362806151226,0.005121600898710627,0.003701845071878255,0.0035393698350814056,2024-01-04,2024-06-26,738888.0,739062.0,2.2516752783962195,0.0950007604290144,0.1465138162369132,0.1890501518965512
2024-09-11,739139.6885060563,0.20584314292197786,2.883248041634428,-2.889335750933637,1.104037161689181,0.09054404028367649,0.0896701725887806,0.012549238175695431,2024-01-11,2024-06-26,738895.0,739062.0,0.5264668860465487,0.8705189322074062,0.1465138162369132,0.28895359129133363
2024-07-23,739089.3705538221,0.561977031685479,3.5123152670402717,-0.050772102460229146,0.018058786312999685,-0.005015857707091174,-0.0010055644557684148,0.004914027743417931,2024-01-19,2024-06-26,738903.0,739062.0,1.072316941940651,0.5760609364048854,0.1465138162369132,0.26554944921340123
2024-08-16,739113.7613840858,0.03652875641998322,6.80824708397137,-2.006507277376605,1.8325678119300732,0.05224778729511626,0.05210908100310455,0.003804596463174601,2024-01-26,2024-06-26,738910.0,739062.0,1.4848164030205184,0.1881879147997102,0.1465138162369132,0.1654517347724406
2024-08-28,739125.8133572977,0.5220771128545844,12.709577373535588,0.06868709667254333,0.00693068193529074,0.0031979649967960803,0.001343986716348554,-0.0029018407652749638,2024-02-02,2024-06-26,738917.0,739062.0,2.3979760871583586,0.08902373435291328,0.1465138162369132,0.2463804605819649
2024-08-24,739121.9818013804,0.13918138866055865,10.416112223122825,-0.37566705084901103,0.2740425938854496,0.0307822355618967,0.027328350607747944,-0.014167119652494661,2024-02-09,2024-06-26,738924.0,739062.0,1.979606233279142,0.11895793790216486,0.1465138162369132,0.17278982442183285
2024-06-27,739063.6297545673,0.9049174840601533,11.948900252202817,0.13847980571196625,0.0003747463069645249,-0.0010438209589173823,-0.0008482927630095188,0.0006082446732203087,2024-02-16,2024-06-26,738931.0,739062.0,8.365946103842829,0.02718894727389087,0.1465138162369132,0.18578968858290432
2024-07-07,739073.3140763777,0.4453162272801553,10.905048261732352,0.09952557582928648,0.00850035053434594,0.005698214860494376,0.0014867930506378276,-0.005500827121527637,2024-02-26,2024-06-26,738941.0,739062.0,4.268048594972274,0.060917061176391,0.1465138162369132,0.22682975386038792
2024-08-05,739102.1376869741,0.9202722679440616,14.6390905903829,0.12215598309899103,0.0004793206689967555,0.0005563413649413739,0.0003511483049455583,0.000431521241978529,2024-03-04,2024-06-26,738948.0,739062.0,3.1349296169908674,0.05416104581665849,0.1465138162369132,0.22349062328767413
2024-07-11,739077.6276619554,0.4037345823924684,10.374885260472473,0.06728192169473007,0.016398787329757643,-0.004899370686063776,-0.004228088813747366,0.0024752975785802874,2024-03-11,2024-06-26,738955.0,739062.0,3.401683167645424,0.1302519047457914,0.1465138162369132,0.2207354514934078
2024-06-27,739063.4402018646,0.3150876839093633,3.4902020821498008,0.06286879045500494,0.024945189028256792,0.019800518822860904,0.0022502400544603526,0.019672238442835388,2024-03-18,2024-06-26,738962.0,739062.0,2.3634054837376297,0.1137342017564755,0.1465138162369132,0.07267300495458397
2024-07-22,739088.7879593552,0.1771331392204192,12.729899862289322,-0.341691507958595,0.23864096837109552,-0.004439615437723792,-0.0018690315049852454,-0.004027022034735843,2024-03-25,2024-06-26,738969.0,739062.0,3.0345230417662026,0.747953298633267,0.1465138162369132,0.12051146503185657
2024-08-06,739103.2715141497,0.12007839533507239,4.853734472618109,0.11693971603190607,0.019780256570036302,-0.03860800710207471,-0.03271828947924751,-0.02049613978157871,2024-04-02,2024-06-26,738977.0,739062.0,0.8638526825950831,0.012674866607847396,0.1465138162369132,0.05937811627905824
2024-07-25,739091.4410516331,0.6943265547689682,13.343067750211887,-0.05884116914245758,0.011999013425940553,0.0020208948628277195,0.000721700329578412,0.0018876346788745649,2024-04-09,2024-06-26,738984.0,739062.0,2.749130981337385,0.3089654402231991,0.1465138162369132,0.04951554402675995
2024-07-10,739076.8515514733,0.5263435588938411,10.602371618537271,-0.04348030321628367,0.026093892584158212,0.0038100153479003283,0.00334349068831469,-0.0018268242850337365,2024-04-16,2024-06-26,738991.0,739062.0,2.9606039859151956,0.33999962290760194,0.1465138162369132,0.06286647700291073
2024-07-07,739073.3435116216,0.578781887756289,7.125789449986273,0.02547515214120387,0.013197866237986402,-0.006017969005568891,-0.004398217426061953,-0.004107509516126869,2024-04-23,2024-06-26,738998.0,739062.0,2.1473271663140716,0.17812944791895072,0.1465138162369132,0.032642583125008624
2024-07-17,739083.8018692358,0.22961586203405476,8.388576089373682,-0.21966792411225916,0.14746874876270596,-0.01682348843148782,-0.009173172793552314,-0.014102576498783336,2024-04-30,2024-06-26,739005.0,739062.0,1.7155033442972383,0.2399371961468215,0.1465138162369132,0.05000513837411155
2024-07-07,739073.8172853865,0.2765844807182501,2.929186291472473,-0.3908116808721246,0.21293848359586723,0.034968729224053606,0.012859855914474066,0.03251824302455696,2024-05-07,2024-06-26,739012.0,739062.0,0.7713745671486796,0.5749831553434701,0.1465138162369132,0.017531704127981464
2024-07-23,739089.0955774037,0.09822112518529583,7.964465156370875,-0.24565356886309048,0.26252860711926806,-0.03278269059623374,-0.021003718987277136,-0.02517039116565108,2024-01-05,2024-06-27,738889.0,739063.0,2.5821057298586925,0.0987598286697941,0.1617296634741666,0.21366746021304253
2024-07-08,739074.8633869168,0.6344624103865543,12.001878252156883,0.11506109526116091,0.002681034815335687,-0.0026716133259944287,-0.001346826707451646,-0.002307287494814197,2024-01-12,2024-06-27,738896.0,739063.0,5.182575244932402,0.05305001762007839,0.1617296634741666,0.2281861482320434
2024-07-12,739078.2291404591,0.3671289595865928,7.591886875280168,0.06380060497510902,0.01943224772457781,0.009676488378101837,0.00005570285935614049,0.009676328049575234,2024-01-22,2024-06-27,738906.0,739063.0,2.9308375204839865,0.09711228530190755,0.1617296634741666,0.21247620807590517
2024-09-06,739134.571120536,0.15703629072541794,4.667331341006914,-0.9727953756997139,0.5248542042601597,-0.027178313897167048,-0.025108733850753358,0.01040251078850563,2024-01-29,2024-06-27,738913.0,739063.0,0.8394352140775435,0.64975191088815,0.1617296634741666,0.28638479265417593
2024-07-13,739079.3650739475,0.3510938728404707,7.898841728294204,0.054148693044705765,0.022874639321742187,-0.010315992149218373,-0.010304379903650738,0.0004893350835306216,2024-02-05,2024-06-27,738920.0,739063.0,2.861310572336198,0.09856054371309302,0.1617296634741666,0.22132424756349126
2024-08-20,739117.8307216271,0.7150130171250216,9.970764223539902,0.05403208363197468,0.003532740454138125,-0.002138988473866597,-0.0020874358737500713,-0.0004667795671571659,2024-02-12,2024-06-27,738927.0,739063.0,1.9790758195416234,0.1184373792555919,0.1617296634741666,0.1508952846938193
2024-08-03,739100.1719666537,0.8936362454710158,10.214165955831314,0.11924996211562347,0.0006223507070418786,-0.0006884260485005234,-0.0006642035685951427,-0.00018100840786969686,2024-02-20,2024-06-27,738935.0,739063.0,2.424524485249803,0.0790925828309551,0.1617296634741666,0.22013794631395725
2024-07-12,739078.3276605267,0.13339446571303507,2.436519847569235,0.8455226626764091,-0.42893030324932524,-0.07299874435579282,-0.014940248643010114,-0.07145352089300734,2024-02-27,2024-06-27,738942.0,739063.0,0.8474643884246146,0.3216912128235536,0.1617296634741666,0.11399708759658123
2024-06-28,739064.227852746,0.33427496369985815,7.024269053272752,0.09296289776846922,0.01701526400267635,-0.009179148365144623,-0.0024923966829054566,-0.008834292472200534,2024-03-05,2024-06-27,738949.0,739063.0,5.0773185839791415,0.08821430451044461,0.1617296634741666,0.22859014564728738
2024-07-26,739092.4649706088,0.6477092060883437,7.082875246124208,0.03502773810692841,0.007277236452322641,0.0036047942648848585,0.003592533070718438,0.0002970653597125044,2024-03-12,2024-06-27,738956.0,739063.0,1.7279607316706156,0.1846105347328554,0.1617296634741666,0.09911350684442514
2024-07-05,739071.1321665503,0.2112193439238726,8.450490216935265,-0.057230873427972305,0.09555819922737815,-0.005351882506825043,-0.002255277374629308,-0.0048534905305712755,2024-03-19,2024-06-27,738963.0,739063.0,3.4800613710495156,0.4462859067101077,0.1617296634741666,0.1696229086605844
2024-07-30,739096.1070838188,0.6696068756257715,4.563060253227437,0.14203932589546983,-0.00013355299207238962,-0.003913247952425238,-0.0011324653654804582,0.0037458018811928045,2024-03-26,2024-06-27,738970.0,739063.0,0.9712532957530451,0.005008180310775837,0.1617296634741666,0.062286639271448514
2024-07-11,739077.5049434061,0.8612591835062151,9.225463020653152,0.02753584648988308,0.004463344800469398,0.0011483342231725815,0.0011034387482494192,0.00031795348240132754,2024-04-03,2024-06-27,738978.0,739063.0,2.8274891749007405,0.3628589365470927,0.1617296634741666,0.05622829917984648
2024-07-25,739091.6163746972,0.6143712399784543,11.040656729143999,-0.055433891966989716,0.016673802040220218,-0.002507525861294522,-0.0018933801572840086,-0.0016440187118959494,2024-04-10,2024-06-27,738985.0,739063.0,2.3111386216605863,0.37001999272445296,0.1617296634741666,0.05938311397539059
2024-07-12,739078.2488603371,0.013396635166609498,7.270260686015335,-4.10461331481249,4.041655220793086,0.03753652910840089,0.021228853555868777,-0.030956853751783385,2024-04-17,2024-06-27,738992.0,739063.0,2.0049406887861503,0.19840421638121844,0.1617296634741666,0.06910529487597643
2024-07-28,739094.8630224254,0.8893402749450745,8.319269614163202,0.039767271886446486,0.0024147348353046297,0.0013062589190693916,0.00048286838272207166,-0.0012137341095214001,2024-04-24,2024-06-27,738999.0,739063.0,1.4584100320306608,0.1976163800472519,0.1617296634741666,0.03589544307124693
2024-07-17,739083.6378069331,0.6507494599201477,10.432202036317314,-0.002674438634289869,0.01118353866179146,0.0036470960287653276,0.0036399990237178815,0.00022741273132499478,2024-05-01,2024-06-27,739006.0,739063.0,2.199829384332168,0.19128013604663027,0.1617296634741666,0.04278500232114327
2024-07-06,739072.7734872971,0.29722894663322014,7.728548936160323,-0.030637886138770692,0.05575983326209278,0.01607749189301736,0.014952789242405952,-0.005907608606045913,2024-05-08,2024-06-27,739013.0,739063.0,2.2274598829663623,0.13338171842668617,0.1617296634741666,0.03794191059816694
2024-07-25,739091.2615896862,0.2518570800280729,14.241711527637284,-0.033399540704642676,0.062281597405220615,-0.013119982568820673,-0.004558778671675485,-0.012302498918058681,2024-01-08,2024-06-28,738892.0,739064.0,4.508661293985851,0.0839495677032638,0.16841865162496325,0.27437787925528984
2024-08-14,739111.3188320734,0.020938227652818945,6.004687927925208,-3.5746577431438786,3.396219446025399,-0.047086665878253664,-0.03190283609824383,0.03463182282841734,2024-01-16,2024-06-28,738900.0,739064.0,1.4301302579132755,0.25150538046708215,0.16841865162496325,0.22988082528490686
2024-08-18,739115.2126725864,0.83715672210001,2.4528842564137876,-0.31588178700363634,0.010050847694369584,-0.0037892696998114463,-0.0034908226999974482,-0.001474015513857182,2024-01-23,2024-06-28,738907.0,739064.0,0.5475485893893569,0.905267414253993,0.16841865162496325,0.30138436980791977
2024-07-11,739077.0725995515,0.22989228154036018,11.41430234148558,0.052533193598330134,0.03926333108539667,0.014261891155294285,0.0015647968667478179,0.01417578745930108,2024-01-30,2024-06-28,738914.0,739064.0,4.584619419846661,0.05544789239366333,0.16841865162496325,0.25230409153248007
2024-09-01,739129.9136878508,0.8696312921160019,2.385026009700632,-0.4575744050667616,0.009852849444620374,-0.0038053839433244774,-0.003470897231472509,-0.0015600703076041867,2024-02-06,2024-06-28,738921.0,739064.0,0.43788403432329126,0.9440726243257872,0.16841865162496325,0.29108860618582555
2024-08-28,739125.2812268726,0.6722222122157663,9.429174508470501,0.03076148201174927,0.005231722535248371,0.0028005302667893847,0.0011204562679838633,0.0025666218121762883,2024-02-13,2024-06-28,738928.0,739064.0,1.7545531652222977,0.13318141283729928,0.16841865162496325,0.10833653125342836
2024-07-29,739095.9187242845,0.5552715900376736,5.980874456742262,0.04239279838909628,0.009730087271696908,-0.005555408844923902,-0.00013836715299226323,0.00555368543988866,2024-02-21,2024-06-28,738936.0,739064.0,1.5339380707646362,0.16260783857108124,0.16841865162496325,0.09401067582745655
2024-07-11,739077.3866293547,0.02362679319073547,10.37224203946886,-0.7893233874411056,0.8532310541949468,-0.026729932294280268,-0.025643522514237627,0.007543144802971452,2024-02-28,2024-06-28,738943.0,739064.0,3.8074968812391545,0.0727111363855597,0.16841865162496325,0.24701436309315317
2024-07-12,739078.6295022357,0.6939488311537997,12.865414785726376,0.1166311625731248,0.0020684573355661674,-0.002135893054211612,-0.0011904651909245582,0.001773367352870342,2024-03-06,2024-06-28,738950.0,739064.0,4.451257195757714,0.052236097044802345,0.16841865162496325,0.20448831832447098
2024-07-08,739074.3330964606,0.40847088419304034,10.823326517451262,0.0775209951029693,0.015240871227271573,-0.0042333697128034385,-0.0013558513487619925,-0.0040103723325075145,2024-03-13,2024-06-28,738957.0,739064.0,4.185306495434231,0.13587011417497916,0.16841865162496325,0.20582026335018866
2024-07-31,739097.7773838197,0.7038239600134845,2.29309348102411,0.9225681444054281,-0.04476762354455921,0.019220973033143966,0.00009111096726778239,-0.019220757090513043,2024-03-20,2024-06-28,738964.0,739064.0,0.5023217987028156,0.7148763982200557,0.16841865162496325,0.06685466119793579
2024-07-21,739087.1905134906,0.35706165199043866,12.960302763074882,-0.07671623647607832,0.05430740290082006,0.002927766988546195,0.000259434415097328,-0.002916249873293435,2024-03-27,2024-06-28,738971.0,739064.0,3.3240100622783975,0.5110349320273463,0.16841865162496325,0.1077839767599053
2024-07-07,739073.7603184726,0.5954531943394225,4.919300316508876,0.05349886221469488,0.010046871090480802,-0.0035643289850731752,-0.00002964060247428126,0.0035642057388032486,2024-04-04,2024-06-28,738979.0,739064.0,1.7796222054824113,0.34119082233608483,0.16841865162496325,0.07512286622435428
2024-07-03,739069.7784422623,0.4397287756405487,10.869608862057655,0.005754966701020644,0.030851975467539247,0.005202670573005311,0.005089675578901573,-0.0010784171700915913,2024-04-11,2024-06-28,738986.0,739064.0,4.625963526585222,0.23989854817478476,0.16841865162496325,0.08585773533703664
2024-08-01,739098.3443236832,0.07054512828415073,9.516129655478702,-1.276288128380274,1.0594379337759932,-0.031950097939505435,-0.012267384264422282,-0.029501187122775153,2024-04-18,2024-06-28,738993.0,739064.0,1.6974916115125958,0.24581591782506074,0.16841865162496325,0.06282922698305686
2024-07-29,739095.9178352497,0.7376697699222304,2.9616909415746697,0.5976280961977025,-0.02319617357462174,0.010358777942168627,0.004171109600817803,0.009481884050816316,2024-04-25,2024-06-28,739000.0,739064.0,0.5186586610760984,0.5577377954258617,0.16841865162496325,0.044559243465883136
2024-07-20,739086.3471541253,0.5224685512548101,9.809972836835364,-0.0028217806185769764,0.018478227374498852,-0.006032091227485305,-0.002208939897147343,-0.005613083743139405,2024-05-02,2024-06-28,739007.0,739064.0,1.9783828736856333,0.1631491273395765,0.16841865162496325,0.05153898979633391
2024-07-07,739073.9134536185,0.7574662097943865,2.759199978041187,0.050303881655413954,0.008059089023911536,0.005669501441157144,0.0055932166308450895,0.0009269165613585937,2024-05-09,2024-06-28,739014.0,739064.0,0.7900170703326858,0.3902304629960846,0.16841865162496325,0.019334907197479677
2024-08-18,739115.0300908238,0.599213204896074,5.562077092286671,-0.009523245729313729,0.010570906514098864,0.00311079125276887,0.003055282034029616,0.0005850418026424854,2024-01-09,2024-07-01,738893.0,739067.0,1.3552771962679255,0.36608820309821877,0.17506319434363168,0.24777762512866935
2024-08-24,739121.2267009342,0.060606286111481125,2.2111797833975393,-4.848424912199341,3.7586805755089787,-0.10602516114917922,-0.0929221674497698,0.0510568858543719,2024-01-17,2024-07-01,738901.0,739067.0,0.4932105368911718,0.971672910438782,0.17506319434363168,0.34695741824514564
2024-09-17,739145.2675929379,0.1367043397620831,12.944161315921695,-0.27644965339361866,0.21907375460780867,0.025794964304560776,0.0036505266890497455,0.025535344884416583,2024-01-24,2024-07-01,738908.0,739067.0,2.284794341534139,0.08969408530536191,0.17506319434363168,0.20452033348894016
2024-07-19,739085.6182668569,0.013006645061044656,3.6790742008624067,-2.6129373842961674,2.6201655657829654,-0.03212226977045316,-0.03163433280325058,-0.005577562487229832,2024-01-31,2024-07-01,738915.0,739067.0,1.2971445834747988,0.2883694517549107,0.17506319434363168,0.2791143382959246
2024-08-04,739101.5206367598,0.7947396769122361,11.909534030944403,0.11760361885738566,0.0010035360161484129,0.000890258989390551,0.0007642967586074845,-0.00045652111996355427,2024-02-07,2024-07-01,738922.0,739067.0,3.1251091780031097,0.07522231963721311,0.17506319434363168,0.2642075687882242
2024-09-07,739135.8180870069,0.8761272355286951,8.285341779020694,0.057082937338768985,0.0015077765256204774,-0.000909486265778452,-0.0006783921017380264,0.000605763504958079,2024-02-14,2024-07-01,738929.0,739067.0,1.4510102632200028,0.17530632489503883,0.17506319434363168,0.11777856807481538
2024-07-10,739076.9742202132,0.6173426145796285,10.699051611866066,0.12283065379535427,0.002317324044216221,-0.0025234284875127804,-0.0009056465891511321,-0.0023553122058763165,2024-02-22,2024-07-01,738937.0,739067.0,4.4978870455748,0.05298790397786239,0.17506319434363168,0.23424940935038313
2024-07-12,739078.3121001986,0.2674609316590562,9.09892192848407,0.09489334964380759,0.019123857203219543,-0.007451466450802697,-0.007070845490353727,0.002351062806260713,2024-02-29,2024-07-01,738944.0,739067.0,3.5831190448064945,0.07544043017191718,0.17506319434363168,0.2641674368376563
2024-07-20,739086.3782258417,0.23118513780790423,13.797095211066747,0.03516699820604539,0.044478866285703765,0.013215203635648123,0.00511371037794365,0.012185711850448405,2024-03-07,2024-07-01,738951.0,739067.0,4.268612526010995,0.05639649312329185,0.17506319434363168,0.2202980394049611
2024-07-04,739070.205718624,0.07815017359040978,9.41878445889139,-0.15118940787697663,0.22906871409744167,-0.010411242598296932,-0.009169066635920166,-0.004931753183873694,2024-03-14,2024-07-01,738958.0,739067.0,5.329705034841399,0.18255692002728754,0.17506319434363168,0.21019268595609136
2024-08-03,739100.6323034406,0.9539867826295803,6.778948568871951,0.06917753552050439,0.001276344361575432,0.0007887760013004559,0.0005913578882560547,-0.0005219802948626284,2024-03-21,2024-07-01,738965.0,739067.0,1.504487919542436,0.2277163396174602,0.17506319434363168,0.07392442417612365
2024-07-26,739092.4083753452,0.8477884014190695,7.973637843419693,0.025951464420410277,0.0038149618552654257,-0.0008271508792191926,-0.0008139715890311387,-0.00014706743093971007,2024-03-28,2024-07-01,738972.0,739067.0,1.9743914533919429,0.490384154304711,0.17506319434363168,0.07959667531585422
2024-07-27,739093.9691461383,0.8174255065878773,3.4617229180358216,0.2591654104763794,-0.004428180216279309,-0.003524287832561612,-0.0034908476999924837,-0.00048434188565414383,2024-04-05,2024-07-01,738980.0,739067.0,0.7940484829370543,0.2966947070059904,0.17506319434363168,0.06142019015056863
2024-07-21,739087.4780363566,0.4887277637808426,3.3355034073519962,0.2953111964489175,-0.023392219103717304,-0.013855724209868464,-0.009360560637961366,0.010215723073918133,2024-04-12,2024-07-01,738987.0,739067.0,0.8443815647118356,0.2473704478633293,0.17506319434363168,0.054175211249488854
2024-07-18,739084.5751045496,0.545317120947625,3.076700538790454,0.3072884490914465,-0.021756273510055418,0.012708507449155824,0.0068609876970825035,0.010697336556626216,2024-04-19,2024-07-01,738994.0,739067.0,0.8029133845692843,0.30342675158918314,0.17506319434363168,0.05237096879931939
2024-07-14,739080.5756762425,0.002641366458313144,10.18076078636724,-23.29888841047409,23.2143037549153,0.032901953465984825,0.0007040403845290363,-0.032894420028551655,2024-04-26,2024-07-01,739001.0,739067.0,2.8654177162135843,0.18305534087689765,0.17506319434363168,0.09284902008881507
2024-07-29,739095.6658998426,0.9857900028014048,4.038161312097465,0.0694629190573066,0.0019289436050379226,0.001608632071969869,0.001533318825401172,0.0004864468343410653,2024-05-03,2024-07-01,739008.0,739067.0,0.7184185080585982,0.2927275200017648,0.17506319434363168,0.01861384120218942
2024-07-19,739085.9248496193,0.8881953434188463,12.158110526361183,0.09309177617926821,0.0009861326485165575,0.0011050654680619108,0.0009597179728728242,0.0005478239692161773,2024-05-10,2024-07-01,739015.0,739067.0,2.5564464892212766,0.06519131393581383,0.17506319434363168,0.03603023970761309
2024-09-22,739150.8473449508,0.1595842344560792,10.001322966027475,-0.2851646851491181,0.20377211281533775,0.029346694152017717,0.02407551420971492,-0.016780884159956707,2024-01-10,2024-07-02,738894.0,739068.0,1.8010481291359863,0.11079447279077796,0.18494795357617372,0.13238443342869705
2024-09-08,739136.3349914522,0.6416337431108458,7.649820286864836,0.011147853371880808,0.00687536593034717,0.002565875270664405,0.0016593812336960776,-0.0019570819670786453,2024-01-18,2024-07-02,738902.0,739068.0,1.5003697105016944,0.2247482087778891,0.18494795357617372,0.19076440122771254
2024-08-01,739098.0414119092,0.11950103434671891,8.57705493943302,-0.12094740732813095,0.1642535746172916,0.028653706233016225,0.008834653739495772,0.027257728705657167,2024-01-25,2024-07-02,738909.0,739068.0,2.5109147820332107,0.07986702328436773,0.18494795357617372,0.2222153637342932
2024-07-02,739068.3874860653,0.5415957992992705,9.391566528209552,0.12339347274635042,0.0037399262830787676,-0.003967631663166306,-0.0037151961662939058,-0.0013926300515624728,2024-02-01,2024-07-02,738916.0,739068.0,8.930173073183697,0.05435868504773043,0.18494795357617372,0.2511513881493962
2024-07-03,739069.3520224795,0.7970774072050117,2.203931993009274,0.101673548535813,0.0019109263669044754,-0.001451700242392298,-0.0008061595717107491,0.001207286353232322,2024-02-08,2024-07-02,738923.0,739068.0,1.643136033284464,0.47606835435978145,0.18494795357617372,0.2833151251774956
2024-07-18,739084.7652208782,0.04943220894408375,5.660606173109304,-0.6488679017342043,0.6544510521544784,0.0474852585508282,0.03701075106742728,-0.029749858572166908,2024-02-15,2024-07-02,738930.0,739068.0,2.002372682698295,0.12035536117889438,0.18494795357617372,0.14790671662107902
2024-07-21,739087.1534576834,0.6649162761390152,2.8412299580837783,0.2338891617626766,-0.007328895705322356,0.005884266257479223,0.00569916889070796,0.0014642620476182327,2024-02-23,2024-07-02,738938.0,739068.0,0.9281284432997945,0.291478686812291,0.18494795357617372,0.13656837295035876
2024-07-12,739078.2229071612,0.8702881256063615,6.330184199675435,0.10611788608787771,0.0014174469695905014,-0.0014905748490516896,-0.0007173366259462011,0.0013066145360057751,2024-03-01,2024-07-02,738945.0,739068.0,2.5865970864541508,0.13073736910578587,0.18494795357617372,0.13030122506800051
2024-07-09,739075.7913575687,0.8730405899393865,10.974546306939596,0.12983179181789575,0.000711540964637233,0.0008443679734123406,0.0005079137664005338,-0.0006745227056410237,2024-03-08,2024-07-02,738952.0,739068.0,4.830513663145761,0.06703722311995496,0.18494795357617372,0.21863824586112118
2024-07-31,739097.5007618666,0.1114155933768122,3.404448015986178,1.6375756753635873,-0.9368928777153192,-0.0859561484507329,-0.08519844550880995,-0.011387903203257978,2024-03-15,2024-07-02,738959.0,739068.0,0.8379255946771759,0.35670751633779463,0.18494795357617372,0.07580525511832048
2024-08-11,739108.1405655737,0.44860108966328005,12.789718967036446,-0.03783645585362202,0.027350709130100053,-0.0024957829439481386,-0.0018339931251061417,0.001692749751252631,2024-03-22,2024-07-02,738966.0,739068.0,2.573804717877453,0.38438028189085865,0.18494795357617372,0.14992772454821615
2024-07-14,739080.9479437954,0.5778811226507289,13.786926903159268,0.04137511134384564,0.012099589994211726,-0.0015190069925860787,-0.00026327122238859455,0.0014960182174650872,2024-04-01,2024-07-02,738976.0,739068.0,4.591544209498322,0.33387347381475935,0.18494795357617372,0.11293381764008929
2024-08-09,739106.2957134193,0.16217927992351647,3.859288819170211,1.0109614236543194,-0.4260147425836477,0.057467128580499696,0.05094002909423107,-0.026600456822516733,2024-04-08,2024-07-02,738983.0,739068.0,0.7181810275717152,0.3115252243393279,0.18494795357617372,0.06133978498746322
2024-07-03,739069.9981707546,0.2599545197528968,8.352410886451981,0.011499018844019687,0.057941330813762834,-0.009274498151024161,-0.005336076583136277,0.007585684059612243,2024-04-15,2024-07-02,738990.0,739068.0,4.904914819469788,0.19443908515899383,0.18494795357617372,0.11848742777466595
2024-07-22,739088.7496874391,0.20606500737368122,2.227947564388035,1.2504839573001558,-0.48486545914407386,-0.08586917795666717,-0.037368052778331114,-0.07731199360066737,2024-04-22,2024-07-02,738997.0,739068.0,0.5271080168863165,0.5222557439962319,0.18494795357617372,0.05884258204968578
2024-07-24,739090.2201678368,0.7453066286911759,4.422500454372047,0.1422179760990251,-0.00018564531367162339,0.003489756124436874,0.002327368149255005,0.002600337536912853,2024-04-29,2024-07-02,739004.0,739068.0,0.9543702409859559,0.00896511799908806,0.18494795357617372,0.039751044966673525
2024-07-17,739083.2306133389,0.43478242254063615,9.828245918070358,0.04458811031760961,0.017718174328128583,-0.00964193085676608,-0.00860357848759518,-0.00435261620803481,2024-05-06,2024-07-02,739011.0,739068.0,2.434787384339755,0.08129258259741341,0.18494795357617372,0.06481940912867895
2024-07-10,739076.4758065947,0.8434590122510848,10.147978069277949,0.12304103040006477,-0.00014864522986198208,-0.0016134460285753122,-0.0015206902401776043,0.0005391746289969765,2024-05-13,2024-07-02,739018.0,739068.0,3.1194014378814083,0.007657394067944092,0.18494795357617372,0.03460262576187384
2024-08-23,739120.7494740945,0.8158109678089516,5.2941057555493,0.03242139436241065,0.0027923302738967794,0.000948201504644814,0.0005334044399910537,-0.0007839424703436597,2024-01-11,2024-07-03,738895.0,739069.0,1.2411346747577918,0.45379851657853565,0.19148392455595928,0.2893814002396959
2024-07-08,739074.1771379284,0.8320965263260505,10.709626093468849,0.13922719173712195,0.0005257293354078785,-0.0010366859855594735,-0.0006355209238668144,-0.0008190427265917741,2024-01-19,2024-07-03,738903.0,739069.0,5.9630668938222,0.03940164774155262,0.19148392455595928,0.24081258778911246
2024-08-29,739126.3696703509,0.614443290477115,2.1772569862550655,-0.2819798127657229,0.024676043772235205,-0.006966905177963099,-0.005143358632794843,0.004699322263176234,2024-01-26,2024-07-03,738910.0,739069.0,0.45999741705379943,0.999557416198565,0.19148392455595928,0.3445341935667732
2024-08-29,739126.1870414315,0.1343154824300781,4.1615134941602205,-0.08594853145968204,0.12567462710313168,0.01122916546197364,0.004956757941609851,0.010075946986793316,2024-02-02,2024-07-03,738917.0,739069.0,0.85897083612294,0.3612225824441225,0.19148392455595928,0.3254701767338865
2024-07-28,739094.7277633069,0.7257968313854396,7.623006616133784,0.09144399737400447,0.0028512462713978313,-0.0023953728190193014,-0.002278364583615327,0.0007395037296889272,2024-02-09,2024-07-03,738924.0,739069.0,2.2960546310981016,0.11333143408849304,0.19148392455595928,0.16056975294206036
2024-07-22,739088.1010363828,0.4708553220046451,14.568051490762956,0.12599475984321015,0.0035226607361589436,0.004960526282686329,0.0025747858705794046,-0.004239964471771728,2024-02-16,2024-07-03,738931.0,739069.0,4.885582376663089,0.02295245155725626,0.19148392455595928,0.22546511687609033
2024-07-20,739086.6859329825,0.14077494999152831,8.407664190315751,-0.01161225982937385,0.09158433908618535,0.023143312422601377,0.02227641047795857,-0.006274906063650108,2024-02-26,2024-07-03,738941.0,739069.0,2.8216744517396584,0.0662591289109402,0.19148392455595928,0.21951472422880702
2024-07-26,739092.1526157745,0.4472510590370927,11.691381981349917,0.1285927881844227,0.0035799279887480813,-0.0032524121799064466,-0.001351305018812649,-0.002958404930724588,2024-03-04,2024-07-03,738948.0,739069.0,3.402858077081485,0.042106994109720824,0.19148392455595928,0.26707750055958734
2024-08-14,739111.5085440507,0.16566655179340398,4.838663773673526,0.7944463682383345,-0.3122758067661244,-0.04963344929009344,-0.030548503452054277,-0.039118642937506214,2024-03-11,2024-07-03,738955.0,739069.0,1.003749009368009,0.21541367458338054,0.19148392455595928,0.07174295909920872
2024-07-22,739088.9811999818,0.9480072474699499,8.297733847012905,0.09259173293995644,0.001258986579557084,0.0006759446823060706,0.0003280288398124562,-0.000591014630774187,2024-03-18,2024-07-03,738962.0,739069.0,2.442162763484825,0.21279533447969615,0.19148392455595928,0.14035653287878158
2024-08-02,739099.2831730403,0.6407302463316141,4.028693886019239,0.26572574066888444,-0.00856022436149325,0.006264438941458406,0.006083399864949638,-0.0014951392357875045,2024-03-25,2024-07-03,738969.0,739069.0,0.9355669094800106,0.21732711925991627,0.19148392455595928,0.06547968732666758
2024-07-27,739093.2071064536,0.27272629758806227,7.709783528577988,-0.13440326015665474,0.09574022787704585,-0.007643165376992702,-0.005209891800473783,0.005592405958745845,2024-04-02,2024-07-03,738977.0,739069.0,1.9249076401494467,0.4431043694530587,0.19148392455595928,0.11379027451519104
2024-07-16,739082.6191037395,0.48740373001994,4.869208204642591,0.08438088989662923,0.00884569738407933,-0.007596979186256015,-0.0036943887003276434,0.006638191386763304,2024-04-09,2024-07-03,738984.0,739069.0,1.5342563586306963,0.1165525137468629,0.19148392455595928,0.07631729800634966
2024-07-14,739080.1927702519,0.657924492420538,2.4914088459193553,0.2689585761144749,-0.012664340251846155,-0.00920888952375001,-0.0005421039219192028,-0.00919291953616873,2024-04-16,2024-07-03,738991.0,739069.0,0.8229899890375162,0.3631669839166867,0.19148392455595928,0.05674030823115369
2024-07-03,739069.2473050712,0.651757266416031,11.179243586657828,0.09400149172128774,0.006073992533268577,0.0030675601330509413,0.0012035142067025487,0.0028216092437027213,2024-04-23,2024-07-03,738998.0,739069.0,10.076305372046022,0.1154395516661951,0.19148392455595928,0.10288535127081808
2024-07-22,739088.5741006883,0.6979181712441068,3.6169765022494254,0.16862918831186172,-0.0014028380901331035,-0.005047138403189594,-0.003983481756211929,-0.003099270746301125,2024-04-30,2024-07-03,739005.0,739069.0,0.8355852208586795,0.053631649429369495,0.19148392455595928,0.04014374503076811
2024-07-05,739071.8984334914,0.2653553519767487,7.032522311995949,0.09766990670949806,0.01416914263076136,-0.022037190764279367,-0.02198794441455549,0.001472439202024294,2024-05-07,2024-07-03,739012.0,739069.0,3.3896585390383613,0.02426074167670349,0.19148392455595928,0.0638720676436686
2024-07-09,739075.7350548067,0.5960620835944498,9.384905889763552,0.14533881706675958,-0.0033649133145864985,0.004378138371501452,0.0038626458307967322,-0.002061082915809553,2024-05-14,2024-07-03,739019.0,739069.0,3.18307608431837,0.048814177033747935,0.19148392455595928,0.030209094141439092
2024-09-25,739153.3110640286,0.5349202422584017,5.22770897614336,-0.11295215217468652,0.019056786198193842,0.002799284685999008,0.0026228073148236784,-0.000978200665802252,2024-01-12,2024-07-05,738896.0,739071.0,0.9483150364014438,0.6965947921598759,0.1947359599423366,0.34674360140193655
2024-09-21,739149.4913203374,0.8585042881837608,8.330970864794057,0.044584497785331356,0.0017493845221095905,-0.0008170077412925481,-0.0008118476009007833,-0.0000916794537701528,2024-01-22,2024-07-05,738906.0,739071.0,1.5010596367367692,0.22065103112680004,0.1947359599423366,0.19843206320980836
2024-08-28,739125.7560557983,0.9531330203436803,12.897985310216269,0.13514905839796537,0.0002343467372429725,0.0003735647777270425,0.00037220912848199054,-0.00003179634936485203,2024-01-29,2024-07-05,738913.0,739071.0,2.786150058037734,0.04635799322195279,0.1947359599423366,0.25658789607376004
2024-09-05,739133.5796573863,0.1792066825504053,10.117265126370905,-0.24690375741212425,0.171442990738505,0.028704991933629482,0.01042585717929377,-0.02674468291056566,2024-02-05,2024-07-05,738920.0,739071.0,1.9766482316138705,0.10579213318928998,0.1947359599423366,0.12996178758712137
2024-09-06,739134.1426339508,0.6517516487305827,4.917450849601215,0.13381368463120918,0.0005926506503899765,0.0015184679545808065,0.000637290790328299,-0.001378261723204831,2024-02-12,2024-07-05,738927.0,739071.0,0.9297812231663155,0.051729138407078656,0.1947359599423366,0.27538078446677744
2024-07-30,739096.1566349067,0.9897805265228201,3.1430747674366106,0.18152630028853153,-0.0007684543224203961,-0.0009295688086910082,-0.0002902811511132561,0.0008830826820856488,2024-02-20,2024-07-05,738935.0,739071.0,0.9290656522618665,0.26032789574038045,0.1947359599423366,0.18554203420566026
2024-08-01,739098.128898345,0.4442502017797608,9.15359590149683,0.10573011583766538,0.007258537862889238,-0.005963540922445612,-0.0028454342984666073,-0.005240927779200293,2024-02-27,2024-07-05,738942.0,739071.0,2.5495901310048907,0.059071886503019415,0.1947359599423366,0.21504530586328535
2024-08-19,739116.1048837455,0.4310586857039952,13.719763033174408,0.11126588519217542,0.0058505418138506005,-0.003131457253696636,-0.003050227270687137,-0.000708617053764426,2024-03-05,2024-07-05,738949.0,739071.0,2.8596687731664607,0.05870017418980531,0.1947359599423366,0.26935381932908437
2024-08-23,739120.3649275375,0.28667538561644884,11.20061737764704,-0.011267976910338233,0.04562621249774777,-0.009557246947232657,-0.00918422191123495,0.002644056938793073,2024-03-12,2024-07-05,738956.0,739071.0,2.144238927149835,0.12218842161193717,0.1947359599423366,0.20376938665742794
2024-08-20,739117.3931550056,0.9518380267388231,14.771384529070854,0.09104299095897815,0.0008988050920679797,0.00016741584428569718,0.00005008529929852121,0.00015974832616359505,2024-03-19,2024-07-05,738963.0,739071.0,2.8266522291542473,0.345947992055185,0.1947359599423366,0.19702382997576728
2024-07-08,739074.4907622316,0.8588133770277699,11.819812216461903,0.10880093694913644,0.0018813640392554814,-0.00019912767423816024,-0.000135778296240059,-0.00014565742314638703,2024-03-26,2024-07-05,738970.0,739071.0,6.394095707176231,0.6864824530234632,0.1947359599423366,0.148554831382416
2024-08-14,739111.4976000058,0.863555719660918,7.8124843592671285,0.058925968075718094,0.002056882865925995,0.0009637677523943517,0.00009055839641754146,-0.000959503755799603,2024-04-03,2024-07-05,738978.0,739071.0,1.4831728710147232,0.2359056670479576,0.1947359599423366,0.07845012325982953
2024-08-06,739103.1579516703,0.7926697317623053,9.749316700512754,0.046330878934672685,0.003756491773354975,0.0008872019587007551,0.0008742896553201359,-0.00015081417082838798,2024-04-10,2024-07-05,738985.0,739071.0,2.0192617351518742,0.34425324811408964,0.1947359599423366,0.10745259097293591
2024-07-29,739095.9263352564,0.40778326200276693,12.590710497686302,-0.03215239852819923,0.03509135868879525,0.006580893177411089,0.002033349548361353,-0.006258885254314422,2024-04-17,2024-07-05,738992.0,739071.0,2.8610457608851965,0.1727008599015206,0.1947359599423366,0.09974220288941268
2024-07-22,739088.8987680854,0.34651123105431286,8.664915186306109,0.05687297975319668,0.022822708203626054,0.012157213240503457,0.012017038163418096,-0.001840822521055631,2024-04-24,2024-07-05,738999.0,739071.0,2.2257437178621178,0.07507340994533863,0.1947359599423366,0.08760089193505127
2024-07-23,739089.9893787801,0.5517308980304018,8.856518538143703,0.09322941332534677,0.005696325993157955,0.005598191285576649,0.004133103736189591,0.003775870651360025,2024-05-01,2024-07-05,739006.0,739071.0,2.095746732771409,0.06338863086894203,0.1947359599423366,0.08011185842081839
2024-07-29,739095.5633769959,0.3423371341435342,2.7364257103878606,-0.6041827806558954,0.22409369184486647,-0.05080666980503031,-0.011673908951230202,0.049447320923137666,2024-05-08,2024-07-05,739013.0,739071.0,0.5279798423391224,0.5517968926826047,0.1947359599423366,0.01641749482973063
2024-07-28,739094.2829394299,0.29646444905326713,2.5047182776224313,-0.242633829918094,0.1484722730429316,0.04556679074718676,0.0375356732756274,0.025834195376346746,2024-05-15,2024-07-05,739020.0,739071.0,0.4624843752418686,0.3856653768848896,0.1947359599423366,0.010544296280188348
2024-08-20,739117.6311175498,0.8836843493994055,10.54818668077439,0.13670242855551562,0.00034705220637418216,0.0006525250840158576,0.0006443835270732252,-0.00010275629083696969,2024-01-16,2024-07-08,738900.0,739074.0,2.697877140589142,0.04455710386215862,0.20282007834229562,0.2218633695481136
2024-07-22,739088.9119625222,0.29507954769576356,6.822145937665938,0.04860802912923577,0.032555249266436576,0.01575816710356479,0.0026102842810818132,-0.015540471242398312,2024-01-23,2024-07-08,738907.0,739074.0,2.7159213056210385,0.08935799735432731,0.20282007834229562,0.19989020420431744
2024-07-31,739097.4985131309,0.008549276314985256,14.951275087422685,-1.9271406791150916,2.0072272728609835,-0.03987025546760088,-0.014233785080137841,0.03724294071826503,2024-01-30,2024-07-08,738914.0,739074.0,4.890656080105558,0.028787148793411134,0.20282007834229562,0.26173717405122005
2024-09-17,739145.4553691861,0.03940131051833285,12.00458000848941,-1.231654710852063,1.1448354903862759,-0.04872347129808205,-0.04639385059191755,0.01488580809327653,2024-02-06,2024-07-08,738921.0,739074.0,2.1868666432323725,0.07712027310651348,0.20282007834229562,0.18006775169330638
2024-09-11,739139.9318986926,0.49506719149072775,6.619778203211269,0.11636499050499827,0.003539948229714008,0.0039427622225275865,0.0017533379631458476,0.0035314557806069504,2024-02-13,2024-07-08,738928.0,739074.0,1.2301937284292088,0.0671455184722414,0.20282007834229562,0.2185296305530795
2024-08-13,739110.6950270586,0.880867817281648,14.952938829740699,0.1474211810262851,0.00014470073609439398,-0.00047231848606899365,-0.00045747936738075624,-0.00011746225224900643,2024-02-21,2024-07-08,738936.0,739074.0,3.7134943824546203,0.018047621870772947,0.20282007834229562,0.25925839508570403
2024-09-04,739132.193454813,0.33501276320603407,2.0973060998796997,4.794560239127695,-1.0043813020349672,0.18654613776131518,0.034316880550405895,-0.18336251858804936,2024-02-28,2024-07-08,738943.0,739074.0,0.39354528691621377,0.8600266126280064,0.20282007834229562,0.1283262727876936
2024-07-09,739075.6484562327,0.289233730400355,4.88451521199376,0.1159290323080068,0.011584220769783226,-0.01950294533385295,-0.006534211090096664,0.018375771062061976,2024-03-06,2024-07-08,738950.0,739074.0,3.3689557413614066,0.03517175948394902,0.20282007834229562,0.13037681154750527
2024-08-19,739116.4459514343,0.43953718335321634,12.037011427229448,0.06913651551791501,0.012315019293726552,0.0035516032194531305,0.003014844491454084,0.0018773913073141706,2024-03-13,2024-07-08,738957.0,739074.0,2.5354441200167814,0.1266157125996146,0.20282007834229562,0.2178316822275584
2024-07-13,739079.8626017161,0.524257026217653,8.352968542652299,0.08744971744102917,0.009534859599633917,-0.0029817767076654954,-0.0012713603097447216,-0.0026971531838555786,2024-03-20,2024-07-08,738964.0,739074.0,3.966727493919667,0.20069779376960586,0.20282007834229562,0.17576953275126625
2024-08-20,739117.499262203,0.2507171848336552,14.86979530662803,-0.21034326013919857,0.12221422495627585,0.006997851310676391,0.006960261580047145,0.000724349158662389,2024-03-27,2024-07-08,738971.0,739074.0,2.8737082955151316,0.29446668012016275,0.20282007834229562,0.13824892348410922
2024-07-26,739092.2663727782,0.5764930967790315,10.805792059057433,0.026517562443239544,0.013012965134312124,-0.002354815724191011,-0.002275643141642503,0.0006054794685145619,2024-04-04,2024-07-08,738979.0,739074.0,3.138076818728849,0.2948199337705908,0.20282007834229562,0.12403369388654018
2024-07-31,739097.5639832175,0.10508489622595987,10.278671618407026,-0.38125197389113746,0.34982634456746453,-0.019258675131576888,-0.004673605133857058,0.018682986454964932,2024-04-11,2024-07-08,738986.0,739074.0,2.543628490891601,0.1857074869231648,0.20282007834229562,0.1258355114098975
2024-08-16,739113.2533242494,0.371060978148716,4.054056529502208,0.7346056494889694,-0.11694619491877434,0.025890671515003703,0.022440408010461165,0.01291336361378609,2024-04-18,2024-07-08,738993.0,739074.0,0.7223688651352219,0.41342645731036454,0.20282007834229562,0.058469591642936955
2024-08-05,739102.8769834226,0.773053593128247,14.073443873776702,0.06892894654430537,0.003158483887587297,0.0016208940823628497,0.0015752354257465688,0.0003820091356393597,2024-04-25,2024-07-08,739000.0,739074.0,2.8457153366986154,0.10703683200385969,0.20282007834229562,0.0980940836660069
2024-07-09,739075.8598220969,0.020642847243535614,2.953270379087394,0.06751446759133004,0.07613947630064988,0.06582741503656331,0.06358404468496226,0.017038715676267472,2024-05-02,2024-07-08,739007.0,739074.0,1.6975478624061027,0.008084803584565335,0.20282007834229562,0.059002185597285046
2024-07-24,739090.1521205574,0.27525737883722595,4.394644558041119,0.10051235471906679,0.015592544448490538,0.023162547034124945,0.015654904797518514,0.017071248955149183,2024-05-09,2024-07-08,739014.0,739074.0,1.0845922949421445,0.04216439679616284,0.20282007834229562,0.031073152611026965
2024-07-10,739076.8757040225,0.9493909261674849,7.8674097457693035,0.16968660721677328,-0.0018426649829509647,0.001098272409499649,0.0010980666242967167,-0.000021259681883271535,2024-05-16,2024-07-08,739021.0,739074.0,3.7148807303265556,0.20246484087844502,0.20282007834229562,0.0250194071928771
2024-08-04,739101.354468099,0.7480549842057108,5.147953549903443,0.06270824274478383,0.0036780851965356348,-0.0018124124597025722,-0.001368034672883478,-0.0011888313832809612,2024-01-17,2024-07-09,738901.0,739075.0,1.6619544809725642,0.29489244542092874,0.19635802031420466,0.24970802097829112
2024-08-19,739116.9042472052,0.017654820148259146,8.453790048824455,-2.8267878679509235,2.7535654212358476,-0.05990153156168667,-0.019519102929255423,0.05663212961096269,2024-01-24,2024-07-09,738908.0,739075.0,2.161470412423312,0.09599957547274605,0.19635802031420466,0.15596436578760856
2024-07-22,739088.0745239976,0.597657619916988,3.6791838617302,0.08653812229753004,0.005736234796737653,-0.0023163275402653003,-0.0022842502646910844,0.00038415361777576515,2024-01-31,2024-07-09,738915.0,739075.0,1.5125354352817826,0.4022795153444059,0.19635802031420466,0.3114384548730787
2024-08-28,739125.2645756111,0.2389300767594547,13.340767482795634,0.0720954079380688,0.027690766402534015,-0.010265524020290764,-0.005290928324153089,0.008796991581207817,2024-02-07,2024-07-09,738922.0,739075.0,2.9666203841194587,0.04831075894563995,0.19635802031420466,0.29142709222940805
2024-08-28,739125.0239099091,0.5318608338042309,8.570134642195036,0.03336882112417292,0.010475874082339933,-0.005537595845223553,-0.005536969883936721,0.00008326013100478223,2024-02-14,2024-07-09,738929.0,739075.0,1.862835010022271,0.11740304975117194,0.19635802031420466,0.11100191560913253
2024-07-12,739078.9895281331,0.7363911369291766,10.410373973863306,0.14660021615514143,0.0004757195677978065,-0.001343562261968265,-0.0013426408902192234,0.00004974928840307395,2024-02-22,2024-07-09,738937.0,739075.0,5.918445894475001,0.025045830695886645,0.19635802031420466,0.2517220812679827
2024-08-11,739108.0117590948,0.3345973038125057,6.273368309110896,0.08884357434861724,0.013720306105055294,-0.015344457107301921,-0.010977673313198034,-0.010721149777264011,2024-02-29,2024-07-09,738944.0,739075.0,1.6005696114734258,0.04769072499261281,0.19635802031420466,0.0840551712739957
2024-08-08,739105.8827018391,0.18877971515683784,6.341510240543543,0.04028864760790685,0.047337912400537654,-0.030506499594997086,-0.01833268415106868,-0.024383584833996677,2024-03-07,2024-07-09,738951.0,739075.0,1.6274399467824912,0.046193338592746595,0.19635802031420466,0.08533886595381786
2024-07-28,739094.0206822453,0.32947489412877645,9.253108989366314,0.05884988911808839,0.0255726046985039,-0.008153906661614481,-0.006162965932636731,-0.005338917939009746,2024-03-14,2024-07-09,738958.0,739075.0,2.8971700780437857,0.11167189325409768,0.19635802031420466,0.19478662486185983
2024-08-11,739108.2240469034,0.8540838981654408,13.059908399918257,0.09171245889852384,0.0016407662679088786,-0.000349854924935037,-0.0002720139949745272,-0.00022001557908316017,2024-03-21,2024-07-09,738965.0,739075.0,3.0370432545703214,0.3067037813514639,0.19635802031420466,0.18610955958243194
2024-07-19,739085.4305476244,0.16220560733690606,3.406154736046856,0.19142772509662362,-0.024251832447890226,-0.03583743547995542,-0.03213433607835541,0.015865252175218444,2024-03-28,2024-07-09,738972.0,739075.0,1.2937107940475194,0.03222620200404604,0.19635802031420466,0.06185883781674746
2024-07-24,739090.1893042715,0.9695124033344071,14.020201540426632,0.09055577812064482,0.001393627924917835,-0.000382879655479863,-0.0002549018414733965,-0.0002856954353745437,2024-04-05,2024-07-09,738980.0,739075.0,4.421729850877917,0.2517002589509048,0.19635802031420466,0.13113212921173348
2024-07-24,739090.7357988833,0.5195327473141534,13.906033831893927,0.05479011515430585,0.0131915573182205,-0.002109447109264581,-0.0019629036679092104,-0.0007725129754853729,2024-04-12,2024-07-09,738987.0,739075.0,4.1739201814009865,0.23363455374089934,0.19635802031420466,0.14214026001518845
2024-07-28,739094.6375204663,0.432892134996845,12.588721089422535,0.04586661307964718,0.018872881449647032,0.006148664763453255,0.0016044629882084147,-0.0059356361826514445,2024-04-19,2024-07-09,738994.0,739075.0,3.2739789601948095,0.10554932992015807,0.19635802031420466,0.11750529033993205
2024-07-20,739086.8409441645,0.9978852823425128,10.712465928346688,0.11475293349114866,0.0006361996718629509,-0.0009567646025500077,-0.00028283109006485785,0.0009140049667181239,2024-04-26,2024-07-09,739001.0,739075.0,3.377375218460895,0.06194118436160461,0.19635802031420466,0.09166576009303054
2024-07-25,739091.7245893034,0.853726507563219,4.1592001203946545,0.14825862874101334,0.00018263835594313886,0.0028627404003890404,0.0028547602223969737,0.00021360400895017014,2024-05-03,2024-07-09,739008.0,739075.0,1.0661832214787152,0.013095406112367902,0.19635802031420466,0.025054264874346543
2024-07-31,739097.0030730031,0.7965009003752208,14.124093006566127,0.16482676390863735,-0.001451399977269201,0.0015740706409983606,0.00004521641447706879,-0.0015734210684730397,2024-05-10,2024-07-09,739015.0,739075.0,2.9573054194125197,0.051998234184138,0.19635802031420466,0.05696355660808124
2024-08-02,739099.9632218631,0.2683178474884674,11.387792445326507,0.39718704421080414,-0.09469905878049319,0.004484602978302149,0.003357968092869005,-0.0029724929201379448,2024-05-17,2024-07-09,739022.0,739075.0,2.0640487043091067,0.49754421352434025,0.19635802031420466,0.03134638355141174
2024-09-02,739130.990665352,0.9365176815394536,13.530936618573259,0.13786857054942667,0.00023428954584951467,-0.0004015992067954286,-0.0003571776662904246,-0.0001835920412274004,2024-01-18,2024-07-10,738902.0,739076.0,3.0720280971554037,0.04037831444327847,0.19148392455595928,0.26873581237794353
2024-08-27,739124.2859781875,0.5609064015187225,7.440864976574111,0.02574905352881433,0.010064501270864105,-0.00455794215635131,-0.003782846034054214,-0.002542619236788067,2024-01-25,2024-07-10,738909.0,739076.0,1.7702484263337825,0.1664525383576316,0.19148392455595928,0.16582383859253716
2024-08-29,739126.8705231037,0.7107322210031431,13.976177270945128,0.1313596256014562,0.0009051835594115101,0.0011435981901169916,0.000881477016021956,-0.0007285705804271041,2024-02-01,2024-07-10,738916.0,739076.0,3.16297759898623,0.040251382555507684,0.19148392455595928,0.280113234238539
2024-08-21,739118.1744788976,0.552638625118706,13.150065609445466,0.12776840570148829,0.002274849120584698,0.0024838527344262684,0.0020549323320729704,0.0013952696932557499,2024-02-08,2024-07-10,738923.0,739076.0,3.206484255041899,0.0384893050623837,0.19148392455595928,0.28424605714809975
2024-08-18,739115.5062649506,0.2550768232599941,8.799510157555641,0.03693054014093493,0.03815764181650467,-0.01720569180052981,-0.01577201145192819,-0.006876007933028058,2024-02-15,2024-07-10,738930.0,739076.0,2.166032092669795,0.06428681213043182,0.19148392455595928,0.1710117948721417
2024-07-14,739080.2043329725,0.45136632898917284,13.442794054581096,0.14924211295943357,0.0011653212598836341,0.005570899030372119,0.0026201626282390186,-0.00491626522964136,2024-02-23,2024-07-10,738938.0,739076.0,7.5334536579387725,0.007023603648576252,0.19148392455595928,0.23483074816406407
2024-07-26,739092.7432106563,0.4036681096688305,5.992167860635041,0.11880458958451763,0.006679329173900275,-0.010148590011830811,-0.0000664122322370454,0.010148372709141188,2024-03-01,2024-07-10,738945.0,739076.0,2.07662868146572,0.044337133253155685,0.19148392455595928,0.13794489096956447
2024-07-30,739096.0296763035,0.38272866127890415,2.31485210923875,0.8473111424439637,-0.15254504956320586,-0.0436502207771906,-0.0025018923039343203,-0.043578461523979914,2024-03-08,2024-07-10,738952.0,739076.0,0.7268208949610538,0.5778024910804888,0.19148392455595928,0.11067626492663143
2024-08-30,739127.8197018005,0.3557186313029646,9.713467241897295,-0.02936697025852061,0.03647770300142532,-0.010153072344745141,-0.007856254294452863,0.006431496443170869,2024-03-15,2024-07-10,738959.0,739076.0,1.8258567153409357,0.13157165422817566,0.19148392455595928,0.11909986777834462
2024-07-20,739086.7860692929,0.8938608490666196,14.160987533671316,0.12263535020742788,0.000998021580820659,-0.00036709824853491905,-0.00034238608813240813,0.0001324118224736448,2024-03-22,2024-07-10,738966.0,739076.0,5.444631024552161,0.17160660329822613,0.19148392455595928,0.18114906173693496
2024-07-27,739093.603438285,0.2204561659621465,13.588520983201555,-0.058339820870557904,0.09065515166230906,-0.008113083747598953,-0.005292770690409,0.00614887845987394,2024-04-01,2024-07-10,738976.0,739076.0,4.107414368691532,0.1812827958804847,0.19148392455595928,0.1545835458755925
2024-07-12,739078.0036244423,0.18784560820474844,8.32892059842727,0.036898787849200906,0.06449209166150417,-0.009319983471275502,-0.009059486647333442,-0.0021881027379068853,2024-04-08,2024-07-10,738983.0,739076.0,5.115390875373842,0.1560643271648365,0.19148392455595928,0.17056189685726453
2024-07-30,739096.7328267121,0.47490262915984427,10.490994981168761,0.06755802092481282,0.012846295482198967,-0.004900471528944601,-0.003980377208099545,0.0028585343250061403,2024-04-15,2024-07-10,738990.0,739076.0,2.7359776263328937,0.11866644485641056,0.19148392455595928,0.12181329229193598
2024-07-24,739090.4959368351,0.2006982306519332,13.53679522739269,0.01246227601290471,0.06613519080275403,-0.007346213003961796,-0.003859579115548949,0.0062506395313116385,2024-04-22,2024-07-10,738997.0,739076.0,4.015997670190814,0.1334740316318447,0.19148392455595928,0.1529745336723962
2024-08-13,739110.416960699,0.014029088894825795,7.679011462976944,-0.8979741896921715,0.9801867142986849,-0.058912041594865475,-0.05031491321840753,-0.030643729418908503,2024-04-29,2024-07-10,739004.0,739076.0,1.3795848138139846,0.030396871633221696,0.19148392455595928,0.06274165245151418
2024-07-22,739088.2007128528,0.9188859146292914,3.1949112622505,0.1491902261036752,0.0007000858604460232,-0.0029331259693513765,-0.0021336748377008955,0.002012625061715547,2024-05-06,2024-07-10,739011.0,739076.0,0.9381129506009939,0.0686472881335359,0.19148392455595928,0.0197500304094898
2024-07-11,739077.1265353473,0.7097054261311931,4.150507399707889,0.1863166424550322,-0.0052837798316415704,-0.003902948545964584,-0.0011330871430272837,-0.003734852189679445,2024-05-13,2024-07-10,739018.0,739076.0,2.6162241819390006,0.23148817986099096,0.19148392455595928,0.03378106242625003
2024-07-18,739084.9441601589,0.5383836741983962,10.24026353655579,0.23565464921298546,-0.016517471520504073,-0.0032106943526375516,-0.001273784768295489,-0.002947207252657518,2024-05-20,2024-07-10,739025.0,739076.0,3.1005303607206387,0.2704738923935066,0.19148392455595928,0.020212462277427845
2024-07-12,739078.7565758963,0.23963499390374948,11.903349590256092,0.13363435085277464,0.010855758148535932,-0.015300806476887143,-0.009401018969862382,-0.01207209680094718,2024-01-19,2024-07-11,738903.0,739077.0,8.725455932349918,0.014283245035458905,0.2545963478660155,0.2975157967364951
2024-09-20,739148.6704080458,0.2258005950721696,7.930584467171329,-0.10702753647080747,0.09110890919715593,0.015363136652101126,0.0030581109940281707,0.015055694103538929,2024-01-26,2024-07-11,738910.0,739077.0,1.5184237207262121,0.16884991276083824,0.2545963478660155,0.27061761886836216
2024-09-24,739152.7318839431,0.8057885915081837,7.051570769635676,0.09133166730202327,0.0013380027432733474,-0.000547364579340223,-0.0005337070645949165,-0.00012151029552172495,2024-02-02,2024-07-11,738917.0,739077.0,1.274358259640089,0.2793286992883861,0.2545963478660155,0.3192915686376429
2024-08-25,739122.9752740834,0.14815314689042938,4.216828065214015,0.556072798810177,-0.20412232984998302,-0.02660003223458629,-0.010813395458501476,0.024302925616869447,2024-02-09,2024-07-11,738924.0,739077.0,0.9832555956531687,0.2696083514014843,0.2545963478660155,0.29494313080634854
2024-07-22,739088.1078478178,0.37517769094112896,9.826448480931038,0.15743444426060302,-0.00010854398760316205,0.004626634107678907,0.004116051638472581,0.002112785383271329,2024-02-16,2024-07-11,738931.0,739077.0,4.143283755199411,0.0008957380888186537,0.2545963478660155,0.28733647006507507
2024-08-14,739111.9537340265,0.003422662988382453,4.427618494167644,22.29908537161556,-21.819865741438385,-0.08089150962215635,-0.04678522937563809,0.06598923125192732,2024-02-26,2024-07-11,738941.0,739077.0,1.1185820646190552,0.20851777365847787,0.2545963478660155,0.1273790619723439
2024-08-30,739127.445742449,0.9957385210084022,8.255334152522796,0.11978773371586947,0.00034164189503987577,-0.0005904315585065462,-0.0002395989453801448,0.0005396311431461229,2024-03-04,2024-07-11,738948.0,739077.0,1.6672767627733796,0.06979305540087122,0.2545963478660155,0.09607337521551741
2024-08-16,739113.4645810995,0.5034233180371125,3.5533076771711425,0.6520330456122083,-0.056752405201397724,-0.01725622388972396,-0.0023805879752558526,-0.017091227686282438,2024-03-11,2024-07-11,738955.0,739077.0,0.8308656792706346,0.46594968083136284,0.2545963478660155,0.08482121316206687
2024-08-17,739114.1218913815,0.27813566106427584,14.089903823509054,0.059880469995271836,0.029910972466656062,-0.0020833841300031157,-0.0020814363764892164,-0.00009006688501486687,2024-03-18,2024-07-11,738962.0,739077.0,3.1629595086711193,0.2834065139815216,0.2545963478660155,0.23297072322399212
2024-07-13,739079.9067232418,0.33345901861438804,3.282941616067962,0.22440154193944323,-0.02347978367999042,-0.021283660012943125,-0.003778381602491431,0.020945596578099853,2024-03-25,2024-07-11,738969.0,739077.0,1.9027558111061549,0.1120539284736292,0.2545963478660155,0.08508885783365741
2024-07-28,739094.0983537699,0.8965953111830964,2.7012580295046997,0.29395247319988854,-0.004387890539931754,0.003192391145953204,0.0031923684124228703,0.00001204774356862018,2024-04-02,2024-07-11,738977.0,739077.0,0.8271770925024802,0.4562155458261222,0.2545963478660155,0.07049854108459425
2024-07-20,739086.3268507554,0.04677130757784687,4.370454158003674,0.36281292668603093,-0.17537126766675828,0.04753137903045058,0.04556653205459718,0.013524908467480463,2024-04-09,2024-07-11,738984.0,739077.0,1.6661036911966514,0.0394848933145919,0.2545963478660155,0.11225119999234714
2024-07-24,739090.0037755164,0.7901325843466553,12.749516414521771,0.10675911006083878,0.0023674327637333674,0.0008408363730091594,0.00004520035028375868,-0.0008396205896173738,2024-04-16,2024-07-11,738991.0,739077.0,4.119005685186565,0.17449075554022814,0.2545963478660155,0.15389199580703866
2024-07-21,739087.4718889035,0.7224517629585757,12.855722598698488,0.11701910875179271,0.0024189644925398583,0.0015954672919053913,0.0006077667537746607,-0.001475173024613091,2024-04-23,2024-07-11,738998.0,739077.0,4.389251834617069,0.08520281640617071,0.2545963478660155,0.14897570325121579
2024-08-01,739098.8407548702,0.9153808077112895,11.61547710444747,0.14876354266461198,-0.000030833045440382415,0.001196841536261818,0.0004036237215343629,0.0011267286959762322,2024-04-30,2024-07-11,739005.0,739077.0,2.695017229275944,0.002030226627629751,0.2545963478660155,0.10911479940220115
2024-08-08,739105.1568860982,0.5036683238257124,2.62899644187912,-0.4587115925572902,0.09955479553354987,-0.03361483698158293,-0.006779097351686314,0.032924172038105326,2024-05-07,2024-07-11,739012.0,739077.0,0.5006339742548317,0.5673954064641038,0.2545963478660155,0.01760267115600099
2024-08-07,739104.4245462167,0.30772939444195774,7.403570896322068,0.3903536948460229,-0.07573376603886146,0.012341333105590862,0.0039899248270277845,0.011678570233458387,2024-05-14,2024-07-11,739019.0,739077.0,1.3387955340342799,0.2550675565586275,0.2545963478660155,0.036242751737041765
2024-07-15,739081.7562697439,0.4551729389654585,11.9500712711996,0.27044467271685146,-0.0312655025145591,-0.004742138059265273,-0.004467122493390498,-0.001591442742349491,2024-05-21,2024-07-11,739026.0,739077.0,4.681608412534031,0.2511291684690072,0.2545963478660155,0.017441101361894033
2024-08-29,739126.5058835744,0.702841882368573,4.6251836471700205,0.10967111171332666,0.0019921104835038676,-0.000258901180374292,-0.00011780817143505915,0.0002305451277783363,2024-01-22,2024-07-12,738906.0,739078.0,1.1146630880522361,1.169251786750489,0.31251899559872015,0.4261068420782953
2024-09-11,739139.6956719,0.7772730739800979,5.6081215044830905,0.1166077841367468,0.0010869694164360336,-0.0003103973904943159,-0.00009745652252027836,0.00029470114734071756,2024-01-29,2024-07-12,738913.0,739078.0,1.1615731766313835,0.4853504896535441,0.31251899559872015,0.39546905563952833
2024-09-10,739138.7647694938,0.9219976951371498,2.7103118569517903,0.2892084343695713,-0.0016930190428205906,-0.0007824237118432335,-0.0002605692144355067,0.0007377604959219535,2024-02-05,2024-07-12,738920.0,739078.0,0.5525658928057108,0.73608913909799,0.31251899559872015,0.3841604714001657
2024-09-24,739152.7264746868,0.3318913724601383,14.404905102584035,0.17862025646857485,-0.003338899495221148,-0.006132075705718505,-0.0060849054922043596,-0.0007591295091118013,2024-02-12,2024-07-12,738927.0,739078.0,2.534458408789866,0.01254531007576999,0.31251899559872015,0.31444540456452935
2024-09-02,739130.6588033687,0.005570222625511435,4.758727349133307,25.458633014364306,-24.65958215830055,0.08778690486158089,0.006510929462514785,-0.08754512243814856,2024-02-20,2024-07-12,738935.0,739078.0,0.9940841336023746,0.32880446515929035,0.31251899559872015,0.16896732871935788
2024-08-13,739110.4859941187,0.8562419620476218,4.274905795014203,0.24966954025846483,-0.002506388999005143,0.0018563924577004217,0.00016110408831508235,0.0018493886637846524,2024-02-27,2024-07-12,738942.0,739078.0,1.119922601550586,0.2704261213752194,0.31251899559872015,0.13857061939096973
2024-08-29,739126.163567113,0.04837936744831729,3.6136754817056644,8.607757629618437,-6.785705809116522,0.1643361605027205,0.11196770431061805,-0.12028967885976723,2024-03-05,2024-07-12,738949.0,739078.0,0.74909550704741,0.5528062286028336,0.31251899559872015,0.09736481706178673
2024-07-27,739093.8170074349,0.08219696816259404,9.807814762684451,0.16267963439919483,0.0005473338161035723,0.015321230838714556,0.013389510568790852,0.007447222377599321,2024-03-12,2024-07-12,738956.0,739078.0,3.3792349569727183,0.00029939336339658817,0.31251899559872015,0.27711065481051145
2024-07-21,739087.7542354189,0.992286774175313,4.627799058562907,0.17069970408675478,-0.0004294530516375875,-0.0011170561062550173,-0.00016385448494955846,0.0011049733265031951,2024-03-19,2024-07-12,738963.0,739078.0,1.8771709182734393,0.08243343848943846,0.31251899559872015,0.1273589935273205
2024-08-13,739110.3871211649,0.43711779989195476,2.0334696727911705,1.7284843515148847,-0.2455471873621828,-0.06856512011515116,-0.044323668831555606,-0.0523124084488154,2024-03-26,2024-07-12,738970.0,739078.0,0.47465954453087533,0.7698258935205645,0.31251899559872015,0.08545810691955301
2024-08-06,739103.7186897343,0.5811072954609063,3.815726338248285,0.30594819741693935,-0.013613955940794974,0.007978586832293818,0.0050968448860018055,-0.006138405334326624,2024-04-03,2024-07-12,738978.0,739078.0,0.9636679939565058,0.2598588264772635,0.31251899559872015,0.07101723730274763
2024-07-17,739083.1898620726,0.6252501755479435,5.026607654420118,0.17400448316182715,-0.002384501077361419,-0.005497077357820208,-0.005291136778905129,0.001490547236680897,2024-04-10,2024-07-12,738985.0,739078.0,2.3521844811073502,0.053956591683099096,0.31251899559872015,0.11992931425045447
2024-08-06,739103.3402956995,0.08828246386487316,2.2030225472734526,2.5585365946711103,-1.63189967576606,0.12673058928953207,0.02417800881731834,-0.12440283819632787,2024-04-17,2024-07-12,738992.0,739078.0,0.5189889632360148,0.5160211533450815,0.31251899559872015,0.08140513026942918
2024-08-03,739100.995564216,0.02805112382066733,4.587064896358282,0.6705568861356729,-0.46175860073936,-0.06390526580242704,-0.04388983619703887,0.0464495993080236,2024-04-24,2024-07-12,738999.0,739078.0,1.0875089487598217,0.044186919795742956,0.31251899559872015,0.060831859413683895
2024-08-12,739109.5953484594,0.13887100218905382,13.994521643896626,0.2526036704496943,-0.054483307537838234,0.020710531080835006,0.015040554347588721,0.014237549738893372,2024-05-01,2024-07-12,739006.0,739078.0,2.6448766071372445,0.02610512279712576,0.31251899559872015,0.16731826380292195
2024-08-04,739101.083744985,0.4725631866897996,14.548316417023848,0.2187092709205746,-0.011416818390447631,0.0071683681901807475,0.00017512227861742408,0.007166228763968307,2024-05-08,2024-07-12,739013.0,739078.0,3.100738330539153,0.051733509023061265,0.31251899559872015,0.11423794667115747
2024-07-26,739092.8672131266,0.6985363475250069,7.130416200304645,0.26729568295573963,-0.009619045732954204,0.0024130265291623745,0.0010283174701069845,-0.0021829475969693327,2024-05-15,2024-07-12,739020.0,739078.0,1.803807569538454,0.3905206664004457,0.31251899559872015,0.052589978909507236
2024-07-24,739090.4375702132,0.024038518555980166,10.003649405478843,4.028341969260573,-3.57484732678131,0.00532807184122731,0.003528725276888529,-0.003992048028960493,2024-05-22,2024-07-12,739027.0,739078.0,2.5941127928612997,1.612265881293403,0.31251899559872015,0.030743037340017692
2024-07-15,739081.5996608164,0.8910228648518141,13.123767502247059,0.17053857087698593,-0.00011994258299162385,-0.000857210278334169,-0.0006307340712446721,-0.0005805032236369273,2024-01-23,2024-07-15,738907.0,739081.0,11.85111809238452,0.00949984125781669,0.4358980167592246,0.3465066344126657
2024-08-26,739123.6295196447,0.8176711145621225,7.0813243786528455,0.10002228964457005,0.0016005374300498095,-0.0012665821021336534,-0.00032294723046353906,0.0012247184606191072,2024-01-30,2024-07-15,738914.0,739081.0,1.7951240051421367,0.14591389657308707,0.4358980167592246,0.303861135772599
2024-09-24,739152.7819082608,0.20898798910316368,3.9129229545884905,1.2545115958811932,-0.3917172269322149,-0.03513834737245003,-0.01547100066029511,0.03154919324857791,2024-02-06,2024-07-15,738921.0,739081.0,0.7299783146932358,0.5954034817124906,0.4358980167592246,0.40774762694852834
2024-07-15,739081.0469654517,0.49665829035030995,14.359802547480868,0.1935494798587084,-0.003962604361041104,-0.004864544689962992,-0.004771155287170357,-0.0009486159741188705,2024-02-13,2024-07-15,738928.0,739081.0,18.487072834303508,0.02817394980952754,0.4358980167592246,0.3240824529499136
2024-07-26,739092.3654664794,0.5614243715278703,13.827703293059326,0.18967832422013808,-0.002404589809729073,-0.0028332177274219897,-0.0014125679757170265,0.0024559671017660083,2024-02-21,2024-07-15,738936.0,739081.0,5.7695155132615055,0.03445896755580752,0.4358980167592246,0.3405723690808777
2024-07-19,739085.1000027548,0.5312705871761546,7.289720858392806,0.18021152088814796,-0.0015016728362587108,0.004395546191499969,0.003213085249867759,0.0029994848722225817,2024-02-28,2024-07-15,738943.0,739081.0,4.1135221194963,0.024898165582521628,0.4358980167592246,0.30413715785993145
2024-07-18,739084.1335707172,0.49214642029446687,3.1086090462440534,0.2909065136474854,-0.02301820690633946,0.014456596673892434,0.00485959028823244,0.013615343169458297,2024-03-06,2024-07-15,738950.0,739081.0,1.8586108529666434,0.252077247969146,0.4358980167592246,0.14199614168430352
2024-08-24,739121.4481036465,0.9426620968663526,4.34287163335863,0.4189162397271041,-0.0040647078245716365,-0.002060228962985306,-0.00137732202165769,0.0015321642955571973,2024-03-13,2024-07-15,738957.0,739081.0,0.9694452892567169,0.42824558829926446,0.4358980167592246,0.09495255824300057
2024-09-05,739133.9810777785,0.7275237926504005,5.582671834914004,0.4323435836486793,-0.009765987687551448,-0.004059862161519234,-0.003114816909327037,0.0026039194288429864,2024-03-20,2024-07-15,738964.0,739081.0,1.0357823613804302,0.31348010594525816,0.4358980167592246,0.09571176957068929
2024-07-25,739091.7388819194,0.29597007706102146,14.530501667280735,0.15267130821265307,0.006482258655643514,0.0030911418794724805,0.0030312148940000224,-0.0006057180742070453,2024-03-27,2024-07-15,738971.0,739081.0,5.595938025336523,0.04271442988572901,0.4358980167592246,0.2989047598406031
2024-08-19,739116.547111599,0.5819816581988021,6.849636248466093,0.20362977422794867,-0.0037520189183943577,0.005385988434807918,0.003575327870843864,0.00402813878060969,2024-04-04,2024-07-15,738979.0,739081.0,1.4750949246424474,0.059189053037939844,0.4358980167592246,0.16610032646808914
2024-07-23,739089.2105706525,0.6017370133759438,11.581212785523354,0.14707501088238786,0.002343328321883952,0.001731451762939087,0.0014275784264028877,-0.0009797678520210424,2024-04-11,2024-07-15,738986.0,739081.0,4.6658005798390745,0.07031944423078958,0.4358980167592246,0.27549752136734496
2024-08-12,739109.6993403676,0.9676510878179305,8.004428832267383,0.21381235971344384,-0.0009868124452247673,0.0009987598105322465,0.0005405510713291117,-0.0008398367093782925,2024-04-18,2024-07-15,738993.0,739081.0,1.7869959069173122,0.1194433570876467,0.4358980167592246,0.18923374918438735
2024-08-04,739101.6785521265,0.6134956921705726,10.9363876826079,0.20873512074341558,-0.004045712596005218,0.003798129247586372,0.0012001970276347002,-0.0036035139622634807,2024-04-25,2024-07-15,739000.0,739081.0,2.7722557056250854,0.059753439460593166,0.4358980167592246,0.22598156098112188
2024-07-31,739097.0445334084,0.15081197370712499,14.08493758070411,0.378120050568276,-0.12174935967199725,0.018068393860648867,0.010819855668644242,-0.014470576353872045,2024-05-02,2024-07-15,739007.0,739081.0,3.866767744766484,0.07214862086373072,0.4358980167592246,0.24135355243918105
2024-07-21,739087.7339273533,0.6613730101772072,9.42466350910613,0.24809918101839956,-0.00869763571213609,-0.004019007187777007,-0.002867145908013479,0.00281636168088632,2024-05-09,2024-07-15,739014.0,739081.0,3.589913161612009,0.15186687116167563,0.4358980167592246,0.15625064538957428
2024-07-27,739093.100081079,0.4538832089899484,12.573506213281936,0.38878539103445087,-0.04595913146365793,-0.004941876639102409,-0.004757882188745556,0.0013359273161829997,2024-05-16,2024-07-15,739021.0,739081.0,3.5717130162386033,0.33571258997039866,0.4358980167592246,0.08889426881426311
2024-07-19,739085.4817076651,0.7216681003787898,8.568183216669254,0.3000048718775666,-0.013418916031160967,-0.0008958893679825408,-0.0008608379910397842,0.0002481445402315849,2024-05-23,2024-07-15,739028.0,739081.0,3.4793497461534875,1.26157134755025,0.4358980167592246,0.07300159553364269
2024-08-10,739107.5289440475,0.5764450743058936,12.398683808984384,0.19161450216543433,-0.0015499834854924633,-0.0026683850078194436,-0.001821895280638587,0.0019496092265739856,2024-01-24,2024-07-16,738908.0,739082.0,4.057418064746391,0.027006041254888487,0.4759033513729237,0.4876173266735872
2024-08-22,739119.4165552449,0.8317767187507958,9.627194975820359,0.17544240668585964,-0.00003327134570798534,-0.0009791072273726226,-0.00007077491244010794,0.0009765458895834849,2024-01-31,2024-07-16,738915.0,739082.0,2.601773590006546,0.002935939509854243,0.4759033513729237,0.41695938928528037
2024-08-27,739124.0967111734,0.02628442554469724,5.649768603164846,1.199370737120806,-0.915714592924672,-0.04583718888432278,-0.029233531115845368,0.035305078151959726,2024-02-07,2024-07-16,738922.0,739082.0,1.4106261548689203,0.0929415666758253,0.4759033513729237,0.4089429266440909
2024-08-15,739112.9865637283,0.29232632564848765,8.120725890850398,0.22942315128640745,-0.015348832440066802,0.010349379937477733,0.01029975368524584,0.0010122939857231993,2024-02-14,2024-07-16,738929.0,739082.0,2.3022594128926532,0.05338682466306948,0.4759033513729237,0.4233163184287243
2024-07-16,739082.0429901208,0.32006990244841954,6.948882014294047,0.241283924050686,-0.01965895757704104,0.010245303972293673,0.004382564804227981,-0.009260636005234127,2024-02-22,2024-07-16,738937.0,739082.0,8.984524570710535,0.08838234839624898,0.4759033513729237,0.3663922491689405
2024-08-12,739109.2832145315,0.3770362820197034,14.943772564094742,0.2794518085269194,-0.02113047654188765,-0.003276261661474342,-0.0028583662923583205,-0.00160113478919058,2024-02-29,2024-07-16,738944.0,739082.0,4.284378561561826,0.1627247476405387,0.4759033513729237,0.45396326902800654
2024-08-18,739115.5349230486,0.6270282972884743,6.127100491006383,0.2441071267748987,-0.005359996758637817,-0.004720807244381202,-0.0035122310997411617,-0.0031544022794521664,2024-03-07,2024-07-16,738951.0,739082.0,1.551023913602776,0.11619311541375466,0.4759033513729237,0.2170214003671757
2024-08-10,739107.7593616771,0.22965630430739364,12.704663075637033,0.2813652469030128,-0.04004368353392571,-0.004811608304191773,-0.004397719716594478,-0.0019523410991021544,2024-03-14,2024-07-16,738958.0,739082.0,3.5592058310381423,0.15043849301664944,0.4759033513729237,0.42607289750135335
2024-08-13,739110.6156360102,0.9104090237264686,2.4568189355745984,0.8540826005391388,-0.015380259923292361,0.007522744481941507,0.006518519849514535,-0.003755074368380259,2024-03-21,2024-07-16,738965.0,739082.0,0.6361879466623118,0.7576188422624511,0.4759033513729237,0.09574037869559318
2024-07-22,739088.4503355885,0.25445372299773844,10.030755791662132,0.19932449225300208,-0.006655170121821132,0.00613654803933132,0.004919270507313924,-0.0036685146196918004,2024-03-28,2024-07-16,738972.0,739082.0,4.619044722400464,0.027511240628426078,0.4759033513729237,0.37954920418156757
2024-08-22,739119.703091788,0.44783716752866776,13.611926281224692,0.1440676046445507,0.0049690685171049805,0.003059032594562293,0.0029717031574981166,0.0007257139645275108,2024-04-05,2024-07-16,738980.0,739082.0,2.8375085454095204,0.05344307352433765,0.4759033513729237,0.37401607580541274
2024-08-21,739118.2035911625,0.1214535436603266,11.306669896168247,0.5206017230547278,-0.20695581756291367,-0.029794037589150085,-0.028670316106613834,0.008105408701017343,2024-04-12,2024-07-16,738987.0,739082.0,2.31703765008641,0.07461458975728665,0.4759033513729237,0.3025359135776653
2024-08-26,739123.8057502339,0.8356829865101072,5.854035917687303,0.42854593180888784,-0.007022909131491328,-0.0029855978216159597,-0.002758235338447106,0.0011427738928500002,2024-04-19,2024-07-16,738994.0,739082.0,1.055619540319499,0.33579321902587217,0.4759033513729237,0.10075809220788132
2024-08-14,739111.4524434379,0.918247184309954,3.893603007370811,0.4815468040583639,-0.006740127384441521,0.0032759733306125007,0.002993503336108001,-0.0013307663354603727,2024-04-26,2024-07-16,739001.0,739082.0,0.8191062398455954,0.4852166371770768,0.4759033513729237,0.08369397994090487
2024-07-30,739096.9876328292,0.5585325309777273,7.328379581802939,0.31466478885543364,-0.017457525290567433,0.007897703760117072,0.004193596067677659,0.006692344634261286,2024-05-03,2024-07-16,739008.0,739082.0,2.077582764743067,0.16846991527526164,0.4759033513729237,0.21945334478650597
2024-08-10,739107.0064225306,0.5895799145672086,14.256854324189232,0.38638202217677997,-0.0211832033715746,0.003827675816445877,0.0015961111325785231,0.0034790129934025144,2024-05-10,2024-07-16,739015.0,739082.0,2.9559482176498015,0.22886293085168324,0.4759033513729237,0.20242390380933128
2024-08-01,739098.4661799134,0.014494106855305725,9.857297695774863,11.37701357527808,-10.634724818688404,-0.031057033336825766,-0.029348299460441648,-0.010159558970001974,2024-05-17,2024-07-16,739022.0,739082.0,2.4090129321397273,0.5035004633311683,0.4759033513729237,0.10308876114578325
2024-07-20,739086.8109803911,0.4847112572087394,10.178097474245345,0.4363342937638052,-0.0555821797349671,-0.0025583400752136613,-0.0025549164528502234,-0.00013230971014809947,2024-05-24,2024-07-16,739029.0,739082.0,4.027507863655336,1.0346508068291689,0.4759033513729237,0.08668452472816332
2024-08-07,739104.4109084118,0.30714970454405083,8.532432006049486,0.21261057632219027,-0.009253011742595954,0.014701273914662331,0.001896769746246061,0.014578399063122702,2024-01-25,2024-07-17,738909.0,739083.0,3.002768045409068,0.022657156769136082,0.3982067456578416,0.42327142905326987
2024-09-19,739147.1155956385,0.051711031081947315,8.735659856677806,-0.25180568528053066,0.334912258547066,0.05502326381350106,0.027378991930822615,-0.04772787824261712,2024-02-01,2024-07-17,738916.0,739083.0,1.7827149390813468,0.03603065673310859,0.3982067456578416,0.3602231689700641
2024-07-29,739095.1427293125,0.9333679062592128,14.113570314256219,0.19486578009907518,-0.0003896472562093924,-0.000612632957951989,-0.0005114679227261373,-0.00033722352407744875,2024-02-08,2024-07-17,738923.0,739083.0,5.956126980300346,0.042061740322926394,0.3982067456578416,0.47411483611330263
2024-09-24,739152.3173924144,0.32738262967338577,10.661276559599921,0.19626968855748847,-0.004751623715501343,-0.01275261217824901,-0.011034480155056217,0.006392915225192295,2024-02-15,2024-07-17,738930.0,739083.0,1.977462057053455,0.011441667220830894,0.3982067456578416,0.34900941677746994
2024-08-26,739123.249679389,0.09403103367179645,12.292072715145553,0.6775310313694605,-0.33020601179573805,-0.02234391717778361,-0.01684276241578299,0.014682370008045072,2024-02-23,2024-07-17,738938.0,739083.0,2.9865598354931246,0.11305030868410716,0.3982067456578416,0.45174465934397684
2024-08-05,739102.8060577117,0.8129008786366159,8.208553255262824,0.19728136093657989,-0.0006697435011167952,0.0012308172142746745,0.0012262069398551625,0.00010643098987563653,2024-03-01,2024-07-17,738945.0,739083.0,2.7113411251404034,0.05388723737062382,0.3982067456578416,0.39975507515120917
2024-07-27,739093.8618954163,0.6671357083578998,4.892262865113611,0.25840291217239514,-0.006204892618230515,-0.004386587878329372,-0.004238111099815099,-0.0011316216328482918,2024-03-08,2024-07-17,738952.0,739083.0,2.0007567350383693,0.19289094407568935,0.3982067456578416,0.31512308514033105
2024-08-10,739107.24208642,0.4591111871926904,13.135273193755118,0.2384806626924464,-0.008364777614682697,0.0014933090674598972,0.00047273778253142994,-0.0014165066042645948,2024-03-15,2024-07-17,738959.0,739083.0,3.7854653609990185,0.19578682455190227,0.3982067456578416,0.4648160828852422
2024-08-06,739103.3656132574,0.3731886924759527,12.375605773002224,0.22640468924833013,-0.009226231590643794,0.002772826506633766,0.002751185386250002,-0.00034575396798191914,2024-03-22,2024-07-17,738966.0,739083.0,3.759643111567664,0.10033758979590586,0.3982067456578416,0.4416159024864284
2024-07-29,739095.2275528185,0.9277870976757807,9.562044634489089,0.17919591806596682,0.00006686569216126503,0.0002748220912877173,0.00011817738728966685,-0.0002481154710878435,2024-04-01,2024-07-17,738976.0,739083.0,3.4657654032595673,0.02360746022049965,0.3982067456578416,0.4324357639320159
2024-07-17,739083.6101136344,0.006794507188018663,10.552888247875359,4.7766754577940995,-4.482252729974263,0.013481346488071073,0.011461859558238939,-0.007097357155916063,2024-04-08,2024-07-17,738983.0,739083.0,8.574683201502364,0.214066985302141,0.3982067456578416,0.3585107279661483
2024-07-27,739093.6219294092,0.1916451983314172,6.839587634557541,0.48526670520976783,-0.15101055299716368,0.03224613417006077,0.011251077927160546,-0.030219636238553917,2024-04-15,2024-07-17,738990.0,739083.0,2.4795395244348626,0.131219284481877,0.3982067456578416,0.2681034482833746
2024-08-15,739112.9941763447,0.0991642286093313,2.7835773288890966,3.655541156109579,-2.258075049070975,0.1422792448000821,0.03248247096284513,0.13852174046347243,2024-04-22,2024-07-17,738997.0,739083.0,0.5992009523289468,0.5653905792583513,0.3982067456578416,0.08569818678739448
2024-08-09,739106.8588311181,0.256841473520459,14.618588426336386,0.487854003616438,-0.11165605684609234,-0.021014783944379944,-0.02043243628270599,-0.004912910724013712,2024-04-29,2024-07-17,739004.0,739083.0,3.3996651305989323,0.09335059083094464,0.3982067456578416,0.29427568663853265
2024-08-10,739107.2010036497,0.9930962625455233,5.243287408374744,0.34625358624032165,-0.0033016463104229023,0.001814394673415901,0.0006137717464287463,-0.0017074285561058775,2024-05-06,2024-07-17,739011.0,739083.0,1.151641374571382,0.34465649627162226,0.3982067456578416,0.1431563139289563
2024-08-12,739109.4799473407,0.6005440486950463,10.478793497206173,0.4540512909090121,-0.02592142607070801,-0.004426061462685207,-0.004393212521767284,0.0005382414049980312,2024-05-13,2024-07-17,739018.0,739083.0,2.067565338308653,0.33564102273113977,0.3982067456578416,0.18030189431621546
2024-07-20,739086.3001240244,0.28099075737892637,6.535779222677984,0.604476544608031,-0.17659858130824427,0.010908448985275758,0.006478167972237402,0.008776536844783439,2024-05-20,2024-07-17,739025.0,739083.0,3.0392836402157575,0.6960154289464189,0.3982067456578416,0.08966487429409571
2024-08-05,739102.1167338561,0.7834517548457471,6.74885743390763,0.5096849933057073,-0.01862765624265228,-0.0023457906695577594,-0.0020452025424898645,0.0011488604900409954,2024-05-28,2024-07-17,739033.0,739083.0,1.380486571081245,0.9218302679978259,0.3982067456578416,0.09107070923578578
2024-07-26,739092.4400545261,0.10401633066301887,2.011911161347091,1.124580353269,-0.627873810158433,-0.06583940908063415,-0.051390317100831105,-0.041156568082908934,2024-01-26,2024-07-18,738910.0,739084.0,0.9841304395812654,0.4930366151418896,0.3942253203586567,0.3882848182433258
2024-10-01,739159.9076004226,0.7719557488450612,4.15065534350538,0.5412230806899287,-0.00808613592348675,-0.002341105916361431,-0.0021413126710812806,-0.000946338711186036,2024-02-02,2024-07-18,738917.0,739084.0,0.7683832195136586,0.6423854684232295,0.3942253203586567,0.536771155046207
2024-08-30,739127.24352565,0.9453445430496372,6.545990319542518,0.17385280749540674,0.00004602302452816967,0.00044995509457248665,0.000432153217241764,-0.00012531234559822163,2024-02-09,2024-07-18,738924.0,739084.0,1.6122866113066856,0.014771368941393635,0.3942253203586567,0.5312408027649068
2024-08-23,739120.4332825965,0.6732799159651036,9.025036773274433,0.23013437386165192,-0.0023966962573816783,0.0015415268579848775,0.0006312991594843223,-0.0014063308377203123,2024-02-16,2024-07-18,738931.0,739084.0,2.3679489543466246,0.1159868039023958,0.3942253203586567,0.4915805862285755
2024-08-18,739115.6003308505,0.7497662875411354,5.492866621378956,0.2614647131034709,-0.0034788530073403957,0.0024367281056369198,0.0011305043560139768,0.002158611535648393,2024-02-26,2024-07-18,738941.0,739084.0,1.4943268329690647,0.19487488038832373,0.3942253203586567,0.316938321041767
2024-09-18,739146.9229093159,0.7993792897649974,4.481540756870519,0.8612908670910935,-0.015867294917240888,-0.004847419400354351,-0.0026639562931994047,-0.004049791563877705,2024-03-04,2024-07-18,738948.0,739084.0,0.8209665521934602,0.5838722558629572,0.3942253203586567,0.13499865170206077
2024-08-04,739101.9093124877,0.9442478864727581,9.4605617109682,0.2113398138210753,-0.0005544825630302644,0.000414514815107077,0.00039217639635345363,-0.00013423936116680924,2024-03-11,2024-07-18,738955.0,739084.0,3.168727404677472,0.13351096488599087,0.3942253203586567,0.49756833194058475
2024-08-16,739113.5185495517,0.4399332453705963,8.639252618775675,0.2897039250529664,-0.016115699422863755,-0.005458357754899325,-0.005428306336125939,-0.0005719787597844694,2024-03-18,2024-07-18,738962.0,739084.0,2.2490395317295553,0.1503480399844376,0.3942253203586567,0.44213445929760764
2024-09-09,739137.3245920358,0.17434762230307002,12.696588739651913,0.44188972281054767,-0.11563730720952264,0.011140029735285063,0.011059822797616612,-0.0013343845728856609,2024-03-25,2024-07-18,738969.0,739084.0,2.322816348020029,0.14254126097464445,0.3942253203586567,0.4604301299723616
2024-08-28,739125.7961015997,0.33536930396629266,8.819633922852478,0.300614988187092,-0.026228251989997658,-0.0068244613893189065,-0.003020542755452985,-0.006119607398909265,2024-04-02,2024-07-18,738977.0,739084.0,1.782366743000242,0.14614155256137001,0.3942253203586567,0.4465320719379975
2024-08-24,739121.236743446,0.565775515241382,12.317040793194488,0.24035340273296407,-0.0048583393138010664,0.0031363738846137347,0.00002655571213613065,0.003136261458845538,2024-04-09,2024-07-18,738984.0,739084.0,2.557061223402411,0.07115374832796784,0.3942253203586567,0.42212444912522185
2024-07-18,739084.5039551833,0.23792929464918783,11.140881115396665,0.3597436885081913,-0.07577585571236481,-0.008540858320569793,-0.007009589606424108,-0.004879745321382805,2024-04-16,2024-07-18,738991.0,739084.0,9.26152037619829,0.1894775275060617,0.3942253203586567,0.3662121769241332
2024-08-05,739102.1599689091,0.884719123937969,9.220579349915614,0.2723251192323754,-0.002846239649388809,-0.0018536832447792859,-0.0015653565421021285,-0.000992874850156619,2024-04-23,2024-07-18,738998.0,739084.0,2.5632956765823804,0.14732727131453302,0.3942253203586567,0.3235757198486482
2024-07-20,739086.6543538949,0.5866537932855854,4.079810494566191,0.3498421239409327,-0.022657536832445698,0.010918333787104929,0.004260819209603234,-0.010052633105296993,2024-04-30,2024-07-18,739005.0,739084.0,2.2247680131229997,0.298399588533808,0.3942253203586567,0.18477040372643594
2024-08-05,739102.5136041295,0.3351879781817238,14.732922546571507,0.5350419699637259,-0.09707946496106222,-0.011571027059665024,-0.00823715507076338,0.00812637333351707,2024-05-07,2024-07-18,739012.0,739084.0,3.721212023202777,0.19087761200790962,0.3942253203586567,0.31700767508212485
2024-07-30,739096.0512532138,0.6855106028264114,13.902987883993823,0.374454304723403,-0.01617802414882805,-0.0028287232280233077,-0.0028275799667128146,-0.00008041537541390875,2024-05-14,2024-07-18,739019.0,739084.0,4.10528137276844,0.28199477067586304,0.3942253203586567,0.20585148372141265
2024-08-13,739110.8549264916,0.8079999511947147,10.37895934950877,0.49136475934324303,-0.01288183320271359,-0.0012111937378691308,-0.00036898876870131435,0.0011536193302930065,2024-05-21,2024-07-18,739026.0,739084.0,1.9004577193944288,0.8279833017421674,0.3942253203586567,0.14743076911711903
2024-08-07,739104.3635289784,0.17660843165730913,6.3976898865275675,1.7801585678690057,-0.8348787265159672,0.025322633754423052,0.008954045769476855,0.023686722960738135,2024-05-29,2024-07-18,739034.0,739084.0,1.262526008013308,0.9101286174924158,0.3942253203586567,0.05356674236635414
2024-09-15,739143.0016111095,0.012442832318666722,2.465379720963367,43.89373423561313,-41.13883994119146,0.27183830201545267,0.11343397882456104,0.24704006737910658,2024-01-29,2024-07-19,738913.0,739085.0,0.5405451557733005,0.763795018241906,0.3862145966125777,0.4583707642625628
2024-08-03,739100.726677706,0.6303717817446793,9.465524215956947,0.22967774946142644,-0.003128435564300169,0.0023496064898984575,0.0019459753905551802,-0.0013167499522409583,2024-02-05,2024-07-19,738920.0,739085.0,3.6782748771228544,0.0886715243165666,0.3862145966125777,0.5709386208279899
2024-09-06,739134.234513651,0.20449792825606,5.4844467302178135,0.7041672289172637,-0.2065895290568565,-0.028519940347547675,-0.01956519680901128,0.02075066435689066,2024-02-12,2024-07-19,738927.0,739085.0,1.254547597499145,0.2700945262293818,0.3862145966125777,0.4027471770623018
2024-07-26,739092.99879332,0.69153527556399,4.946401460570554,0.23569474356649872,-0.003428342870075064,-0.0021255444743217746,-0.0018825721459434167,-0.0009868441759659063,2024-02-20,2024-07-19,738935.0,739085.0,2.348583152511301,0.22549609726822664,0.3862145966125777,0.47549609353557687
2024-08-05,739102.1088237545,0.3369956636687948,5.132182672671485,0.35663419054453055,-0.044036779382112874,0.013341702070288014,0.00023720640028102486,-0.013339593219284901,2024-02-27,2024-07-19,738942.0,739085.0,1.8266040467538593,0.2167337361633615,0.3862145966125777,0.40005737543765235
2024-09-18,739146.6961231258,0.01417966971690188,6.693380225786458,12.606305781666492,-11.63477362879862,-0.10292320243347966,-0.05896088332120662,0.08436112752415115,2024-03-05,2024-07-19,738949.0,739085.0,1.2405345371592733,0.2394778033627429,0.3862145966125777,0.12156966594761369
2024-08-19,739116.4659814369,0.49585736715274986,10.826455303992448,0.26705105782734856,-0.00934010638185576,0.00402500591128381,0.0026182378977036547,0.0030570415268520567,2024-03-12,2024-07-19,738956.0,739085.0,2.80720510520743,0.10628103695972121,0.3862145966125777,0.4839892164794236
2024-09-16,739144.1389295305,0.1480234721343419,5.272228477948549,2.4867571014346614,-1.1564016547840292,0.07715437429378463,0.006461176159278931,0.07688335759645375,2024-03-19,2024-07-19,738963.0,739085.0,0.9392688393157866,0.4208085113401477,0.3862145966125777,0.10379902522645477
2024-07-19,739085.3918618714,0.8683537604184988,10.413979184908385,0.21001982880709044,-0.0007076323395445734,0.00015285920283151754,0.00013545099813917893,-0.00007084463983525616,2024-03-26,2024-07-19,738970.0,739085.0,9.42282300655588,0.3860077871967213,0.3862145966125777,0.516330277922161
2024-08-02,739099.011753371,0.03154678406633305,9.008618690754947,1.6056511965785212,-1.246784112362264,-0.004365405619010405,-0.0043485892407183905,0.0003828026044789485,2024-04-03,2024-07-19,738978.0,739085.0,3.09118725965339,1.000146327561768,0.3862145966125777,0.4749558537310379
2024-08-31,739128.3598913031,0.39553455884373456,11.877708995819784,0.3884253612657173,-0.03540401253984517,0.008063554214921845,0.006069403210253997,0.005308789998515889,2024-04-10,2024-07-19,738985.0,739085.0,2.2605797787689244,0.14621021969754225,0.3862145966125777,0.4221687596941452
2024-08-31,739128.7806685752,0.7483377138832036,11.70003279685298,0.3374800245381094,-0.005689744321532783,0.0019605116240186916,0.00179927287346552,-0.0007786032074963079,2024-04-17,2024-07-19,738992.0,739085.0,2.121299414023962,0.18562389577742044,0.3862145966125777,0.39338233730928257
2024-07-21,739087.8761840474,0.7314087858933443,2.8720295085843226,0.3816777322051152,-0.015692568021039577,0.008484254592248927,0.008413152077427028,0.0010961058836546254,2024-04-24,2024-07-19,738999.0,739085.0,1.568201521978411,0.4710332911751253,0.3862145966125777,0.15244584962598787
2024-08-02,739099.6982458566,0.019292586927831538,9.069844193487416,5.809494769507131,-5.227233796836774,-0.046135810250576774,-0.026110149899016024,0.03803647012707855,2024-05-01,2024-07-19,739006.0,739085.0,2.6738886347281463,0.24100408951552513,0.3862145966125777,0.32737116409885353
2024-08-21,739118.6805331826,0.97517226524791,2.83243805261064,0.5832254505169729,-0.004682011622784966,-0.0041892906929969255,-0.0015067542101829163,0.003908944647923109,2024-05-08,2024-07-19,739013.0,739085.0,0.5154861262377316,0.3847803730164025,0.3862145966125777,0.056362735303768126
2024-08-17,739114.3132412469,0.6409492182243858,4.604454967958029,0.6474056064692832,-0.03422971584823193,-0.007467240895101085,-0.006108514612648071,0.004294849917346943,2024-05-15,2024-07-19,739020.0,739085.0,0.8563625200079965,0.6380996761472358,0.3862145966125777,0.054841222966253884
2024-07-21,739087.5946360594,0.7051186481260324,11.506042249469319,0.3769144764506748,-0.019198107171644854,-0.0019620173428692737,-0.0017871328770721466,0.0008097333718006421,2024-05-22,2024-07-19,739027.0,739085.0,5.769808979536683,0.599641671327111,0.3862145966125777,0.13082890895281382
2024-07-25,739091.4454565889,0.34763515119885163,12.112248243018687,0.6935738333527298,-0.16190685713080435,-0.002618775079360854,-0.0025817848738520334,0.0004385997964321087,2024-05-30,2024-07-19,739035.0,739085.0,4.182967394680748,1.7744589774442956,0.3862145966125777,0.07749596287451568
2024-09-19,739147.1787910267,0.5455979853221972,2.344469867187389,1.4215117170284355,-0.08858073747186129,0.024585926441640402,0.021813283316925967,0.011342330004424661,2024-01-30,2024-07-22,738914.0,739088.0,0.5116570752015949,0.838457041681612,0.3821850411265761,0.4962131275973456
2024-09-24,739152.8107450807,0.8125332111344759,2.7416319566967973,1.0074002807905376,-0.016198952748429044,-0.005695336679948364,-0.004348330436507806,0.0036781628991801175,2024-02-06,2024-07-22,738921.0,739088.0,0.5560989110665089,0.8429455137812242,0.3821850411265761,0.49599898236238177
2024-09-12,739140.9260742597,0.9826198762053995,2.8971587846137323,0.7826522895421157,-0.006097018526830012,-0.00252730811371827,-0.0023448973078389074,0.0009427316253080956,2024-02-13,2024-07-22,738928.0,739088.0,0.6418697786031986,0.8182246698215955,0.3821850411265761,0.4125102293113108
2024-09-12,739140.7323732271,0.6259544691339006,5.373784111270387,0.5103567093308558,-0.018121599749933204,-0.005499326521366473,-0.0025627750289235487,0.004865673266849162,2024-02-21,2024-07-22,738936.0,739088.0,1.1601438520249452,0.38383940460366434,0.3821850411265761,0.27128556711593427
2024-08-05,739102.5474343386,0.6587891334486135,4.593837986588727,0.30943972873168524,-0.008755878064817684,-0.004654056843169884,-0.003888593255659046,0.00255716397430814,2024-02-28,2024-07-22,738943.0,739088.0,1.7510075512776522,0.26979802982512097,0.3821850411265761,0.3441064868767321
2024-07-24,739090.3178336014,0.7126110748044779,5.908421729663349,0.24950119297619058,-0.0038904206154869087,0.0025347886520366335,0.00028525349366326236,0.0025186869505451816,2024-03-06,2024-07-22,738950.0,739088.0,3.85853521547499,0.18511255900014179,0.3821850411265761,0.4488677358354993
2024-08-10,739107.1166718698,0.28023069204887846,11.924658510452607,0.39747651732251726,-0.06412828095296351,0.00451169568720709,0.004443506638139502,-0.0007814388848612778,2024-03-13,2024-07-22,738957.0,739088.0,3.911225734483776,0.33402544230136416,0.3821850411265761,0.5366669263601861
2024-07-31,739097.2218642653,0.05293653738496841,3.195864341084845,2.1724191747687835,-1.628368285155953,-0.08714792960923057,-0.05569760603786425,0.06702640014819738,2024-03-20,2024-07-22,738964.0,739088.0,1.3582855385287236,0.3095014982654454,0.3821850411265761,0.1246709897977553
2024-07-26,739092.5596420215,0.07766706471767071,3.778347045905743,1.2146345874893074,-0.7698514364921566,-0.05730162777741394,-0.013233123827777488,-0.055752676883715664,2024-03-27,2024-07-22,738971.0,739088.0,1.9743045456859452,0.2761690534662975,0.3821850411265761,0.29950281450859173
2024-08-31,739128.4247951761,0.9012910597042199,14.755171607725702,0.2245777684675606,-0.0005278956953856816,0.0002934190408380114,0.0002837884288385911,0.0000745577707795943,2024-04-04,2024-07-22,738979.0,739088.0,3.070126212340308,0.1098956813153788,0.3821850411265761,0.5347067212882101
2024-08-07,739104.907163215,0.4094045432591492,7.517075019963878,0.4070521691835135,-0.04227848202781206,-0.011473736889927042,-0.011456306054016138,-0.0006322102624806352,2024-04-11,2024-07-22,738986.0,739088.0,2.333664906907817,0.2006865525703285,0.3821850411265761,0.37774433294439946
2024-08-18,739115.4336131612,0.40965740991386823,3.3900387313325284,0.8545817607052916,-0.11621229579030638,-0.02722587615560509,-0.017171180915046453,-0.021128153691770856,2024-04-18,2024-07-22,738993.0,739088.0,0.8070460205563057,0.5158059777057457,0.3821850411265761,0.10176638863311172
2024-08-13,739110.9153981331,0.07474444521319092,14.528571134153722,1.6793561048423589,-1.1002616257384716,-0.037097633761624046,-0.02523853603704527,-0.027189165662416994,2024-04-25,2024-07-22,739000.0,739088.0,3.6463918618538727,0.15258286854647188,0.3821850411265761,0.3659176052619526
2024-07-22,739088.4687286374,0.016418098614466418,5.0870627801745005,4.499777540235312,-4.083614485539462,-0.05896874389625419,-0.058909568980525115,-0.002641105683377599,2024-05-02,2024-07-22,739007.0,739088.0,4.176037607598737,0.22350056294214288,0.3821850411265761,0.22231125918310934
2024-07-25,739091.8612713972,0.8458126163163568,7.012203295835989,0.3384944159663565,-0.0074827706436160595,0.0027029186421051333,0.00030020580628132247,-0.0026861953874791826,2024-05-09,2024-07-22,739014.0,739088.0,3.3524688505914666,0.33392514287533426,0.3821850411265761,0.25994026880837634
2024-08-03,739100.0295434169,0.06584222169196609,10.694696632856576,2.8719190014654243,-2.113131507212751,0.009031816146014547,0.0063615255770596265,0.006411294348867882,2024-05-16,2024-07-22,739021.0,739088.0,3.2041546961519978,1.4404143653356656,0.3821850411265761,0.15121014376871014
2024-08-08,739105.8220906974,0.9786228959020227,8.06830475392669,0.4605971396608161,-0.00659202111708758,-0.000751770556354628,-0.0007476262337822002,0.00007882882697585753,2024-05-23,2024-07-22,739028.0,739088.0,1.892761786946565,1.063570679203249,0.3821850411265761,0.14900833404105018
2024-07-26,739092.3282190432,0.24907989194773822,5.690343787254225,0.8959219064994092,-0.3128681824098918,-0.0013915717667286678,-0.0013822468345930411,-0.00016082807657204684,2024-05-31,2024-07-22,739036.0,739088.0,2.3239242720167352,9.841378916017254,0.3821850411265761,0.07429996113012836
2024-09-08,739136.302124342,0.3240198052469983,10.972105297046287,0.3631989389311108,-0.03793193778973215,-0.007932065795980933,-0.007930484522086667,-0.00015837625047469128,2024-01-31,2024-07-23,738915.0,739089.0,2.6944405454938374,0.14122133461575626,0.4100567855753374,0.6644482075325232
2024-08-10,739107.4231327286,0.4506903312405971,12.837488354284236,0.30180551244290366,-0.016154176892931915,-0.004049565751368473,-0.0019260119417985244,-0.003562226940371148,2024-02-07,2024-07-23,738922.0,739089.0,4.717700818875839,0.1400472411533941,0.4100567855753374,0.6472536342249656
2024-07-25,739091.6640764318,0.8702956991538149,4.725544412822165,0.22774534785115247,-0.001191010658049388,-0.0005985190219173076,-0.00047592073007240765,0.00036293867014166074,2024-02-14,2024-07-23,738929.0,739089.0,3.0924814651379156,0.3664820249718841,0.4100567855753374,0.6268455329207073
2024-08-14,739111.3810372832,0.3462528432039567,4.531907086013147,0.5017847809306545,-0.07511705292283855,-0.021100932082488026,-0.019653191466646167,0.007681236874691389,2024-02-22,2024-07-23,738937.0,739089.0,1.4807991435560552,0.27198769225259917,0.4100567855753374,0.24868873761450025
2024-08-17,739114.5351343928,0.18537720794042303,3.124436519658614,1.6617602266271123,-0.6693161656220639,-0.07160901169424251,-0.06686275057985598,0.02563636364077653,2024-02-29,2024-07-23,738944.0,739089.0,0.9442581325929101,0.5545596486611478,0.4100567855753374,0.16826405861371233
2024-07-24,739090.943129088,0.4017076795831446,7.4519711741186105,0.31749875683794554,-0.026477666326816036,-0.006778215124849031,-0.0040959275885312845,0.005400701571855314,2024-03-07,2024-07-23,738951.0,739089.0,5.072523895884105,0.2105733104214111,0.4100567855753374,0.49640799529200763
2024-09-25,739153.2085104401,0.38865325982663623,7.317196705407878,0.6890732042797059,-0.08166602105934201,0.017927240366339366,0.013798007446705823,-0.01144556410375471,2024-03-14,2024-07-23,738958.0,739089.0,1.2949210454068893,0.24196109397340096,0.4100567855753374,0.1362455819542951
2024-09-14,739142.7206634548,0.23030197740792896,2.8783934084781535,4.711982969858469,-1.5407772441312837,-0.15904692485952435,-0.13439705505701333,0.08504913814538811,2024-03-21,2024-07-23,738965.0,739089.0,0.5480904532365736,0.7751077773915948,0.4100567855753374,0.14524919914902226
2024-08-27,739124.3311907819,0.48503307399230955,9.747471934048278,0.34874067944078324,-0.018146241104697473,-0.0036518483727951798,-0.003627098748146579,-0.0004244422329131757,2024-03-28,2024-07-23,738972.0,739089.0,2.2669857826512603,0.24725967854514577,0.4100567855753374,0.5354402372989675
2024-08-28,739125.0358281657,0.2331533590772517,14.867555063901305,0.4933111607105098,-0.10590344364363963,0.004085090827784887,0.003744288028264265,-0.0016334853022445938,2024-04-05,2024-07-23,738980.0,739089.0,3.2949182225870297,0.40654674316519834,0.4100567855753374,0.54558448334382
2024-08-12,739109.4172766968,0.12385202772501616,7.963318898690246,1.0326846727950334,-0.5072191876564944,0.03154771703423731,0.025096301583145512,-0.01911633063430624,2024-04-12,2024-07-23,738987.0,739089.0,2.269984733702167,0.25005569549638756,0.4100567855753374,0.4018348839041543
2024-08-06,739103.3295707594,0.8792554073219119,4.806722696830969,0.395363792274597,-0.00674223055053753,-0.0033648150462555378,-0.0032962850420936315,0.0006756368971403526,2024-04-19,2024-07-23,738994.0,739089.0,1.5545396305028167,0.3665290333825122,0.4100567855753374,0.193774220326468
2024-08-26,739123.9466081881,0.7562287172258104,2.0755425221166672,1.0111812881689932,-0.02465438021019448,0.015716998363394585,0.003708876322231507,-0.015273122600874343,2024-04-26,2024-07-23,739001.0,739089.0,0.41553519652623955,0.5715391851802184,0.4100567855753374,0.09983853420434094
2024-08-18,739115.9283173665,0.26720321271510855,9.340485450143804,0.775746362436726,-0.1938385903703945,0.017386589393225384,0.015013662133461409,-0.008768320253667998,2024-05-03,2024-07-23,739008.0,739089.0,2.0638085973731406,0.31893198240985565,0.4100567855753374,0.36390052993531474
2024-08-15,739112.5109944483,0.07085111993599448,13.169264096826197,3.0316265326429575,-2.1431103707506076,-0.020467631324281324,-0.014749816415990928,0.014190378702531746,2024-05-10,2024-07-23,739015.0,739089.0,2.9814874812277834,0.5633290720292733,0.4100567855753374,0.2562565791321407
2024-08-06,739103.8399394118,0.5602767554980014,14.758194908163272,0.5641529631658373,-0.04523652947136737,0.004421495411082215,0.0002537931231066778,0.004414205559427975,2024-05-17,2024-07-23,739022.0,739089.0,4.0105103855945226,0.38840915989983127,0.4100567855753374,0.1517037745445488
2024-08-15,739112.5238962056,0.7266589993100695,14.387408363481256,0.6169429812700751,-0.024767746313443213,0.0018833048171935447,0.0012198965866139686,-0.0014348133510781113,2024-05-24,2024-07-23,739029.0,739089.0,2.901476650758129,0.6642230757957344,0.4100567855753374,0.1226144839747416
2024-08-12,739109.291817044,0.316816660057945,2.362714229463751,0.1253853351056924,0.0594801724650168,0.06943910146647189,0.06670573654515458,0.01929076267127375,2024-06-03,2024-07-23,739039.0,739089.0,0.46720334690326637,0.11485897624038928,0.4100567855753374,0.05091949700974285
2024-10-18,739176.9811414146,0.5770825134228269,14.711440029938291,0.3415522340333342,-0.008373807133909943,0.001972808045144065,0.0019693507546360177,0.00011674411419722491,2024-02-01,2024-07-24,738916.0,739090.0,2.572627460679629,0.16650253597366896,0.37407688859815336,0.6921532707494432
2024-09-02,739130.1122539244,0.4441078736062104,5.788263197576814,0.3511213381674515,-0.02203962095225976,-0.0066998919639704784,-0.006378270149896733,-0.002050907658528902,2024-02-08,2024-07-24,738923.0,739090.0,1.5122730299143359,0.252392545373921,0.37407688859815336,0.587181427818312
2024-09-08,739136.4821611957,0.27172748208816905,7.126080490406966,0.4217410464701945,-0.06754584703401711,-0.017834130997719858,-0.016992997405322903,-0.005412417909448735,2024-02-15,2024-07-24,738930.0,739090.0,1.6911839647297435,0.14442073164331612,0.37407688859815336,0.4235141933615999
2024-09-18,739146.5176396249,0.909900426119431,6.61320400588607,0.3546089870060384,-0.002418771429203996,-0.0011226369618289754,-0.0005066989798065578,0.0010017833557848651,2024-02-23,2024-07-24,738938.0,739090.0,1.3740395356260262,0.2964404346852925,0.37407688859815336,0.33584787673185096
2024-07-28,739094.471684344,0.017289478332340517,2.896373783462922,6.613394388832615,-6.03103689935123,0.10013960756576501,0.07177746892255685,0.0698279024351785,2024-03-01,2024-07-24,738945.0,739090.0,1.6177090376413332,0.35951199277614876,0.37407688859815336,0.15790304104657274
2024-09-09,739137.8816713108,0.4684299031250573,7.143955575879609,0.45941278603356395,-0.03286347754099015,-0.011116835398341254,-0.00876790435236944,-0.006834316537995163,2024-03-08,2024-07-24,738952.0,739090.0,1.5421955896741923,0.19383768230333104,0.37407688859815336,0.23136455528742475
2024-08-26,739123.8819164846,0.7454173168827701,3.6262675782953657,0.6925281786623014,-0.019314189185417954,0.006914152788133453,0.004227211977062332,-0.005471397232758227,2024-03-15,2024-07-24,738959.0,739090.0,0.9132338810240526,0.5742184458492591,0.37407688859815336,0.12465538163431567
2024-08-08,739105.0171390306,0.9388143559323805,2.4811942177186546,0.5447907506338266,-0.00829874000935951,0.0045036569023169035,0.003748439690712633,-0.0024964225160971592,2024-03-22,2024-07-24,738966.0,739090.0,0.8787998346822092,0.697213556339707,0.37407688859815336,0.12757678534449035
2024-08-02,739099.3890480979,0.2485313358948587,6.396084795352431,0.5134641483020251,-0.1197506674828776,-0.021650682817331627,-0.009586344775585513,-0.019412729336708515,2024-04-01,2024-07-24,738976.0,739090.0,2.622081706473385,0.21491824558302977,0.37407688859815336,0.42730753676208294
2024-08-17,739114.6447048142,0.8760168591099853,9.19385329258844,0.29686687917244675,-0.0025054341946515683,0.0012214893773662408,0.000989889546933774,-0.0007156500428909468,2024-04-08,2024-07-24,738983.0,739090.0,2.451735941636485,0.19543763604836348,0.37407688859815336,0.5011766901122795
2024-09-09,739137.9950004957,0.48910895458232295,2.450997350638901,2.1018653736521067,-0.1976013762824724,0.05016995113145567,0.04401807404306385,0.02407141778275635,2024-04-15,2024-07-24,738990.0,739090.0,0.43927132340836766,0.7859755915138951,0.37407688859815336,0.14245940157940404
2024-08-10,739107.1164165143,0.2547987104754466,14.331306686204105,0.604071968563147,-0.14734540524990689,-0.017739828889662218,-0.014031929090087386,0.010853870049215335,2024-04-22,2024-07-24,738997.0,739090.0,4.245892425205854,0.14767215304208559,0.37407688859815336,0.40494019300683204
2024-08-28,739125.2024100249,0.9266019611372331,5.21445635498735,0.48642029042195467,-0.005486176315889234,0.00235803224183196,0.0023570614445453403,-0.00006765648643620789,2024-04-29,2024-07-24,739004.0,739090.0,1.0260527583386627,0.41343210648939144,0.37407688859815336,0.08937599478083309
2024-08-03,739100.8673479814,0.6041847862751778,14.899339738472658,0.39765885201363654,-0.020344572356676045,-0.00390123334013295,-0.0038900954405650585,-0.0002945828193561806,2024-05-06,2024-07-24,739011.0,739090.0,5.009549465492348,0.21147030929000465,0.37407688859815336,0.40088724919729807
2024-08-03,739100.7380498401,0.3189132485457214,5.2802179972787755,0.7998908714267624,-0.18880828379197578,-0.01933869562141117,-0.012958457704737853,-0.01435491282635,2024-05-13,2024-07-24,739018.0,739090.0,1.7159455266137085,0.5896775246309977,0.37407688859815336,0.15848104469852187
2024-08-25,739122.0562717236,0.1373968711861078,12.451828309415317,2.378504959064105,-1.2451827294054294,0.014516472755879823,0.011523321992525506,0.008828421802835384,2024-05-20,2024-07-24,739025.0,739090.0,2.195401032420266,0.9464892904282504,0.37407688859815336,0.14459540819543856
2024-07-30,739096.2889464229,0.38430353133708295,10.33550239664018,0.7141424865820131,-0.13909328532146986,-0.007772384535032531,-0.0071979844951338395,-0.0029324018428969955,2024-05-28,2024-07-24,739033.0,739090.0,3.7980446892442656,0.6654181909557743,0.37407688859815336,0.0885105980286882
2024-08-16,739113.4405527415,0.18647182998531056,2.521003223412427,-1.1329833506523435,0.7114829564491308,0.1545477376225488,0.037439551306598914,0.14994426698679994,2024-06-04,2024-07-24,739040.0,739090.0,0.458208303846052,0.34051926006305094,0.37407688859815336,0.053004296747601855
2024-10-05,739163.6674627607,0.7321937835824456,14.314367714420522,0.30199185261212536,-0.002958448014239636,-0.0009664419973642935,-0.0008371408739452815,-0.000482913337400838,2024-02-02,2024-07-25,738917.0,739091.0,2.7842991037839147,0.15658206491424506,0.3767869173570187,0.708544284107225
2024-09-30,739158.545889325,0.8046719867655179,7.159046194046433,0.31805157775208154,-0.0026792492741142377,0.0009725387010134353,0.0006928713684490284,-0.0006824666964420104,2024-02-09,2024-07-25,738924.0,739091.0,1.4183723101013317,0.3096491889471116,0.3767869173570187,0.6290744697806987
2024-09-24,739152.8202194758,0.43058987743227817,9.01149411180506,0.3261925804002992,-0.017261333420355986,0.00768821068952948,0.005223401950000114,0.005641334565094538,2024-02-16,2024-07-25,738931.0,739091.0,1.8324170685329109,0.10727933625256393,0.3767869173570187,0.4550057090706657
2024-09-03,739131.405820948,0.2205760873243719,14.68189424650211,0.6749352698175942,-0.17697116126003687,0.0004754412588968588,0.000025965015952687027,0.0004747317227740389,2024-02-26,2024-07-25,738941.0,739091.0,3.6223084374319288,5.5921906713845075,0.3767869173570187,0.6277435648382987
2024-08-29,739126.1117084426,0.4405312010150476,14.934183767098297,0.41928674778220365,-0.03127591109378962,0.0017888347330888973,0.0006027972911888297,-0.0016842105355449589,2024-03-04,2024-07-25,738948.0,739091.0,3.8597089849790343,0.5157448893868309,0.3767869173570187,0.6218784882079991
2024-09-29,739157.3083039437,0.7901912626413836,7.436211562763718,0.4679134738951869,-0.006673528648287802,0.0025824396303794866,0.002534200605069952,0.0004968115717428785,2024-03-11,2024-07-25,738955.0,739091.0,1.3201787660902817,0.2746033540621571,0.3767869173570187,0.159456161908013
2024-09-23,739151.656189112,0.6530498672512622,4.849677962187548,0.9317114641978325,-0.034117766710865256,0.008367603922499856,0.008114957349180043,-0.0020406524997715223,2024-03-18,2024-07-25,738962.0,739091.0,0.8799024782551093,0.549051301373302,0.3767869173570187,0.1328474883120117
2024-07-30,739096.2114881761,0.19384970485833303,2.74332399334575,0.8167932329017451,-0.3017469526524236,0.05443044639748781,0.050469486319359304,0.020383926159839715,2024-03-25,2024-07-25,738969.0,739091.0,1.3949740422265633,0.39173199019239796,0.3767869173570187,0.11331874143877164
2024-09-10,739138.2863257566,0.987164282296213,8.055983160148166,0.3478947991057652,-0.0017985078042590005,-0.000960938668854151,-0.0002317691152751944,0.0009325696770235145,2024-04-02,2024-07-25,738977.0,739091.0,1.573146263719973,0.22934408312364518,0.3767869173570187,0.3781651071422691
2024-08-06,739103.6448632929,0.45221617239070067,6.367907303514998,0.4228219616889936,-0.037422082009346956,-0.010014585279021165,-0.005035921207766541,-0.008656293427325268,2024-04-09,2024-07-25,738984.0,739091.0,2.2775789243128006,0.2653654230864813,0.3767869173570187,0.4281726729961866
2024-07-28,739094.5991573669,0.09481759011798886,3.234403146523977,1.4262223491755073,-0.8762207802965654,-0.07101129752775989,-0.036054278799899225,0.06117755598906494,2024-04-16,2024-07-25,738991.0,739091.0,1.7295435978394589,0.36172694681277284,0.3767869173570187,0.1363736487953574
2024-08-08,739105.9666270505,0.47043429169733064,9.823539031362454,0.4593605977053672,-0.040757995161677635,0.010148287660240927,0.008578394128415615,0.005422074936088837,2024-04-23,2024-07-25,738998.0,739091.0,3.089405359395781,0.19233177551672073,0.3767869173570187,0.37539619217169856
2024-08-16,739113.9323825239,0.942924512499268,9.324472649084242,0.37339592772383406,-0.0037034182121586903,0.0014173403994838724,0.0008240005093281837,-0.0011532029173723058,2024-04-30,2024-07-25,739005.0,739091.0,2.312391147839548,0.264229460573069,0.3767869173570187,0.36090519547916894
2024-08-04,739101.0076849639,0.6932405055906344,3.9381355023536493,0.4746790632376311,-0.02042036066843204,0.007982170367473526,0.004108155844806915,-0.00684383659434905,2024-05-07,2024-07-25,739012.0,739091.0,1.3697321464547545,0.4503349886649389,0.3767869173570187,0.1170859422280204
2024-07-27,739093.6905270513,0.04582523508738868,12.110981313871706,2.7732832426032177,-2.21154868257951,0.02210752661436249,0.004244671382559293,0.021696209296990756,2024-05-14,2024-07-25,739019.0,739091.0,6.406345081351338,0.3785137974955232,0.3767869173570187,0.1723666456929703
2024-08-01,739098.1371806154,0.47707204702022754,8.104618247662525,0.5970159848315844,-0.07439210869162631,-0.006747366947297016,-0.006327898699122676,0.0023419348357966337,2024-05-21,2024-07-25,739026.0,739091.0,2.9838404499640987,0.6489988803818881,0.3767869173570187,0.11122987851260836
2024-07-28,739094.9859406515,0.6551609194004439,3.0507197385435707,0.5104425997702592,-0.032454504434636565,0.007396134860459078,0.005011414985664078,0.005439534053166643,2024-05-29,2024-07-25,739034.0,739091.0,1.3244821726041645,0.9423578058020792,0.3767869173570187,0.045868056032414846
2024-08-18,739115.3451139447,0.9466604721536549,5.758747154874006,0.5796020449615708,-0.009077045293329056,0.001619068809522606,0.001397672559670271,0.0008172485704568111,2024-06-05,2024-07-25,739041.0,739091.0,1.0232054126034147,0.9216062873613594,0.3767869173570187,0.047550789905173786
2024-10-17,739175.5793783036,0.5344771489100998,5.796857590310639,0.6462067561376461,-0.031694977819303825,0.005968085900553462,0.0058667193362319184,-0.0010952869698245945,2024-02-05,2024-07-26,738920.0,739092.0,1.0312218055152689,0.4896569211310416,0.3862145966125777,0.5641929004503865
2024-09-18,739146.8021129521,0.14202904294214383,7.168376411648244,0.7913906939481017,-0.3091252795071124,-0.033511656405852026,-0.007603678822445641,-0.03263763446435686,2024-02-12,2024-07-26,738927.0,739092.0,1.5846845977502444,0.18276582282292758,0.3862145966125777,0.48272661395010813
2024-09-12,739140.119670714,0.1623087681614324,7.197804771855708,0.7594635664346389,-0.27005269818048294,-0.03480011318292622,-0.019910621071434757,-0.028541461877314794,2024-02-20,2024-07-26,738935.0,739092.0,1.6609593334202208,0.17498861067984264,0.3862145966125777,0.3608058764982021
2024-08-31,739128.2300143914,0.8971977727143194,13.131411394490911,0.2972777620146807,-0.001697773876884154,0.00026751739228474814,0.00017720933515795868,0.00020040560547975226,2024-02-27,2024-07-26,738942.0,739092.0,3.4214116267939705,0.4336153060257694,0.3862145966125777,0.6641194952348759
2024-08-25,739122.9025594773,0.03149040047039265,9.92658444033025,3.310631683364713,-2.712793275375172,-0.035278081176094406,-0.02462155926917429,-0.02526503177559141,2024-03-05,2024-07-26,738949.0,739092.0,2.729463416880629,0.2439439700475877,0.3862145966125777,0.5273160143329773
2024-08-13,739110.2130316651,0.6131434263522001,7.198888796346875,0.34013343708856286,-0.010748544490700868,-0.0034635151773521455,-0.0029494831476844785,0.0018156229083358482,2024-03-12,2024-07-26,738956.0,739092.0,2.4475243459893936,0.26431948221755985,0.3862145966125777,0.5284392640026541
2024-08-17,739114.4133651333,0.5478031172583461,2.006606110479851,1.1103147398197435,-0.0906876365114441,-0.03008524889729364,-0.020306692124069294,-0.022198208400462646,2024-03-19,2024-07-26,738963.0,739092.0,0.6100937959582344,0.8229185337059978,0.3862145966125777,0.2273096439422351
2024-08-09,739106.904467899,0.3880038692453499,7.6424710818620225,0.41933247141132773,-0.04434787286801512,-0.00969640549192054,-0.0035862814262368333,-0.009008821509807792,2024-03-26,2024-07-26,738970.0,739092.0,2.697376216508395,0.2322011024652457,0.3862145966125777,0.50774890524126
2024-08-02,739099.9741816041,0.12698108374843,2.80137164526388,1.0224884806474028,-0.5029857748448462,0.06785296433862277,0.033401964114695225,0.05906211613901949,2024-04-03,2024-07-26,738978.0,739092.0,1.2161064763684848,0.3360123019094976,0.3862145966125777,0.1044038607338388
2024-08-23,739120.8157546875,0.18691700854384344,7.514990023692584,0.9657737334357563,-0.3446860046228905,-0.02526473650993841,-0.016780999810425717,-0.018886634329046217,2024-04-10,2024-07-26,738985.0,739092.0,1.8543249514016114,0.3393354952620737,0.3862145966125777,0.46147151886411897
2024-07-30,739096.7879777638,0.04444902384938799,12.904939597193623,1.997008441387155,-1.522066955697527,0.014480094708797372,0.008550131661407006,0.0116862479585343,2024-04-17,2024-07-26,738992.0,739092.0,6.337941585254573,0.36205004577271144,0.3862145966125777,0.4266692450308472
2024-08-02,739099.6597461139,0.7698907969921107,13.14531743377782,0.3296553655895973,-0.006499909258854037,-0.0020797323594776962,-0.0011256015893997757,0.001748801803807214,2024-04-24,2024-07-26,738999.0,739092.0,5.388871255531998,0.18304501033264758,0.3862145966125777,0.48371995638714316
2024-08-19,739116.4189939112,0.48305669909335236,6.347870857784266,0.6453925895556942,-0.06253364486306631,-0.013437946799413994,-0.007639854878508604,-0.01105490984220175,2024-05-01,2024-07-26,739006.0,739092.0,1.5244552754298621,0.35412032329071935,0.3862145966125777,0.22463433109937087
2024-09-01,739129.270240591,0.02579566830320435,5.394186535710535,5.318909672835943,-4.577213850218403,0.10670579917987258,0.018701816814242645,0.10505412712721855,2024-05-08,2024-07-26,739013.0,739092.0,0.9767473420939538,0.20513227841517748,0.3862145966125777,0.07558278396663407
2024-08-20,739117.9692407916,0.10480538626126926,9.326483109410715,2.6938980171746127,-1.6372951542932386,-0.012157476117281699,-0.0073001447275974005,-0.009721734027343413,2024-05-15,2024-07-26,739020.0,739092.0,1.9708398285094295,1.5133843767657147,0.3862145966125777,0.19800544606804535
2024-08-20,739117.4962943197,0.8189100465495889,9.301957517943038,0.6029837713979309,-0.01522739156534822,-0.0013944304372432118,-0.0013897669740767806,-0.00011394736537438622,2024-05-22,2024-07-26,739027.0,739092.0,1.8754013984567413,0.9613698748293312,0.3862145966125777,0.14892572357963402
2024-08-21,739118.381055973,0.5392064336649837,11.181183649486618,0.8636225007903456,-0.0777994452984504,-0.001959242533417576,-0.001650134081282795,-0.0010562617187712087,2024-05-30,2024-07-26,739035.0,739092.0,2.047850819443644,1.9149418249605852,0.3862145966125777,0.10675188383717445
2024-08-03,739100.5552445428,0.14907928784970562,12.183269659172678,1.7073668894714318,-0.9004153772623001,-0.02285970169044347,-0.0024475374101617436,-0.022728297824560515,2024-06-06,2024-07-26,739042.0,739092.0,3.7295764058166427,0.4819764262817318,0.3862145966125777,0.06314996947860801
2024-08-29,739126.9291803251,0.08716065531036388,5.760439152239185,1.046255268141728,-0.5767261816964384,-0.03696065475404492,-0.03589497668854585,0.008811393100778853,2024-02-06,2024-07-29,738921.0,739095.0,1.7089306011720593,0.2360994116045534,0.3848732147883763,0.5969008355736611
2024-09-11,739139.7100978539,0.7956783341190543,12.566598587699785,0.2991270195390684,-0.002427971262421023,0.0008936114517979876,0.0005196699029611865,-0.000726969475797174,2024-02-13,2024-07-29,738928.0,739095.0,3.1100934148842225,0.17203412634920023,0.3848732147883763,0.6621771364722256
2024-09-03,739131.6418134355,0.47564099181525943,7.0468100880619655,0.3803102168945901,-0.021250632227763206,-0.006013005755789854,-0.005594520488367791,0.00220399154363054,2024-02-21,2024-07-29,738936.0,739095.0,1.87867762930492,0.23854314696689743,0.3848732147883763,0.49858964712820164
2024-08-24,739121.7283688758,0.3370783201075463,5.628956083326603,0.5668557947601296,-0.08698111930200617,-0.02038220063827074,-0.008633381552183354,0.018463445665236604,2024-02-28,2024-07-29,738943.0,739095.0,1.7022916569666509,0.2555505854037938,0.3848732147883763,0.2837093263395559
2024-09-06,739134.8384091451,0.6291779704550687,8.18514546151073,0.37450298670726445,-0.009955080149002633,-0.002783586127608784,-0.0016860137918754037,0.002214883568818458,2024-03-06,2024-07-29,738950.0,739095.0,1.9991989388895413,0.2749078895449458,0.3848732147883763,0.5263352556627312
2024-09-23,739151.0009009499,0.9648763156735802,6.687018487514202,0.45508111527695116,-0.0029275364637022902,-0.0012829282229944686,-0.0009929946240975387,0.0008123216738885724,2024-03-13,2024-07-29,738957.0,739095.0,1.3223527225096265,0.32926007752145203,0.3848732147883763,0.1500877545402871
2024-08-08,739105.8771709879,0.4481081302877731,11.046640876294514,0.36944507665678833,-0.02575060409619378,-0.000830404539792749,-0.00012644305317433568,0.0008207215447472785,2024-03-20,2024-07-29,738964.0,739095.0,4.5153909504529635,1.2579121017037198,0.3848732147883763,0.6132192177098058
2024-09-25,739153.6607847507,0.17382572297765878,6.2243003753757815,1.5276655090567544,-0.59053797121715,0.05113134335608389,0.04754625103274763,0.01880872898759214,2024-03-27,2024-07-29,738971.0,739095.0,1.125214277595497,0.3225404044958354,0.3848732147883763,0.11833597126169414
2024-09-16,739144.803731007,0.14807019261815582,14.766704006606918,1.0283920556373254,-0.4166203170440301,-0.016955893305620164,-0.013610186739531672,-0.010112622543467693,2024-04-04,2024-07-29,738979.0,739095.0,2.8266131339826575,0.24637908704130582,0.3848732147883763,0.5700700410439449
2024-08-04,739101.4208889833,0.851903887868884,7.657839421816689,0.3275470444678865,-0.004387489618759443,-0.002163171365070289,-0.0020268248813514224,-0.0007558381142776876,2024-04-11,2024-07-29,738986.0,739095.0,3.5210991467349415,0.22563658676823117,0.3848732147883763,0.45290224450337857
2024-09-10,739138.5048006176,0.7593709356231146,5.063938594663415,0.6077979142769149,-0.013413322541861632,0.0042602192814876864,0.004210036031971075,0.0006519700421527818,2024-04-18,2024-07-29,738993.0,739095.0,0.9730549279496359,0.47213908530872895,0.3848732147883763,0.11366606018643266
2024-08-28,739125.0824130584,0.16626159406170363,7.823754576698133,1.4748152016643632,-0.6293252994762121,0.038013488938145955,0.0186825281742282,-0.033105716761153425,2024-04-25,2024-07-29,739000.0,739095.0,1.7744346102160513,0.3518148613253576,0.3848732147883763,0.33585449526006045
2024-09-03,739131.8936149242,0.7195857743935575,2.8940601853703214,0.11056882240695944,0.012718303335433083,-0.013695695775319304,-0.012783390445512601,-0.004914978279471455,2024-05-02,2024-07-29,739007.0,739095.0,0.5616714585373702,0.2308979563373157,0.3848732147883763,0.08812272286432479
2024-08-09,739106.7857771795,0.6595204236852464,11.305734847030056,0.4666273996472405,-0.02068780304371251,0.0034677450655591063,0.003459475904722092,0.00023933721891254952,2024-05-09,2024-07-29,739014.0,739095.0,3.7128066153425197,0.34801395881608255,0.3848732147883763,0.3182953770838544
2024-08-03,739100.0964236092,0.5663595553487001,2.2080542485027754,0.3936908803396179,-0.01456554193891865,0.019430411336457457,0.009079495847320321,-0.017178580845414078,2024-05-16,2024-07-29,739021.0,739095.0,0.9636463755862754,0.1922769154283845,0.3848732147883763,0.054038389495124774
2024-07-29,739095.2040023091,0.9286936372048842,5.572312174545705,0.4180922788050134,-0.008864875880676415,-0.0015940116556223073,-0.0009437661483860891,-0.0012845927819430775,2024-05-23,2024-07-29,739028.0,739095.0,5.141449779003897,0.9268686606544224,0.3848732147883763,0.12801714615175397
2024-08-13,739110.6042047545,0.9096157103392184,3.327080320313922,0.41843291342301264,-0.004677201207941838,-0.003766334779181756,-0.003176245561817043,-0.002024040958061774,2024-05-31,2024-07-29,739036.0,739095.0,0.8285188879174359,0.3395172149129001,0.3848732147883763,0.05744341155498873
2024-08-20,739117.3363094123,0.009522435171499312,5.522633235072268,24.340066343762942,-23.238726924294877,0.07312442753444318,0.06907028087100675,0.02400996048810307,2024-06-07,2024-07-29,739043.0,739095.0,1.0568423861423208,0.547963556808969,0.3848732147883763,0.04552117597817318
2024-10-11,739169.6456793658,0.617153141361611,9.375414431790219,0.2801049834612278,-0.003829489418895084,-0.0024931561833629813,-0.0022345531737207225,-0.0011057123805292743,2024-02-07,2024-07-30,738922.0,739096.0,1.8095725234069742,0.10110994117610073,0.3493503541298635,0.6543469735995971
2024-10-21,739179.1120232888,0.07601263628382206,3.0292578533233536,13.706240004365245,-9.204898698547412,-0.27032881908918277,-0.08049776498743429,-0.2580654573207735,2024-02-14,2024-07-30,738929.0,739096.0,0.5311625217803552,0.8544294692661779,0.3493503541298635,0.4022073492908508
2024-09-08,739136.2048783387,0.4933721316798113,13.79064634535213,0.42820376701323243,-0.023561713556790667,-0.002227388320553455,-0.00004500955933496468,-0.002226933512726962,2024-02-22,2024-07-30,738937.0,739096.0,3.512517563381887,0.3784433925364565,0.3493503541298635,0.6506209567056843
2024-09-12,739140.9256679828,0.7386652694170296,2.5102298634333415,1.3904277049332545,-0.04077051468062986,0.01380266828804893,0.011087958821615198,0.008220147263892374,2024-02-29,2024-07-30,738944.0,739096.0,0.5904107989369771,0.8691952231506256,0.3493503541298635,0.27395770059428387
2024-08-06,739103.6166148838,0.3673845573393127,10.458526886780495,0.4232131940299177,-0.04898211526823347,0.002780201453644752,0.0011522756923393106,-0.002530174075373542,2024-03-07,2024-07-30,738951.0,739096.0,4.989578833915899,0.6188874127514269,0.3493503541298635,0.6080552375234121
2024-08-06,739103.8157074223,0.20444163666473575,6.157748343057046,0.6451881197505355,-0.19519086660535848,-0.02175776217313843,-0.020409123648360936,-0.007541079941809921,2024-03-14,2024-07-30,738958.0,739096.0,2.8677895026585554,0.2978466226846554,0.3493503541298635,0.47736290806771936
2024-08-27,739124.2455813071,0.5965254368131522,4.864586063935562,0.537133282183315,-0.026253013741290278,0.009118997405823252,0.001373174480169956,-0.009015015559300009,2024-03-21,2024-07-30,738965.0,739096.0,1.3390266784906852,0.3530328752848436,0.3493503541298635,0.11610113643552099
2024-09-19,739147.2894063195,0.01692137801778482,11.846372555091166,7.71800550511602,-6.9448182731570105,-0.01303444460536257,-0.013031947535915476,-0.00025512661839174227,2024-03-28,2024-07-30,738972.0,739096.0,2.317080873681008,0.7610596484933682,0.3493503541298635,0.6070899337201722
2024-08-27,739124.3422349178,0.8161141200419357,11.873463707965632,0.3307638546937934,-0.0034685459853237596,0.0008794658356409493,0.0008351440465870372,0.0002756711401468458,2024-04-05,2024-07-30,738980.0,739096.0,3.0761512201817687,0.2710827896515155,0.3493503541298635,0.6142908042993885
2024-09-09,739137.0005295081,0.08912957132310374,2.4250267693199783,-0.12814762572998975,0.33347484045116244,-0.1698640164267591,-0.019214986875503215,0.1687737193878375,2024-04-12,2024-07-30,738987.0,739096.0,0.500604412571056,0.07215508878313898,0.3493503541298635,0.2023941543695028
2024-08-08,739105.2726090505,0.016645942296948716,7.7878740699584235,7.268115372201733,-6.625047165477416,-0.05202694376491699,-0.029709706309369217,-0.04270990784968825,2024-04-19,2024-07-30,738994.0,739096.0,3.0800032365047145,0.27217618610755734,0.3493503541298635,0.35363849223919275
2024-09-05,739133.7743794086,0.6910975087598833,4.1126768567899905,0.4462114025421349,-0.00933305272454533,-0.007164350487096765,-0.004986078431367119,0.005144602975762003,2024-04-26,2024-07-30,739001.0,739096.0,0.8227861642371342,0.2189080012485984,0.3493503541298635,0.11286965604183737
2024-08-21,739118.3486617173,0.3407268170626541,13.178837087884732,0.7295355046258656,-0.12976079355220133,-0.01339154949389378,-0.005219099238572774,-0.01233266398574679,2024-05-03,2024-07-30,739008.0,739096.0,3.3494161667061744,0.25051970341636737,0.3493503541298635,0.38501710265910616
2024-08-26,739123.9555066164,0.147191249208434,12.77371068525375,1.915154717585579,-0.9307919728525935,-0.026014572704460982,-0.024866484550616286,0.0076430320612730675,2024-05-10,2024-07-30,739015.0,739096.0,2.7655404579654856,0.41228814579006345,0.3493503541298635,0.23256659727762885
2024-08-12,739109.3660610522,0.09172965727325179,7.54866721560637,2.5464376295591196,-1.658178074627815,0.012648247975947843,0.005856891415525258,0.01121048615394601,2024-05-17,2024-07-30,739022.0,739096.0,2.2555085849617136,1.593089912970791,0.3493503541298635,0.16422016202479228
2024-08-15,739112.4376651682,0.8540431743550312,13.065088325070858,0.5437532527200523,-0.012453248990709086,0.0011743905030333734,0.0011586491703809896,0.00019163807969822756,2024-05-24,2024-07-30,739029.0,739096.0,3.3779929524686865,0.6931665819939857,0.3493503541298635,0.12780601091423044
2024-08-21,739118.6734363197,0.2702239864629384,5.520705054279309,1.1681444826246845,-0.3270758280293719,0.024474087097568393,0.021325226058683713,0.012008983004626201,2024-06-03,2024-07-30,739039.0,739096.0,1.1042333917318414,0.654140892949343,0.3493503541298635,0.05349468081578437
2024-08-11,739108.0709502818,0.7146371401758794,2.4001648495654258,0.10082809610761884,0.021035453174784294,0.021048992418902564,0.02077591709107998,0.0033795489159928484,2024-06-10,2024-07-30,739046.0,739096.0,0.6255128458767444,0.29755350663852254,0.3493503541298635,0.0481404559650148
2024-09-15,739143.0013610899,0.7393869976314046,13.534484289581917,0.3239682919211714,-0.00376227898878636,-0.0012430409574763885,-0.0006528049983403154,-0.0010578262882466655,2024-02-08,2024-07-31,738923.0,739097.0,3.371055076845997,0.16534674708163438,0.35489821856758147,0.6986902492221094
2024-10-16,739174.9432415343,0.17479721276784746,14.30251437337724,1.0875044708283308,-0.37393682057196426,-0.006592589132687988,-0.004609312887783113,-0.0047134346473619694,2024-02-15,2024-07-31,738930.0,739097.0,2.606485523246988,0.6932092214202126,0.35489821856758147,0.6948547693742841
2024-09-08,739136.5601771049,0.9802667253362134,9.777201243036066,0.29816555520132776,-0.0010142826092142958,-0.00024182190228306012,-0.0001960453815026389,-0.0001415769784085062,2024-02-23,2024-07-31,738938.0,739097.0,2.510391966449,0.4205261940547409,0.35489821856758147,0.6792609130967829
2024-08-13,739110.1832728968,0.3277528288066041,5.337689439475094,0.5416930245585282,-0.08780950860108344,0.01821399300134973,0.01821273772918498,-0.00021383512606424973,2024-03-01,2024-07-31,738945.0,739097.0,2.1476764105392196,0.296025776052849,0.35489821856758147,0.39017974228629576
2024-07-31,739097.8986921426,0.850696164931404,4.822903381798412,0.3204661597399245,-0.004249862565514891,-0.0023864959121542998,-0.0022469211887633403,-0.0008041815157136611,2024-03-08,2024-07-31,738952.0,739097.0,3.9068182001266565,0.31410880043224876,0.35489821856758147,0.42256227948870123
2024-09-24,739152.7424084317,0.3730599355733886,6.956504946630935,0.7689914715861462,-0.10170219862281649,-0.020045404043536812,-0.01578881875250311,-0.01235036135784083,2024-03-15,2024-07-31,738959.0,739097.0,1.3792896022969756,0.27208402263877696,0.35489821856758147,0.1239398709068272
2024-09-03,739131.7000199904,0.8703581498269013,7.069136624271722,0.39294061116871176,-0.0040079932039226345,-0.0018074797694700687,-0.0018047451933796445,0.00009938764519115299,2024-03-22,2024-07-31,738966.0,739097.0,1.759006270468818,0.2730141498717272,0.35489821856758147,0.38169703775837976
2024-08-12,739109.5487483583,0.46849504333615155,4.336287549278975,0.5527987796063366,-0.053510211657893464,-0.017370848906387824,-0.0006773513808311423,0.01735763770895801,2024-04-01,2024-07-31,738976.0,739097.0,1.6320783488044825,0.33281474034347097,0.35489821856758147,0.14865679293082548
2024-08-21,739118.2584670427,0.5246791882137604,2.9703690184421725,0.5039747311389288,-0.0290081130389918,-0.014003397621656368,-0.013281719228407108,0.004437463159055192,2024-04-08,2024-07-31,738983.0,739097.0,0.8747898347855595,0.36590596545590476,0.35489821856758147,0.17045038843548557
2024-08-29,739126.3367242874,0.7948851422365317,12.27778433404167,0.3929574024165042,-0.005917370192926882,-0.0017334315601477306,-0.0008107717699693613,0.0015321338423052156,2024-04-15,2024-07-31,738990.0,739097.0,3.002013652032379,0.22100719837692068,0.35489821856758147,0.5001891811618777
2024-09-15,739143.8949738906,0.20668246080785796,7.436278412848774,1.3518931835800199,-0.4587458169318329,0.0440728390686192,0.01746172460828706,-0.04046607612893483,2024-04-22,2024-07-31,738997.0,739097.0,1.35135238643075,0.2893004251870865,0.35489821856758147,0.10406002069925581
2024-09-08,739136.1054692776,0.787248284851525,7.924932105514628,0.5623598481246809,-0.011559121111948187,0.00340672605629027,0.0032306358116338395,0.0010810988276730384,2024-04-29,2024-07-31,739004.0,739097.0,1.5354191737785314,0.33705732892492773,0.35489821856758147,0.18946493796871033
2024-08-10,739107.0538172832,0.902505748850754,10.310061220544387,0.390366778100687,-0.0054244117913323335,-0.0018725234795298044,-0.0013924484998349587,0.001251970988760434,2024-05-06,2024-07-31,739011.0,739097.0,3.7034331893746812,0.25357948308736206,0.35489821856758147,0.35353714263929514
2024-09-06,739134.7982573872,0.2801949899965182,14.411583579292033,1.2773964688284474,-0.3216010928048178,0.012661517141288473,0.010163176509375023,-0.007551414407806631,2024-05-13,2024-07-31,739018.0,739097.0,2.5876898080563824,0.49383336556126,0.35489821856758147,0.23351877060521722
2024-08-31,739128.0345886319,0.0329681908460362,13.81826718559083,9.785423374035652,-8.35717821988789,0.025041629262651646,0.0049391898859501085,0.0245496965235544,2024-05-20,2024-07-31,739025.0,739097.0,2.6390119392576312,0.7962301378765617,0.35489821856758147,0.14941483091124255
2024-08-07,739104.4564669192,0.1825381540459923,13.934101003641137,1.2522086928297598,-0.5444151547485581,0.010345791793338067,0.010312193891858182,-0.000833105616248102,2024-05-28,2024-07-31,739033.0,739097.0,5.011974061644642,0.6893522096592112,0.35489821856758147,0.13603464384393318
2024-08-23,739120.5086424459,0.5933445347144525,10.97522790468803,0.8200197463208898,-0.058432518044766284,-0.002914666811616521,-0.0024610401135685476,0.0015615902734537398,2024-06-04,2024-07-31,739040.0,739097.0,2.150257490471564,1.0838248022435588,0.35489821856758147,0.09937454166517502
2024-07-31,739097.4969393478,0.9997997924768554,14.84668579544126,0.4319174460413373,-0.007629333730792607,0.0008177725252087771,0.00034179550187429504,0.0007429183924798463,2024-06-11,2024-07-31,739047.0,739097.0,10.919541825605371,0.6282574135061892,0.35489821856758147,0.09756244294314319
2024-08-29,739126.6593465391,0.7966689846691868,10.50868332622393,0.29602600243548094,-0.0024303243276867998,0.0010013239371340415,0.0009970878344362543,0.00009200802952372711,2024-02-09,2024-08-01,738924.0,739098.0,3.2715057622848973,0.18400060067782129,0.36453353055125365,0.7164341261548595
2024-08-30,739127.8548738302,0.11947763624149957,3.126886994285792,2.0412594336871805,-1.0823691782996043,-0.05945773860938357,-0.05490913152721232,-0.02280811161558708,2024-02-16,2024-08-01,738931.0,739098.0,0.9386449161877467,0.6955709970315705,0.36453353055125365,0.3732061381644288
2024-09-26,739154.1962830144,0.8563413321358384,14.084331283089497,0.34373313697692826,-0.002330272550379766,-0.00041630648282252347,-0.00013322673820936447,0.0003944131385567086,2024-02-26,2024-08-01,738941.0,739098.0,2.988853622488187,0.34033312378013686,0.36453353055125365,0.6791934710666194
2024-08-18,739115.0729380231,0.8797919352074188,14.69215846070322,0.31113553449934694,-0.002310448448639205,-0.0002347852167745437,-0.0002083980137131947,0.00010814049147412177,2024-03-04,2024-08-01,738948.0,739098.0,5.333579874930477,0.5892775659165823,0.36453353055125365,0.6926417315091028
2024-09-05,739133.8945287815,0.9384249926747763,6.524392113487884,0.39027617228914124,-0.00285612282300118,0.0013950809051927846,0.0010240053681256501,0.0009474511797888962,2024-03-11,2024-08-01,738955.0,739098.0,1.6678727899242987,0.2944672474291305,0.36453353055125365,0.29063629620098885
2024-08-11,739108.1791475037,0.04296011193356831,2.139534580768933,1.7420925372050675,-1.2662701253966562,0.07973873620614148,0.060848638706870475,-0.051533573709508666,2024-03-18,2024-08-01,738962.0,739098.0,0.9073060445031674,0.3188622502763357,0.36453353055125365,0.31818394918719084
2024-09-21,739149.6664471333,0.9716437510584013,2.888908690063856,0.9756157401326803,-0.008246030604933346,-0.0033191254647160365,-0.003046058642983399,0.001318378016364267,2024-03-25,2024-08-01,738969.0,739098.0,0.5755779270795117,0.8355924739556013,0.36453353055125365,0.25344059963789994
2024-09-02,739130.2069443323,0.7732478810813288,2.5156734149470865,0.6284639847365737,-0.011891589483659934,0.0061355780908422365,0.003602610335529604,0.0049665397692114106,2024-04-02,2024-08-01,738977.0,739098.0,0.6244385476700276,0.5957292148090405,0.36453353055125365,0.2314155268041541
2024-09-20,739148.6431181744,0.134309471390643,3.3625860171557718,0.6502351947014587,-0.19341058535919722,0.09070979161633567,0.09041584641656172,-0.007296643876177814,2024-04-09,2024-08-01,738984.0,739098.0,0.6309556236431043,0.08516463848230378,0.36453353055125365,0.212885012872029
2024-09-09,739137.4968234596,0.8754357650482809,12.668290642710296,0.41179072413068607,-0.004086811300424602,0.0011017185030051564,0.0004558437897792911,-0.0010029905778139577,2024-04-16,2024-08-01,738991.0,739098.0,2.6428293099536346,0.256342260022145,0.36453353055125365,0.5021385951118336
2024-08-05,739102.3749414908,0.4311618498310964,14.083060002188182,0.4474259077445223,-0.04524059882155116,0.005771656954723882,0.005387739583603096,0.0020698517295422146,2024-04-23,2024-08-01,738998.0,739098.0,7.109900922222233,0.2399778351808386,0.36453353055125365,0.4739825196006928
2024-08-13,739110.6601780216,0.5918425111508933,8.423766259240637,0.48000749988646624,-0.02585147490081559,0.0059069974583531165,0.0035251695335257903,0.004739809989112616,2024-04-30,2024-08-01,739005.0,739098.0,2.8446186140222456,0.3074810751088354,0.36453353055125365,0.36676459925218113
2024-08-05,739102.195177918,0.7439450220748075,11.723009112725007,0.3977272976821601,-0.011453694737777093,-0.002962846229456687,-0.0013338970269848535,0.0026455956797679196,2024-05-07,2024-08-01,739012.0,739098.0,5.724272266087234,0.24532297991848223,0.36453353055125365,0.36376911403581214
2024-09-08,739136.3951438747,0.9792973280358392,10.814369174557356,0.5685489961135639,-0.005260849387697222,0.0007742835517824378,0.0007104952229717552,0.00030775242760235544,2024-05-14,2024-08-01,739019.0,739098.0,1.9235938104453094,0.6152749211004811,0.36453353055125365,0.24027865429101317
2024-08-02,739099.7002785079,0.9864520039608318,6.737700717481032,0.41063289094455646,-0.005980442008226411,-0.0010395505428724076,-0.0010074499109068563,-0.00025633963446974954,2024-05-21,2024-08-01,739026.0,739098.0,4.041873362372385,0.84227113440721,0.36453353055125365,0.16030505832506803
2024-08-15,739112.6945990867,0.09212662932252959,10.142640075630819,2.833777247169952,-1.8539661237375595,0.0010630431184907112,0.00030209099842934986,-0.001019216218688858,2024-05-29,2024-08-01,739034.0,739098.0,2.708866249884648,15.841090726642193,0.36453353055125365,0.14330556176949258
2024-08-17,739114.1894425141,0.3717874991268422,10.206732369476295,0.968991307413782,-0.184326609056694,-0.0031310619008390827,-0.00026947760465583615,-0.003119443932414077,2024-06-05,2024-08-01,739041.0,739098.0,2.4507973556196645,2.1443932714039358,0.36453353055125365,0.1218931509288775
2024-08-14,739111.9882720576,0.5514501385695004,3.870474301095552,0.4595507574806897,-0.0235561464168444,0.015307096772426422,0.014073553991723317,-0.006020156945003684,2024-06-12,2024-08-01,739048.0,739098.0,0.9366237987403557,0.2192570058927129,0.36453353055125365,0.04640580587969815
2024-10-15,739173.4556155717,0.4452283741597859,4.982634939436682,0.9304728042706523,-0.08117177418392989,-0.011860997852474036,-0.0014115968973480743,0.011776700057987003,2024-02-12,2024-08-02,738927.0,739099.0,0.9492172799837407,0.6115156500244859,0.3325196623053896,0.4620685283346907
2024-10-15,739173.351913191,0.008156125234073166,10.892126178879531,15.207848473142114,-14.41627452420458,0.06161446813864031,0.026245301157730744,-0.05574519576741604,2024-02-20,2024-08-02,738935.0,739099.0,2.019463030211892,0.17520300943413383,0.3325196623053896,0.468458018101483
2024-10-13,739171.6433242746,0.4186250855343302,4.51375271289732,1.4154484722833593,-0.15644434967882226,0.020816251971698684,0.009915655637136322,-0.018302899208458095,2024-02-27,2024-08-02,738942.0,739099.0,0.8268378136400517,0.697019347080706,0.3325196623053896,0.32286637563801523
2024-09-07,739135.0662309164,0.8392780759540053,7.313175464290037,0.37143781015108257,-0.0037439229635268913,-0.0014507668059392299,-0.0001961583934580485,-0.0014374443327972992,2024-03-05,2024-08-02,738949.0,739099.0,1.9097098956459815,0.2961618938641292,0.3325196623053896,0.4562803247066554
2024-08-10,739107.716000094,0.0755768389071645,4.414149089605282,1.8965989415468745,-1.2570280729233312,-0.07596399682939678,-0.017229953148164244,0.07398417079895311,2024-03-12,2024-08-02,738956.0,739099.0,2.0070331970972055,0.2833210843822257,0.3325196623053896,0.19588297453025616
2024-08-13,739110.7622405944,0.851812992266147,5.776587265836054,0.35188291791977017,-0.00432638971485451,-0.002128338833832039,-0.001201051346670803,0.001757071954775266,2024-03-19,2024-08-02,738963.0,739099.0,2.3266650153969652,0.29974903217172333,0.3325196623053896,0.44138420999777794
2024-08-25,739122.9792307644,0.13474481347747227,4.68197918469424,1.3539961327363867,-0.6516394611655119,-0.06192894580261632,-0.03792423117500571,-0.04895862557311136,2024-03-26,2024-08-02,738970.0,739099.0,1.3808667409809108,0.3028281669130755,0.3325196623053896,0.11006298178759419
2024-08-28,739125.1656830831,0.2398978427737311,11.33771610566096,0.6980004483403895,-0.1719015658824589,-0.012739843455891277,-0.005322275395351725,-0.011574843234214855,2024-04-03,2024-08-02,738978.0,739099.0,3.1164903350740665,0.2855068324594971,0.3325196623053896,0.5689951535828147
2024-09-05,739133.0729038444,0.5739673209789858,2.8171601427133948,0.433380176756406,-0.011091312797296854,-0.013043703809482953,-0.012889127243762047,0.002002150834385631,2024-04-10,2024-08-02,738985.0,739099.0,0.6587388275395438,0.17324378199156343,0.3325196623053896,0.2240712599927124
2024-08-18,739115.953319953,0.401979261713847,8.47090300543492,0.5720325943634901,-0.0695051975023746,-0.010240669492748208,-0.003579428277207888,0.00959473839497609,2024-04-17,2024-08-02,738992.0,739099.0,2.6821371608827977,0.32207934256554976,0.3325196623053896,0.43870637642360083
2024-08-20,739117.7404546562,0.09203048875622023,6.222636035178256,2.3172089375202294,-1.452322255809084,-0.06456557203082207,-0.05413835555325212,-0.03518169338813767,2024-04-24,2024-08-02,738999.0,739099.0,1.828463680057218,0.33267435108410703,0.3325196623053896,0.22372167131550277
2024-08-22,739119.0940055712,0.886291746004434,10.389231144693083,0.42350464437505086,-0.005450983294076272,-0.0016613753040500539,-0.0004202105821740388,-0.0016073552711010602,2024-05-01,2024-08-02,739006.0,739099.0,2.8569093949005464,0.2798983875142793,0.3325196623053896,0.3848169794999657
2024-08-20,739117.0225188935,0.8291800688281905,8.694474686547588,0.45837396857661655,-0.008642066633956022,-0.0018123897898458593,-0.0011384191380384135,0.001410233532605644,2024-05-08,2024-08-02,739013.0,739099.0,2.425726164185733,0.45474874648637476,0.3325196623053896,0.347623820600781
2024-08-29,739126.0007271908,0.6434561042552908,6.54912135946991,0.6814445652699856,-0.03308765102916037,0.005705406369023084,0.003968814074776019,-0.004098801858537316,2024-05-15,2024-08-02,739020.0,739099.0,1.4254651214556644,0.5697905485259898,0.3325196623053896,0.06954330700197944
2024-08-09,739106.5798449455,0.4565594315996878,5.3588994488940145,0.6683635046755619,-0.08708428310406578,-0.009192401746464065,-0.0028476462082907433,-0.008740203712774832,2024-05-22,2024-08-02,739027.0,739099.0,2.0053856091024085,0.8071095665742012,0.3325196623053896,0.11574814690840851
2024-08-28,739125.8031109446,0.09519317631829141,14.270478001634148,3.5821173516207048,-2.2948656309497357,-0.006923763631806964,-0.0023580779233800466,0.00650983650611906,2024-05-30,2024-08-02,739035.0,739099.0,2.771283672677099,2.2109673351870867,0.3325196623053896,0.14286538741075705
2024-08-13,739110.1043241373,0.17768045047214012,9.27756970162471,1.4932601951181022,-0.6683524282899856,0.010008342704754692,0.009914261380313795,0.0013690671928853133,2024-06-06,2024-08-02,739042.0,739099.0,2.678065991193875,1.2789359140076697,0.3325196623053896,0.14944901552123543
2024-08-24,739121.4024490986,0.5159388072624985,12.296479920066371,0.8786770794039577,-0.08745388343459042,0.001710516794672726,0.0009943077795776158,0.0013918404162578729,2024-06-13,2024-08-02,739049.0,739099.0,2.2957511212522657,2.1452067117111677,0.3325196623053896,0.12380522699440863
2024-09-15,739143.351871418,0.25545548597165696,12.526550465470988,0.6384779626701402,-0.1316783164741339,0.009978198237439876,0.006438668319312761,-0.0076228597218843275,2024-02-13,2024-08-05,738928.0,739102.0,3.289853263698061,0.2691199409779799,0.3296867992210855,0.6739957249366453
2024-10-17,739175.3621857762,0.155463818715915,13.864329915613709,1.3069955473036363,-0.5127080043063856,-0.007712142213514831,-0.0005415402127294166,0.007693105466550847,2024-02-21,2024-08-05,738936.0,739102.0,2.609429578755117,0.74546200851516,0.3296867992210855,0.6729097115517324
2024-09-29,739157.7399295447,0.5691580027039586,11.92932050088261,0.45792274357486173,-0.016499812132495222,-0.0013390433138100392,-0.001263102322573204,-0.00044453292225610095,2024-02-28,2024-08-05,738943.0,739102.0,2.560714427898491,0.587897365402548,0.3296867992210855,0.6689309845185695
2024-10-11,739169.7910129508,0.6322703215994715,12.530305520029657,0.4615738776527692,-0.01160934354827063,0.0011965275929210367,0.0006058979180844025,0.0010317780737553967,2024-03-06,2024-08-05,738950.0,739102.0,2.345743451974959,0.4895827206471772,0.3296867992210855,0.6548966841974229
2024-08-23,739120.1509560654,0.49953168454063335,2.488124676206275,0.646553584355146,-0.050873517920270304,0.012888295476031092,0.012262608042191574,0.0039669389056377,2024-03-13,2024-08-05,738957.0,739102.0,0.8695914100962162,0.7924779511300412,0.3296867992210855,0.38062761041589316
2024-08-27,739124.6818889314,0.04478915398917472,7.376479648347843,2.8947104684650893,-2.212575038966788,-0.03955177615787518,-0.03123631993806551,-0.024261807722621882,2024-03-20,2024-08-05,738964.0,739102.0,2.2985336720209433,0.33966885567485955,0.3296867992210855,0.5077812458131801
2024-08-10,739107.4906537345,0.3809179637921175,7.520211979700723,0.44994215840192275,-0.05152960780285957,-0.010219315447600458,-0.007669112831236647,-0.006754192520155666,2024-03-27,2024-08-05,738971.0,739102.0,3.845821863883364,0.2554091215788999,0.3296867992210855,0.517359848886409
2024-08-14,739111.6619993134,0.36492321746374184,12.712091609671173,0.4559090035060149,-0.053525241916011435,-0.0005983655385325168,-0.000490195458204576,-0.00034314680598675917,2024-04-04,2024-08-05,738979.0,739102.0,5.299962302030041,2.567890773085539,0.3296867992210855,0.605700798820943
2024-08-23,739120.4084425679,0.5516056308154275,8.710009393546045,0.46197384430156485,-0.024527650783621558,-0.004909330764520972,-0.004356004394976392,-0.002264233704019624,2024-04-11,2024-08-05,738986.0,739102.0,2.7559495775979017,0.31640528434784465,0.3296867992210855,0.5044532592657731
2024-09-02,739130.5279375353,0.44285760859179735,7.707360811665273,0.7149610566467417,-0.07534692313482538,0.013818623848039956,0.007822171445727282,-0.01139157578771556,2024-04-18,2024-08-05,738993.0,739102.0,1.9294737048234838,0.31329909979987497,0.3296867992210855,0.2789558104854203
2024-08-10,739107.9421098096,0.009121110706087567,8.111703027338201,12.321401800953186,-11.696890149507057,0.047108371995156995,0.04166467394763103,-0.021983031112012014,2024-04-25,2024-08-05,739000.0,739102.0,3.7433454000112167,0.27919523361708914,0.3296867992210855,0.3832242775967263
2024-08-30,739127.0256816046,0.014668805748220274,2.228029805782677,-50.80283181094843,48.16442309575975,0.5557094123694744,0.30398714221344475,0.4651932591568041,2024-05-02,2024-08-05,739007.0,739102.0,0.5559460727127509,0.5706270710254125,0.3296867992210855,0.08765013766827255
2024-08-06,739103.3544740403,0.44307436664170285,13.050161254390012,0.4999649876832376,-0.05718013444163863,-0.009079692345022865,-0.0004130336812361705,0.009070293063536121,2024-05-09,2024-08-05,739014.0,739102.0,8.700954693463633,0.21381333433016583,0.3296867992210855,0.29235086341047317
2024-08-21,739118.3647989916,0.29712230647446464,9.57894074578245,0.9746171973006281,-0.2360287117212153,0.004682156052819547,0.0037466787272592067,-0.002808021334972022,2024-05-16,2024-08-05,739021.0,739102.0,2.718753595702619,1.5636398229954687,0.3296867992210855,0.21879102193569167
2024-08-26,739123.7663786375,0.44766127381721954,4.527676210529475,0.5705423291624226,-0.053587408991912854,-0.017932461280703492,-0.016765226715941283,-0.006363987802236789,2024-05-23,2024-08-05,739028.0,739102.0,1.067604475126501,0.29545886278080463,0.3296867992210855,0.05965796616881915
2024-08-25,739122.3554789495,0.5595825745231121,8.276718975586746,0.8248711358147842,-0.06668877544203494,0.005436834751706632,0.0014807407524355483,-0.0052313075747313425,2024-05-31,2024-08-05,739036.0,739102.0,1.9036315604897684,0.8293017505892925,0.3296867992210855,0.09674906481318062
2024-08-30,739127.0321085721,0.9631986347839545,4.707787620585753,0.3386445422390485,-0.0010125909660850243,-0.002977167881720208,-0.0012432681705909715,-0.002705145624904835,2024-06-07,2024-08-05,739043.0,739102.0,0.9073928406385371,0.06958725722779352,0.3296867992210855,0.053916870281904034
2024-08-20,739117.940723936,0.005197063303377548,14.701050459931192,46.63368092325894,-45.49907614189744,-0.021565815977417878,-0.006309980838737398,0.02062204065039682,2024-06-14,2024-08-05,739050.0,739102.0,3.392065052315958,0.7458411175361443,0.3296867992210855,0.16656058212348715
2024-10-23,739181.314757997,0.7695378869457052,12.566463480798568,0.36872163184399953,-0.0034329705084650453,-0.0009718042809129939,-0.000017324541053817738,0.00097164984468588,2024-02-14,2024-08-06,738929.0,739103.0,2.3398998566666904,0.216325739848311,0.2862016872813466,0.654140721144875
2024-10-11,739169.2007827495,0.6878098173776676,6.218653491576684,0.5937145095010946,-0.014193924415433538,0.0035000056712140206,0.0012050446813575073,0.0032860168919928412,2024-02-22,2024-08-06,738937.0,739103.0,1.2420215265769061,0.44854472363132153,0.2862016872813466,0.302792741098118
2024-10-03,739161.9318722399,0.25408784876994633,2.393269397521919,3.398039124110715,-0.936956164641235,0.1040893367037709,0.08153398557690761,0.06470548053585268,2024-02-29,2024-08-06,738944.0,739103.0,0.4981420409920337,0.9556642514155063,0.2862016872813466,0.47487354160407935
2024-08-25,739122.141034181,0.36205867976557676,8.945107465028126,0.5072611457732318,-0.062130516948867835,0.007077998392321343,0.004635079150915267,-0.005349215129947022,2024-03-07,2024-08-06,738951.0,739103.0,3.1187416194958324,0.3552940286261995,0.2862016872813466,0.5850571645128185
2024-10-13,739171.5531294432,0.4436886105820331,3.0981111161124923,1.786712926481928,-0.17913583914537948,-0.029081900476710314,-0.008754491709565253,-0.027732937281226392,2024-03-14,2024-08-06,738958.0,739103.0,0.56027492054632,0.8821470561976748,0.2862016872813466,0.4172412312820098
2024-10-06,739164.9073026204,0.8748994310858829,3.544580768264458,0.8272984268669075,-0.009010158217148036,0.002826584897651782,0.002770102931408201,0.0005622383240555794,2024-03-21,2024-08-06,738965.0,739103.0,0.6612908512922852,0.7867987120035934,0.2862016872813466,0.3494311225762912
2024-08-28,739125.0655771373,0.40752115549657353,7.436753708474051,0.5173367197424825,-0.05284128700374512,-0.009592291847739652,-0.004057845757657056,-0.008691717361907094,2024-03-28,2024-08-06,738972.0,739103.0,2.2924453383195984,0.3018684767596911,0.2862016872813466,0.52170868313213
2024-08-29,739126.3851265253,0.18294908661344225,3.38388065375707,0.5081483654983158,-0.12110991997099944,0.05696497713562675,0.03735170549725171,-0.043009983916633306,2024-04-05,2024-08-06,738980.0,739103.0,0.9877973138797709,0.1149441830264454,0.2862016872813466,0.18716691416659373
2024-09-09,739137.0971121277,0.45226028128931406,10.832388356531961,0.564705568780904,-0.04749364599389356,-0.005209279616536463,-0.00431989390688648,0.0029112043481190645,2024-04-12,2024-08-06,738987.0,739103.0,2.5551300701614537,0.38064669916513644,0.2862016872813466,0.5355103591690474
2024-09-22,739150.7011343966,0.43010788717309845,7.8122017992574255,0.8239360914857153,-0.08834294842722616,0.0159203152935522,0.007122272301621061,0.014238317186650726,2024-04-19,2024-08-06,738994.0,739103.0,1.4788227334363329,0.30550911955297616,0.2862016872813466,0.1002672551470154
2024-09-24,739152.6672550737,0.6551216300198605,5.882562707707073,0.44911281365916145,-0.010904463899392645,0.006341144869944204,0.0031390466048475734,-0.005509673735731965,2024-04-26,2024-08-06,739001.0,739103.0,1.0451639154324954,0.19151024730660252,0.2862016872813466,0.11680393007093864
2024-08-08,739105.3613529609,0.09893227806965803,7.955334596912232,1.2076099881625169,-0.691742509849512,-0.034387403886340207,-0.00013542175696728637,-0.03438713723167508,2024-05-03,2024-08-06,739008.0,739103.0,4.708986929641987,0.25016389763413965,0.2862016872813466,0.3901687939482067
2024-08-15,739112.9521281658,0.05948810392269378,12.24594585006498,2.924810903388847,-2.1615945556846565,0.03014064719097248,0.01017974534854029,-0.028369550538024896,2024-05-10,2024-08-06,739015.0,739103.0,4.45677003527067,0.34838500695317093,0.2862016872813466,0.2895147235462303
2024-09-08,739136.3245395884,0.7042303122925547,2.5787405455463497,-0.8379346731068581,0.06608184518229906,-0.030258952812587555,-0.025904360585976595,0.015638680505276094,2024-05-17,2024-08-06,739022.0,739103.0,0.5059432455662506,0.5963968388818055,0.2862016872813466,0.07453004802726504
2024-09-05,739133.9319803817,0.12616955719894987,3.9835667486934523,-0.4393453966266847,0.41122758905843687,-0.11426878527553785,-0.06696906822799918,0.09258779179254986,2024-05-24,2024-08-06,739029.0,739103.0,0.7744500720656521,0.11398222047504587,0.2862016872813466,0.06402801897320998
2024-08-20,739117.8527391442,0.8575145923077794,13.397059226232113,0.5438134900623741,-0.011659223652562542,-0.000448813468636511,-0.00026224481224887327,0.0003642268360213037,2024-06-03,2024-08-06,739039.0,739103.0,3.5595035675643016,1.6627838345501385,0.2862016872813466,0.15856728011336108
2024-08-22,739119.4281496172,0.8182590405354273,14.639230761600691,0.5698690435749144,-0.014342768456876443,0.0007288195329646465,0.00017098891238765226,0.0007084777367506288,2024-06-10,2024-08-06,739046.0,739103.0,3.488593950381124,1.0999819011451926,0.2862016872813466,0.15532405905550578
2024-08-24,739121.757832468,0.131399805009806,4.174907049470882,1.1776922370498737,-0.558101282905579,-0.06909403380397977,-0.030405793507785918,0.0620441232387676,2024-06-17,2024-08-06,739053.0,739103.0,0.8631159841310874,0.25422624491682544,0.2862016872813466,0.05092859855549385
2024-08-27,739124.5832793878,0.18386603399261417,4.098663410224532,1.0067168853592614,-0.36690356119022094,-0.04044511751864711,-0.0030659408382009514,0.0403287433212817,2024-02-15,2024-08-07,738930.0,739104.0,1.465365079299333,0.4069537727879492,0.2545963478660155,0.31223173842170726
2024-08-26,739123.9664765976,0.415039757419959,3.274971948678753,0.6292029979022534,-0.07110140795418136,-0.013579736912073504,-0.008343209735705933,-0.010714481131027923,2024-02-23,2024-08-07,738938.0,739104.0,1.1631263367060374,0.6635428299295604,0.2545963478660155,0.4009125204384209
2024-09-14,739142.4750088467,0.44027127327381244,12.412398006808516,0.4919444176164631,-0.03729737902165566,0.0035110304885817814,0.0016003666588665917,-0.003125085862650658,2024-03-01,2024-08-07,738945.0,739104.0,3.2311249832937947,0.37679780997789947,0.2545963478660155,0.6345231018792339
2024-08-30,739127.7083038152,0.211695215840692,9.519620543640297,0.7477350203748275,-0.2129604729647872,-0.012619549357570503,-0.00853566372296858,0.00929491639535054,2024-03-08,2024-08-07,738952.0,739104.0,3.034734459214477,0.37527234572414253,0.2545963478660155,0.5929276852202736
2024-09-24,739152.1696153786,0.3876192333219207,2.000913241764805,1.3037954426500056,-0.1650699698078023,0.03605939475465371,0.01908058188865522,-0.03059757089806755,2024-03-15,2024-08-07,738959.0,739104.0,0.442283430673588,0.8868020712219058,0.2545963478660155,0.48821268284834357
2024-10-12,739170.0170683836,0.4271437635341139,12.11979095797749,0.5799981027846185,-0.04648448597217129,0.004156178767742238,0.0012995741834116784,-0.00394777518245926,2024-03-22,2024-08-07,738966.0,739104.0,2.1763870350925125,0.3941783381323904,0.2545963478660155,0.6205747060503388
2024-10-07,739165.8067159883,0.18546688057865882,4.874478722023364,0.710350892005063,-0.19592052390323034,0.04521795216676337,0.006005374910654699,0.04481739249820516,2024-04-01,2024-08-07,738976.0,739104.0,0.8704401947227911,0.1648569390464761,0.2545963478660155,0.26927986261585235
2024-09-15,739143.7980272509,0.19753921939167457,8.906783312681455,1.141339529445454,-0.3816484059190231,0.030002294436571767,0.0279079684078129,-0.01101285479824656,2024-04-08,2024-08-07,738983.0,739104.0,1.9793820597140608,0.28212490795803835,0.2545963478660155,0.4368423931890905
2024-09-10,739138.0045852147,0.42876478978416876,6.481990797314431,0.731469817965236,-0.08025663246049121,0.01705117027481372,0.015862151985622516,0.006255760715189062,2024-04-15,2024-08-07,738990.0,739104.0,1.5172836316640734,0.31134180960569513,0.2545963478660155,0.1031076304023155
2024-09-27,739155.7983202541,0.5275493785406159,2.498245578500514,-1.4155951643014215,0.17212616498906563,-0.0564666379014679,-0.055884715568001585,0.008085775273840592,2024-04-22,2024-08-07,738997.0,739104.0,0.44543134559616104,0.6436991726964811,0.2545963478660155,0.24521626566490587
2024-08-23,739120.1030985091,0.8467618748118195,7.801284676849791,0.426841059224106,-0.006640085407681365,0.0021412176056123593,0.00043052130494773585,-0.0020974899858093314,2024-04-29,2024-08-07,739004.0,739104.0,2.4527653829442384,0.3365952861960212,0.2545963478660155,0.3781102347230557
2024-08-27,739124.5359008114,0.9189026969638419,9.9665363047471,0.4280891807115325,-0.004628457228624601,-0.0011527252818537266,-0.001072513743340925,0.00042248058626354604,2024-05-06,2024-08-07,739011.0,739104.0,2.7123541494121,0.3701993991669719,0.2545963478660155,0.4117373676185997
2024-09-13,739141.7881931493,0.24142786651132703,8.456092710115502,1.5525960648873005,-0.47159681898405525,-0.030465862049985578,-0.029216577825552564,0.0086348324020899,2024-05-13,2024-08-07,739018.0,739104.0,1.596927370760506,0.44195195210592836,0.2545963478660155,0.10454903648347481
2024-08-31,739128.4606548625,0.6990042691411401,2.408217870491055,-0.5305904218587436,0.055546603066461614,0.0292605039145812,0.0013108574878871165,0.029231126252364452,2024-05-20,2024-08-07,739025.0,739104.0,0.5527375384128255,0.5510103508086602,0.2545963478660155,0.07158227821883238
2024-08-17,739114.4754207095,0.44092224152619275,9.848043968372526,0.6746947201537714,-0.08642336946664753,-0.0012028330266578913,-0.0006648096935031982,0.0010024147651761556,2024-05-28,2024-08-07,739033.0,739104.0,3.2150881760773617,3.216902350386814,0.2545963478660155,0.2286994502663479
2024-09-07,739135.1804272342,0.07806713229456254,6.701979027914487,3.1831537800117964,-2.128198618293667,0.06960023517938901,0.04212491570734976,0.055404730968347256,2024-06-04,2024-08-07,739040.0,739104.0,1.190367525444926,0.35617760692707817,0.2545963478660155,0.061155450148889984
2024-08-27,739124.3613068145,0.8464542182737163,7.070497226595388,0.5268660675067907,-0.009604677446333278,0.0030930378553356654,0.0022289576157205303,0.002144441913846328,2024-06-11,2024-08-07,739047.0,739104.0,1.5021132384143663,0.37175007652369835,0.2545963478660155,0.08962600764147091
2024-08-15,739112.4230259354,0.6025789286666551,8.454637472292362,0.5535382381330229,-0.03493489860082028,-0.004418635477114516,-0.003363879217734554,-0.002865075232539032,2024-06-18,2024-08-07,739054.0,739104.0,2.6060734863227553,0.5634952540958398,0.2545963478660155,0.1903828257197419
2024-08-12,739109.028144493,0.3712159144513137,10.763356401402616,0.4100072514051195,-0.04350044448601585,0.0037575834246592805,0.0037415517811824634,-0.0003467325511175796,2024-02-16,2024-08-08,738931.0,739105.0,6.490089893508565,0.3992674708093745,0.28768207245178085,0.6543345539317645
2024-09-13,739141.6645801261,0.16706665602269458,3.81865888327502,1.3157565832211513,-0.5194845727663067,0.031253789594752994,0.01415767744398912,0.027863229055962842,2024-02-26,2024-08-08,738941.0,739105.0,1.033082127872355,0.7271916535407055,0.28768207245178085,0.4685137456389766
2024-08-09,739106.3048374563,0.7234925655334817,14.495539891338463,0.3198826566340877,-0.005542388370756979,0.0008648603768607791,0.0002288420135853804,0.0008340352536205871,2024-03-04,2024-08-08,738948.0,739105.0,11.07018712567893,0.3198531495275751,0.28768207245178085,0.6595556434431924
2024-09-30,739158.924645782,0.9012314828270462,10.493429656644198,0.36695375841644645,-0.002129984402948169,-0.0005563941229925232,-0.0005029942856802935,0.0002378469437970356,2024-03-11,2024-08-08,738955.0,739105.0,2.221480083157978,0.328785600016872,0.28768207245178085,0.6032413809941114
2024-09-18,739146.5868674652,0.3983324164519296,7.881853212320095,0.6551464881331509,-0.07239366367107015,0.0147838181981807,0.0002548888354673627,0.014781620756818749,2024-03-18,2024-08-08,738962.0,739105.0,1.8695306639853992,0.24747495328423047,0.28768207245178085,0.30535663274743113
2024-08-17,739114.0877880462,0.24783395773099098,5.292376354869691,0.6549388550287821,-0.16462525511090095,0.029352660648813842,0.029057978586903174,-0.0041488031536216895,2024-03-25,2024-08-08,738969.0,739105.0,2.3335359677861023,0.26263891717761273,0.28768207245178085,0.3543955505300796
2024-09-23,739151.5459472943,0.3529958072815412,13.38948602671463,0.6167110600603521,-0.0783932922091454,-0.005332177998763551,-0.0005006053311430922,-0.0053086266126870525,2024-04-02,2024-08-08,738977.0,739105.0,2.8166489667636396,0.3875965525525297,0.28768207245178085,0.623181171515763
2024-08-14,739111.3834849229,0.9070534644419628,6.460854769417208,0.3530374396660562,-0.0036387204752808063,0.001732154767210815,0.000548985102143013,-0.0016428558960530227,2024-04-09,2024-08-08,738984.0,739105.0,3.0781347064408484,0.29492046415799894,0.28768207245178085,0.45064809260597016
2024-08-22,739119.8811908824,0.507092621065865,8.870647155065615,0.47504383347436513,-0.032112420966996576,-0.006057648727761793,-0.0034619420730572915,-0.004970921965968672,2024-04-16,2024-08-08,738991.0,739105.0,3.047799697431025,0.30304069185468724,0.28768207245178085,0.48220352142742184
2024-09-05,739133.2227813347,0.7831013306036971,6.789006733018511,0.5313972220510736,-0.01110057271140293,0.0038010998895889507,0.0011415356462645733,0.0036256388042578717,2024-04-23,2024-08-08,738998.0,739105.0,1.6929273151399344,0.3368587445892635,0.28768207245178085,0.13199539322255457
2024-09-26,739154.0786531833,0.5799262739858887,9.309871919956135,0.7513040093492314,-0.038958606076588395,-0.00765229241715213,-0.0029310866728754514,0.007068685178567221,2024-04-30,2024-08-08,739005.0,739105.0,1.6462560640480954,0.31713263147526255,0.28768207245178085,0.16163553104756606
2024-09-02,739130.1531485849,0.7047131905832437,13.908414493823024,0.5002848787630717,-0.01457711064260464,-0.0028431418437469226,-0.0028342310068900896,0.00022492252721201294,2024-05-07,2024-08-08,739012.0,739105.0,3.424425080606989,0.2597811881119539,0.28768207245178085,0.3735002490364586
2024-08-16,739113.3428666557,0.6133077086408271,11.192120486717737,0.4889871992769875,-0.026058267704746927,0.003205554606377983,0.0030796904304478926,0.0008894308219748066,2024-05-14,2024-08-08,739019.0,739105.0,4.320549061348454,0.4454596879305229,0.28768207245178085,0.2834986430239931
2024-09-08,739136.5208358918,0.4640360882992557,12.567054211456751,0.846140799011527,-0.08909307364158439,-0.001152848466996101,-0.0003301129884448993,0.0011045745799696993,2024-05-21,2024-08-08,739026.0,739105.0,2.509247051407496,2.853579551534418,0.28768207245178085,0.24640448657740846
2024-09-01,739129.9650829529,0.061609342521784086,4.8297261758563526,2.2215113663860713,-1.5396725271778098,0.09011378146494674,0.05412910877757691,-0.07204535510952406,2024-05-29,2024-08-08,739034.0,739105.0,1.035025407052356,0.21795217705556225,0.28768207245178085,0.060157372357361856
2024-08-17,739114.5374666302,0.6943863497542476,5.061296196202239,0.4687441631708192,-0.016068424446799522,-0.006534201520810659,-0.0016699605092991316,-0.006317200441013858,2024-06-05,2024-08-08,739041.0,739105.0,1.645349728373963,0.3373806664898409,0.28768207245178085,0.12141398635599211
2024-08-19,739116.9490643139,0.8542227923986825,8.242134326637128,0.496807751183651,-0.010244530540121151,-0.0018768135079666477,-0.0006585397087342016,-0.001757485247649705,2024-06-12,2024-08-08,739048.0,739105.0,2.299170284116271,0.5657211400010338,0.28768207245178085,0.17117517558288162
2024-08-21,739118.2477535548,0.3051896282685714,11.777373584071805,0.8583914194159634,-0.19687536755628351,-0.005126503756473892,-0.004074050608004507,-0.0031117764072245034,2024-06-20,2024-08-08,739056.0,739105.0,2.900290842485253,0.9951565845994234,0.28768207245178085,0.23863396180935748
2024-10-01,739159.6235984364,0.027071699069364248,3.8307398907182852,7.995152257108331,-6.844581206305967,-0.05414268252397094,-0.01766744803859153,0.0511790127952384,2024-02-20,2024-08-09,738935.0,739106.0,0.8733298114553976,0.8933876832907556,0.2847191073211238,0.5395309245118036
2024-10-01,739159.6416826458,0.5586258842896811,8.021493330755039,0.5029086502402694,-0.0212400334210514,-0.005768278400911607,-0.005742635133198804,-0.0005433023443480793,2024-02-27,2024-08-09,738942.0,739106.0,1.7879929326195236,0.2564335301816905,0.2847191073211238,0.32824293354617723
2024-09-21,739149.5017874903,0.5131327581199397,11.296668398701227,0.46709914933404867,-0.023596404002419424,0.0020479651089700297,0.002047089268276755,0.00005988835667109516,2024-03-05,2024-08-09,738949.0,739106.0,2.747260696692402,0.5233625344460372,0.2847191073211238,0.6557778491076425
2024-09-20,739148.3749699685,0.5319090536363825,3.9506953418587294,0.6419003299009316,-0.03698180891428868,-0.006966029952593252,-0.0019017142729019824,0.006701421947965017,2024-03-12,2024-08-09,738956.0,739106.0,0.9512630250149007,0.7147705575045745,0.2847191073211238,0.4436373107385554
2024-10-01,739159.5372903608,0.8217899090238574,5.804618685880419,0.5157590563224249,-0.006538054879386965,0.0020699103572765732,0.0004105776813977699,-0.0020287816182869116,2024-03-19,2024-08-09,738963.0,739106.0,1.2014215581135341,0.4471818132441955,0.2847191073211238,0.25469260568659907
2024-08-13,739110.0763601327,0.6454153730990969,3.930080819624255,0.4307525206298151,-0.01744533384112878,0.007803666548735508,0.007746696349122534,-0.0009412264755865898,2024-03-26,2024-08-09,738970.0,739106.0,2.212353973601938,0.36712875808846523,0.2847191073211238,0.1890876433524598
2024-09-09,739137.6549629318,0.7028128903328797,4.409046744203604,0.4391545382937396,-0.009513459012245542,-0.004472910233319463,-0.003261424719566497,-0.0030610512498052966,2024-04-03,2024-08-09,738978.0,739106.0,1.1354697724740501,0.3390340238381107,0.2847191073211238,0.21443836241479455
2024-09-12,739140.6760622425,0.8509450195566841,4.323195215694998,0.3976717827244603,-0.0036383364195264347,-0.0023754102675445647,-0.001996452716631218,-0.001287148200252003,2024-04-10,2024-08-09,738985.0,739106.0,1.0332756070722988,0.301481646477057,0.2847191073211238,0.2305398365556109
2024-08-10,739107.1572074656,0.6142336344642653,7.827960503669221,0.3825540592688731,-0.01594370049743225,-0.005305926800014574,-0.00096625294711689,-0.005217203700192357,2024-04-17,2024-08-09,738992.0,739106.0,5.731308992788361,0.2357831913556755,0.2847191073211238,0.4278449657463917
2024-08-20,739117.4335343608,0.3143552676681441,10.378485909951225,0.6331848819949277,-0.11859701919396094,-0.01713881504316234,-0.003912389115712026,-0.01668628755868081,2024-04-24,2024-08-09,738999.0,739106.0,3.861550517866641,0.20959442361843672,0.2847191073211238,0.40706679868877294
2024-09-09,739137.0631751678,0.831845464419027,12.635042500307419,0.45793629755816634,-0.0064840301380502926,-0.0014349795100644155,-0.000486872307471807,-0.0013498598262492987,2024-05-01,2024-08-09,739006.0,739106.0,2.8950475232839405,0.29748513598906584,0.2847191073211238,0.4444094764378654
2024-09-02,739130.7826500155,0.148366833968999,6.323105795670777,1.659524708269488,-0.7753623805341218,0.055726496390091265,0.028836229007680743,-0.047685577447813765,2024-05-08,2024-08-09,739013.0,739106.0,1.568600414354413,0.32647457685008247,0.2847191073211238,0.10621415184293873
2024-09-01,739129.5498460614,0.03961630024610208,12.891094515647008,5.425559914872827,-4.430380088363264,0.011310130356247554,0.001597041885170114,-0.011196807843860002,2024-05-15,2024-08-09,739020.0,739106.0,3.1539685441806373,1.2038087561834754,0.2847191073211238,0.31410372060617087
2024-08-13,739110.1979611125,0.2704909034135619,14.161342240060467,0.7187469073085284,-0.18960031441750283,-0.0050268814474830215,-0.003913163914505058,-0.00315542156696446,2024-05-22,2024-08-09,739027.0,739106.0,6.731395126998927,0.7204248021836046,0.2847191073211238,0.3197119664895592
2024-09-01,739129.1509240988,0.8833321605015274,10.766268324693376,0.5557615295982442,-0.009296138714586748,-0.0006409983111797246,-0.0003883665669243775,-0.0005099512178930764,2024-05-30,2024-08-09,739035.0,739106.0,2.4038148678391713,1.189883804547507,0.2847191073211238,0.21071915588760476
2024-09-02,739130.3868360402,0.09231068513502351,8.235166849759743,2.9379994506020646,-1.8660237593545514,0.046922171484925716,0.04654134380911555,-0.005966028268662311,2024-06-06,2024-08-09,739042.0,739106.0,1.68771977060641,0.44577800720453126,0.2847191073211238,0.17905682042656734
2024-09-06,739134.3186650341,0.40137492456986623,8.429227465571623,0.8254084012950685,-0.10960688062694522,0.01910721268842296,0.00576552803951368,0.018216593071873045,2024-06-13,2024-08-09,739049.0,739106.0,1.4795616382473977,0.27315109354997147,0.2847191073211238,0.09344589027805356
2024-08-21,739118.6950706429,0.6368958599312592,4.815724507423653,0.40011904205202703,-0.009350273142070618,-0.011221295038639343,-0.0094707430073306,-0.006018512210944703,2024-06-21,2024-08-09,739057.0,739106.0,1.2117442264985268,0.1102016527576889,0.2847191073211238,0.04992539745395796
2024-10-30,739188.538657808,0.14883669787075451,5.731440259522733,2.000372714789222,-0.8562136684817948,0.03275807799863594,0.0308186741296654,-0.011104098299916515,2024-02-21,2024-08-12,738936.0,739109.0,1.0538690097860852,0.6787502460312735,0.2862016872813466,0.4889986951447608
2024-10-30,739188.098864991,0.28778924865344685,6.452082013523467,1.156763944440597,-0.22931279062251234,-0.018609374877916175,-0.01859109947944546,-0.0008245322869242211,2024-02-28,2024-08-12,738943.0,739109.0,1.1613642664807515,0.5496309512485772,0.2862016872813466,0.41123405811687286
2024-09-25,739153.3961281154,0.1432776925010311,6.2940132023001745,1.5630560348274347,-0.7061156154623919,0.05311951514900674,0.04011540290598866,0.0348200709269202,2024-03-06,2024-08-12,738950.0,739109.0,1.5246260745180593,0.3026025911472194,0.2862016872813466,0.18386821716307675
2024-08-20,739117.4523908728,0.92082301593218,8.44258989124425,0.3124624604202551,-0.0019510971486620477,-0.0006665373796483545,-0.0006279331936352606,0.00022354414060654087,2024-03-13,2024-08-12,738957.0,739109.0,3.95518621995071,0.3192676068712937,0.2862016872813466,0.6241711014996819
2024-08-28,739125.743330234,0.6434851530116462,3.813011376749026,0.4758638761684569,-0.016851826019928847,0.005900720709129492,0.0055529733172395715,0.001995743526902944,2024-03-20,2024-08-12,738964.0,739109.0,1.3763640940768485,0.48196148899259045,0.2862016872813466,0.26535716251127833
2024-09-07,739135.1151914103,0.8494568393083475,5.032576065590482,0.4524566953173665,-0.00580996355297017,0.0025278414381692633,0.002526452537645095,0.00008378491243839814,2024-03-27,2024-08-12,738971.0,739109.0,1.4722044492811917,0.3879489213594288,0.2862016872813466,0.15908052164996153
2024-09-09,739137.4120222303,0.9482773749426843,4.978745791876136,0.4310316402396063,-0.0032747961437280984,0.0015609160933205512,0.001559224322812031,-0.0000726537097363637,2024-04-04,2024-08-12,738979.0,739109.0,1.3616361178384035,0.3995950948354872,0.2862016872813466,0.1754026481224615
2024-09-03,739131.8158024026,0.29595371157457434,2.357993642937785,-0.6217984354576972,0.27110453992168637,-0.08424255046907489,-0.0038124715859089962,0.08415623785520163,2024-04-11,2024-08-12,738986.0,739109.0,0.6961151922366815,0.4039117102916283,0.2862016872813466,0.2479447622775772
2024-09-29,739157.4280966121,0.5539512079751986,5.6517564689718185,0.44020166378431524,-0.01628081927415291,-0.008734605567852103,-0.0012369558249055396,-0.008646575895300122,2024-04-18,2024-08-12,738993.0,739109.0,1.0995487862782507,0.1826926313102783,0.2862016872813466,0.19558958583201255
2024-10-03,739161.5251562212,0.21785543961077597,10.39862496312071,1.5867785647087305,-0.5034064037270902,0.03689197812059554,0.0021720866547353477,0.03682797970585437,2024-04-25,2024-08-12,739000.0,739109.0,1.8591668051089707,0.28587704640810263,0.2862016872813466,0.21985496797224816
2024-08-16,739113.2377270503,0.9684393745122057,9.188311194139025,0.36586672993633484,-0.0032308092628913487,-0.001250850442680884,-0.00012422386036849828,-0.0012446667274696914,2024-05-02,2024-08-12,739007.0,739109.0,4.711231943656219,0.2722341950960912,0.2862016872813466,0.39981044926471715
2024-08-20,739117.1861817566,0.07096687395036928,10.408039669616802,2.028886913696491,-1.377127478887924,-0.03303921894569867,-0.008003512413272164,-0.032055167720547215,2024-05-09,2024-08-12,739014.0,739109.0,4.197692815654858,0.2842046037236899,0.2862016872813466,0.38884206618855205
2024-08-15,739112.4308805767,0.5840586648732672,3.783792339332546,0.41892494190847834,-0.018727645071506573,0.012141418071062284,0.011312168051845609,-0.004410089198998282,2024-05-16,2024-08-12,739021.0,739109.0,1.9769122623680666,0.23809097532486465,0.2862016872813466,0.10876347691276042
2024-09-19,739147.3184417641,0.9942664797636833,3.6886631135043144,-0.17207575118168691,0.006918973214637948,0.004483458846758422,0.00024644045523568157,0.0044766807271235725,2024-05-23,2024-08-12,739028.0,739109.0,0.6668308653168186,0.415970245791433,0.2862016872813466,0.08340487447588885
2024-09-15,739143.7160884247,0.1622769223284162,7.794621784309966,1.8405995250832927,-0.8010637420699322,0.048871591375095856,0.048071347114560944,0.008807839129192615,2024-05-31,2024-08-12,739036.0,739109.0,1.4046723990021834,0.3412497246989075,0.2862016872813466,0.0747811402222467
2024-08-27,739124.007799164,0.03729484130205241,5.155161080648568,3.7395712784676984,-3.0104531474076186,0.09579417724810757,0.08824988154448724,-0.03726235099971314,2024-06-07,2024-08-12,739043.0,739109.0,1.383291192749786,0.22735226450039725,0.2862016872813466,0.06568519395919946
2024-08-14,739111.2512550066,0.7001664644264097,2.5910733337401566,0.29815392171179145,0.0009190213768773019,0.012997649587445575,0.005197903608770903,0.011913047169886908,2024-06-14,2024-08-12,739050.0,739109.0,1.3623029187830518,0.01910655505234601,0.2862016872813466,0.059196593822847865
2024-08-19,739116.851959483,0.6254752149452821,4.444826074056493,0.35308795092799317,-0.004544298998197337,-0.01256468862184348,-0.005548335595737721,0.011273303521193457,2024-06-24,2024-08-12,739060.0,739109.0,1.4004627435562762,0.05089445892235237,0.2862016872813466,0.05644063768374479
2024-09-29,739157.3030648485,0.263151389868092,3.5641318841671383,0.983620759525485,-0.22232553767126875,0.016482754957464214,0.014323026271872263,0.00815672295735659,2024-02-22,2024-08-13,738937.0,739110.0,0.8726726739838548,0.995890182935469,0.2994469140313673,0.567491795772344
2024-09-18,739146.1299724439,0.7933712696691095,4.92600426687413,0.48986973659508026,-0.007687875766253884,0.0024810420546304483,0.002479171184526917,0.00009633231366619444,2024-02-29,2024-08-13,738944.0,739110.0,1.349878332367346,0.4990613263664669,0.2994469140313673,0.31265100504407006
2024-10-16,739174.7390394965,0.7269371381137032,9.866346356294157,0.47127783035665494,-0.007695350277770432,0.002332621636073495,0.0017243147971326667,0.0015709430853686323,2024-03-07,2024-08-13,738951.0,739110.0,1.9473265500457675,0.2430662120295633,0.2994469140313673,0.34479872784832916
2024-08-15,739112.3085105728,0.029131812518871765,3.2667448572265814,3.0409494384600397,-2.5261597916497185,-0.06658768839648416,-0.05228176756952448,-0.041237568136269734,2024-03-14,2024-08-13,738958.0,739110.0,2.1848806072475946,0.3383133768153793,0.2994469140313673,0.37047633065748914
2024-08-23,739120.2470128507,0.9525763496422248,9.460598105324639,0.3125630202946863,-0.0016314096868158244,-0.0005415240471338079,-5.668601587975759e-6,0.0005414943772378534,2024-03-21,2024-08-13,738965.0,739110.0,4.092542237299579,0.3033377708515342,0.2994469140313673,0.6408194288108187
2024-09-14,739142.026366719,0.369338755310942,6.944418476333543,0.7341950559352324,-0.10115634337625383,-0.021040600199357506,-0.02081595895976276,0.0030663837552849563,2024-03-28,2024-08-13,738972.0,739110.0,1.8450785660785436,0.2556960358765975,0.2994469140313673,0.17768894730463208
2024-09-14,739142.2805029089,0.9371265814544194,11.066375283818621,0.3616345719404813,-0.0021013653128512163,-0.0005115852964944977,-0.00011468994689062747,-0.000498563668623766,2024-04-05,2024-08-13,738980.0,739110.0,2.844206906211559,0.3478374735412462,0.2994469140313673,0.6300905041615555
2024-09-03,739131.752081614,0.8420317302486837,12.719308904998481,0.37536306513501716,-0.004101775266760773,0.001161141430527422,0.0001865570102579939,-0.0011460566755666429,2024-04-12,2024-08-13,738987.0,739110.0,3.8367596720980774,0.2338577048794288,0.2994469140313673,0.5442704021910528
2024-09-02,739130.8812617298,0.09520640331414669,3.5746324843543658,0.34999414905317894,-0.06501124385849244,0.09456052726415344,0.09173848203082978,0.022929113178529775,2024-04-19,2024-08-13,738994.0,739110.0,1.069719270534154,0.01831105433896417,0.2994469140313673,0.17925158250459786
2024-09-06,739134.1972334447,0.5565188118478427,8.878448769702738,0.5334644743137585,-0.029541873565119683,-0.005592378655198622,-0.00028623675414312093,-0.005585048571292713,2024-04-26,2024-08-13,739001.0,739110.0,2.410086048235347,0.33111909151302193,0.2994469140313673,0.4266389801936713
2024-09-04,739132.4837007613,0.14687984455399852,11.87163928400488,1.2786366466325376,-0.5718766801192725,0.018984591910620064,0.01790425774306181,0.00631286659789291,2024-05-03,2024-08-13,739008.0,739110.0,3.2335406892171816,0.3726941992333655,0.2994469140313673,0.47403009371020505
2024-09-24,739152.7923304329,0.949785907999702,8.35050415820212,0.546144085395029,-0.004635351346566063,-0.0013622743503318901,-0.001199897085904358,-0.000645010378839289,2024-05-10,2024-08-13,739015.0,739110.0,1.554145808643252,0.38701794582537646,0.2994469140313673,0.096222047526705
2024-09-07,739135.0908673046,0.13840466775959007,8.672795075931564,2.0107328040547885,-1.0127949774060614,-0.027527442910484805,-0.022304156190424113,0.01613334217771277,2024-05-17,2024-08-13,739022.0,739110.0,2.078328150813832,0.5871476413943726,0.2994469140313673,0.2537098344189601
2024-08-22,739119.9698433958,0.7192502468144325,10.173582533166218,0.5021656012801541,-0.017387900657950147,0.0006892893456959756,0.0006639203602580904,0.00018528237186724887,2024-05-24,2024-08-13,739029.0,739110.0,3.5799384119518547,1.7834120287336548,0.2994469140313673,0.271102464863649
2024-08-18,739115.7674387352,0.248649078465717,2.8647943221717975,0.48473158736228833,-0.08899875090056046,-0.05084219354764562,-0.04781914188354107,0.01727015675256094,2024-06-03,2024-08-13,739039.0,739110.0,1.1802406111605876,0.15193332367155643,0.2994469140313673,0.07065386160139904
2024-08-17,739114.1760522671,0.7996382265188504,3.1401047601208423,0.30075094547433023,0.0007283149039223903,-0.008285461080174264,-0.008154740967967929,-0.0014659689820824937,2024-06-10,2024-08-13,739046.0,739110.0,1.3957021650273442,0.02238473336643575,0.2994469140313673,0.05550334718597921
2024-09-07,739135.5770963909,0.23580593404508893,6.0358832004483585,0.9040168963058003,-0.24445197548528358,-0.042645498983882466,-0.013333081467874165,-0.040507623012901554,2024-06-17,2024-08-13,739053.0,739110.0,1.1259045377640255,0.22394133022337034,0.2994469140313673,0.049636898195084565
2024-08-20,739117.4441062419,0.869053767592292,7.1949521624768895,0.36105261616596496,-0.002407131720831957,0.0040701378814834805,0.003961720678016519,-0.00093316217436369,2024-06-25,2024-08-13,739061.0,739110.0,2.31980066833664,0.07143474028851741,0.2994469140313673,0.11800624828844829
2024-09-26,739154.1902351974,0.4525018670806048,5.3200520292976385,0.6415535825767245,-0.05381271454346334,-0.009776216896864628,-0.007505536310708006,0.006264290981682215,2024-02-23,2024-08-14,738938.0,739111.0,1.363668121251434,0.4681861560785657,0.2652428362605031,0.37220484417869326
2024-09-29,739157.4815529101,0.27778232695128363,10.46550339685393,0.6849514859127658,-0.1278197685974251,-0.010587035696394286,-0.004282007494498426,0.009682444766368984,2024-03-01,2024-08-14,738945.0,739111.0,2.531433922138429,0.3204558013465707,0.2652428362605031,0.5869735228014116
2024-10-31,739189.8237517248,0.03647283848719796,14.045885625054627,5.136462129467926,-4.107648684161247,-0.0293975396357548,-0.027527659813493005,-0.010317135349910692,2024-03-08,2024-08-14,738952.0,739111.0,2.468666500115113,0.3628296281686651,0.2652428362605031,0.6115304111134159
2024-10-22,739180.7337615561,0.8222750130361833,13.875262798190116,0.39777012386713106,-0.003208778928621499,-0.0003344770512144328,-0.00025204512091816,0.0002198821384525182,2024-03-15,2024-08-14,738959.0,739111.0,2.554564825822388,0.5685247123749962,0.2652428362605031,0.6800456418906577
2024-09-12,739140.0947153321,0.06972394079377066,5.692993981406257,2.6169884714335567,-1.7712685814866513,-0.07778635224756662,-0.07440452199156952,-0.02268664151408402,2024-03-22,2024-08-14,738966.0,739111.0,1.6209947950419588,0.27888311075508193,0.2652428362605031,0.1341668284825915
2024-10-13,739171.2767221972,0.28683413904804717,8.122469812826111,0.9731975073780937,-0.19634427725282327,-0.027898234078376282,-0.009751039174185745,-0.026138643800231297,2024-04-01,2024-08-14,738976.0,739111.0,1.5195688944433334,0.24853311761215283,0.2652428362605031,0.13152846868427767
2024-09-16,739144.3011241684,0.7169990830076179,6.835190785654555,0.523789924925937,-0.012785065884192641,-0.004514647088992497,-0.0037586895225366615,0.002500858134985178,2024-04-08,2024-08-14,738983.0,739111.0,1.7162880879826723,0.29706201482118444,0.2652428362605031,0.1397432559676983
2024-08-17,739114.5776914328,0.4071491959122676,6.5536828209646405,0.4787075592284083,-0.05340122863930545,0.012437946948210791,0.007120360153938916,-0.010198185895771126,2024-04-15,2024-08-14,738990.0,739111.0,3.7030520344227007,0.2667292916640966,0.2652428362605031,0.4337518322031989
2024-09-27,739155.8787764034,0.33981001958771456,3.2781358457457435,-1.09189755870045,0.30266355085506197,0.0709151950801126,0.06804978353917202,0.019954745137993106,2024-04-22,2024-08-14,738997.0,739111.0,0.6595607328472917,0.44241521523939775,0.2652428362605031,0.22808471220005236
2024-08-17,739114.1568698644,0.824541397438171,9.20097474786474,0.37273223976015485,-0.005988032772499622,0.0021099771690019503,0.00035782004198413314,-0.0020794154157512536,2024-04-29,2024-08-14,739004.0,739111.0,5.201955056584668,0.2543226491386998,0.2652428362605031,0.42527475625192496
2024-08-21,739118.4757812829,0.621885072828379,14.811150990792285,0.42607458780402935,-0.017473787795053687,0.0026586744677887966,0.002216443285966047,-0.0014683082393585048,2024-05-06,2024-08-14,739011.0,739111.0,6.283525984760682,0.27595814411242464,0.2652428362605031,0.4824111489147343
2024-09-08,739136.3307208249,0.8011678088687506,3.9171239664387727,0.20818773446080027,0.0027899174622333174,-0.0062176393661894,-0.0019759746949253865,0.005895300102030656,2024-05-13,2024-08-14,739018.0,739111.0,0.9609952860469813,0.09177449458122222,0.2652428362605031,0.08787184173564759
2024-09-02,739130.9784606823,0.7049979055555456,8.409797182209623,0.5599877004909738,-0.01916758866302437,0.0023964650844979303,0.0009738675875695707,0.0021896636324100324,2024-05-20,2024-08-14,739025.0,739111.0,2.2333304408053825,0.67049984163566,0.2652428362605031,0.2475353272204087
2024-08-20,739117.9541824426,0.9973461727216968,5.802685726587747,0.41476489567477987,-0.003924563358287486,-0.0013136975361492393,-0.00010312313758727978,0.0013096437817126964,2024-05-28,2024-08-14,739033.0,739111.0,2.3113723618621607,0.5134673520779031,0.2652428362605031,0.18546233554186656
2024-09-06,739134.6850967646,0.7672486650824801,5.938831114803799,0.4387978150964839,-0.007330227588253126,-0.004978180782622151,-0.003655914256869821,-0.0033788422352759345,2024-06-04,2024-08-14,739040.0,739111.0,1.309765792743871,0.1902312935576943,0.2652428362605031,0.06737595914900504
2024-08-14,739111.070427589,0.4758253594717242,9.460867159097349,0.4437700817890519,-0.0384451597620665,-0.00146285651385617,-0.0012812609295001682,-0.0007059175664819451,2024-06-11,2024-08-14,739047.0,739111.0,10.258862882932975,1.321772098127133,0.2652428362605031,0.35462388770558384
2024-08-23,739120.0369888216,0.6399390947236313,4.888775281287283,0.3519054350265943,-0.005146743213031113,-0.011502518219671342,-0.0060059774793772246,-0.009810003053571631,2024-06-18,2024-08-14,739054.0,739111.0,1.5475003352883236,0.05857039304296478,0.2652428362605031,0.08049734283191767
2024-08-21,739118.3471596007,0.303075495000895,2.2379973043887094,0.8816447806960682,-0.24821097082486843,0.07238363553561138,0.007784376514500174,0.07196383936139535,2024-06-26,2024-08-14,739062.0,739111.0,0.7256333000237917,0.4643782227830696,0.2652428362605031,0.06198755992361901
2024-10-19,739177.9169918541,0.24018481907507933,2.5434604603167434,1.3296066464714411,-0.33477905549131226,-0.025367551239200613,-0.01773582085689537,0.01813707017149086,2024-02-26,2024-08-15,738941.0,739112.0,0.5178716456775715,1.2462360131082038,0.31107495202648633,0.6320964650531956
2024-08-15,739112.9379030165,0.8644763969121374,14.776185061715957,0.3086101691359019,-0.002487673031567473,-0.00026204760070880606,-0.0002585571746082581,0.00004262783710014581,2024-03-04,2024-08-15,738948.0,739112.0,12.15754620556653,0.5553975105250041,0.31107495202648633,0.6975677476489761
2024-09-26,739154.9860712604,0.6984915906142931,4.3261303691416835,0.5180683330060837,-0.011822139969285427,-0.0026596529734492814,-0.0018835344211572233,-0.001877778480943247,2024-03-11,2024-08-15,738955.0,739112.0,1.0585188183570728,0.7176830700926037,0.31107495202648633,0.48208121294730977
2024-10-08,739166.5436744919,0.7137386882464997,7.175469638493255,0.5390919948896631,-0.011450413677620334,0.003574065683178127,0.0029867769198246505,-0.001962933809091459,2024-03-18,2024-08-15,738962.0,739112.0,1.5094876501781673,0.31867467726524457,0.31107495202648633,0.17068099056200176
2024-08-16,739113.8609625197,0.4108283475160327,2.8271271777871707,0.4152812625462964,-0.03468444073359274,-0.018042215625377757,-0.01157673402300063,0.013838380470030623,2024-03-25,2024-08-15,738969.0,739112.0,1.9593940296023733,0.2793572098247413,0.31107495202648633,0.28753809435515043
2024-09-14,739142.755851627,0.83541614177818,6.037622858996493,0.4692904439059622,-0.006222642608409329,0.0025918005257263713,0.0009903072185509592,-0.0023951454189759243,2024-04-02,2024-08-15,738977.0,739112.0,1.6186037407134366,0.33220806064684655,0.31107495202648633,0.1401067485900081
2024-08-20,739117.2958750881,0.31148769682859184,12.555839211937883,0.46703413845752784,-0.06976469148300228,-0.003999601168687568,-0.0013884994744634668,0.0037508503993070198,2024-04-09,2024-08-15,738984.0,739112.0,6.445879519562837,0.4327271489858229,0.31107495202648633,0.6088022082081004
2024-09-01,739129.0865258179,0.28860805141638096,5.478106196980727,0.7924233990575751,-0.17307667616611003,0.031154130912815523,0.0017904856860796016,0.031102637089815886,2024-04-16,2024-08-15,738991.0,739112.0,1.8218462456144486,0.2926852936066491,0.31107495202648633,0.13667390512341362
2024-08-19,739116.1795475282,0.684173757829294,14.837292712060771,0.3714329831946571,-0.009823619720074329,0.0022038012853728916,0.0022036325094509997,0.000027273956476828232,2024-04-23,2024-08-15,738998.0,739112.0,7.891898843504808,0.20554686532327845,0.31107495202648633,0.5331276050678766
2024-09-23,739151.9113713998,0.2378672430412641,2.7697852002529446,-3.2752916332026403,1.2655676841900199,-0.18837604762913035,-0.10452309025060563,-0.15671776837626336,2024-04-30,2024-08-15,739005.0,739112.0,0.5744691332415458,0.5769633740096501,0.31107495202648633,0.17271460841099004
2024-09-02,739130.6541355317,0.5219346339464982,12.088734091816482,0.5313822926919654,-0.03538787476477703,0.004539771100230196,0.002376515778834208,0.0038680349527166025,2024-05-07,2024-08-15,739012.0,739112.0,3.559645227083351,0.3365548219640426,0.31107495202648633,0.43924504097152206
2024-08-20,739117.4783225602,0.38977638247795265,6.199760094700131,0.5760998643759377,-0.08145541259092631,-0.011233804447981572,-0.01106926368582688,-0.001915662764978435,2024-05-14,2024-08-15,739019.0,739112.0,2.850678200163261,0.4558623493511533,0.31107495202648633,0.3144511500515221
2024-09-17,739145.229094396,0.09573565941052811,5.402575453041589,1.5591854740441335,-0.8738127452058458,-0.07444260978389383,-0.06855135645714631,0.02902436354723992,2024-05-21,2024-08-15,739026.0,739112.0,1.098558037930912,0.20800303737653408,0.31107495202648633,0.08359511133517533
2024-08-17,739114.4355683746,0.8911079808136286,9.623674577900882,0.4126246319581939,-0.006810132992493366,-0.00008411205511659434,-0.00008246903824408605,0.000016543746463013567,2024-05-29,2024-08-15,739034.0,739112.0,5.3566220947958465,7.496986920095517,0.31107495202648633,0.2844088429676152
2024-09-15,739143.8264524974,0.3586642521599837,12.7554688650305,0.9754909686528003,-0.16443063522120602,-0.003844138375337253,-0.0028911582445804817,0.002533496369354975,2024-06-05,2024-08-15,739041.0,739112.0,2.3807845497185287,1.2027500625525094,0.31107495202648633,0.29848966012213307
2024-08-24,739121.8320541243,0.8509446635493929,4.619282852460453,0.3311737089128867,-0.0012513221524950455,-0.005307601943718876,-0.005183361295396672,-0.001141667234509305,2024-06-12,2024-08-15,739048.0,739112.0,1.4822329795104068,0.04343077222803501,0.31107495202648633,0.05705477436110164
2024-09-09,739137.5686204861,0.12545625613950231,8.943560589025575,1.124972148323389,-0.5096311514142123,-0.051937436773170274,-0.047214913403446176,-0.021639068623028536,2024-06-20,2024-08-15,739056.0,739112.0,1.6512699385380991,0.13764401232512097,0.31107495202648633,0.1769636413054534
2024-09-07,739135.2366849312,0.6239409459009416,7.839109987685477,0.35681139969676207,-0.0034246275233706055,0.008947412818387127,0.0004950391610449435,-0.008933707649776237,2024-06-27,2024-08-15,739063.0,739112.0,1.415085106210381,0.03046439770818381,0.31107495202648633,0.06157176808724015
2024-10-23,739181.7289338037,0.9698858915225934,6.636154147114366,0.4786873247021692,-0.0023834322100968032,-0.0007266736304156006,-0.0005537803376689015,-0.0004705123832086743,2024-02-27,2024-08-16,738942.0,739113.0,1.31952233294923,0.4793663888606482,0.3038232886311662,0.37006182433814655
2024-10-20,739178.8335665802,0.309680908071895,2.0310207329783423,1.2187412410266714,-0.2095937417362553,0.025191030848020594,0.02411453742863764,-0.007285404572757739,2024-03-05,2024-08-16,738949.0,739113.0,0.40413165606393314,1.2686226066378552,0.3038232886311662,0.6417728068695329
2024-09-26,739154.6245076737,0.66825107785814,7.981143031582527,0.4952584129275823,-0.01288902803313411,-0.004278533232682939,-0.0037878583233494213,0.001989466246359769,2024-03-12,2024-08-16,738956.0,739113.0,1.9850358219521733,0.2522317961951976,0.3038232886311662,0.2502728901040952
2024-10-28,739186.4399929096,0.28607519149152055,12.181912229460112,0.8684348195277138,-0.15950335273117563,0.015361182443963355,0.014214808949798345,0.005822811399784547,2024-03-19,2024-08-16,738963.0,739113.0,2.1572656655322575,0.24384277957376632,0.3038232886311662,0.4743901008623712
2024-09-12,739140.3008341811,0.8833677302483207,7.923148420555217,0.3799949296660587,-0.0032298184167438896,0.0013944266817185332,0.000260560829405371,0.0013698663529221184,2024-03-26,2024-08-16,738970.0,739113.0,2.3084637538924078,0.2582415746677616,0.3038232886311662,0.44759058087613074
2024-10-06,739164.8799344886,0.31049397735788836,9.201106510783728,0.9487666137564965,-0.1716571097341612,-0.024344672043060903,-0.02270992984791196,0.00877052696176852,2024-04-03,2024-08-16,738978.0,739113.0,1.8766807880022056,0.2379419355270295,0.3038232886311662,0.2286738115114568
2024-09-12,739140.5314129312,0.406761387558927,10.285842931650274,0.5496541957699784,-0.05494121124609889,0.005509851890248864,0.005498642925762656,0.00035127457556627677,2024-04-10,2024-08-16,738985.0,739113.0,2.834572391326236,0.39432847290062817,0.3038232886311662,0.5765672920597645
2024-09-25,739153.1546871358,0.6320135638615675,11.73023020883655,0.493462000531939,-0.015580003699447842,0.0022287654545159303,0.00012815905693269232,0.002225077685693181,2024-04-17,2024-08-16,738992.0,739113.0,2.594325401403847,0.3766370611227673,0.3038232886311662,0.5407764575145019
2024-09-30,739158.1537338309,0.7458850857053191,5.693636363963133,0.3713209706656417,-0.004186627350593508,0.004041851116648596,0.00031681923867725383,-0.004029415096407605,2024-04-24,2024-08-16,738999.0,739113.0,1.1415912952000018,0.13569573290115855,0.3038232886311662,0.16785934919041323
2024-08-22,739119.7946516153,0.5331708941269185,2.399857103971061,0.21318767390859758,0.01349317537292969,0.023645730945054295,0.015428163207758817,0.017919050531784754,2024-05-01,2024-08-16,739006.0,739113.0,1.076431832558192,0.1267775841033646,0.3038232886311662,0.18713363618388532
2024-09-23,739151.467868582,0.07488057850049158,2.9313030315179054,-9.49779477584093,7.057639353861728,0.3398669652981358,0.03264944769722418,-0.33829508962742916,2024-05-08,2024-08-16,739013.0,739113.0,0.597540369474761,0.5304677454601696,0.3038232886311662,0.16189960776579643
2024-08-31,739128.3598061083,0.9531533260000229,7.110072411743634,0.44835528495333576,-0.004702187046194733,-0.0012184398919455929,-0.00039524422027104603,0.0011525527218425717,2024-05-15,2024-08-16,739020.0,739113.0,2.210816647820859,0.5173500974028181,0.3038232886311662,0.2125636850292191
2024-09-18,739146.3677366683,0.8156440895791655,7.057381262203049,0.5045455082209335,-0.007623476688967497,-0.0029755533979521323,-0.0026435218970946475,-0.0013659099544426772,2024-05-22,2024-08-16,739027.0,739113.0,1.4316744207566652,0.29610275064499414,0.3038232886311662,0.0821793405021919
2024-09-18,739146.8214099517,0.7110003047058145,12.19283719389899,0.645911811019906,-0.020115126202045634,0.0010885098331952794,0.0010371056595097666,0.0003305533360527867,2024-05-30,2024-08-16,739035.0,739113.0,2.320527548914984,1.077594626287699,0.3038232886311662,0.2792058303982591
2024-08-20,739117.8441323818,0.5178504355984289,10.734912733352237,0.5005217347663894,-0.039482033599388226,0.001991569877363286,0.001989276334524856,-0.00009555229625795312,2024-06-06,2024-08-16,739042.0,739113.0,4.699973159457723,0.9563344319515448,0.3038232886311662,0.33677006176757107
2024-09-04,739132.0492220826,0.7448812142210831,10.489268474206725,0.5039849802985261,-0.012882858059288514,-0.002460582214152685,-0.002359885632818983,-0.0006967098625820346,2024-06-13,2024-08-16,739049.0,739113.0,2.458064454704138,0.3718058011121266,0.3038232886311662,0.2477882278811348
2024-08-17,739114.7295281367,0.9688840198784299,4.406530795904745,0.3114901188153533,0.00034052232533150626,-0.004203397246933181,-0.00009945205148813936,0.0042022205683400655,2024-06-21,2024-08-16,739057.0,739113.0,2.4601786412348647,0.01781230563141665,0.3038232886311662,0.06040673815109526
2024-09-04,739132.4398135502,0.2517527441682215,11.210553991001886,0.4876294302847075,-0.06720918474008424,0.023839163101454185,0.014203139434184333,-0.01914618833060128,2024-06-28,2024-08-16,739064.0,739113.0,2.2456693355271105,0.06331181456821319,0.3038232886311662,0.15561077670852191
2024-09-13,739141.1651606101,0.11305129988347097,6.994366132492552,1.3899310521471457,-0.7126485882983992,-0.05024434969727069,-0.0502283327848353,-0.0012685669700353442,2024-02-28,2024-08-19,738943.0,739116.0,2.2972195078211453,0.22925319522677357,0.3239968834434069,0.2957567293445381
2024-08-26,739123.1142119077,0.8691579585510263,2.8358267103687846,0.4096911208949785,-0.004946130088763987,-0.0018048732839314938,-0.0005771829191811817,0.0017100957425989763,2024-03-06,2024-08-19,738950.0,739116.0,1.4405995015347353,0.8399198410974806,0.3239968834434069,0.49181498708984106
2024-11-05,739194.6719715416,0.2727208602297562,14.74094867623681,0.847487007597551,-0.1617855273638918,0.007379477206287019,0.0025858981953369785,0.006911571048716972,2024-03-13,2024-08-19,738957.0,739116.0,2.593853028570604,0.40560845301028436,0.3239968834434069,0.636133145196028
2024-09-15,739143.8019236175,0.5574791896803998,3.343952102331229,0.37900006414577136,-0.010926975367357759,0.006844037335733281,0.0065662088784134015,-0.001930219681268464,2024-03-20,2024-08-19,738964.0,739116.0,0.9934968193910652,0.26616822350613806,0.3239968834434069,0.4482814904547384
2024-10-05,739163.5668459748,0.7083037587361009,6.136581804774674,0.488833645745916,-0.009833650884298453,0.003340206944110773,0.0025700529705646002,0.002133497166151833,2024-03-27,2024-08-19,738971.0,739116.0,1.36568109321171,0.3398086498823612,0.3239968834434069,0.22922719191849755
2024-10-15,739173.6153926627,0.21759189163625275,3.7407066272858955,-0.9764685266301483,0.448892578716956,-0.07813119025689709,-0.07802834907722044,0.004007446973184295,2024-04-04,2024-08-19,738979.0,739116.0,0.7246835289371709,0.33420046031455014,0.3239968834434069,0.3240672699126339
2024-09-03,739131.6959958432,0.6856441602716191,11.075213540380991,0.400274728586893,-0.009493121399842763,-0.0021190656411631398,-0.0020644525047791044,-0.00047799063491812325,2024-04-11,2024-08-19,738986.0,739116.0,3.9274453720282403,0.2773392250885937,0.3239968834434069,0.55790722092384
2024-09-02,739130.5350724305,0.9343136880244991,7.827697388542218,0.40121931755208656,-0.0035614624408982754,0.0014430271588765982,0.0013693624530148555,-0.0004551635459135588,2024-04-18,2024-08-19,738993.0,739116.0,2.799741931881616,0.2945863010629041,0.3239968834434069,0.3552881526456731
2024-08-29,739126.7451840368,0.9051811248680703,5.825715669297944,0.4197482875685959,-0.004789929479931421,-0.00218210936607126,-0.002050110324046562,0.0007474282204557283,2024-04-25,2024-08-19,739000.0,739116.0,2.2880497910781976,0.34106630081667105,0.3239968834434069,0.18049154916782492
2024-08-20,739117.9817359167,0.5721467172303384,5.1944307622026,0.4421551060688439,-0.023331352161750408,0.009538168023032026,0.008369344313207879,-0.004575010929229086,2024-05-02,2024-08-19,739007.0,739116.0,3.327869767217019,0.26942903084702585,0.3239968834434069,0.22795153344150346
2024-08-20,739117.2487812445,0.36519033920417915,6.079737990488607,0.5212764078156866,-0.07553452223478911,-0.013828557270634471,-0.013784970934631009,0.0010970745273662138,2024-05-09,2024-08-19,739014.0,739116.0,4.272018081682298,0.32809758259045724,0.3239968834434069,0.37278305453960225
2024-09-10,739138.3652781228,0.5424247934182534,8.715680282530812,0.6427150357046916,-0.04380573267853781,-0.005010966633001055,-0.0047763059246846715,-0.001515482863932162,2024-05-16,2024-08-19,739021.0,739116.0,2.299580905565524,0.5440611051056948,0.3239968834434069,0.2666591568294304
2024-08-31,739128.0129175681,0.39070811640100744,6.02273821656034,0.6001778954144675,-0.0771773204895354,-0.01741439867485201,-0.01460914691987647,-0.009478085644271803,2024-05-23,2024-08-19,739028.0,739116.0,2.0314680805626923,0.28750119893680304,0.3239968834434069,0.2001875841329378
2024-09-11,739139.2867810316,0.3824913046207682,6.534478420281303,0.6689673739254778,-0.08438387981179059,0.0225337865206577,0.018524561796785733,0.012830126468419602,2024-05-31,2024-08-19,739036.0,739116.0,1.5492003491682191,0.2191976795879424,0.3239968834434069,0.08371775970553365
2024-09-12,739140.9561331617,0.8404930601996321,6.7100042497071435,0.41981236378245795,-0.004308116672484758,0.0035384673620813627,0.0007362445025131362,0.0034610251812193203,2024-06-07,2024-08-19,739043.0,739116.0,1.4602881106721506,0.1525048301383948,0.3239968834434069,0.058970943551779946
2024-09-08,739136.5150274339,0.45377588817761094,13.866175075669101,0.6537551895462713,-0.06461634205927244,0.0030579495763135437,0.0025589422959637325,-0.001674177391199643,2024-06-14,2024-08-19,739050.0,739116.0,3.1760404905908355,0.6915073254924977,0.3239968834434069,0.30732389218782397
2024-08-29,739126.7065388099,0.8055013671001008,14.312780432874211,0.4263491256900357,-0.007028439020798204,-0.001763243653216686,-0.00010707603173205703,-0.0017599894613427212,2024-06-24,2024-08-19,739060.0,739116.0,4.1673913589873814,0.22433075851778067,0.3239968834434069,0.23755486083158672
2024-08-25,739122.5116724607,0.8282774679559088,10.53825483967022,0.31584304679692315,0.00031166588868956267,0.004346731730741746,0.0035383656393131267,0.0025246871769717028,2024-07-01,2024-08-19,739067.0,739116.0,3.5942674344123122,0.005635514676896357,0.3239968834434069,0.11210275234883645
2024-09-08,739136.5120870637,0.2724194293071612,9.437467123296365,0.6030427777880091,-0.11613440786111123,-0.007840072221539441,-0.004096127036026914,0.0066849439596517015,2024-02-29,2024-08-20,738944.0,739117.0,3.4383102139653987,0.4275859965741022,0.31251899559872015,0.63099745873369
2024-08-21,739118.109104163,0.8958125947831765,14.36404426554247,0.3141205776902284,-0.0021383186451835175,0.00023628302289083859,0.00006424368061775614,0.0002273816536291271,2024-03-07,2024-08-20,738951.0,739117.0,11.4650504212978,0.564391330206204,0.31251899559872015,0.7002886496005132
2024-10-14,739172.3275679734,0.05922126139077856,10.984945689572083,2.8674715778493156,-1.9960785204072082,0.04502239577621648,0.037585380627772204,-0.02478619140763182,2024-03-14,2024-08-20,738958.0,739117.0,2.3676190971540554,0.23901698249051917,0.31251899559872015,0.4701713197357625
2024-11-01,739190.9143551345,0.6247330428597734,10.409530880621803,0.6290242067270039,-0.019219371794663216,-0.004759729424853468,-0.0010144706809215411,-0.00465036272083872,2024-03-21,2024-08-20,738965.0,739117.0,1.8509778783046724,0.24233728722958442,0.31251899559872015,0.20675495685587866
2024-10-11,739169.5709686042,0.7937227584343407,4.033463576024019,0.2632347696631971,0.0001372735676147673,-0.00284959675767973,-0.0018437975045674697,-0.00217269704366016,2024-03-28,2024-08-20,738972.0,739117.0,0.8498935743578458,0.009479691547137752,0.31251899559872015,0.3740468810608552
2024-08-29,739126.8466466555,0.65257209603193,10.402312560676805,0.37844812980128484,-0.00988384029872659,0.002232919711428531,0.0022325516830270587,-0.00004053912060124004,2024-04-05,2024-08-20,738980.0,739117.0,4.473802628456894,0.27768422749154986,0.31251899559872015,0.5990030040124272
2024-09-19,739147.059254256,0.012157015266454078,14.367872771768655,11.532802910392252,-10.718866971100468,-0.03147051542219567,-0.01242884615778754,0.028912231393040312,2024-04-12,2024-08-20,738987.0,739117.0,3.8242465640887593,0.2881904025602435,0.31251899559872015,0.5468688443629098
2024-09-16,739144.383304522,0.5315920574603744,12.139259513235846,0.5148522322546469,-0.028238932222439776,-0.003559270964541218,-0.003514106638850771,0.0005652117566108387,2024-04-19,2024-08-20,738994.0,739117.0,3.290725966473937,0.3474349524158271,0.31251899559872015,0.5272341412466024
2024-08-24,739121.6972316046,0.6882184762898215,6.487292279973208,0.42787546270358184,-0.013363531965392675,0.004765594151786443,0.0026890078572324085,-0.003934478918901908,2024-04-26,2024-08-20,739001.0,739117.0,3.351767128792966,0.29748636513909443,0.31251899559872015,0.31585724111700375
2024-08-28,739125.5262946242,0.9479894885166533,4.100305172931618,0.34158988668427237,-0.0014955842279429092,-0.002871815332251217,-0.0009451941656443219,0.0027118132848308538,2024-05-03,2024-08-20,739008.0,739117.0,1.7120584058624515,0.12040421967939646,0.31251899559872015,0.08209763025304587
2024-09-18,739146.7383864498,0.8338371092938761,2.23233331963852,-0.6431406843314286,0.03207001533845816,0.017693777556187586,0.004912583747128804,0.016998125930092804,2024-05-10,2024-08-20,739015.0,739117.0,0.528801659450068,0.6770188833911678,0.31251899559872015,0.17260750113837361
2024-09-24,739152.2846280818,0.9495422476687838,3.2150957705371637,-0.10166052700802669,0.007019291547911344,0.004875281397380838,0.004451858378783541,-0.0019872910403115175,2024-05-17,2024-08-20,739022.0,739117.0,0.6684183464957218,0.4252202825489489,0.31251899559872015,0.14766927782345862
2024-08-29,739126.4403042528,0.8084469275028325,13.761653052514392,0.4538700978227847,-0.009226330994516538,0.0006139657824676584,0.00021272777998581586,0.0005759347824740492,2024-05-24,2024-08-20,739029.0,739117.0,5.112560061624787,0.88280701072445,0.31251899559872015,0.30708922808686034
2024-09-15,739143.3863771962,0.812250661738622,5.05473513265774,0.37913812486143145,-0.0036168461677239722,0.003706281105817308,0.0020716356907488596,0.0030732466871622698,2024-06-03,2024-08-20,739039.0,739117.0,1.1063705456191946,0.1568134653889154,0.31251899559872015,0.0918649412454963
2024-09-06,739134.1508151037,0.07061745539506249,3.706428715598169,2.5092069420308616,-1.7212902761009536,-0.0847794755018445,-0.0002411583091490295,0.08477913250934754,2024-06-10,2024-08-20,739046.0,739117.0,0.9656625289897501,0.38682969230599984,0.31251899559872015,0.10202733283041163
2024-08-27,739124.3184804268,0.936325373667287,4.828341871045197,0.32048681295655024,-0.0004952536711453359,-0.0037045255289318954,-0.0011338817263954232,-0.003526729593412951,2024-06-17,2024-08-20,739053.0,739117.0,1.7495808576634668,0.025925306012488446,0.31251899559872015,0.05440376151535513
2024-09-16,739144.0019673967,0.9426533663973511,2.5688467297812227,0.905283303071416,-0.020702249522501864,-0.009477641600383857,-0.0021285667408952953,-0.009235523479201438,2024-06-25,2024-08-20,739061.0,739117.0,0.4591139784310223,0.8015508648456416,0.31251899559872015,0.08387549977833823
2024-09-12,739140.399785457,0.072592792036035,6.682179112755037,1.3983177992331797,-0.8234875776463435,0.07153647571416161,0.038501442594018505,0.06029184253099528,2024-07-02,2024-08-20,739068.0,739117.0,1.2012003130881819,0.1250561054281698,0.31251899559872015,0.06720194766858084
2024-10-09,739167.4837377608,0.7611562751417325,5.1028838901355416,0.5128811162145984,-0.008094680168811064,-0.0017829771461739953,-0.0004918395755823947,0.0017137973438156849,2024-03-01,2024-08-21,738945.0,739118.0,1.2208307304763637,0.6771923804529473,0.3353445229409442,0.4776154614008427
2024-09-16,739144.9274876295,0.7509595279057277,3.643621121260852,0.44789951182545124,-0.0076408163236814635,0.0019314005369546355,0.0017659126417335477,0.0007822151723881971,2024-03-08,2024-08-21,738952.0,739118.0,1.141920440186644,0.8153624988733459,0.3353445229409442,0.528902938099277
2024-11-07,739196.2495012644,0.3836918118931002,11.603903074025622,0.8253569971196726,-0.09036667480938401,-0.012961901771191707,-0.0007453340614503956,-0.012940454963519048,2024-03-15,2024-08-21,738959.0,739118.0,2.048509362979019,0.2305249915851885,0.3353445229409442,0.3058818480863895
2024-09-11,739139.379294637,0.5018341198092305,5.480877824541912,0.5742552193965289,-0.039991637337125935,-0.011350278232824399,-0.007986910672570346,0.008064618643860925,2024-03-22,2024-08-21,738966.0,739118.0,1.8257935505049805,0.32260622424882496,0.3353445229409442,0.1566534204959799
2024-09-28,739156.767615856,0.9539932019473467,5.075030105823939,0.3991811217837296,-0.0020516844143176048,-0.0011004978483795617,-0.00010822536417402357,0.0010951633598862984,2024-04-01,2024-08-21,738976.0,739118.0,1.243581607655774,0.35045157702122237,0.3353445229409442,0.27836832287496555
2024-09-10,739138.1680435333,0.9055755194900794,4.811680746753949,0.41375377461555857,-0.003538067698981446,0.0018343804684220707,0.0014634908166943168,-0.0011059594623582627,2024-04-08,2024-08-21,738983.0,739118.0,1.5625511302628134,0.36299829936034894,0.3353445229409442,0.1945295095447285
2024-10-19,739177.9295091596,0.07701655231835637,12.330517138979065,3.0326109529340606,-1.9513988467478467,0.04820305257959478,0.04781576876836003,-0.006098076342741517,2024-04-15,2024-08-21,738990.0,739118.0,2.2428945932807114,0.2528565943351578,0.3353445229409442,0.4031622840365735
2024-09-19,739147.2965013509,0.5947110158804231,6.701813031466457,0.5769156706485894,-0.02560666896593223,-0.007475241981642849,-0.0037861985658102057,0.006445459107338475,2024-04-22,2024-08-21,738997.0,739118.0,1.7440859812651388,0.3039775474558075,0.3353445229409442,0.11611971346039196
2024-10-01,739159.786214793,0.9671566253644845,12.073775878090961,0.4534811531045854,-0.0028142398095999197,-0.0006824259892020866,-0.000671462752366855,-0.00012183186332964819,2024-04-29,2024-08-21,739004.0,739118.0,2.5286697888212366,0.3303385404178584,0.3353445229409442,0.45761904723189095
2024-09-27,739155.6019602772,0.10009305400477134,7.445968160066107,2.2709881539360457,-1.3026814436329401,0.07228469407760611,0.07217338169252961,-0.004009984159262351,2024-05-06,2024-08-21,739011.0,739118.0,1.5961948582745786,0.24225605747128684,0.3353445229409442,0.09178463875946351
2024-08-30,739127.46246289,0.3829881877593534,5.656125278700389,0.5682865340250964,-0.07287134051352749,-0.019181501483724536,-0.012044486422513406,0.014928507828581425,2024-05-13,2024-08-21,739018.0,739118.0,2.2039144665510473,0.25724119495671033,0.3353445229409442,0.18891206883442407
2024-09-12,739140.7817800851,0.6226987999624173,8.387185375971486,0.5877104915619406,-0.026586865132737315,-0.00403040415538875,-0.0029211486473867962,0.0027768774253908272,2024-05-20,2024-08-21,739025.0,739118.0,2.1701467299056985,0.48975662713116014,0.3353445229409442,0.2371257927574337
2024-08-28,739125.457839419,0.15812101147138383,9.314374941862873,1.0953917918008726,-0.47562859462842966,-0.007951903030574435,-0.006355170419803401,-0.004779599433311831,2024-05-28,2024-08-21,739033.0,739118.0,3.731995267779525,1.0153896882804292,0.3353445229409442,0.4149780165439579
2024-08-30,739127.4491554239,0.45918208161906005,6.829067085385915,0.5267002396890748,-0.046609245105865366,0.012992771808949477,0.010901862932790975,0.007068345200545204,2024-06-04,2024-08-21,739040.0,739118.0,2.41845118086639,0.24120916846241253,0.3353445229409442,0.23598302079584613
2024-08-30,739127.318584356,0.05336932701574605,2.2584933549249246,4.520162491820089,-3.5670184847305415,-0.14603500821379295,-0.08938059361576561,0.11548737207546084,2024-06-11,2024-08-21,739047.0,739118.0,0.7742526372287674,0.5771933114272055,0.3353445229409442,0.12041925832740633
2024-09-04,739132.8817715024,0.2207636590675362,11.541539974839687,0.7713833491807801,-0.21302635059198846,-0.01789234323430107,-0.0008669101649794111,0.01787132936241439,2024-06-18,2024-08-21,739054.0,739118.0,3.0635944264287773,0.22773507807809235,0.3353445229409442,0.30418778828951676
2024-09-16,739144.4414946468,0.7795825781964547,11.448890464630102,0.3702835503510568,-0.0026256944773201804,-0.00347514397036466,-0.0023969826422638708,0.0025161676866710544,2024-06-26,2024-08-21,739062.0,739118.0,2.0720629546865426,0.051448191600702915,0.3353445229409442,0.12469462807191542
2024-08-26,739123.2391142404,0.25988561886049216,5.35936730775188,0.33229744310430026,-0.004972520528089406,0.03229260115803005,0.03058635337853039,-0.010357947506879267,2024-07-03,2024-08-21,739069.0,739118.0,1.99360354911864,0.007466933458693163,0.3353445229409442,0.08426348085481777
2024-08-22,739119.4652079224,0.8978728597970889,8.604656262779358,0.31255640025861997,-0.0020610423028922984,-0.000582485849869193,-0.0005071380646899782,-0.00028653228202131015,2024-03-04,2024-08-22,738948.0,739119.0,8.093111179673455,0.36921798214378587,0.30236662413470194,0.639233278052081
2024-10-25,739183.3858163634,0.8199427919177877,8.609978261470138,0.5270251043609866,-0.005870102554527416,0.0019107965377966644,0.0005764728018646636,0.0018217635734545864,2024-03-11,2024-08-22,738955.0,739119.0,1.7350218491889806,0.2925585133368158,0.30236662413470194,0.1686183893286785
2024-08-27,739124.3698210131,0.07548514655570629,8.841273649234697,1.2107260886037068,-0.7273592192318269,0.016907795631508064,0.00233945539377032,-0.01674516352793851,2024-03-18,2024-08-22,738962.0,739119.0,4.797029754896617,0.36728959717083953,0.30236662413470194,0.6310763513578747
2024-10-11,739169.7376329381,0.024491738758621658,2.8483850808183813,-12.314684542923553,11.229235490275956,0.22373138927769576,0.094231589193223,-0.20291905318684966,2024-03-25,2024-08-22,738969.0,739119.0,0.6234850106658416,0.4315629828640666,0.30236662413470194,0.43501593285640877
2024-10-04,739162.3338060583,0.6720909946492232,7.867956456206204,0.5637912967254364,-0.015379166897930393,-0.004768875797135013,-0.0037578952108174475,0.002936051762659404,2024-04-02,2024-08-22,738977.0,739119.0,1.819764065816376,0.27547546638232845,0.30236662413470194,0.14509498350545144
2024-08-25,739122.6027983254,0.23793348153737665,4.764969259787996,0.6517241238270222,-0.16766068660036298,-0.03461906702943029,-0.011632618632120752,-0.03260616484267697,2024-04-09,2024-08-22,738984.0,739119.0,2.7679699418524146,0.24183064650233668,0.30236662413470194,0.23815601042054513
2024-09-18,739146.6674673633,0.713517246592685,13.571936925565815,0.4370935694616667,-0.008955287488577652,-0.0017222416592698076,-0.000862315537919718,-0.0014908146249573238,2024-04-16,2024-08-22,738991.0,739119.0,3.7313946479627518,0.27336825758068495,0.30236662413470194,0.5365574861739166
2024-09-16,739144.4028264986,0.7822710548306158,8.109129208778864,0.47736483097790766,-0.0085610966674458,-0.002925742533889087,-0.0009849792007809693,0.0027549565057613194,2024-04-23,2024-08-22,738998.0,739119.0,2.2605017932713567,0.2822775478581807,0.30236662413470194,0.23449298956576892
2024-09-02,739130.50895893,0.5726833434366138,5.7671466475352275,0.4733461241840272,-0.02318866266467464,-0.008965434007618251,-0.008858114862579211,0.0013830430312579305,2024-04-30,2024-08-22,739005.0,739119.0,2.1930219099213013,0.2568372088044425,0.30236662413470194,0.1766234607753829
2024-09-18,739146.7358091597,0.5401108415205745,13.99341884516953,0.5613807276424158,-0.031951873416808704,0.003178178400052336,0.0025737751572332845,-0.0018645373105861966,2024-05-07,2024-08-22,739012.0,739119.0,3.520169897690524,0.38804055465757226,0.30236662413470194,0.4684681747828479
2024-09-15,739143.0566036323,0.025739795221288338,11.065223925460478,7.512434922898291,-6.541983386355761,-0.02025100600537392,-0.004299321823696166,0.019789367753568602,2024-05-14,2024-08-22,739019.0,739119.0,2.8887578857326135,0.7514631951899473,0.30236662413470194,0.41126376520954494
2024-09-08,739136.182173642,0.1839929305916568,8.8031666468776,1.2285074020999889,-0.475754646727839,-0.018193371734621787,-0.016842128170798276,-0.006880515515027788,2024-05-21,2024-08-22,739026.0,739119.0,2.6035514363713714,0.5465527187596896,0.30236662413470194,0.34524060957701874
2024-09-18,739146.9372515593,0.9805697281894432,8.811368375352526,0.47286596908020045,-0.003531831811076311,0.0010543069078181827,0.00026328379136261406,-0.0010209038647585116,2024-05-29,2024-08-22,739034.0,739119.0,1.958934486123359,0.3727932889221992,0.30236662413470194,0.18950713484073448
2024-09-02,739130.403112189,0.74963281685873,14.379305955281032,0.47354302625427075,-0.012198627689092446,0.0004324668470638612,0.00013039678865888022,-0.0004123399705544062,2024-06-05,2024-08-22,739041.0,739119.0,4.712714981872513,1.47051284522061,0.30236662413470194,0.32395221935820234
2024-09-24,739152.6384543782,0.26892871419225634,6.597485563393512,0.9065177901792719,-0.20339120148502832,-0.03266378811189516,-0.019479776780578426,0.02621948417489599,2024-06-12,2024-08-22,739048.0,739119.0,1.1916087552297876,0.2538191228702529,0.30236662413470194,0.07492323384289609
2024-09-11,739139.6743988326,0.528326403202836,13.694787135617275,0.5181530945620273,-0.029333850639340638,0.004740716814807082,0.0035896223112965035,-0.0030966122747991794,2024-06-20,2024-08-22,739056.0,739119.0,3.047151532899926,0.23871081286117246,0.30236662413470194,0.2818224552061904
2024-09-01,739129.9574974437,0.23428275436064122,6.708906078327463,0.3547739275109522,-0.017876075909678657,0.038803871574510346,0.034523510080299524,-0.017716311718485568,2024-06-27,2024-08-22,739063.0,739119.0,1.932674017012284,0.016087395573593982,0.30236662413470194,0.08765236186567152
2024-08-30,739127.2184533302,0.17570646684109506,5.818975831969537,0.2833410227490139,0.019847643098667964,-0.04273872586427414,-0.015840841934137248,0.039694664821853,2024-07-05,2024-08-22,739071.0,739119.0,1.7807995318434375,0.01402260057351734,0.30236662413470194,0.07474115779846704
2024-11-08,739197.1779397869,0.4521546222074134,5.868658526048119,0.7480443409302052,-0.05602885380797307,0.00541221660057533,0.0040279642794875175,0.0036149124878364323,2024-03-05,2024-08-23,738949.0,739120.0,1.090972577265982,0.7975991886855571,0.39555422420871045,0.548497358960348
2024-08-25,739122.1491084469,0.4190126196721585,3.5254110937175818,0.48795552992905694,-0.048857968148586686,0.012122765370032896,0.006420838495104064,-0.01028271721076966,2024-03-12,2024-08-23,738956.0,739120.0,2.4395105907170733,0.47901712366825555,0.39555422420871045,0.404163909955856
2024-11-05,739194.8270557849,0.2480810255812445,12.176891786754032,1.0773443812548251,-0.2510662212833749,0.022464997072094997,0.010574576315264093,0.019820555723841157,2024-03-19,2024-08-23,738963.0,739120.0,2.191528038903065,0.22768741262601866,0.39555422420871045,0.3821391246830751
2024-10-05,739163.7368735267,0.8338588002402652,12.480422278808586,0.3889358332749797,-0.0032088719536879653,0.0003326004203843823,0.00025729161245044045,0.0002107701729432326,2024-03-26,2024-08-23,738970.0,739120.0,2.9562600280563256,0.6446037534768856,0.39555422420871045,0.6891325244949756
2024-09-01,739129.849443788,0.21077077752505763,3.9132984363326795,0.6509204287479307,-0.17029299063615916,0.04284648647624606,0.0030786324937815907,0.042735739438172514,2024-04-03,2024-08-23,738978.0,739120.0,1.7037104158516627,0.21406663699843656,0.39555422420871045,0.1971463335113455
2024-09-07,739135.0065165357,0.5567116387764638,7.31845766200119,0.4911785221215528,-0.025476872519808326,-0.007585533753875714,-0.004762072274984003,-0.0059044889684896915,2024-04-10,2024-08-23,738985.0,739120.0,2.6815237680608663,0.25548811667277704,0.39555422420871045,0.3337435152961782
2024-09-16,739144.2657231338,0.2373896679398511,2.84558328266599,-0.13007048914038377,0.14924987510327856,-0.06340870546894996,-0.043149043803355755,-0.0464631461279166,2024-04-17,2024-08-23,738992.0,739120.0,0.83175825264068,0.19636116572589643,0.39555422420871045,0.3421662487391117
2024-09-25,739153.8641130676,0.910921717668943,5.899801064128317,0.42298601959683074,-0.0029711216454840718,0.0017598760158444254,0.0010256813194800228,-0.001430084410800344,2024-04-24,2024-08-23,738999.0,739120.0,1.427433876814088,0.26066459648285023,0.39555422420871045,0.1675167484411772
2024-08-30,739127.9460625657,0.08505804617559212,2.092412918846567,0.32806014141709244,-0.041086050374971185,0.07833773260984801,0.07792614950151124,0.00801969914149935,2024-05-01,2024-08-23,739006.0,739120.0,0.9094392390267247,0.021320206500481453,0.39555422420871045,0.42901204975935225
2024-09-06,739134.4040543087,0.7624720439529367,12.427764340384897,0.4378890507894405,-0.008748711168986486,-0.0014072709560490585,-0.0013726442611860406,0.00031025679037252325,2024-05-08,2024-08-23,739013.0,739120.0,4.216205968549495,0.3814145619090447,0.39555422420871045,0.44221212577042196
2024-10-02,739160.895109079,0.724103292131902,4.742486954776177,0.2751578977788061,-0.00022791440023068034,0.00534155438583305,0.0044596575694227725,0.0029400097993548344,2024-05-15,2024-08-23,739020.0,739120.0,0.9336794782978726,0.006514761008087306,0.39555422420871045,0.17802585933662507
2024-09-23,739151.0333898938,0.0868015211609703,9.67410403520429,2.773354701478716,-1.7552938951301775,-0.033901233157157526,-0.032488408279953154,0.00968488187904365,2024-05-22,2024-08-23,739027.0,739120.0,2.133208800902141,0.46456975137844025,0.39555422420871045,0.3020523034246591
2024-10-02,739160.0443813534,0.16570089908527622,10.916282058989989,1.745276522506746,-0.7295103134104471,-0.02696424309265083,-0.026939940761267156,0.0011445511517553016,2024-05-30,2024-08-23,739035.0,739120.0,1.978320754904923,0.4106703218310072,0.39555422420871045,0.2738574361782358
2024-08-23,739120.8643654729,0.47881463967216875,7.844403564953844,0.45222254479860946,-0.03549513073942803,-0.007331173394120536,-0.005176504545871803,-0.005191329696833884,2024-06-06,2024-08-23,739042.0,739120.0,5.634981004045438,0.2955308213434688,0.39555422420871045,0.3471473998718304
2024-09-11,739139.4602059782,0.3112076628593768,9.586756343267531,0.7117155177545638,-0.12677791808775057,0.019684549207984466,0.01567023904557859,0.01191323154211258,2024-06-13,2024-08-23,739049.0,739120.0,2.3444190068691473,0.2090724144447097,0.39555422420871045,0.23977973063952746
2024-09-09,739137.8201695231,0.4322426570356802,13.615185454492007,0.5406945664799142,-0.04685571413107211,-0.008024483711992478,-0.00026399216046210487,-0.008020140085013915,2024-06-21,2024-08-23,739057.0,739120.0,3.2761630091205958,0.18537430013407816,0.39555422420871045,0.26160065881206807
2024-08-28,739125.4197868402,0.40772899265052087,6.461131532738662,0.341221629539312,-0.005677936284704667,-0.01955758602906295,-0.009542917751080019,-0.01707137639677364,2024-06-28,2024-08-23,739064.0,739120.0,2.4964298096162554,0.018320540294932772,0.39555422420871045,0.09763531718806424
2024-09-10,739138.5039251853,0.08088858244072929,8.148660152479938,-0.04430455954579041,0.273228983099268,0.049563657199569885,0.049563635538315005,-0.000046338122037477145,2024-07-08,2024-08-23,739074.0,739120.0,1.6194944797339696,0.054722312291687135,0.39555422420871045,0.08096470455679407
2024-11-05,739194.4101130861,0.364976035049903,2.6726970422032177,0.8070238224290915,-0.08925537547850536,-0.010986953085755436,-0.009237577347551651,-0.005948134401355733,2024-03-06,2024-08-23,738950.0,739120.0,0.5058772191746113,1.10935801913622,0.39555422420871045,0.6496040063830496
2024-10-27,739185.8581451144,0.21976902336261045,2.9589523883785986,0.2926585356462402,-0.008543820938669984,0.037116671157200055,0.033057896474973196,-0.016876692757814886,2024-03-13,2024-08-23,738957.0,739120.0,0.5865924180481225,0.017096673571481657,0.39555422420871045,0.6008936789447047
2024-09-06,739134.889517454,0.45412300582865883,4.459416544247636,0.551065735125749,-0.04661029293502157,-0.012166046166053535,-0.009255589020624238,-0.007895995896392423,2024-03-20,2024-08-23,738964.0,739120.0,1.7320165470509652,0.3901466078701191,0.39555422420871045,0.2663287076424708
2024-09-10,739138.3840044632,0.11871608356688948,6.080282260996411,1.331223160651679,-0.670147873848389,0.056087012771050236,0.01587819153912755,-0.0537925276876513,2024-03-27,2024-08-23,738971.0,739120.0,2.1374804969253045,0.2332889424407202,0.39555422420871045,0.2083092277519105
2024-09-09,739137.5684297677,0.8799675849092907,5.963377486234599,0.4303049946737356,-0.004695508296440707,-0.0021690680074305116,-0.0007052562123335306,-0.002051211762793771,2024-04-04,2024-08-23,738979.0,739120.0,2.088100705745274,0.3194359688013648,0.39555422420871045,0.1650561243783662
2024-10-15,739173.113152264,0.07594658673787748,3.4703288797586778,-3.397924022530967,2.5799942117656727,-0.16355360331596155,-0.02254310041955348,0.1619925608820011,2024-04-11,2024-08-23,738986.0,739120.0,0.6955304615160931,0.34522023248670275,0.39555422420871045,0.35022498703456995
2024-10-14,739172.0250433164,0.7992646110709183,8.605093436681166,0.5817199609807411,-0.008447445167282698,0.0024321253330677746,0.002351145347934348,0.0006223738335090156,2024-04-18,2024-08-23,738993.0,739120.0,1.6924821144331812,0.3226074733956505,0.39555422420871045,0.12230747688058001
2024-09-21,739149.7150763073,0.7775310339173809,6.470615005886236,0.4862268325769504,-0.007988195743146922,0.003350507563247747,0.0008535931632345706,0.003239950561823367,2024-04-25,2024-08-23,739000.0,739120.0,1.6653175270360443,0.28649052767398325,0.39555422420871045,0.12020466721259182
2024-09-08,739136.3195188483,0.8450791962473632,7.801367775497786,0.451232985455233,-0.006432811682840274,0.002240957929845032,0.002176360311295158,-0.0005341799685074081,2024-05-02,2024-08-23,739007.0,739120.0,2.5700724159632493,0.3109523138844808,0.39555422420871045,0.27992123878557984
2024-09-21,739149.0068006351,0.7385313503481886,10.30699083792115,0.5380784176316876,-0.012571215143433614,0.002224481978375923,0.00204021685555884,-0.000886473493350399,2024-05-09,2024-08-23,739014.0,739120.0,2.522611797050932,0.4049350903687485,0.39555422420871045,0.3467390902921943
2024-09-29,739157.1231605062,0.44690240801368375,8.607098356715586,0.7797787098917909,-0.07595225727735257,0.011852404183984056,0.005375048795825632,-0.010563538014463534,2024-05-16,2024-08-23,739021.0,739120.0,1.7798880759911653,0.33272862190724406,0.39555422420871045,0.13560728592906462
2024-10-01,739159.34287265,0.8087221037568648,5.122674782104904,0.3988443739226073,-0.0038255225381724563,-0.002782278480368065,-0.0018772001615420051,0.002053580554988262,2024-05-23,2024-08-23,739028.0,739120.0,0.9828400427192,0.21706644636787467,0.39555422420871045,0.16802506231902223
2024-08-27,739124.9605962532,0.3728955412156945,13.892806923761187,0.5749733736320037,-0.08217840598837699,0.007043989041640651,0.0012924053317369434,0.006924411171879635,2024-05-31,2024-08-23,739036.0,739120.0,6.3827363797702255,0.3131383304145303,0.39555422420871045,0.3781007235513913
2024-09-30,739158.2874424985,0.40130522815922454,10.701956276390824,0.7285211919954436,-0.08242702273882792,-0.013947153977934819,-0.003666131507460545,0.013456692901832462,2024-06-07,2024-08-23,739043.0,739120.0,1.87752482409479,0.22161321961516853,0.39555422420871045,0.19675949894304703
2024-09-09,739137.7980629661,0.6789669325492463,8.58712583450933,0.4543270450011086,-0.01146865549309675,-0.005816279390552219,-0.004379347221656589,0.0038275872114337506,2024-06-14,2024-08-23,739050.0,739120.0,2.1811583086733313,0.15590787189013622,0.39555422420871045,0.16548094622701937
2024-08-27,739124.3557271163,0.7310027418378616,12.652568304684726,0.40001627162209485,-0.007772914476711778,-0.0032945247225890867,-0.0025406645804228116,-0.0020973594440476047,2024-06-24,2024-08-23,739060.0,739120.0,5.422812540924041,0.13631116632691356,0.39555422420871045,0.23596619322431564
2024-09-18,739146.1292389627,0.20523167223240796,3.2511313170075615,4.7329695307106,-2.0396872903182026,0.1817375360809115,0.060329110963118104,0.171431999320898,2024-07-01,2024-08-23,739067.0,739120.0,0.5733306790388625,0.7084820087877287,0.39555422420871045,0.06388332590795283
2024-09-02,739130.8970432616,0.510113872794128,3.212850346601228,0.6439021824763019,-0.06373232977958067,0.025423310574408872,0.022377357160680015,-0.012066424783928869,2024-07-09,2024-08-23,739075.0,739120.0,0.8360527814490948,0.3980194815005632,0.39555422420871045,0.06547430363343587
2024-10-26,739184.3455439735,0.41257163389283147,10.113326113253626,0.7646994036930647,-0.0731466111963864,-0.01219304217529454,-0.010604320776830321,0.006018193944249072,2024-03-07,2024-08-26,738951.0,739123.0,2.1504032093193235,0.24473015646070884,0.4061223542705026,0.2562860274386895
2024-10-05,739163.8807157687,0.5421811551037129,5.980920731517277,0.6099336485513267,-0.03126678108733478,0.006543085106557113,0.006418627476331549,-0.0012701118185936176,2024-03-14,2024-08-26,738958.0,739123.0,1.5388670279906007,0.43318855680987983,0.4061223542705026,0.32889629748237154
2024-09-27,739155.9734840797,0.2421130352285577,13.374563474448484,0.7722900912564009,-0.1800813143956973,0.006319443445362721,0.0017974658690901389,-0.0060584223943691735,2024-03-21,2024-08-26,738965.0,739123.0,3.7387877255650506,0.5158558694483549,0.4061223542705026,0.6518980624319135
2024-09-13,739141.9691417933,0.010069161891117952,7.581626685551012,12.267011060384519,-11.532008640281218,0.07032230661170773,0.06292713517723275,-0.03139112080791809,2024-03-28,2024-08-26,738972.0,739123.0,2.6459535490225843,0.21779242919654268,0.4061223542705026,0.3921474098669423
2024-09-17,739145.075298134,0.137271167300864,2.652795423079275,-0.20127802313783796,0.26697843305724717,-0.08698490602113583,-0.08695774674641704,0.002173512431946883,2024-04-05,2024-08-26,738980.0,739123.0,0.8494531858578901,0.1588209715499444,0.4061223542705026,0.4079638468040763
2024-09-08,739136.138282483,0.5831751347168576,12.11235123369911,0.4456564664125261,-0.017967038622256824,-0.0031965305744203645,-0.0024014761905482777,0.002109672917642429,2024-04-12,2024-08-26,738987.0,739123.0,4.68314431663204,0.2706251665461659,0.4061223542705026,0.5534008140840314
2024-09-20,739148.7478928806,0.1445580488769498,6.8627532034349406,1.4813097361967584,-0.6669552380572803,-0.05326098684902886,-0.05229033919390028,0.010121914202327572,2024-04-19,2024-08-26,738994.0,739123.0,1.95887378691288,0.2637736295738958,0.4061223542705026,0.13586834974220088
2024-09-06,739134.364139367,0.6899311551148138,8.128764336692477,0.46670008753563363,-0.013503433935705222,0.003937473073508079,0.0015681338348235623,0.0036117378754116007,2024-04-26,2024-08-26,739001.0,739123.0,3.185973533542222,0.29107697368301594,0.4061223542705026,0.3582556497325005
2024-09-29,739157.0764376599,0.9706855190814465,8.725668336063118,0.4840545069864984,-0.0032805508360262054,0.0012368745300597999,0.00110898578132019,-0.0005477309010274101,2024-05-03,2024-08-26,739008.0,739123.0,2.0495661448766747,0.29505363872256835,0.4061223542705026,0.14997983700370746
2024-09-03,739131.6699630442,0.26458179256893494,9.983720247457242,0.7618349003404062,-0.18461463427541167,-0.006525815938333353,-0.006354757852817413,0.001484360567066182,2024-05-10,2024-08-26,739015.0,739123.0,4.130472950130328,0.7497195836317452,0.4061223542705026,0.4394941539308464
2024-09-26,739154.5557401214,0.09707466082148122,13.720323066899327,2.6704897675986774,-1.6023691568517318,-0.009590865068600666,-0.0058116845517076285,0.007629483300692605,2024-05-17,2024-08-26,739022.0,739123.0,3.134089086704995,1.1820785588719671,0.4061223542705026,0.3744584904487446
2024-09-23,739151.7910916856,0.7298595789250742,7.535378252188295,0.5104323740235523,-0.010863264195337341,0.004291087578103121,0.004277357082423972,-0.0003429999889043656,2024-05-24,2024-08-26,739029.0,739123.0,1.7394762509188129,0.24520381241326134,0.4061223542705026,0.09313114746723489
2024-09-09,739137.7900915112,0.9600357145046248,14.583146004750708,0.4728278027165675,-0.004633880225908381,-0.0002508770381382095,-0.00010222203404216023,0.0002291068397522956,2024-06-03,2024-08-26,739039.0,739123.0,4.407633072735405,1.215962148746832,0.4061223542705026,0.3006862991867344
2024-09-02,739130.3282292861,0.4049049742055638,7.799359449701004,0.5357206889002519,-0.05706532982361212,-0.01603481220529194,-0.0003415992019847335,-0.01603117314622303,2024-06-10,2024-08-26,739046.0,739123.0,3.0324906465672594,0.1847577350748927,0.4061223542705026,0.23638124977003122
2024-09-10,739138.9474687732,0.1885304226451619,9.985351816139028,0.9204312623447454,-0.3049899922365441,-0.030196525200040916,-0.016982229213266992,0.024968660859260503,2024-06-17,2024-08-26,739053.0,739123.0,2.676936437617148,0.19069824165108468,0.4061223542705026,0.2550517584690229
2024-09-05,739133.5650487132,0.6788667345697895,3.268032612797767,0.5760397738885528,-0.02736882932999552,0.012376764106375653,0.012371831500332334,-0.0003493924330223734,2024-06-25,2024-08-26,739061.0,739123.0,1.0022427649946717,0.45935373718163225,0.4061223542705026,0.07710074589351726
2024-09-18,739146.6382949346,0.237375392879202,3.9013197576562564,2.581815980459132,-0.9255858466784244,-0.09467696018775254,-0.08121128613442763,-0.04866676273171868,2024-07-02,2024-08-26,739068.0,739123.0,0.7463332616139144,0.5948350473546236,0.4061223542705026,0.07021247974889923
2024-09-13,739141.814993669,0.09685175928583092,10.425948538991285,0.19126336663074067,0.1050393065212593,-0.02155502316223725,-0.021186328522463566,-0.003969698636273422,2024-07-10,2024-08-26,739076.0,739123.0,2.0778164758906126,0.0452684150328659,0.4061223542705026,0.10443798047011103
2024-09-23,739151.9936358032,0.14965443558585892,7.073628673122656,1.3892273594730908,-0.5983031343426483,-0.052150588714709574,-0.021921269438527197,-0.0473195715269516,2024-03-08,2024-08-27,738952.0,739124.0,2.2136757821447626,0.24272214304335712,0.3848732147883763,0.156377550458648
2024-10-25,739183.4212236407,0.05349289225859778,10.068005038866614,4.573083437992027,-3.360881056892982,-0.07612688363964734,-0.04679997978638839,0.060042187707295,2024-03-15,2024-08-27,738959.0,739124.0,2.129350366598343,0.2345674501615073,0.3848732147883763,0.2127197082048235
2024-10-13,739171.0922363781,0.9006897477032745,2.075473857882376,0.17202778574274546,0.003378077262352603,0.0036392052511196125,0.0021187104604584164,0.00295886478983421,2024-03-22,2024-08-27,738966.0,739124.0,0.48601970977249176,0.4028292332936016,0.3848732147883763,0.527204923855415
2024-10-31,739189.1632553344,0.05924308084927611,5.442108754467263,1.2316433691589677,-0.74152472522025,0.07648470448521442,0.03988135342550289,-0.06526398447184102,2024-04-01,2024-08-27,738976.0,739124.0,1.0265149566188119,0.10554106261143491,0.3848732147883763,0.3660518123321094
2024-09-27,739155.727142379,0.6555845574412335,12.851624521685514,0.455736756683056,-0.01133281551954208,-0.0013217328436014872,-0.00041579097477955186,0.001254629656570712,2024-04-08,2024-08-27,738983.0,739124.0,3.4660126068192403,0.43738594555574273,0.3848732147883763,0.6470284211071692
2024-09-19,739147.5129569172,0.8055689075699572,6.00056683015097,0.47738819196710874,-0.006983762264961991,0.0027147898331431205,0.0014073837787824714,-0.002321498381941548,2024-04-15,2024-08-27,738990.0,739124.0,1.816405865802254,0.3453533327938055,0.3848732147883763,0.15851986589674652
2024-08-27,739124.1358764104,0.05399412179239141,3.7875845837009288,1.0687762066932118,-0.6657625978036859,0.08928345132378061,0.0686392103673897,0.05709810400028293,2024-04-22,2024-08-27,738997.0,739124.0,4.124002750169042,0.10629982872228043,0.3848732147883763,0.2316489825366725
2024-10-07,739165.4539453026,0.9255294165487253,12.821775660363745,0.485582883590858,-0.0036360652325558972,0.0007326874995125112,0.0002495496318499402,0.0006888802168631753,2024-04-29,2024-08-27,739004.0,739124.0,2.77454159473243,0.35822421268177207,0.3848732147883763,0.48564750345429963
2024-09-20,739148.8785027,0.5748194378040338,9.01770958509029,0.5888700667077614,-0.02978313671553511,0.006277800465922107,0.0062701596798067786,0.0003096389504845682,2024-05-06,2024-08-27,739011.0,739124.0,2.457614053792252,0.3024113785771628,0.3848732147883763,0.2870133469802034
2024-10-08,739166.2371563464,0.7633395416133564,10.371036891918026,0.6117554669295363,-0.0120432637811469,0.0023645545720147624,0.00007808399562220377,0.0023632649478345816,2024-05-13,2024-08-27,739018.0,739124.0,2.0723521379603724,0.37487841731122723,0.3848732147883763,0.1716899715142094
2024-09-23,739151.0408077796,0.89641606323751,11.372877563256406,0.5379248210676675,-0.0063835848825235,-0.0008000558182731045,-0.00048317635124780025,-0.0006376754079839594,2024-05-20,2024-08-27,739025.0,739124.0,2.7861345412786407,0.6289029273025842,0.3848732147883763,0.2757459683787302
2024-09-10,739138.7047496099,0.5835872492876694,2.3126409562465784,0.5143854029231653,-0.02839926975991864,-0.008882268043502058,-0.007294778421209653,0.005067631930406142,2024-05-28,2024-08-27,739033.0,739124.0,0.7260069774701323,0.8068278486471969,0.3848732147883763,0.2271730694306863
2024-09-26,739154.1622255361,0.6446127866737005,12.546593819372406,0.65691653220233,-0.025894278773743257,-0.0019944721241939305,-0.0019920855426196708,-0.00009754099175393228,2024-06-04,2024-08-27,739040.0,739124.0,2.657870756168152,0.6670354663708057,0.3848732147883763,0.2977911355355116
2024-09-18,739146.2951171988,0.9783874629361231,9.701226244855855,0.44829132416135686,-0.0029666140227409773,-0.0013670549849065048,-0.0007377263259454223,0.0011509123336574305,2024-06-11,2024-08-27,739047.0,739124.0,2.306314295394973,0.21885642883166317,0.3848732147883763,0.16656702852764033
2024-09-23,739151.1182927206,0.09316305615848643,11.238365974940377,1.852174703131597,-1.0663584727783106,-0.0450818348529896,-0.04373971244953189,0.010918305204769307,2024-06-18,2024-08-27,739054.0,739124.0,2.2818079483033555,0.19608401749313759,0.3848732147883763,0.2362193327225818
2024-09-11,739139.336519006,0.716673069510578,9.786071387527304,0.40043012127456873,-0.005244284562426945,0.004702412224220068,0.003115986450378543,0.00352183321120573,2024-06-26,2024-08-27,739062.0,739124.0,2.5199277301313705,0.08167295275907335,0.3848732147883763,0.12516801401710173
2024-09-20,739148.2787429711,0.4268766436029544,5.340017548553662,0.8796143684046387,-0.11027127879147605,-0.02382467604010578,-0.023728705584745866,0.002136286424719492,2024-07-03,2024-08-27,739069.0,739124.0,1.0057335685693174,0.36999437028033183,0.3848732147883763,0.0716883939727344
2024-09-10,739138.9681984589,0.7486815150017966,11.750335731432992,0.29908842942466807,0.0030497270706583116,-0.001758854879170142,-0.0007886144791082627,0.001572150657323089,2024-07-11,2024-08-27,739077.0,739124.0,2.656872989926066,0.11047850835638594,0.3848732147883763,0.08162487890888351
2024-11-18,739207.1604373476,0.5865142604017551,10.067156759504126,0.7334656031504352,-0.02705760300560322,-0.005154634928121938,-0.003964063987966062,-0.00329491395054943,2024-03-11,2024-08-27,738955.0,739124.0,1.7773524449980214,0.305818076857784,0.3848732147883763,0.22888270110671907
2024-11-15,739204.254182906,0.7702691623779594,9.235070729529639,0.6096695776353105,-0.008333911531016619,0.00205278951024687,0.0016134737501814855,-0.0012691127731036666,2024-03-18,2024-08-27,738962.0,739124.0,1.6238262397314582,0.33861543568374924,0.3848732147883763,0.24523568075901875
2024-09-27,739155.2481321582,0.9456286609380706,6.819655454634293,0.466002939280061,-0.003268672680233184,-0.0013788064354453948,-0.0013614782432336571,-0.00021790864972972125,2024-03-25,2024-08-27,738969.0,739124.0,1.9375371383952409,0.3287201485562278,0.3848732147883763,0.15820494037941532
2024-09-06,739134.8423020357,0.9937409071866088,8.43095742185136,0.36294136017022993,-0.0018110433885478205,-0.0007187268533103437,-0.0006717035887563824,-0.0002557001730957275,2024-04-02,2024-08-27,738977.0,739124.0,3.5936061959130368,0.2970032868622483,0.3848732147883763,0.5748119359128674
2024-10-07,739165.9790788136,0.31583973853523944,8.732225790235606,0.9369068643243841,-0.16625080284856625,0.02411943346460645,0.021355563277203348,0.011211020817344928,2024-04-09,2024-08-27,738984.0,739124.0,2.0384140706993783,0.24930929084542736,0.3848732147883763,0.1564226459664427
2024-10-24,739182.9056575289,0.36235651779506256,5.803896618585936,0.5406090588519548,-0.05185304542141927,0.017748642570728626,0.01696176613520526,0.005226165198124189,2024-04-16,2024-08-27,738991.0,739124.0,1.0909735990382996,0.18240029414251882,0.3848732147883763,0.3321805684410035
2024-10-05,739163.0437974832,0.12524874556399837,11.120848419028578,1.7820712921071857,-0.8818531650326696,0.035300125676293516,0.011410797206613098,-0.0334049783695734,2024-04-23,2024-08-27,738998.0,739124.0,2.5514131451076945,0.2813555523327516,0.3848732147883763,0.41857900862579017
2024-10-15,739173.9058183505,0.6526440323487218,13.754956530863394,0.6112618498075052,-0.018184950022694376,0.0022278775128669577,0.002202367710530947,0.00033617656067747584,2024-04-30,2024-08-27,739005.0,739124.0,2.669043286086239,0.3872914869691098,0.3848732147883763,0.4894271019744469
2024-10-19,739177.2092157375,0.9821213172497019,13.936060591010891,0.5306854516226985,-0.0030492800386845284,0.0005645079197047099,0.0002501642112432292,0.0005060504508667017,2024-05-07,2024-08-27,739012.0,739124.0,2.512943926606456,0.3806732705371745,0.3848732147883763,0.40511505030808914
2024-10-10,739168.0797188155,0.8393840797302272,2.6086276134742166,-0.3161460742204127,0.016206062436803226,-0.009316742832438786,-0.008593603307713001,-0.0035988441471483117,2024-05-14,2024-08-27,739019.0,739124.0,0.5058842096740485,0.55970867806624,0.3848732147883763,0.28233193853690813
2024-09-04,739132.6586287706,0.42563639609794823,6.043651927007983,0.556763724354742,-0.056588704149068254,-0.016080565914159007,-0.00569678679514506,-0.015037660068317592,2024-05-21,2024-08-27,739026.0,739124.0,2.415347389002963,0.24783790751881363,0.3848732147883763,0.17568949951738871
2024-09-01,739129.6876028201,0.54791742399707,13.517413532772071,0.5158270407825442,-0.032928417762680455,0.0013996456798810052,0.00048501624875389363,0.0013129231766003146,2024-05-29,2024-08-27,739034.0,739124.0,6.0728677427505895,0.9536176184160093,0.3848732147883763,0.36046254692407137
2024-09-20,739148.857036444,0.9888887202315131,3.980510986914173,0.44425427092015063,-0.002984853356939298,-0.0011928846690099258,-0.001122613876368089,-0.00040337565388200267,2024-06-05,2024-08-27,739041.0,739124.0,0.9297926664845844,0.6216316792075098,0.3848732147883763,0.17707824732598415
2024-09-08,739136.0308228971,0.43990049250019847,6.9354241863347035,0.505356654048857,-0.03948729644743211,-0.01712778562987054,-0.0021332327489906083,0.016994421397077162,2024-06-12,2024-08-27,739048.0,739124.0,2.1968134219423323,0.14623037745014628,0.3848732147883763,0.13118799569506617
2024-09-21,739149.4086072809,0.6738268865927092,12.468248241743375,0.5103500479590504,-0.013696906863333233,-0.0038309920897114757,-0.0005238380676993235,0.003795009100155221,2024-06-20,2024-08-27,739056.0,739124.0,2.5834597598070537,0.19322091877017944,0.3848732147883763,0.2202593332522279
2024-09-14,739142.8095078082,0.4781624351707635,13.155254478746643,0.45178969690919596,-0.02118706030703593,-0.009392187190842137,-0.009070609894581456,0.002436640385477532,2024-06-27,2024-08-27,739063.0,739124.0,3.0260174500522243,0.08199363948816153,0.3848732147883763,0.16861401933395198
2024-09-08,739136.9160386114,0.2550384669474191,11.038439071917898,0.40787405563228135,-0.02928039138189024,0.01995015622883289,0.007331985948836896,-0.018553994599570686,2024-07-05,2024-08-27,739071.0,739124.0,2.8634653995615227,0.03391006332786629,0.3848732147883763,0.13029970261685492
2024-09-07,739135.3813302753,0.5241947261415237,5.878066071770381,0.347870052804279,-0.0022437929225510773,-0.009168649411815478,-0.007896549563607556,-0.004659252839916891,2024-07-12,2024-08-27,739078.0,739124.0,1.5134377912833452,0.021824062215143488,0.3848732147883763,0.0431753261488823
2024-09-05,739133.4520451636,0.5692260187843957,5.341624761742173,0.4936961203476144,-0.02472348954883349,0.00855391022469158,0.002453171945379425,0.008194591358846794,2024-03-12,2024-08-28,738956.0,739125.0,2.588092587765583,0.3080040641279119,0.37407688859815336,0.17970424958692646
2024-08-31,739128.4385623771,0.13682250292265777,5.145693562283311,0.958881458852247,-0.42617147270162864,0.04767599064316736,0.0474063169691753,0.005063713580512195,2024-03-19,2024-08-28,738963.0,739125.0,3.1722895250848206,0.2376830768319929,0.37407688859815336,0.2921572469319307
2024-09-17,739145.1400620026,0.22133646715620375,3.5274999823948927,0.628043576292779,-0.1421258877655964,0.0311176025577073,0.027084596349266687,0.015320895193712462,2024-03-26,2024-08-28,738970.0,739125.0,1.2142792708547197,0.2865847088972641,0.37407688859815336,0.42261558499397167
2024-09-15,739143.6832350738,0.6005075447109239,5.8344944871893025,0.5125897310025492,-0.020696180476943105,-0.006976889872103224,-0.002814972069598077,-0.006383801730539513,2024-04-03,2024-08-28,738978.0,739125.0,2.026599332977213,0.3053117857722656,0.37407688859815336,0.15527180871898816
2024-09-09,739137.6374457408,0.6882053081411384,12.065727222579607,0.4190416953257041,-0.009637374831340358,-0.0018729086135210956,-0.0015133832364005234,0.0011033847263685456,2024-04-10,2024-08-28,738985.0,739125.0,4.784287842027089,0.2934990358125546,0.37407688859815336,0.5885662528943894
2024-09-03,739131.9215546688,0.6925319988936977,7.836474950890991,0.44110213835938394,-0.01205507416418122,0.0038652602844351635,0.00378735481369022,-0.0007721273092238871,2024-04-17,2024-08-28,738992.0,739125.0,3.7496751444836556,0.2756196884726547,0.37407688859815336,0.38042753590738326
2024-10-03,739161.5750032003,0.7859858512319484,5.389058180187581,0.4294033534567117,-0.004742912342774737,-0.002861254537048275,-0.0027612066525381997,-0.0007500102317689599,2024-04-24,2024-08-28,738999.0,739125.0,1.2794878302734207,0.24176334722350057,0.37407688859815336,0.27348747594420064
2024-09-06,739134.519335145,0.7894214691142818,14.275665788370315,0.4283917622577052,-0.007251245136448598,0.0019170257355617475,0.0014792910683161143,-0.0012192971770680961,2024-05-01,2024-08-28,739006.0,739125.0,5.91356922448908,0.209168944679985,0.37407688859815336,0.44508599589243447
2024-10-05,739163.1389158623,0.2298840277995285,2.3718950227210063,-1.8822047304312537,0.7967778734437689,-0.14524735976202607,-0.1126803409193487,0.0916511663217593,2024-05-08,2024-08-28,739013.0,739125.0,0.5172963676612929,0.5316702411794165,0.37407688859815336,0.3711711595431362
2024-09-30,739158.2356671155,0.04706686780444659,7.242657748615662,4.392517279062395,-3.370681642374355,0.08018127660717808,0.05994427213154439,-0.05325149159390893,2024-05-15,2024-08-28,739020.0,739125.0,1.6429920279399344,0.27318830526083276,0.37407688859815336,0.10242667347692087
2024-10-13,739171.9488913864,0.26925013829018823,10.845658704988447,1.251193163838034,-0.29918963379179037,-0.02103501803686146,-0.008299692330602569,-0.01932840115033894,2024-05-22,2024-08-28,739027.0,739125.0,1.9459151500930711,0.35310482716574376,0.37407688859815336,0.19102840714412903
2024-09-04,739132.9329838146,0.8661204360463042,12.15628510381761,0.4617832783568174,-0.007092378790120423,-0.0003554196061073626,-0.00026170269392642267,-0.0002404886616810986,2024-05-30,2024-08-28,739035.0,739125.0,4.8624754420387974,1.4217654288861064,0.37407688859815336,0.31578087527973164
2024-09-26,739154.6730804711,0.9925854936690626,8.244333240087103,0.4228727083083098,-0.0020141499479233147,-0.0014808130773212782,-0.001480812962111993,-5.841291116114011e-7,2024-06-06,2024-08-28,739042.0,739125.0,1.7507049989459829,0.16375853495932677,0.37407688859815336,0.07340728838900355
2024-09-30,739158.4896741317,0.5385188860531559,4.246865971477307,1.003041834750808,-0.07932087893284877,0.014009393579091247,0.012909538112858273,-0.0054412254287561634,2024-06-13,2024-08-28,739049.0,739125.0,0.8006779730934942,0.717960522559348,0.37407688859815336,0.14233572859041657
2024-09-13,739141.0820611293,0.6958668533731139,12.552483750012403,0.46342805739187176,-0.010834258234399997,0.003429729686890392,0.002968983075596704,0.0017170280201434117,2024-06-21,2024-08-28,739057.0,739125.0,3.304521803865658,0.17512000958801402,0.37407688859815336,0.22790579207768855
2024-09-20,739148.8423445735,0.87954733863435,9.68039830788263,0.3747031287107748,-0.0015183919331649,-0.002358466581888317,-0.00032293599185808026,0.0023362527609500226,2024-06-28,2024-08-28,739064.0,739125.0,1.9556378951119207,0.05849518955238612,0.37407688859815336,0.08376647319633092
2024-09-04,739132.028125403,0.13970559890993164,14.834382893998578,0.3878893156188275,-0.032841908169002315,0.023310796948791727,0.020426017306370198,0.011232589700850951,2024-07-08,2024-08-28,739074.0,739125.0,4.984016302257082,0.013268309332308506,0.37407688859815336,0.13800333819798216
2024-09-14,739142.4575419456,0.4516638042292279,14.452262479573028,0.2528283992000522,0.019423470783615067,-0.0008514564079844447,-0.0006568483061781393,-0.0005417825369727992,2024-07-15,2024-08-28,739081.0,739125.0,2.894909590404524,0.7129250355675847,0.37407688859815336,0.08215351267122177
2024-11-20,739209.3065233428,0.1703896434139123,6.005461594111824,1.4059308818676801,-0.4999055097342761,-0.023264226068538542,-0.015097901974066628,0.017699648882097723,2024-03-13,2024-08-29,738957.0,739126.0,1.059137823286455,0.6096718092671891,0.4178795112565464,0.5378372341419759
2024-09-18,739146.3598598692,0.3497953722233978,9.486920184085502,0.5880363097841953,-0.07542111313382734,-0.007457608216354502,-0.007277071602940294,0.0016309963808415287,2024-03-20,2024-08-29,738964.0,739126.0,3.310308548404735,0.372891244717476,0.4178795112565464,0.6081059878372279
2024-09-14,739142.001909365,0.4375395424259122,6.259351427715342,0.5791915662530368,-0.053642143402481385,0.014462339685654935,0.014226038420037465,-0.0026036704966042883,2024-03-27,2024-08-29,738971.0,739126.0,2.35998051863115,0.25927195223908994,0.4178795112565464,0.16614652842251715
2024-09-15,739143.0389561987,0.8389425785779034,10.246096481184619,0.3949527131597963,-0.003968976983458162,0.0008877227427027959,0.0008303282934408994,0.00031401686741845274,2024-04-04,2024-08-29,738979.0,739126.0,3.6929242266692537,0.3660791797071954,0.4178795112565464,0.6467706638670305
2024-10-26,739184.9203909861,0.3561731529807813,4.50882369578623,0.22131507450556107,0.008986024151700184,0.02413753008900168,0.02113968260505022,0.011650501197596546,2024-04-11,2024-08-29,738986.0,739126.0,0.873118378709988,0.029408486914496535,0.4178795112565464,0.3833641830686504
2024-09-22,739150.9063909809,0.12921864180407264,12.025769096437795,1.4005334610415494,-0.6624401133443373,-0.013159260593093325,-0.012262525213294547,0.004774580060094751,2024-04-18,2024-08-29,738993.0,739126.0,3.53485163922518,0.540913034138224,0.4178795112565464,0.557805277275704
2024-10-19,739177.5894434797,0.1418024985295592,9.782143495683737,2.108533141300818,-0.9675631080152566,0.052435543837639896,0.05240230420703047,0.001866754226697141,2024-04-25,2024-08-29,739000.0,739126.0,1.9245442728501219,0.26748742997438063,0.4178795112565464,0.12970467511401595
2024-09-30,739158.6813625274,0.6899402093964039,9.040686964826218,0.557836636575432,-0.014988088302030637,0.004165839448812897,0.0017286649144754296,0.0037902421989560757,2024-05-02,2024-08-29,739007.0,739126.0,2.208632471013187,0.27457041427793377,0.4178795112565464,0.17872693700189027
2024-09-13,739141.4762685379,0.36928535998130246,7.187795870828768,0.6862242064533918,-0.09609955235283948,-0.01766944407583385,-0.014427817128790637,-0.01020036013321076,2024-05-09,2024-08-29,739014.0,739126.0,2.4122076385579234,0.27942472664684975,0.4178795112565464,0.20842282225444206
2024-10-04,739162.2253132083,0.12770091962699562,7.737148744942781,1.8967072362486188,-0.9353269600971261,-0.054849249690690494,-0.014506457259702671,0.0528961519338045,2024-05-16,2024-08-29,739021.0,739126.0,1.6754483672150184,0.2814529729190454,0.4178795112565464,0.10015815084029847
2024-09-02,739130.2559708852,0.9787572414922878,14.010428678511188,0.4241828138637197,-0.0037821758876746,-0.00020618889794974586,-0.00018412031795655563,0.00009280932147854313,2024-05-23,2024-08-29,739028.0,739126.0,7.088974795424929,1.281445111932231,0.4178795112565464,0.31158739102945543
2024-08-30,739127.0579848187,0.9082364725646694,12.841439053858071,0.42579651535404145,-0.005522257650841639,-0.00024213983560305788,-9.586297248855307e-6,-0.00024195000080787883,2024-05-31,2024-08-29,739036.0,739126.0,9.105299969673037,1.6130048214405754,0.4178795112565464,0.3141746342643427
2024-09-24,739152.8480623268,0.08179708615138616,4.3958630780967525,3.7387819721926956,-2.4850994411208482,0.07585051478833944,0.07227552926181806,-0.023011920032456702,2024-06-07,2024-08-29,739043.0,739126.0,0.9857024746205791,0.609647666142584,0.4178795112565464,0.14387652598571837
2024-09-27,739155.9958627364,0.6878440199247146,4.859823204662728,0.7154040278918533,-0.025867784259142677,-0.006305427753580191,-0.0018312353157899479,0.006033655307839771,2024-06-14,2024-08-29,739050.0,739126.0,0.9763761271144983,0.5806496542346309,0.4178795112565464,0.12033681688206763
2024-09-16,739144.7294443,0.5609649979345709,9.234218153665768,0.4777348470116092,-0.018044763303875527,0.008491732881376729,0.007380240087344723,-0.004200188517412603,2024-06-24,2024-08-29,739060.0,739126.0,2.218272617215714,0.1290893751967439,0.4178795112565464,0.12985318320842246
2024-09-14,739142.2611892076,0.4724157859842234,6.23971951884081,0.45825805720569757,-0.02518909814753144,0.01506711522354787,0.013117295661135809,-0.0074131313018194695,2024-07-01,2024-08-29,739067.0,739126.0,1.5215840175123385,0.12657322397825882,0.4178795112565464,0.06928548003199364
2024-09-04,739132.7811667878,0.10238070652634115,12.825273429027561,0.5389406587714433,-0.13862078992036467,0.018649491615255497,0.011483904575003272,-0.014694334732123943,2024-07-09,2024-08-29,739075.0,739126.0,4.373311114714998,0.05933526158045221,0.4178795112565464,0.13632455230915508
2024-09-03,739131.2026849085,0.5808806159751313,5.097385633287354,0.38300831798403245,-0.00691331234267595,0.008062421876401951,0.007649767839363194,0.0025463107659767937,2024-07-16,2024-08-29,739082.0,739126.0,1.822749091413024,0.09771473374463306,0.4178795112565464,0.04715468362390186
2024-11-12,739201.5454683779,0.9752026015697184,6.210617612834882,0.509241586566915,-0.0021739831078972107,-0.0005215602814142194,-0.0004280624686091033,0.00029797256604788334,2024-03-14,2024-08-30,738958.0,739127.0,1.170221003547093,0.6545031104904457,0.443521941869884,0.4804479250919877
2024-10-18,739176.6139826349,0.8740180578932835,6.949806649556954,0.5237929411364716,-0.004584047137044096,0.001378982641100109,0.0005983021973247597,-0.0012424281086371946,2024-03-21,2024-08-30,738965.0,739127.0,1.6043824962430975,0.4180593672182391,0.443521941869884,0.2980749845878005
2024-10-19,739177.1462864929,0.13914280261764936,9.267052643751223,1.8903088200395828,-0.8611341805291038,-0.05325207736431078,-0.032761378100862916,-0.04198185141875999,2024-03-28,2024-08-30,738972.0,739127.0,2.077804037562161,0.24280263190596815,0.443521941869884,0.1780368510020305
2024-11-03,739192.2638719877,0.5560282262543735,11.18411305246182,0.7355363593196443,-0.03399406263258951,-0.006857790533632074,-0.0031754672492349326,0.006078297356349886,2024-04-05,2024-08-30,738980.0,739127.0,2.0993250845735645,0.2464416709451338,0.443521941869884,0.2131044431038222
2024-09-15,739143.3744647187,0.9086936739307083,8.592423318428938,0.43319806346513073,-0.0038752119007767634,-0.0014538047375585602,-0.00048434023620472336,-0.001370752621934704,2024-04-12,2024-08-30,738987.0,739127.0,3.0858655189838045,0.2818974939220185,0.443521941869884,0.3740550781068587
2024-08-31,739128.8406765522,0.07991602352217789,4.995731613736129,1.3097680403881216,-0.7843642681866326,0.06337818773441863,0.060316426446342115,-0.019460816561547814,2024-04-19,2024-08-30,738994.0,739127.0,3.4141083272567014,0.1979760941546657,0.443521941869884,0.26151867620354236
2024-10-17,739175.7390599869,0.6756365676886741,4.943044290079042,0.35881047597537585,-0.0035701877919263173,-0.005106210050822797,-0.0020763711126036513,0.004664982753008722,2024-04-26,2024-08-30,739001.0,739127.0,1.0044814800042452,0.09556767702382814,0.443521941869884,0.3510703210283966
2024-09-05,739133.0136087725,0.32410393340904414,13.984707208273727,0.622335548844639,-0.10444632807055404,-0.011825987837273521,-0.007661873154885417,-0.00900831216631548,2024-05-03,2024-08-30,739008.0,739127.0,6.753765728973966,0.20468530860687917,0.443521941869884,0.47305269261003985
2024-09-20,739148.6771502245,0.5885200138513164,14.041101242644928,0.5781827188696936,-0.0272061441398025,0.0014542023504778405,0.0012266259510628214,-0.0007810846639862448,2024-05-10,2024-08-30,739015.0,739127.0,4.065316028040867,0.784155545445026,0.443521941869884,0.4154534335293489
2024-10-10,739168.369310427,0.8314343557416681,14.360358790333906,0.6198954246909765,-0.008972032971928516,0.0007480829551885845,0.00023777277550564554,0.0007092899372414834,2024-05-17,2024-08-30,739022.0,739127.0,2.887971170688758,0.6943905095616304,0.443521941869884,0.30652264089005077
2024-09-09,739137.0568053238,0.48488525641695623,11.12881878881499,0.6090086532553308,-0.05298467559388471,0.0017276791115214273,0.0015585101189620773,0.0007456013153691993,2024-05-24,2024-08-30,739029.0,739127.0,4.20556606893289,1.3362173465266045,0.443521941869884,0.35934756158401027
2024-09-14,739142.560416761,0.4620944335612146,11.050153656949824,0.6689663626491514,-0.06415538303273868,0.0036169738079497014,0.000654215807504118,0.003557316573571421,2024-06-03,2024-08-30,739039.0,739127.0,3.3334582872857506,0.7417373669066873,0.443521941869884,0.3411996761557603
2024-09-16,739144.257530103,0.8951959062779773,6.33510205333507,0.4016442574268262,-0.002806437457941015,0.0026580671426518084,0.0026492014025186594,0.00021691672074396846,2024-06-10,2024-08-30,739046.0,739127.0,1.7537151718752415,0.14919487104439835,0.443521941869884,0.06990402926087806
2024-09-19,739147.6592281754,0.6538224934823768,4.86147450246208,0.5958076717666186,-0.023361376684141302,0.00759247557050908,0.00388854465446265,0.006521112309953504,2024-06-17,2024-08-30,739053.0,739127.0,1.1777073830439424,0.4138156147958221,0.443521941869884,0.09496905404701601
2024-08-30,739127.755050147,0.4335481462915568,7.035801301844315,0.4311366231273612,-0.025249758357775834,0.016843236059334542,0.013468146096139954,0.010114526270839261,2024-06-25,2024-08-30,739061.0,739127.0,5.018866606755709,0.09237521421082333,0.443521941869884,0.1289379571054249
2024-09-12,739140.9275976046,0.699557854106554,4.060940363075918,0.5736813067859998,-0.021433110537838695,-0.008953301794884487,-0.008351575674356933,-0.0032268865467771413,2024-07-02,2024-08-30,739068.0,739127.0,1.0700419482521601,0.41238133967358165,0.443521941869884,0.08536692584447995
2024-09-18,739146.3398472946,0.1595801173019409,11.643822199839716,0.46344597554849803,-0.0645978429953092,-0.019563196254254032,-0.019547881560323666,0.0007739342258984126,2024-07-10,2024-08-30,739076.0,739127.0,2.392761507230428,0.04525446340143069,0.443521941869884,0.11624922701110066
2024-09-18,739146.5783157779,0.2908141011685866,10.818259638721935,0.43999089551407206,-0.031678465544735586,0.009346042652152524,0.008888062336819658,-0.002889785658602044,2024-07-17,2024-08-30,739083.0,739127.0,2.0279977214058973,0.09111595657145319,0.443521941869884,0.0717798863007481
2024-11-22,739211.1891644115,0.8783255745940708,4.723222955331401,0.5174420378837875,-0.0031630649207120666,-0.000801655220339447,-0.00017587764981599852,0.0007821241235204862,2024-03-15,2024-09-03,738959.0,739131.0,0.8613189601339718,0.7337321730877225,0.3902279799260363,0.5592242074080237
2024-11-08,739197.9466207491,0.8893824581215151,14.630009710276635,0.4503273414528987,-0.00259525269100303,0.00037165476025747987,0.0001110676875560327,0.0003546705930902651,2024-03-22,2024-09-03,738966.0,739131.0,2.893344672336551,0.4245060608589305,0.3902279799260363,0.6982173299852843
2024-09-17,739145.2133797982,0.5266024268273769,4.152876909496356,0.4859681203569701,-0.022952343486765166,-0.008620828293220086,-0.008590442153335947,-0.0007231763763929127,2024-04-01,2024-09-03,738976.0,739131.0,1.6371599899507756,0.3376073063463292,0.3902279799260363,0.3455780565447001
2024-10-04,739162.5334336945,0.704330953964008,12.168927802014325,0.4775674738626778,-0.009350946995676465,0.0011672914839635372,0.0002356624213135771,-0.0011432552784546503,2024-04-08,2024-09-03,738983.0,739131.0,3.3686059329109845,0.4636611829542289,0.3902279799260363,0.6606274729454368
2024-09-22,739150.3202211277,0.7913633133736715,11.889710120174872,0.4460070474820966,-0.0062198413880014255,-0.001104302566985073,-0.0007741388844487967,0.0007875234263399371,2024-04-15,2024-09-03,738990.0,739131.0,4.004159379661479,0.3748831106668303,0.3902279799260363,0.5826582149644434
2024-10-12,739170.8283655124,0.20680480008638275,13.162572931695244,1.2560197766974173,-0.3927317923033094,-0.013297229559236616,-0.013104133642928915,-0.0022578740928790855,2024-04-22,2024-09-03,738997.0,739131.0,3.0867953281796896,0.46403925138040675,0.3902279799260363,0.5388935407566119
2024-09-17,739145.2667678806,0.20801193936308998,10.840591231878967,0.9557170864969305,-0.29698275218727677,-0.012973689099292553,-0.008391882813192305,0.009894084682008237,2024-04-29,2024-09-03,739004.0,739131.0,3.9557021453779773,0.4392411659347025,0.3902279799260363,0.526891545869588
2024-10-25,739183.1748724662,0.03518286463298526,3.766015909287451,-4.043661994625006,3.6673758688456135,-0.1556642661124794,-0.1555552748903961,-0.005824104919222517,2024-05-06,2024-09-03,739011.0,739131.0,0.7156056242527493,0.22009771891542254,0.3902279799260363,0.4115342891824941
2024-10-20,739178.0107047744,0.27963634801865395,9.20792144862969,1.188279992374616,-0.2578014189279073,-0.026105269238201893,-0.02204311369994149,-0.01398521434982181,2024-05-13,2024-09-03,739018.0,739131.0,1.7950233299027467,0.29990875409390616,0.3902279799260363,0.10759270173767836
2024-09-30,739158.6578400206,0.5078948453859785,10.25529766035263,0.7449510410105649,-0.05508217798024617,0.006079738970883323,0.006060052277339411,0.0004888684383255111,2024-05-20,2024-09-03,739025.0,739131.0,2.571295793739786,0.44869549125494856,0.3902279799260363,0.236779297177241
2024-10-03,739161.5124440879,0.8269376136206124,3.067331964656685,0.5314899679414049,-0.008090921597491524,0.0018734629407797982,0.00179611118882927,0.0005327738618190616,2024-05-28,2024-09-03,739033.0,739131.0,0.7019511970704517,1.1642998785407914,0.3902279799260363,0.25270030219058504
2024-09-04,739132.3374880196,0.702364583331709,2.1497693331283205,0.48300904498730374,-0.018580265649774615,-0.007921875698757614,-0.0018270341855285458,0.007708311142622392,2024-06-04,2024-09-03,739040.0,739131.0,1.4488727049720425,0.7662926080823359,0.3902279799260363,0.1903503030581177
2024-09-25,739153.9596524133,0.36918627933858567,11.575757213099564,0.7927685908653033,-0.11013397195976886,0.01206173221054763,0.004401770687669512,-0.011229861919548957,2024-06-11,2024-09-03,739047.0,739131.0,2.8348314013089047,0.29121099140898826,0.3902279799260363,0.2585621602006844
2024-10-07,739165.3800711634,0.7055867706533449,6.074167627469702,0.7427734988647658,-0.022796483967136662,0.005245680388257021,0.0006808409133753702,0.005201309295400394,2024-06-18,2024-09-03,739054.0,739131.0,1.1363678859160655,0.5048120334594951,0.3902279799260363,0.10569416184339751
2024-09-23,739151.2756787424,0.8394261601484785,7.312605378319373,0.4332938679387689,-0.004240774599669047,0.0030220049544403644,0.0007853771796850473,-0.00291816665567477,2024-06-26,2024-09-03,739062.0,739131.0,1.7251641893402243,0.16108695790645208,0.3902279799260363,0.06362306247972896
2024-09-27,739155.3144182742,0.1221247748193313,11.306747082422907,0.8879454940275712,-0.3398242462258027,-0.03196195923749065,-0.03192780712028679,0.0014771495485488108,2024-07-03,2024-09-03,739069.0,739131.0,2.279866660920071,0.11483838261132027,0.3902279799260363,0.13771719603042906
2024-09-17,739145.2621017025,0.7162175412194952,2.2645584454472822,0.6477674685086214,-0.020733659733798815,-0.010163570194169294,-0.007376949982241404,-0.0069913352123407,2024-07-11,2024-09-03,739077.0,739131.0,0.5643204555346525,0.6451951521312128,0.3902279799260363,0.07260333307440028
2024-09-08,739136.4863703587,0.8920636495671312,2.7877029191656955,0.41468508730447234,-0.002658949521432192,0.004133943070540556,0.0031970777572550143,-0.0026207211077364807,2024-07-18,2024-09-03,739084.0,739131.0,1.0019491556072793,0.20582349759121502,0.3902279799260363,0.01797422791319295
2024-11-11,739200.5489496376,0.5397983797431408,4.2775012331296445,0.517286902478954,-0.017848009860594632,0.005144910059868513,0.0047879924071839485,-0.0018828776468175215,2024-03-18,2024-09-04,738962.0,739132.0,0.8489574789995084,0.43777750658217235,0.3808382395761974,0.5516099511862512
2024-09-17,739145.7120054131,0.5053505161807984,9.689403052483705,0.48781983400112283,-0.026970480274975745,-0.003652514077923075,-0.0023378986198970735,-0.0028062589211456613,2024-03-25,2024-09-04,738969.0,739132.0,3.942034351239241,0.3851168082096952,0.3808382395761974,0.6337429840288616
2024-09-21,739149.2685036691,0.10760404841540464,9.665267861642597,1.437598085109721,-0.7484983788554097,-0.02302532893906837,-0.018883270415938902,-0.013175274993366399,2024-04-02,2024-09-04,738977.0,739132.0,3.5382944934802683,0.36190929517306397,0.3808382395761974,0.5911583745892761
2024-11-16,739205.7560159547,0.011765757102987221,8.094736220506741,20.1524770219041,-18.788190791559007,0.07350716093391577,0.07330416931854948,0.005459072181426222,2024-04-09,2024-09-04,738984.0,739132.0,1.4181992291220615,0.37151169496712033,0.3808382395761974,0.3610497775125149
2024-10-25,739183.1989374001,0.2821617350508903,5.077415460009415,0.6163194665446481,-0.09386420052544862,-0.024600126759573498,-0.024360020770855948,0.003428647638727403,2024-04-16,2024-09-04,738991.0,739132.0,1.0689589333637277,0.2120401274911579,0.3808382395761974,0.4053847427035384
2024-10-26,739184.2562913293,0.5669053824926243,2.5626406249418676,-0.7449408952987956,0.0814155366910553,-0.031550543697857494,-0.026218896741109013,-0.017550107159487044,2024-04-23,2024-09-04,738998.0,739132.0,0.5183711984395635,0.5708517229913677,0.3808382395761974,0.40309904870898683
2024-09-04,739132.745469864,0.6723537879950124,5.2627604630668765,0.43745295386046407,-0.011941835595997008,0.006441866495397711,0.003280517974313412,0.005543991861892857,2024-04-30,2024-09-04,739005.0,739132.0,4.308401306782356,0.23683376577939277,0.3808382395761974,0.1368758594416472
2024-10-22,739180.2655111619,0.9314443971566486,4.033292599221911,0.18859257039664956,0.0017149128837779496,-0.0023614802026624446,-0.0013463455965268393,-0.001940088215076688,2024-05-07,2024-09-04,739012.0,739132.0,0.8016443940273286,0.16770845546921567,0.3808382395761974,0.3493586686195061
2024-09-07,739135.1216871414,0.014009670989942883,14.98532628916416,8.200637759801522,-7.538752899720334,-0.02141996797058142,-0.012581637121245128,0.017335438708323492,2024-05-14,2024-09-04,739019.0,739132.0,8.624751500453963,0.3290352477040046,0.3808382395761974,0.4974033777265229
2024-09-08,739136.3252757054,0.9206959692188119,11.503352252736896,0.45338495004765017,-0.005079136373808974,-0.0003191792882503788,-0.0003087333352587089,0.00008098855319149754,2024-05-21,2024-09-04,739026.0,739132.0,5.929932577815897,1.2736408934556147,0.3808382395761974,0.32265186125434525
2024-09-20,739148.3350245834,0.8197253822017034,9.19913743645173,0.5166935802497535,-0.008376669130761877,0.0018651753630328338,0.0016127052745890528,0.000937049002015002,2024-05-29,2024-09-04,739034.0,739132.0,2.8488541426592255,0.40019620590147176,0.3808382395761974,0.22487025233393662
2024-09-10,739138.4746432011,0.2861666250196849,6.097756560311371,0.6003550292133338,-0.10487728608173559,0.03263980254804168,0.005290813006751213,-0.032208135743981514,2024-06-05,2024-09-04,739041.0,739132.0,2.6316713849653155,0.1507935679203596,0.3808382395761974,0.13288999433556659
2024-09-10,739138.296853869,0.0760651758643636,6.795440093035033,1.485751831873424,-0.8967648034375719,0.06085878419479734,0.009924906286542207,0.060044049237807644,2024-06-12,2024-09-04,739048.0,739132.0,2.88016552393194,0.16493908010024677,0.3808382395761974,0.19828735706916503
2024-10-06,739164.6175725955,0.1387672078079876,12.374971831048033,1.4419272107392656,-0.6318368968482782,-0.04008623242096461,-0.03866995665519128,-0.010561272744949921,2024-06-20,2024-09-04,739056.0,739132.0,2.369318736144647,0.1767471314139696,0.3808382395761974,0.19011824835585622
2024-09-22,739150.6863900309,0.7802558188682736,13.63440349313475,0.43538690851851236,-0.004915562530743061,0.0025589107188737446,0.0025153721917990047,0.00047002851391294865,2024-06-27,2024-09-04,739063.0,739132.0,3.354730878217184,0.10993069294371771,0.3808382395761974,0.15578232572260653
2024-09-18,739146.039627213,0.9010492617813077,7.677315172471981,0.4105847502479385,-0.0027921001310866793,0.002612248227815945,0.0022519982783507078,-0.001323761518564803,2024-07-05,2024-09-04,739071.0,739132.0,2.0480372248020235,0.12544568033534947,0.3808382395761974,0.07150862929157781
2024-09-28,739156.1180174582,0.45523821589614377,7.074495094010903,0.441630726304063,-0.016857975590193724,0.011210144526694294,0.0038572838054944524,-0.010525621214600316,2024-07-12,2024-09-04,739078.0,739132.0,1.323275009620182,0.0967692715418024,0.3808382395761974,0.026757405214210248
2024-09-19,739147.1266207491,0.018886620080859066,9.765702488469131,2.403422231355149,-1.9232019589589107,0.02473353949802607,0.0106525254196368,0.022321999871974006,2024-07-19,2024-09-04,739085.0,739132.0,2.195731478592238,0.1503797563820142,0.3808382395761974,0.06371440031286764
2024-09-13,739141.979879445,0.5437505010775728,8.245272919248745,0.474622014144953,-0.022476334349740876,-0.0053733647988242995,-0.005312775381287432,0.0008046533472435723,2024-03-19,2024-09-05,738963.0,739133.0,3.9267061594311654,0.27585051095782315,0.3617900446055028,0.5089658059360956
2024-11-01,739190.3650695073,0.45444566742630743,9.97259423104759,0.8043710331509464,-0.06335223280948242,-0.010876139491482773,-0.0069199155433690065,0.008390779410211614,2024-03-26,2024-09-05,738970.0,739133.0,2.1361165299871483,0.2654367037908689,0.3617900446055028,0.21753781721279714
2024-10-30,739188.9166523356,0.21374639311318894,11.191508225694905,1.280712238338413,-0.37570213307793837,-0.03199070372986862,-0.008852359866359185,0.03074151671483865,2024-04-03,2024-09-05,738978.0,739133.0,2.364701131776805,0.22430039774100363,0.3617900446055028,0.2827367538606951
2024-10-02,739160.1603042932,0.7035329923515216,12.921875653197453,0.4779908773010745,-0.009664067937880817,-0.0011453340064457905,-0.0007734538035642759,0.0008447243337758895,2024-04-10,2024-09-05,738985.0,739133.0,3.8333528740128266,0.4593954925912094,0.3617900446055028,0.6364854682075253
2024-11-14,739203.1335856464,0.417422810596943,5.740161047532275,0.4804523411861416,-0.028183605271933136,0.013327571449044397,0.009241187050979361,0.009603365171552873,2024-04-17,2024-09-05,738992.0,739133.0,1.0068411925336247,0.15377921120562035,0.3617900446055028,0.39344058791133296
2024-09-11,739139.8373110181,0.26834155114945296,2.568060813044337,0.5182509959071695,-0.07961353805958599,-0.024637746736707797,-0.015396912432786639,0.019234179259829516,2024-04-24,2024-09-05,738999.0,739133.0,1.2364628950322378,0.3376514040959961,0.3617900446055028,0.4862856076091742
2024-10-29,739187.2754588422,0.9090799802249676,6.671463574143945,0.45898727975341347,-0.0025397837265797897,-0.0012906888118310558,-0.00028130494240693126,-0.0012596607235137948,2024-05-01,2024-09-05,739006.0,739133.0,1.2804686785427681,0.2681366415078864,0.3617900446055028,0.31355801907863823
2024-09-26,739154.9531729438,0.9421229837782523,7.0871309797406905,0.44639694055641044,-0.002986678336049475,-0.0016726915645403297,-0.00026934206546981235,-0.001650863992536281,2024-05-08,2024-09-05,739013.0,739133.0,2.105418772723925,0.23736119770249717,0.3617900446055028,0.09725545048108422
2024-10-26,739184.8391534481,0.42595822664705196,7.433649258462644,0.8638054200674888,-0.08268332627934666,-0.009687003141630459,-0.004907589196699846,0.00835186195661742,2024-05-15,2024-09-05,739020.0,739133.0,1.3686413478762764,0.4890952481114095,0.3617900446055028,0.21717873613144387
2024-09-28,739156.6276659521,0.29136822384126965,10.1394703986735,1.0166078166241157,-0.221253213839968,0.015178017023267841,0.011200880341011474,-0.010242679353809288,2024-05-22,2024-09-05,739027.0,739133.0,2.7469971943930407,0.41889142207051067,0.3617900446055028,0.2847734404214
2024-09-24,739152.1331057335,0.8918933983806256,8.284626980548431,0.4722744070445578,-0.004597708814438943,-0.0019970143603139355,-0.0019936639003416056,-0.00011563134425739924,2024-05-30,2024-09-05,739035.0,739133.0,2.389049324455646,0.24785647300364597,0.3617900446055028,0.12444567342119658
2024-10-18,739176.363561423,0.02486572738964888,5.842143590670092,13.863908338977888,-12.175502141537912,0.07577086727855772,0.0331723960824758,0.06812353826903117,2024-06-06,2024-09-05,739042.0,739133.0,1.0515453307426876,0.6839330079862079,0.3617900446055028,0.18689537291173317
2024-09-24,739152.1986631943,0.39047281331596084,11.615509622265817,0.6966835686804616,-0.08227320875949866,0.01208278462826008,0.0031722503810159984,-0.011658924131027783,2024-06-13,2024-09-05,739049.0,739133.0,3.1091142855410467,0.2288990202904275,0.3617900446055028,0.25562004391158527
2024-10-03,739161.3174211804,0.2873427025096776,10.580621726898626,0.7351677553667205,-0.12803917146352878,0.024919112241704743,0.007309042595768106,0.023823099110903412,2024-06-21,2024-09-05,739057.0,739133.0,2.19581617329321,0.13954017811470298,0.3617900446055028,0.11616544274098954
2024-09-26,739154.4252106901,0.83823441912467,12.22814734456125,0.42537066076166596,-0.0032309577077297875,0.0020887544127893543,0.0011971028236461678,0.0017116774890631038,2024-06-28,2024-09-05,739064.0,739133.0,2.802396988134772,0.10603487269760713,0.3617900446055028,0.1337602039955726
2024-09-23,739151.4409221896,0.06544171512443044,3.5272235587279193,1.950098657241797,-1.2549014617300518,-0.03100775610574855,-0.026683769316597057,0.015794220264774707,2024-07-08,2024-09-05,739074.0,739133.0,0.8055412892640943,0.7508634632545761,0.3617900446055028,0.1604540869762707
2024-09-25,739153.7533613603,0.12292041350749885,10.693709453051033,0.3959913387952522,-0.02656066410900798,0.017568718516830548,0.016577868768628188,0.005816711907406681,2024-07-15,2024-09-05,739081.0,739133.0,2.1348781441887423,0.017377787305047604,0.3617900446055028,0.09162994768919229
2024-09-06,739134.1956659585,0.6070768926978588,11.987944618828424,0.3849566414403035,-0.006039255753873361,0.003389288865173821,0.002746672826582948,0.0019857158395153334,2024-07-22,2024-09-05,739088.0,739133.0,6.971963627019042,0.09023474835255892,0.3617900446055028,0.06633518477139223
2024-11-04,739193.5025590766,0.5093729718642953,10.266590235082385,0.7340844119152682,-0.04198878972977225,-0.007917448832337163,-0.0052835096859199255,-0.005896653407778638,2024-03-20,2024-09-06,738964.0,739134.0,2.205699290726432,0.2631223624323233,0.3409704168231127,0.24227211801412962
2024-11-09,739198.5948044031,0.33419578467280436,5.833130923062432,0.6948807892739625,-0.08673338064673804,0.015908762624525938,0.008219012086701867,0.013621180879870949,2024-03-27,2024-09-06,738971.0,739134.0,1.1692217561074696,0.31235547030563554,0.3409704168231127,0.4162858939604074
2024-09-21,739149.3701734184,0.6037249102699794,5.582557523961896,0.501709710721434,-0.018137434732066762,-0.006243664407787721,-0.005465582498703501,-0.003018402422961718,2024-04-04,2024-09-06,738979.0,739134.0,2.1373063374045387,0.31415371471606124,0.3409704168231127,0.22271376033552276
2024-11-04,739193.221669035,0.03402308183044301,3.3583880145301968,-6.8978191378389635,6.108747923913069,-0.19115303058827343,-0.007997091514574247,0.19098567388783108,2024-04-11,2024-09-06,738986.0,739134.0,0.6694671709354756,0.3237529952099251,0.3409704168231127,0.43335475304250354
2024-10-23,739181.9780982243,0.9072880668859002,11.732035736322187,0.5348926545357153,-0.0041537381348023894,-0.0012544171331715143,-0.0010889121689695992,-0.0006227620992515226,2024-04-18,2024-09-06,738993.0,739134.0,2.5597350220155106,0.25607604772397513,0.3409704168231127,0.2229837543151236
2024-09-19,739147.9232039135,0.6170527670791391,4.404302986814731,0.44067051767467635,-0.011646213355451272,-0.006773179239496576,-0.0016169232242411748,-0.006577348728572702,2024-04-25,2024-09-06,739000.0,739134.0,1.656479703356747,0.24090027165031577,0.3409704168231127,0.31773248726227976
2024-09-06,739134.2425584258,0.7197394283225548,6.829280765101569,0.44416246180094626,-0.010900148828301336,-0.004209733501851148,-0.0000941264482789316,0.004208681072300719,2024-05-02,2024-09-06,739007.0,739134.0,6.806914832695314,0.272884049338327,0.3409704168231127,0.2416222282887583
2024-10-05,739163.8252822985,0.6682494734201238,6.126738950179269,0.5137693755734276,-0.012289824129335325,0.004609986979791243,0.0034353688732625238,0.0030741211196801863,2024-05-09,2024-09-06,739014.0,739134.0,1.5739232472945688,0.2907737639690167,0.3409704168231127,0.23676188361778855
2024-09-16,739144.088419607,0.8615897816948097,6.71663719307228,0.44509306618657685,-0.005072726863613168,-0.0023910173975489387,-0.0009269793077973641,0.002204013057651251,2024-05-16,2024-09-06,739021.0,739134.0,2.6740842862974565,0.272149406943319,0.3409704168231127,0.12058492915573214
2024-09-18,739146.0561843066,0.48493355556217754,9.730020635045143,0.643440065000463,-0.05356062581159459,-0.005884654804904807,-0.0050671162341607125,0.0029922391686484874,2024-05-23,2024-09-06,739028.0,739134.0,3.5332156570215423,0.45362097321592343,0.3409704168231127,0.3220116586564882
2024-10-07,739165.7225684581,0.07294127090405157,13.024206003292715,3.515275682889759,-2.3742431542782785,0.020066863469949788,0.01788019375127036,0.00910920857915975,2024-05-31,2024-09-06,739036.0,739134.0,2.9193627753214093,0.6626249246418047,0.3409704168231127,0.38219368012233773
2024-09-25,739153.0512615531,0.5891031038562214,13.6998592760665,0.6046960117800104,-0.02896902993347337,-0.002072861714916205,-0.0004574271768758677,0.0020217606354414764,2024-06-07,2024-09-06,739043.0,739134.0,3.824014320662735,0.600950674540775,0.3409704168231127,0.33551878086832965
2024-09-19,739147.7502858103,0.989986161225924,7.192334884817219,0.4044744174151071,-0.0018063481425100204,-0.0017002202567942596,-0.0010798995875324743,-0.0013132272470752083,2024-06-14,2024-09-06,739050.0,739134.0,2.245156266738868,0.14623640225203346,0.3409704168231127,0.06798847871652094
2024-09-06,739134.3945009994,0.04995151233238995,13.47571785439976,1.1742183378501654,-0.7251142135601186,-0.0391403410603922,-0.039024098958116614,0.0030142990612986036,2024-06-24,2024-09-06,739060.0,739134.0,11.237331212719443,0.06867181793204245,0.3409704168231127,0.3045593467989856
2024-09-07,739135.5824448867,0.914516307923553,9.77572522016427,0.37927463582202287,-0.001637860568400141,0.002202036648355405,0.0021996385727555295,0.0001027402060846819,2024-07-01,2024-09-06,739067.0,739134.0,5.864119445958924,0.06958167087766284,0.3409704168231127,0.12271102728151151
2024-09-13,739141.1803287703,0.0009113799840068106,13.799055898246117,24.062158553264524,-23.640872855544053,0.022705940657451545,0.00003427196965906857,-0.022705914792664695,2024-07-09,2024-09-06,739075.0,739134.0,4.8778171223185405,0.06876605672119547,0.3409704168231127,0.14750264410267735
2024-09-10,739138.1265539849,0.3275628262427071,13.193530951513896,0.3617461874552393,-0.0024533170235799488,0.0026778858843132906,0.0006905649987609088,0.0025873138178216255,2024-07-16,2024-09-06,739082.0,739134.0,5.480868220607596,0.022745483642311035,0.3409704168231127,0.09822294777980782
2024-09-13,739141.8910412879,0.12253005587667046,14.697804864653264,0.5994268122469163,-0.16790652335169493,0.01005252483504517,0.007581609162637184,0.00660094372527261,2024-07-23,2024-09-06,739089.0,739134.0,4.450395568014834,0.13924594887102063,0.3409704168231127,0.06825908268706204
2024-09-11,739139.6751865848,0.7067164429271092,12.38857803031255,0.39727235711063735,-0.0072676608464908,0.0010004145580754336,0.00019908301162970844,-0.0009804056520082447,2024-03-21,2024-09-09,738965.0,739137.0,8.239569300338657,0.4144177845594289,0.33393309010253663,0.6939230074408066
2024-11-10,739199.7356289309,0.5960718240406518,11.371732382756788,0.66332683984237,-0.023056959985764434,-0.0049044484030467935,-0.004127102618155218,-0.002649648678101418,2024-03-28,2024-09-09,738972.0,739137.0,2.3333822555369403,0.24642447431694203,0.33393309010253663,0.2835702893823398
2024-10-03,739161.2413929029,0.7799954001473832,3.9942502968974827,0.4032184469757103,-0.0037539975956432615,-0.0027432917653290754,-0.0027408851497208275,0.00011488387947031922,2024-04-05,2024-09-09,738980.0,739137.0,1.2788904461548027,0.26722602752295543,0.33393309010253663,0.40118440366929853
2024-11-16,739205.7339202334,0.9299833248492066,12.113180233563028,0.5829819380723962,-0.003554577216417367,0.0009772456393493288,0.00017530241277127336,0.0009613938338182999,2024-04-12,2024-09-09,738987.0,739137.0,2.23173065353184,0.27925515184584154,0.33393309010253663,0.19601286714121147
2024-10-06,739164.8664204652,0.9395434643230955,3.9209327270584815,0.361896070606756,-0.0010088803452743774,-0.0015315484502549808,-0.0014844194308371943,0.00037701406980564245,2024-04-19,2024-09-09,738994.0,739137.0,1.131663812557305,0.1578470268043291,0.33393309010253663,0.3901677342777541
2024-11-01,739190.6269794554,0.1847650886024488,10.310638669548368,1.5876438346502382,-0.5585891642447295,-0.03612042029813088,-0.028398162094680972,-0.022321047290793733,2024-04-26,2024-09-09,739001.0,739137.0,2.072580055862637,0.2771239488220466,0.33393309010253663,0.23104614951914063
2024-10-29,739187.9165497018,0.6123806374130677,10.416987160547647,0.661308232371747,-0.02282948004444096,-0.0052962314149517424,-0.0030693336360137647,-0.004316162442674773,2024-05-03,2024-09-09,739008.0,739137.0,2.0927945888000767,0.2534010376038332,0.33393309010253663,0.16993727484162063
2024-09-29,739157.6627625239,0.39710988288926885,13.206773867262358,0.7484510623136261,-0.09000327569528199,0.003406758393557988,0.00039583079755902296,0.0033836844905785163,2024-05-10,2024-09-09,739015.0,739137.0,4.061231970998404,0.7943848174638334,0.33393309010253663,0.4486689250957185
2024-09-18,739146.3367506319,0.7820333263935899,12.947380705583152,0.4969153707141796,-0.009571069962074574,0.00036361646926861424,0.000022689519709713554,-0.0003629078704281784,2024-05-17,2024-09-09,739022.0,739137.0,5.335068812169847,1.589865144137481,0.33393309010253663,0.37323905959751996
2024-10-14,739172.9653057548,0.560748247860175,11.110269089261116,0.7092736483665375,-0.036559845706705084,0.006096919531506203,0.005073238199115187,-0.0033815206562581145,2024-05-24,2024-09-09,739029.0,739137.0,2.452599747183608,0.3026476030569545,0.33393309010253663,0.18158274256798274
2024-09-13,739141.8005256956,0.5910391542830279,7.30884272400122,0.4759784645623278,-0.018876574098259966,-0.008242175932590495,-0.004389762757096765,-0.00697591908211242,2024-06-03,2024-09-09,739039.0,739137.0,3.564238255237156,0.18520339026606134,0.33393309010253663,0.18836905869305143
2024-09-23,739151.7968086351,0.8237165903342409,6.624315405406367,0.43584959554468405,-0.004692417786720282,-0.0030841769613599405,-0.0016505528255318215,0.0026053450633481082,2024-06-10,2024-09-09,739046.0,739137.0,2.0739081676213456,0.1891882649537202,0.33393309010253663,0.08579985269015583
2024-09-27,739155.2027424321,0.12712682008794965,11.326111644132919,1.2825388406577665,-0.5875044151435913,-0.033391093517815246,-0.022830487981146563,-0.024366656415236904,2024-06-17,2024-09-09,739053.0,739137.0,3.110192727282447,0.19748623870103435,0.33393309010253663,0.2869990792216709
2024-10-14,739172.4721872447,0.9537273251940734,9.80909791184635,0.45783930768565934,-0.0023776044471243906,0.0013961648010118249,0.0011785612021510434,-0.0007485116193945666,2024-06-25,2024-09-09,739061.0,739137.0,1.7875764323362229,0.16557626276195903,0.33393309010253663,0.0721008301135742
2024-10-01,739159.3918809162,0.19253092178883674,11.905540913222508,0.5902914376774678,-0.11870130876217014,0.02577043466699091,0.025765124524637983,0.0005231263284764292,2024-07-02,2024-09-09,739068.0,739137.0,2.6649931437398995,0.0744877955949154,0.33393309010253663,0.14475082225558691
2024-09-13,739141.3850873337,0.15833862852248062,3.360850052914178,0.4536283929068947,-0.05771740277506398,-0.026836651349321627,-0.013613391564180956,0.023127503664799903,2024-07-10,2024-09-09,739076.0,739137.0,1.4453340073955137,0.10132490340900152,0.33393309010253663,0.10530794979461677
2024-09-20,739148.954869873,0.7506371610689089,4.900478060507617,0.3785187771195827,-0.0014751009608296693,-0.004026806069596319,-0.002587329701962608,0.0030855942921064385,2024-07-17,2024-09-09,739083.0,739137.0,1.331998476684475,0.05611159875201206,0.33393309010253663,0.019372337263820417
2024-09-14,739142.1771063913,0.27508941230110523,7.060864211518359,0.4754981024870444,-0.05599366889296515,-0.017498303159336898,-0.011689440801885083,0.013021044013261148,2024-07-24,2024-09-09,739090.0,739137.0,2.596358769333728,0.124669151683893,0.33393309010253663,0.03695964884119136
2024-09-21,739149.4080044831,0.7488758079207815,4.996706399605978,0.46278856887247355,-0.008036628656050076,0.0027339230762303225,0.001921748011264683,0.0019445359261131962,2024-03-22,2024-09-10,738966.0,739138.0,2.2087271691637085,0.4405686398759614,0.4034907738044468,0.34088899183691296
2024-09-22,739150.824774612,0.865198497365816,4.451132245811905,0.42176740231753856,-0.0035301378092566626,0.0017556471009971607,0.000013200169193516006,-0.0017555974762948907,2024-04-01,2024-09-10,738976.0,739138.0,1.8506794248905345,0.39084062117649376,0.4034907738044468,0.3526819024804369
2024-09-14,739142.7211205759,0.9801018212460553,6.278330505966785,0.42428057536589875,-0.0027634509404834825,0.001313059955777995,0.0013010883115677511,-0.00017690577426836303,2024-04-08,2024-09-10,738983.0,739138.0,3.5186622648410055,0.32854451720305566,0.4034907738044468,0.17008194670196908
2024-10-31,739189.3872053502,0.016188597495590432,13.65808719247256,14.042783089306889,-12.77977663189978,0.055927905543892154,0.02052405374335738,0.05202589582569721,2024-04-15,2024-09-10,738990.0,739138.0,2.9473023595060823,0.2708407774504759,0.4034907738044468,0.4418364005791916
2024-10-10,739168.7175504231,0.26644628043375557,7.073852691843886,0.9145673060639241,-0.19757836786311544,0.0246671426881012,0.018443414162897836,-0.016380122173261225,2024-04-22,2024-09-10,738997.0,739138.0,1.9375871971542395,0.30169922719952585,0.4034907738044468,0.28630540563009266
2024-11-11,739200.0829774052,0.2724432792714098,10.151410804609307,1.2628858010570008,-0.27130488700984234,-0.02321478841444178,-0.019813507593746286,-0.012097574879282981,2024-04-29,2024-09-10,739004.0,739138.0,1.858101065535863,0.31364804365415383,0.4034907738044468,0.24767308504238217
2024-09-16,739144.7800960244,0.8001093380628992,11.248269820922213,0.45354981615296486,-0.007075040093226247,-0.0012117399989064117,-0.0006169142324047302,-0.001042943265382251,2024-05-06,2024-09-10,739011.0,739138.0,5.338798296975949,0.4153202194826281,0.4034907738044468,0.4939547662066089
2024-09-20,739148.6976934609,0.5003916753662846,7.141578987326458,0.5555751120773115,-0.03665033704699255,-0.011004912503010193,-0.0045618515431315575,-0.01001486942986968,2024-05-13,2024-09-10,739018.0,739138.0,2.8447933773443657,0.23334968075073168,0.4034907738044468,0.14758685595647147
2024-09-25,739153.8024070006,0.23261797390949984,4.986741548291189,0.8838042428228213,-0.23286890766038518,-0.025887648185395937,-0.0007232734281637904,0.025877542466759624,2024-05-20,2024-09-10,739025.0,739138.0,1.6652013044733152,0.4196095042980389,0.4034907738044468,0.2689198292121894
2024-09-26,739154.6754780528,0.7839940935085217,10.28649138679374,0.5335231513786919,-0.00990142860303933,0.001713686655013541,0.0016807573937948086,-0.000334329978876532,2024-05-28,2024-09-10,739033.0,739138.0,3.253693699608115,0.4403641637898622,0.4034907738044468,0.27812575283813246
2024-10-13,739171.7828830066,0.3733765380426873,8.360872596568909,0.7754793892270091,-0.09590470399843798,0.01618337735040122,0.012551273405902431,-0.010216028502102252,2024-06-04,2024-09-10,739040.0,739138.0,1.811315704721153,0.2646465077254292,0.4034907738044468,0.16481313773404077
2024-10-05,739163.525307216,0.2386646261811068,8.831820009134127,0.8982986769965698,-0.21969661844434094,0.034791357036053294,0.03193508097636327,0.013805402110886007,2024-06-11,2024-09-10,739047.0,739138.0,2.1343587928712595,0.17064353865314877,0.4034907738044468,0.10031067312169031
2024-10-05,739163.4264814336,0.11857144181278594,7.823791143194436,1.52575092959154,-0.7497766619695583,-0.05336945406902303,-0.03798798116406426,0.037486156307419104,2024-06-18,2024-09-10,739054.0,739138.0,1.8173144791749158,0.212912917148484,0.4034907738044468,0.1530534737384155
2024-09-14,739142.1104776168,0.1454936859995888,14.289471414530365,0.6818062598364959,-0.2128445987621958,-0.02297900634918774,-0.0006780224860619505,0.02296900124742929,2024-06-26,2024-09-10,739062.0,739138.0,6.754191314899624,0.09431035319461711,0.4034907738044468,0.2409922116174189
2024-09-12,739140.8062055268,0.7014058153675428,2.453039319233655,0.4363383839872837,-0.009851324707218901,-0.003238029528122507,-0.003193663107635563,-0.0005341827214734906,2024-07-03,2024-09-10,739069.0,739138.0,1.265773776877857,0.8699187306965525,0.4034907738044468,0.195263666847772
2024-09-22,739150.3387268625,0.2717408628579337,7.417021365703521,0.47975338330475925,-0.050344456585887945,0.021164056293392144,0.013262669415084732,-0.016492994839508307,2024-07-11,2024-09-10,739077.0,739138.0,2.103980295278698,0.08715216285826952,0.4034907738044468,0.053660908510005885
2024-10-05,739163.4855002105,0.49907597208425936,3.9522647954657337,-0.08859427345418792,0.06963650929723143,0.018826619503886734,0.015083585920019921,0.011266190027578315,2024-07-18,2024-09-10,739084.0,739138.0,0.7154910199703803,0.4670735507655349,0.4034907738044468,0.03430566065315766
2024-09-12,739140.8759961737,0.16393784108311452,13.85464016295964,0.5311155698615271,-0.11030413402459124,-0.008876144394834327,-0.008621106110104599,0.002112455622318726,2024-07-25,2024-09-10,739091.0,739138.0,6.291273667784539,0.14704538259788177,0.4034907738044468,0.06184247748590481
2024-09-12,739140.3365873597,0.9016204855938355,2.7108408705823965,0.3814857327285159,-0.002067964425768471,-0.0017548421524308682,-0.0015111755587118457,0.0008920871093677697,2024-03-25,2024-09-11,738969.0,739139.0,2.0940165822533165,0.39194465976448895,0.4165799659144608,0.48125898526367983
2024-10-12,739170.9675636186,0.7441312136984887,10.776119645790386,0.49307011331248046,-0.007929824330672252,0.002160884693842564,0.0000828397111080727,-0.002159296237746591,2024-04-02,2024-09-11,738977.0,739139.0,3.092223262224777,0.2534072819179706,0.4165799659144608,0.4773096158150871
2024-09-18,739146.5789765656,0.9150081809422466,5.072823911430563,0.4226319279742757,-0.00312797695653401,0.0015883759893208006,0.0007462412707693012,0.0014021634174558437,2024-04-09,2024-09-11,738984.0,739139.0,2.4752080911336938,0.35521019435640305,0.4165799659144608,0.25038142096889693
2024-10-27,739185.515470059,0.18954357491487356,2.629558190648165,-1.2561480070182534,0.6514600608360198,-0.11523599127053302,-0.06467925485324343,-0.09537257297426527,2024-04-16,2024-09-11,738991.0,739139.0,0.5987694238086451,0.4074984254448232,0.4165799659144608,0.460278109167934
2024-10-23,739181.7753392577,0.9325773839111544,9.375583629096468,0.5269780252149008,-0.003523481984452487,0.0011284777214624904,0.000059782222224713116,-0.0011268930977439938,2024-04-23,2024-09-11,738998.0,739139.0,2.1752149153599407,0.31057438418046474,0.4165799659144608,0.17045996489625956
2024-10-26,739184.5084162513,0.920070231141227,10.987249812234326,0.5522314744654296,-0.0040796115568825795,0.001212276381880546,0.0011924253363921698,0.00021848533862803827,2024-04-30,2024-09-11,739005.0,739139.0,2.399750254462106,0.2818052953701607,0.4165799659144608,0.1534593175364279
2024-09-12,739140.1997040899,0.5473531763044915,6.99849033908853,0.49684859824146094,-0.026359537559754165,-0.008706150343318992,-0.008486936622904567,0.0019413810958373516,2024-05-07,2024-09-11,739012.0,739139.0,5.20333972510789,0.23679629314823308,0.4165799659144608,0.24115386706666142
2024-10-17,739175.5061708548,0.8902060361317421,14.999226874180044,0.565438315762396,-0.005478468500467446,0.0004649030367806284,0.00035435035921977705,-0.0003009495913415822,2024-05-14,2024-09-11,739019.0,739139.0,3.474843648771236,0.6993884347458277,0.4165799659144608,0.3756715521468811
2024-09-21,739149.9400504417,0.9773188158881294,10.390716373662292,0.4815824113188026,-0.003763940451026128,0.0006155901425943528,0.0005763272786040274,-0.00021632866568305618,2024-05-21,2024-09-11,739026.0,739139.0,4.01421998426978,0.5750979992400254,0.4165799659144608,0.27987852301791705
2024-09-23,739151.7275921599,0.31623568678725206,5.181496309833154,0.7137599796248975,-0.12024366215541082,-0.02085262606361368,-0.01610027672976423,0.013251909408606481,2024-05-29,2024-09-11,739034.0,739139.0,1.8345412674527557,0.3519306762770606,0.4165799659144608,0.22017898812496445
2024-09-24,739152.4620300789,0.4078023153706801,3.9273810807045697,0.6587166416577559,-0.07325660762288223,-0.013578179904548434,-0.013397477200738212,-0.0022078437843250417,2024-06-05,2024-09-11,739041.0,739139.0,1.3212630810871528,0.5602113305674876,0.4165799659144608,0.24704274640288412
2024-09-29,739157.0596026024,0.008157765014374931,11.580390513705806,17.75344943955849,-16.889553534407273,0.04620991301661751,0.031699259346017,-0.03362310244336935,2024-06-12,2024-09-11,739048.0,739139.0,3.314251306585896,0.25747259175869963,0.4165799659144608,0.3329001628165417
2024-09-29,739157.582024709,0.8389433975948413,10.06592931663182,0.43358909845590393,-0.0037823535498864567,0.0027022638374768547,0.00038020350687337624,-0.0026753831764246986,2024-06-20,2024-09-11,739056.0,739139.0,2.7213444161442193,0.11665763188370032,0.4165799659144608,0.10751401651772034
2024-09-15,739143.0795578582,0.3995916595801582,6.433358368159348,0.483548535151163,-0.037913225561220516,0.018524022185519573,0.017563753428877348,0.005886761709057074,2024-06-27,2024-09-11,739063.0,739139.0,3.04818540096705,0.12712592114362087,0.4165799659144608,0.09252834025822881
2024-09-14,739142.9636193305,0.23806158121366466,2.9891409476344175,0.5110196690080058,-0.07343491357041909,0.005484560428783393,0.005057616919887397,0.0021215358089472325,2024-07-05,2024-09-11,739071.0,739139.0,1.3791617661601558,1.0663595976803952,0.4165799659144608,0.1900666006667538
2024-10-07,739165.3135131208,0.6485189911195494,6.5084119316245745,0.3890457652798292,-0.002386577261585003,-0.004160133288795715,-0.002160847643954001,-0.003554918626377359,2024-07-12,2024-09-11,739078.0,739139.0,1.2424170464499098,0.05716311921734112,0.4165799659144608,0.04845571371705999
2024-09-27,739155.115679414,0.4991281381029634,7.733655373124072,0.4827545455443235,-0.021367285702436827,0.00913826664356696,0.004466416994037036,0.00797239214315915,2024-07-19,2024-09-11,739085.0,739139.0,1.8097841699684758,0.15090817584758356,0.4165799659144608,0.017067953386289726
2024-10-03,739161.9288499289,0.5044279143900475,8.749969900843595,0.5153452142537374,-0.02397878516513824,0.00778757096656146,0.007760000233002693,-0.0006547197438821744,2024-07-26,2024-09-11,739092.0,739139.0,1.5528647608031876,0.17750791063829674,0.4165799659144608,0.018520958217758343
2024-11-14,739203.1912712735,0.08607642872824452,4.935803332422898,1.4996161144613283,-0.8134862593537671,-0.05525681967694757,-0.055179385981096056,0.002924291975832858,2024-03-26,2024-09-12,738970.0,739140.0,1.0256968048760768,0.2567383403531826,0.4635727389154452,0.48628172563844585
2024-10-25,739183.4439533375,0.22558725675221908,5.199292384596564,0.914207211875221,-0.22566313337496935,-0.02572276961192552,-0.024190908432911887,-0.008744188109748753,2024-04-03,2024-09-12,738978.0,739140.0,1.2856773157580716,0.38063893391474574,0.4635727389154452,0.4524751214817342
2024-10-05,739163.9721586206,0.021156498051278852,2.623025518790355,1.1895253322459,-0.8262632579717843,-0.09774590253471478,-0.09571910486163174,-0.019801879375804434,2024-04-10,2024-09-12,738985.0,739140.0,0.8392503807069652,0.06818065147520327,0.4635727389154452,0.525553588681234
2024-11-04,739193.2586764424,0.9118171449922137,12.061273494209457,0.5664681603975742,-0.0040948675874035575,0.0011741583083789457,0.0011738136414034535,0.000028447642968654908,2024-04-17,2024-09-12,738992.0,739140.0,2.5519894198393174,0.26365001234036095,0.4635727389154452,0.19356059167458164
2024-10-29,739187.7455190988,0.7747312284552779,2.448055439888074,-0.22125650374125827,0.01758805178872924,-0.010384404084843058,-0.010361505714243317,0.0006892369193595581,2024-04-24,2024-09-12,738999.0,739140.0,0.5355384815236746,0.5360014564275066,0.4635727389154452,0.4358744502044605
2024-11-06,739195.292226322,0.7098700683861815,7.088209223932331,0.5620172801286456,-0.009741031097649636,0.0028052524479135186,0.0021913146556734476,0.001751451220090228,2024-05-01,2024-09-12,739006.0,739140.0,1.3883361337985594,0.3477565479672716,0.4635727389154452,0.35503238064942194
2024-10-29,739187.8670533345,0.018378502198380223,4.756588536448064,9.078751312430967,-8.093382164130318,-0.05682289152020801,-0.012669662108332617,0.055392424236334045,2024-05-08,2024-09-12,739013.0,739140.0,0.9808128968285658,0.5503275416184372,0.4635727389154452,0.43190061948539016
2024-10-08,739166.202521363,0.005451899481419887,11.811393455595162,38.9868125156165,-37.829480299743935,0.036665335759485496,0.0008561637947013223,0.03665533835490339,2024-05-15,2024-09-12,739020.0,739140.0,3.2317056255941474,0.47623511182553746,0.4635727389154452,0.39731689858473096
2024-10-10,739168.6818524929,0.8513342514962354,11.950336192533342,0.5758699835245416,-0.0073853884349681966,-0.0011046554998506335,-0.0009467920077244864,0.0005690770312174699,2024-05-22,2024-09-12,739027.0,739140.0,3.0380298619387163,0.47628451968140734,0.4635727389154452,0.2541613831303714
2024-10-12,739170.1092593315,0.35024888198599263,12.258570626756729,0.9344499659553294,-0.14449124439774083,-0.011107250810045058,-0.006096281029151529,-0.00928473899314643,2024-05-30,2024-09-12,739035.0,739140.0,2.9289589522266266,0.3716822973289791,0.4635727389154452,0.30441765585316766
2024-09-30,739158.647424924,0.7059094245044787,12.310371454817869,0.5648371057459031,-0.014560296684653477,-0.0022353883770982754,-0.00219343625849102,0.0004310435899105531,2024-06-06,2024-09-12,739042.0,739140.0,3.59219457947624,0.37350382905608814,0.4635727389154452,0.29683427478094737
2024-10-17,739175.5194881697,0.8227010105347325,4.7343098015547165,0.6871428921892638,-0.011460631946469612,-0.0026030337625138774,-0.001798436783435925,0.0018818634128894155,2024-06-13,2024-09-12,739049.0,739140.0,0.9571680168274956,0.7650928114433478,0.4635727389154452,0.19612838664772772
2024-10-16,739174.9357660854,0.3198607201758186,2.498232498359359,3.5291447871738364,-0.8668995720973481,0.1218359386520845,0.08223161601686826,-0.08989970675418708,2024-06-21,2024-09-12,739057.0,739140.0,0.48373905251045607,0.9110064087753155,0.4635727389154452,0.187911717290563
2024-10-17,739175.1366403125,0.15745320676466903,2.4400545541510295,6.697853446142166,-3.336452932468357,0.2346459571699038,0.12290569809178824,-0.1998822518202918,2024-06-28,2024-09-12,739064.0,739140.0,0.44718747669972514,0.9175376636529425,0.4635727389154452,0.19016416047703227
2024-10-04,739162.8952635163,0.2896410142487987,3.730073691918158,0.7579049324007208,-0.1309828437692171,-0.011237065703493984,-0.007873921439858694,-0.00801704476621993,2024-07-08,2024-09-12,739074.0,739140.0,0.8053164384107414,0.9051157927625336,0.4635727389154452,0.17440792530734914
2024-09-17,739145.1894236828,0.6280775933259447,7.335196382286309,0.40879551968430244,-0.006628348371059782,-0.005817143865118816,-0.0012966396357576254,-0.005670792572689623,2024-07-15,2024-09-12,739081.0,739140.0,2.936345341796777,0.09756568005141146,0.4635727389154452,0.06567933640405953
2024-09-25,739153.1288331589,0.8663502521907385,6.262297207290641,0.4291991766164722,-0.003070011370663772,0.002434574248158724,0.00021065603786236698,0.0024254434240999615,2024-07-22,2024-09-12,739088.0,739140.0,1.5962322551960109,0.17445233668598226,0.4635727389154452,0.02593445827829318
2024-10-02,739160.2163410836,0.2801440329989145,12.001599665906019,0.69666383350503,-0.12436267483796917,0.012118286138950935,0.010111434101383912,-0.006679203497338653,2024-07-29,2024-09-12,739095.0,739140.0,2.2371613728519333,0.2395471962214196,0.4635727389154452,0.03859863171462219
2024-11-18,739207.9428286182,0.559758047286882,8.915321999147604,0.762328847045118,-0.032263432377264374,-0.005364265200065925,-0.0022235400686595216,-0.0048817221038998035,2024-03-27,2024-09-13,738971.0,739141.0,1.793483327373321,0.37762752337313665,0.4905021507940765,0.32385135829431166
2024-11-09,739198.4333940701,0.9775873388337151,6.278908808357962,0.48000437199383217,-0.0018594403393899703,-0.0006842588419821672,-0.0006773942540080554,0.0000966808536766543,2024-04-04,2024-09-13,738979.0,739141.0,1.339510503680668,0.42309045041111415,0.4905021507940765,0.41859057949568135
2024-10-05,739163.5962425885,0.3497057437981544,3.70365808307169,0.5891718672613132,-0.06577641133644058,-0.015106178715478879,-0.003617658992142923,0.014666600792295217,2024-04-11,2024-09-13,738986.0,739141.0,1.2152975035695963,0.41113782695740586,0.4905021507940765,0.49853727510413487
2024-11-08,739197.0518417956,0.2299516964437725,4.362077929991019,0.5841659375058609,-0.10203741373728291,0.032994071273987145,0.032992251063704986,-0.00034656742836103104,2024-04-18,2024-09-13,738993.0,739141.0,0.8970335708516576,0.1630297009365344,0.4905021507940765,0.48322432728342024
2024-10-01,739159.5716068901,0.7151663203908089,11.174293811730722,0.5299205266300635,-0.011866881084792395,0.002366731620492551,0.0010555258046311524,-0.0021183209953161146,2024-04-25,2024-09-13,739000.0,739141.0,3.8251822480206994,0.3209035672166031,0.4905021507940765,0.461491089304031
2024-10-13,739171.3714602137,0.9673658579510791,10.379144843354107,0.520804762774745,-0.0033214987040576186,-0.0010729816494342292,-0.0007216923873488759,0.0007940086385331582,2024-05-02,2024-09-13,739007.0,739141.0,2.7894273189706738,0.28851671285189334,0.4905021507940765,0.17936846449933092
2024-11-10,739199.07265376,0.14186962374309123,2.0793985960555004,-4.1539888776764915,2.287989176081445,-0.2648495908941947,-0.0783167891005423,0.2530055065444297,2024-05-09,2024-09-13,739014.0,739141.0,0.38358480562311825,0.5893948403761825,0.4905021507940765,0.4472970842394326
2024-10-16,739174.5615641631,0.21199504929447271,7.796634166009839,1.2134560458695962,-0.3663789583458053,-0.028246615723719462,-0.02817310117122954,-0.002036582981157493,2024-05-16,2024-09-13,739021.0,739141.0,1.8870202702061845,0.35268148776208597,0.4905021507940765,0.2289771017319632
2024-10-24,739182.7716028737,0.7426325282545755,14.461834689311496,0.6915844950272898,-0.014603581933136068,-0.0015102522518843189,-0.0014794705353704128,-0.0003033624882750666,2024-05-23,2024-09-13,739028.0,739141.0,3.0145781217524625,0.49654712848199273,0.4905021507940765,0.2734769326888817
2024-10-28,739186.199007295,0.5141503240161597,6.437247264524185,0.8470793682683485,-0.054874588766739577,-0.006342730741558187,-0.0032552227009100872,-0.005443689780597981,2024-05-31,2024-09-13,739036.0,739141.0,1.2303313970760341,0.6910109442007168,0.4905021507940765,0.21358280734560559
2024-10-17,739175.6192394628,0.7047822129636129,11.50364076361596,0.5930942066591534,-0.013175095634286987,0.0038547182097349855,0.0010048845412561193,0.0037214324574291234,2024-06-07,2024-09-13,739043.0,739141.0,2.4589795975695274,0.2094019708055332,0.4905021507940765,0.11611284342431821
2024-10-27,739185.0287474775,0.5742278339892327,11.485113671264058,0.6720703678333203,-0.027817664791962883,-0.006330170018119511,-0.003990723639915428,0.00491377424065446,2024-06-14,2024-09-13,739050.0,739141.0,2.048440997778494,0.21971223240517795,0.4905021507940765,0.1244427501479838
2024-10-18,739176.183883116,0.67473074681385,8.385940548681196,0.6004520951017975,-0.015663714551173626,0.003905934005332854,0.003820695297885433,-0.0008115466066293995,2024-06-24,2024-09-13,739060.0,739141.0,1.594370830085316,0.3226625641450339,0.4905021507940765,0.15594591552966455
2024-10-12,739170.7303435007,0.9406136593067838,4.654649747108405,0.6274084643487247,-0.006277625071087502,-0.0018271580196913728,-0.00025126665324617616,0.0018097987451340992,2024-07-01,2024-09-13,739067.0,739141.0,0.9257364443616628,0.694294204362502,0.4905021507940765,0.1746638726063178
2024-10-05,739163.681157892,0.6841926237327062,2.3765689813872175,0.80315303957064,-0.03143545877905713,-0.00954775411613708,-0.0007245722857841113,-0.00952022077815879,2024-07-09,2024-09-13,739075.0,739141.0,0.5157388061493601,0.9478651156068383,0.4905021507940765,0.15991514622902264
2024-09-18,739146.6052889777,0.7456850158398455,2.6420701016092574,0.39001552009526536,0.00038582755792139056,0.0058036073434366425,0.0057459231500474935,-0.0008162262863569222,2024-07-16,2024-09-13,739082.0,739141.0,1.0279446471859386,0.018763173840269674,0.4905021507940765,0.06820045454768664
2024-09-22,739150.471110808,0.10156917752627774,8.73724100736709,1.0077891900467257,-0.4612504606646096,-0.025105030959472353,-0.01852512929957756,-0.01694349916369102,2024-07-23,2024-09-13,739089.0,739141.0,2.6008219747089036,0.21358151948882764,0.4905021507940765,0.0615645392581389
2024-09-16,739144.2307514116,0.49049789091953844,8.710840386568776,0.4919890814035965,-0.030539448169417307,-0.005542328521577978,-0.00226214137033913,0.005059656298771383,2024-07-30,2024-09-13,739096.0,739141.0,3.747758098172931,0.3102744458395815,0.4905021507940765,0.04524187509560057
2024-10-23,739181.8320149387,0.7703120163373394,9.379996620121883,0.5582036635317758,-0.008248849141624631,0.0024574618904989153,0.0006608911165544356,-0.002366926672990511,2024-03-28,2024-09-16,738972.0,739144.0,2.5575174467861554,0.2756579741751838,0.4697570505242297,0.2382820683065226
2024-10-17,739175.4699185386,0.6465110996853148,13.978960576144488,0.533974809016498,-0.01373109803379643,-0.0007269435526700591,-0.0007030736836831358,0.00018475476741018854,2024-04-05,2024-09-16,738980.0,739144.0,4.063355471283432,0.873586037593766,0.4697570505242297,0.7230143728332906
2024-11-10,739199.6184117201,0.8641722778945131,5.362115151933793,0.4658224285530903,-0.002874499102463324,0.0012739046754266469,0.00008929954747396051,-0.0012707709128300087,2024-04-12,2024-09-16,738987.0,739144.0,1.1444059684002166,0.36365489674169027,0.4697570505242297,0.4582038076090556
2024-10-01,739159.7535427613,0.6828879296468798,8.110348653286616,0.5565186615699886,-0.015087624103365421,-0.004417588372618501,-0.004386359323188585,-0.0005243461812302587,2024-04-19,2024-09-16,738994.0,739144.0,3.0378210169209483,0.2875712871367511,0.4697570505242297,0.14185516456312017
2024-11-11,739200.2296658541,0.1831976803428448,5.044080649368553,1.0282281116466354,-0.31384848941695365,-0.03158597995171772,-0.030868854824159714,-0.006692378602206024,2024-04-26,2024-09-16,739001.0,739144.0,1.015540878240327,0.3608806827796023,0.4697570505242297,0.49384661766417387
2024-10-27,739185.747177608,0.7851472178955305,12.075267181293825,0.6268215287948113,-0.009535857898506422,0.0021685468261223133,0.0015794854757600208,-0.0014858738065355007,2024-05-03,2024-09-16,739008.0,739144.0,2.7842256934826586,0.28592051242162075,0.4697570505242297,0.216603250860909
2024-10-08,739166.5783372932,0.9610448364110968,4.4663155262822265,0.4432612999292203,-0.002171487768225477,0.0009368906780998933,0.0006881656576966717,-0.0006357610952845299,2024-05-10,2024-09-16,739015.0,739144.0,1.353511476701406,0.4987268136034216,0.4697570505242297,0.3608219741738111
2024-11-08,739197.35653811,0.8111590580738808,7.43497308537306,0.6217392447106437,-0.007460638781020576,-0.0012493886947201498,-0.0011988260252169805,0.0003518355748882925,2024-05-17,2024-09-16,739022.0,739144.0,1.4079347479062825,0.6514859634729585,0.4697570505242297,0.25493504225920105
2024-10-18,739176.897159269,0.29470180634202353,8.114942765821583,0.9989504891270748,-0.19391029679179522,0.019379688782584826,0.0036190094315888626,-0.019038779058645407,2024-05-24,2024-09-16,739029.0,739144.0,1.941343481625553,0.36337195821234647,0.4697570505242297,0.21210271306096234
2024-10-31,739189.9469007917,0.1723487914262878,12.581900543116626,1.8879149875365586,-0.7293358987317479,-0.03478798363529106,-0.01094740106769338,0.0330205726066697,2024-06-03,2024-09-16,739039.0,739144.0,2.3818233523240093,0.2871840579792994,0.4697570505242297,0.19429302989568625
2024-10-18,739176.17393274,0.4418539182817237,8.92150771178166,0.7505382043261111,-0.06511586473090886,-0.010965173318726186,-0.006409930126829368,0.008896506150105774,2024-06-10,2024-09-16,739046.0,739144.0,1.9846182802667147,0.29411133808941103,0.4697570505242297,0.16818424653797948
2024-10-04,739162.4148450571,0.9702331983571664,5.638449517410425,0.5089571392076524,-0.0037415807475646235,0.0013361951465249108,0.0007691572840557779,-0.0010926182050380944,2024-06-17,2024-09-16,739053.0,739144.0,1.599134357384222,0.48183868688759846,0.4697570505242297,0.1688324913556875
2024-10-12,739170.3618384402,0.3867700900987906,4.358665319458667,1.0316464723272494,-0.14501911476735105,0.018012270274153662,0.01737187036252381,0.00476025215055111,2024-06-25,2024-09-16,739061.0,739144.0,0.9869623504463325,0.714424193959957,0.4697570505242297,0.20267904086934804
2024-10-13,739171.2416508603,0.2379178507070257,11.791409999233034,0.7988834176503126,-0.1716098967603083,-0.02712326321396218,-0.0003424000952577039,0.027121101923569604,2024-07-02,2024-09-16,739068.0,739144.0,2.500323144819755,0.1276620102704192,0.4697570505242297,0.08760247934354168
2024-10-19,739177.7415726826,0.07730355175327187,12.83559599148987,1.6897577129306034,-0.968430359494155,0.04423127190658564,0.023310587546228202,0.03759018386126812,2024-07-10,2024-09-16,739076.0,739144.0,2.2547027902393215,0.13186282539551403,0.4697570505242297,0.08340594009603307
2024-10-08,739166.6036704457,0.37685641696842753,9.690303101014965,0.6171119812852546,-0.05904970716746655,-0.013267880850531351,-0.0006878156295571309,-0.013250040449886705,2024-07-17,2024-09-16,739083.0,739144.0,2.0172372386033763,0.17308312935802647,0.4697570505242297,0.03770667845493385
2024-09-19,739147.3342183596,0.1717927488797857,11.033080503150662,0.6906260946446804,-0.1890852851417644,0.010300618018140459,0.01029063752682308,0.00045333304223324207,2024-07-24,2024-09-16,739090.0,739144.0,4.995134482190135,0.2858265006901528,0.4697570505242297,0.07118609698259507
2024-10-02,739160.4037968813,0.06577163977850621,13.516489696270634,2.2775611113702907,-1.5132536822931486,0.012692790878539011,0.004911252747725723,-0.011704124774381024,2024-07-31,2024-09-16,739097.0,739144.0,2.9084677286233647,0.5801353991845491,0.4697570505242297,0.050987012068714366
2024-11-20,739209.0619806855,0.8101332436902977,2.245223215608029,-0.16703025589020223,0.012735165967129983,-0.00822156594047919,-0.00633982644405582,0.005234572300856871,2024-04-01,2024-09-17,738976.0,739145.0,0.46148584503449464,0.5589165817929977,0.4548499421750914,0.49739215401017395
2024-10-30,739188.9539668697,0.9988025459487868,14.03890164647489,0.4728153333856471,-0.0018234590871692672,-0.0003668650610358778,-0.00029950809342343563,-0.00021186050831317505,2024-04-08,2024-09-17,738983.0,739145.0,3.450991839328012,0.35361947881935163,0.4548499421750914,0.667734264016697
2024-11-02,739191.866929507,0.43949989330265404,7.3207266914211155,0.7884189462950676,-0.0646734207583847,-0.009638283943302104,-0.0014755728896077727,0.009524662829684304,2024-04-15,2024-09-17,738990.0,739145.0,1.7014349301194038,0.4028382463639812,0.4548499421750914,0.35484793821836214
2024-11-23,739212.6959840906,0.24800877094942014,10.283680511616602,1.4733795059958317,-0.3594423267042018,0.024202317572202675,0.01137638264227881,-0.02136188413605429,2024-04-22,2024-09-17,738997.0,739145.0,1.8966768249510948,0.35817125278303474,0.4548499421750914,0.2785051041418693
2024-10-29,739187.6796205312,0.10009415218787113,2.2360530022092906,-2.159651502648374,1.5666032976518725,-0.17773057790815908,-0.10771016733237783,0.14137424863389855,2024-04-29,2024-09-17,739004.0,739145.0,0.5193950991619567,0.3945694851102407,0.4548499421750914,0.5220415634873753
2024-11-11,739200.0875990787,0.32333721747597505,12.193807693412243,1.1614079462710079,-0.1930336458916435,0.018091397231996927,0.00619237318922734,0.0169986225351128,2024-05-06,2024-09-17,739011.0,739145.0,2.393443568519488,0.28292886604595585,0.4548499421750914,0.22530503322586798
2024-10-13,739171.3702691972,0.9376369470348833,6.993143151273377,0.4820550613337364,-0.0029758355456917236,0.0012286597338062866,0.0006220789692266936,-0.0010595388135990062,2024-05-13,2024-09-17,739018.0,739145.0,1.9595558703912241,0.32474284797398884,0.4548499421750914,0.20466775777673682
2024-10-16,739174.7355130834,0.010021304161994095,6.990883006879183,20.180740984073246,-19.04586923898218,0.060809724428867916,0.052409964168120035,-0.030838583641458465,2024-05-20,2024-09-17,739025.0,739145.0,1.7986038295681586,0.4489727395717409,0.4548499421750914,0.27784545687289214
2024-09-25,739153.8992477637,0.793188806630738,8.054895592139596,0.4889346953380656,-0.00749056392292884,-0.0031078033538041797,-0.002289742434043594,0.00210131417728445,2024-05-28,2024-09-17,739033.0,739145.0,3.3446647414841486,0.2373436653296953,0.4548499421750914,0.12438748767217134
2024-10-25,739183.4758348305,0.09195895599946914,2.7266153285267882,8.257437366701783,-5.368902612444386,0.1807186390296312,0.16095596063907278,0.08217302007030898,2024-06-04,2024-09-17,739040.0,739145.0,0.5711429927615642,1.0019654335041375,0.4548499421750914,0.2368470322958496
2024-10-26,739184.708399447,0.49890755244915364,14.194585705672923,0.74881734258939,-0.04797391175842314,-0.00833339692797777,-0.005326130943071149,0.006409199133783358,2024-06-11,2024-09-17,739047.0,739145.0,2.8094096350157693,0.2023393827032657,0.4548499421750914,0.1633590265875459
2024-10-12,739170.9626576916,0.7133958502745347,11.03515234515422,0.535211729833293,-0.010297325840688001,-0.00407116048339553,-3.9915475665896685e-6,-0.004071158526649062,2024-06-18,2024-09-17,739054.0,739145.0,2.643573339342714,0.16351533130236795,0.4548499421750914,0.09012437008923342
2024-10-10,739168.6503753046,0.3633969879715147,5.434526894126849,0.8063677092746333,-0.10813358518825532,-0.012012505704305931,-0.0002993053845783966,-0.012008776356596187,2024-06-26,2024-09-17,739062.0,739145.0,1.302740394404604,0.6019308142449604,0.4548499421750914,0.20899095679667923
2024-10-17,739175.6306015013,0.7639852427967357,13.400318860467198,0.48404762268465956,-0.00557202702417513,-0.0027396049773686267,-0.0027325873441794045,0.0001959638702758816,2024-07-03,2024-09-17,739069.0,739145.0,2.6603017517055316,0.11595650173933003,0.4548499421750914,0.09115193973289458
2024-10-19,739177.2127769699,0.7629801668259544,13.426177350717456,0.47201046636849875,-0.004855698812958002,-0.0024680901433284676,-0.0022553610974962324,-0.0010024047463453698,2024-07-11,2024-09-17,739077.0,739145.0,2.4251720367282146,0.1118025199490658,0.4548499421750914,0.07539910664604296
2024-10-13,739171.1727418174,0.47619167542458174,3.1119440887520833,0.09346879608592377,0.05197234434333772,-0.02146562727878282,-0.018762336604132915,-0.010428225142604053,2024-07-18,2024-09-17,739084.0,739145.0,0.5959091715914827,0.370491916172144,0.4548499421750914,0.05909663286440842
2024-09-25,739153.9891018982,0.07678953448278804,13.969864332761649,1.3380340279455927,-0.7491855890278337,0.01331870956717157,0.012715950666663646,0.003961391570855355,2024-07-25,2024-09-17,739091.0,739145.0,4.32879328264825,0.3091983107414179,0.4548499421750914,0.07007724722541923
2024-09-26,739154.6412446584,0.8539691996471148,13.423785438348435,0.4999743035833767,-0.00719558401419425,-0.0008313567681977612,-0.0007743795986477023,-0.0003024736570785121,2024-08-01,2024-09-17,739098.0,739145.0,3.78300559683391,0.5506121833122151,0.4548499421750914,0.04760987120793406
2024-09-29,739157.7128349696,0.759237944739811,3.258234510136381,0.4338199380719862,-0.004947555852121457,0.0028950314550644767,0.002313310399589711,-0.0017406326783565888,2024-04-02,2024-09-18,738977.0,739146.0,1.4189076011486061,0.3982290927817675,0.4523436751990319,0.502885444024494
2024-10-16,739174.8287808576,0.8064468874005013,4.862864317511965,0.4798917688014032,-0.0048787024538914665,0.0018731086341745645,0.00041960826813829176,0.0018255040007431609,2024-04-09,2024-09-18,738984.0,739146.0,1.4627652412446241,0.4319415515348154,0.4523436751990319,0.4560935098788465
2024-09-30,739158.8771072966,0.3760289142741936,8.705959376161607,0.7321676351163029,-0.09411315020939146,0.01694741290607792,0.015916920207660584,-0.005819489265568113,2024-04-16,2024-09-18,738991.0,739146.0,3.55790842670103,0.23985650672891146,0.4523436751990319,0.1992842171654747
2024-10-14,739172.0496479153,0.5757951762005057,4.7928526728271255,0.5465460830879031,-0.019501410182594953,0.0052267868393158145,0.0029739376990915015,0.0042982549046755416,2024-04-23,2024-09-18,738998.0,739146.0,1.448825524607868,0.44823438691056144,0.4523436751990319,0.4558298801149835
2024-09-18,739146.3385990263,0.6814448925691331,4.224637091164428,0.4354786768914962,-0.008445442215844643,-0.005202306735258098,-0.004845113248230054,-0.0018944320994792548,2024-04-30,2024-09-18,739005.0,739146.0,4.057157191452495,0.2618591613981236,0.4523436751990319,0.3432891512218948
2024-11-16,739205.5684935056,0.42491097297904046,12.771670653751844,1.002150826087811,-0.09591871270104198,-0.010723049288745809,-0.0017054705549814017,-0.010586555447120812,2024-05-07,2024-09-18,739012.0,739146.0,2.3955163073558148,0.29760160914307243,0.4523436751990319,0.21860500473703862
2024-11-02,739191.1555710249,0.0668200063231681,6.34395368456585,4.1352100260183775,-2.833972365411416,-0.040335897026757585,-0.03497605719248716,-0.020091291950022985,2024-05-14,2024-09-18,739019.0,739146.0,1.3512282288115427,0.7400318305114293,0.4523436751990319,0.3116174352394388
2024-11-11,739200.1628484256,0.9763596932163776,9.789098762093229,0.5748180822932478,-0.0028701091724496934,-0.0007046194271467841,-0.00025664349883475554,0.0006562184480937099,2024-05-21,2024-09-18,739026.0,739146.0,1.8197177471716688,0.40626642806397695,0.4523436751990319,0.17553201073837388
2024-10-14,739172.1419656647,0.32736355753524476,10.632875377540717,0.9253131591984457,-0.15437591593510475,-0.0187737676546353,-0.018040922643620307,-0.00519417578804748,2024-05-29,2024-09-18,739034.0,739146.0,2.817197326771503,0.25316736213004043,0.4523436751990319,0.18538741961240549
2024-10-30,739188.3899962513,0.9515171977155892,8.26843162648478,0.5606280450066686,-0.003461980485825287,0.0008396863497909936,0.0008287901478721443,0.00013483344101294795,2024-06-05,2024-09-18,739041.0,739146.0,1.6399116942948557,0.47446155185749794,0.4523436751990319,0.18094364969585092
2024-10-02,739160.2640014008,0.28632231562402427,5.717402906365306,0.8598390161199471,-0.1740470556244695,0.020043827342936256,0.01179124279770378,-0.016208689269618253,2024-06-12,2024-09-18,739048.0,739146.0,1.8773368873544187,0.43485295660315115,0.4523436751990319,0.24073588450034258
2024-10-19,739177.2383806952,0.7694169865008964,3.3187220585280794,1.0091490132745493,-0.028513671504809598,-0.007515942483461668,-0.006388697809753461,0.003959031663217062,2024-06-20,2024-09-18,739056.0,739146.0,0.7162857619499224,0.8795500995025101,0.4523436751990319,0.19078027765486832
2024-10-19,739177.9974367229,0.6501691310886358,3.6654392177971324,0.9920360483009738,-0.044196706955255474,-0.00907317478513829,-0.005024926467244651,-0.007554641929334138,2024-06-27,2024-09-18,739063.0,739146.0,0.7462819739105709,0.8640342507845038,0.4523436751990319,0.19255674997159666
2024-10-09,739167.6379293285,0.45065192669022747,7.501097549717596,0.6568748052541612,-0.05057877985347973,0.00818665622056312,0.0007052143843383778,0.008156225398173294,2024-07-05,2024-09-18,739071.0,739146.0,1.7866048108816583,0.3711745695396353,0.4523436751990319,0.1582958657883414
2024-10-01,739159.2880706285,0.9347932549481788,8.417119300915747,0.4552575120812695,-0.002804980188682443,-0.0018563342294076954,-0.00023201206014042901,-0.0018417782644010248,2024-07-12,2024-09-18,739078.0,739146.0,2.426240560638329,0.16781304303191344,0.4523436751990319,0.04669357440482498
2024-10-07,739165.52038349,0.6069148320725583,10.465864929998018,0.5375316705402243,-0.01730417817841451,0.0056427373631181684,0.0022370513008739285,0.0051803558204420695,2024-07-19,2024-09-18,739085.0,739146.0,2.360373770599408,0.17783357820708584,0.4523436751990319,0.028393571786364227
2024-10-06,739164.7955296133,0.7166781464453201,11.322598989121971,0.5487964232135576,-0.012592425720302376,-0.0032616699855851313,-0.0017891747109201712,-0.002727149601446652,2024-07-26,2024-09-18,739092.0,739146.0,2.4400364054215196,0.24436973400590273,0.4523436751990319,0.02684055832855192
2024-10-04,739162.8156438605,0.0444860435217247,8.150719845094809,3.004150591770701,-2.245479492846139,-0.02588888274339241,-0.004454493653770031,-0.025502778985625165,2024-08-02,2024-09-18,739099.0,739146.0,1.730097496631332,0.47339492865958394,0.4523436751990319,0.030081262875263432
2024-12-09,739228.0809908967,0.8140263148125839,10.0697688540696,0.6739841290426294,-0.006731322477418333,0.001383909852366484,0.00047617681396269854,-0.0012994083735767435,2024-04-03,2024-09-19,738978.0,739147.0,1.8051267788582974,0.39319821570316715,0.5108256237659906,0.35017432906317303
2024-10-04,739162.3850928918,0.7133739867819843,5.787396112696375,0.5094182573777716,-0.010027849697021706,0.003317106250580415,0.0016841414327682012,-0.0028577721238883156,2024-04-10,2024-09-19,738985.0,739147.0,2.2520016355434826,0.372634013106629,0.5108256237659906,0.3174747419018324
2024-11-16,739205.4557503598,0.7793028750099105,13.126171040443678,0.6723671841274451,-0.00944182517313901,0.0020156520525165555,0.00199907669669138,0.0002579642563606111,2024-04-17,2024-09-19,738992.0,739147.0,2.705711219103861,0.2781048795749893,0.5108256237659906,0.24432190246261762
2024-10-28,739186.8557489328,0.0767978110027512,13.750448884570778,3.2633396127417624,-2.1059460882852714,0.04155869726724613,0.013589094313848743,0.03927418788822928,2024-04-24,2024-09-19,738999.0,739147.0,3.3929927274746063,0.2830201059280881,0.5108256237659906,0.42813785817745903
2024-10-15,739173.5623704626,0.5497871012364152,10.032067542949285,0.6888673988452467,-0.03588427226322866,0.00733316099058873,0.00450134632292565,0.005789052720003162,2024-05-01,2024-09-19,739006.0,739147.0,2.9408116668866864,0.26817421783625534,0.5108256237659906,0.1789705094770696
2024-10-07,739165.7522921849,0.05467011707325599,14.39962121618302,3.6713574372128424,-2.689844445637206,-0.01118689950615883,-0.008011760129187522,0.007807587347782786,2024-05-08,2024-09-19,739013.0,739147.0,4.806993140740934,0.9128856167097914,0.5108256237659906,0.5298764427121909
2024-10-11,739169.9230873272,0.6795697368243846,4.681245822449561,0.5650352043812134,-0.014133882088901265,0.002427931787390997,0.0015703942274434256,0.0018516788962009607,2024-05-15,2024-09-19,739020.0,739147.0,1.3991750099124027,0.8450794978881108,0.5108256237659906,0.3190306354885134
2024-10-17,739175.7734312996,0.35396064925119936,2.1706636549064884,1.4787914588994853,-0.2724321247425367,-0.03369569797357652,-0.02466582400240305,-0.022956419324645698,2024-05-22,2024-09-19,739027.0,739147.0,0.5676006172953896,1.318397312928286,0.5108256237659906,0.31289617488849586
2024-10-26,739184.5404571007,0.7957171627271302,3.674138396713671,0.7812527891953885,-0.014841536100751944,-0.002582223704464424,-0.000531013964406845,-0.0025270345129227863,2024-05-30,2024-09-19,739035.0,739147.0,0.8082209778044841,1.24476739328553,0.5108256237659906,0.25989548399886575
2024-10-07,739165.7540539065,0.13087137218671654,2.08388099408611,4.018613935400855,-2.231045814033004,-0.14542032902718685,-0.1453918452278137,-0.0028780958334894825,2024-06-06,2024-09-19,739042.0,739147.0,0.6258046109639234,0.9635075183926044,0.5108256237659906,0.24648466102683358
2024-10-25,739183.5276682411,0.7332376242027988,11.135797273498214,0.6199975614723106,-0.011704848013864701,0.0029549594807342285,0.0025713993928253354,0.00145591575833171,2024-06-13,2024-09-19,739049.0,739147.0,2.3105697006985793,0.26081806841097016,0.5108256237659906,0.13119435740577626
2024-10-21,739179.5949374355,0.13373579703510544,12.77242623428844,1.5121664530644845,-0.6669754876191899,0.04339317578908877,0.02106146019908231,0.03793919608195766,2024-06-21,2024-09-19,739057.0,739147.0,2.692901667920279,0.1609395211012006,0.5108256237659906,0.1267099933841784
2024-10-13,739171.6616182947,0.4753680958990355,12.370387424062862,0.59418913604491,-0.034843586046593725,-0.0097050594136954,-0.0052766903543325205,-0.008145226646806818,2024-06-28,2024-09-19,739064.0,739147.0,2.9015214462778878,0.13796577873453458,0.5108256237659906,0.10280616380372293
2024-09-30,739158.4686662524,0.1270711603935906,12.19111179984324,0.9687709078129024,-0.37725606652810634,0.017389542478828752,0.007297967179049911,0.015784038224627428,2024-07-08,2024-09-19,739074.0,739147.0,3.8742688142410624,0.22612665490580847,0.5108256237659906,0.17629660682744058
2024-10-11,739169.4995178066,0.4288890236598234,13.84416092366995,0.541351969481929,-0.031250754720196526,-0.005275741936607048,-0.0033687840403633,-0.004060141262452305,2024-07-15,2024-09-19,739081.0,739147.0,3.017517725476895,0.18350810868777595,0.5108256237659906,0.1392190880663726
2024-10-01,739159.6844993192,0.017781325662511453,11.421200909772095,5.166564478166019,-4.5036778004357725,-0.034096163053059424,-0.02897794073893782,-0.01796739506638128,2024-07-22,2024-09-19,739088.0,739147.0,3.148133667860066,0.20564311250162184,0.5108256237659906,0.06949326137924093
2024-09-25,739153.7332740937,0.07894609724695313,13.582413583748998,1.4596721743455516,-0.839692754152795,-0.0110329926354344,-0.0019289830474158041,-0.010863054399952712,2024-07-29,2024-09-19,739095.0,739147.0,4.682140979847098,0.4423650344107988,0.5108256237659906,0.061002305386470466
2024-10-01,739159.8962686305,0.6045436375988492,8.675764500065453,0.575996567585439,-0.02371797191313431,0.004287710306027242,0.0031810443226417953,-0.002874963771215321,2024-08-05,2024-09-19,739102.0,739147.0,2.0735541555700845,0.38545351947961193,0.5108256237659906,0.024126684157543196
2024-11-19,739208.1761371152,0.07066608791862207,13.010340369818302,4.10345982095307,-2.7248875051700905,0.05346568756830408,0.05345403691480884,-0.0011161024423229687,2024-04-04,2024-09-20,738979.0,739148.0,2.768917556309809,0.2768189469165831,0.4844451970858867,0.39975309795309005
2024-11-23,739212.137042109,0.20118304648798718,14.183305232031703,1.757504797075846,-0.559455410870677,0.028178469075666894,0.028031127321452864,-0.002877849985112876,2024-04-11,2024-09-20,738986.0,739148.0,2.844521246227252,0.28161904101395285,0.4844451970858867,0.37717247249343133
2024-11-12,739201.8904887653,0.011498469443533168,3.5325966258448234,6.362540209145389,-5.749788865283874,-0.09512789298744878,-0.06512880495354002,0.06933653286367329,2024-04-18,2024-09-20,738993.0,739148.0,0.7617410564905037,0.19673879434225638,0.4844451970858867,0.5410639181469208
2024-11-21,739210.8192633495,0.9712475688834086,7.842556081318173,0.5550997786507688,-0.002369712694642721,0.0006498086195937055,0.00028554063607504277,-0.0005837103624642421,2024-04-25,2024-09-20,739000.0,739148.0,1.5112226349159747,0.4516297465468746,0.4844451970858867,0.419844853731437
2024-11-26,739215.064257977,0.975096159337633,5.223114627518649,0.45440904633767965,-0.0012912815139355452,-0.0007775216919693625,-0.00014930829905024416,-0.0007630511210381797,2024-05-02,2024-09-20,739007.0,739148.0,0.9411767745446913,0.31004612532831916,0.4844451970858867,0.49207786091572114
2024-11-10,739199.3872729104,0.09744793682017486,11.398090726224552,3.198981533275305,-1.8497486095713587,-0.046893123392469,-0.04328358594594047,-0.01804151349420851,2024-05-09,2024-09-20,739014.0,739148.0,2.327544605024138,0.3372438883865248,0.4844451970858867,0.2549156222934036
2024-11-13,739202.5691433317,0.31667827359406947,5.23841235471267,1.3175396107056438,-0.23497271447784096,0.008381437750841795,0.0068180099199462345,-0.004874755327475493,2024-05-16,2024-09-20,739021.0,739148.0,1.0022705288334814,1.6947962595521298,0.4844451970858867,0.34023954573124193
2024-10-11,739169.0997534951,0.1720689666600557,2.9223687067681574,1.9254607823630459,-0.8039030142493664,0.0432684551495433,0.041563080831095306,0.012027864434548561,2024-05-23,2024-09-20,739028.0,739148.0,0.8838036060963409,1.0939558862936865,0.4844451970858867,0.288434961325921
2024-10-10,739168.8777348248,0.28344225827274744,6.881663763836515,0.9830642916380733,-0.20572626793082335,0.019591988411052596,0.003969822777191186,-0.019185580966353692,2024-05-31,2024-09-20,739036.0,739148.0,2.027031206445354,0.43249628624586717,0.4844451970858867,0.23304612469119532
2024-10-11,739169.3822977373,0.7555080137041286,5.693171791072201,0.5762263566282941,-0.011044411511949273,0.0025396311614982615,0.002376315606264195,-0.0008960192943671686,2024-06-07,2024-09-20,739043.0,739148.0,1.6099050704968592,0.577107501059021,0.4844451970858867,0.20389373664806765
2024-09-21,739149.0472906673,0.3732608646568086,7.754302181291416,0.5614529269721251,-0.059086102997112346,0.02022235128066391,0.019555184714182935,0.005151528133743934,2024-06-14,2024-09-20,739050.0,739148.0,5.614564923552394,0.14064472023371996,0.4844451970858867,0.13619554716243204
2024-09-29,739157.5586061204,0.12784720628266524,7.531954293123539,1.2509211730372187,-0.5631459583562489,0.046514765822614414,0.04200271659450904,0.019984875236388453,2024-06-24,2024-09-20,739060.0,739148.0,2.7847046722709052,0.20550088621613238,0.4844451970858867,0.14048007758043754
2024-10-19,739177.9776225723,0.20326621423197572,8.17893952058619,1.1819677468651437,-0.3569415525991322,0.018800602704200527,0.009686036516846097,-0.016113452722353334,2024-07-01,2024-09-20,739067.0,739148.0,1.7037901188107685,0.47183867783943345,0.4844451970858867,0.19556522876861165
2024-10-21,739179.0259644124,0.14212949582786408,11.002181966116547,1.3742840414857358,-0.5624833506517435,0.03138218745939695,0.026585016491238917,-0.016675688528432223,2024-07-09,2024-09-20,739075.0,739148.0,2.11845048951618,0.23154310433184996,0.4844451970858867,0.11969711424381665
2024-10-07,739165.6176343338,0.45816515511290945,7.537207212305861,0.5709244044650419,-0.033631294980925326,-0.009296880824482151,-0.003858247661576406,0.008458482017866096,2024-07-16,2024-09-20,739082.0,739148.0,1.8681767061591115,0.21989630309858785,0.4844451970858867,0.07825765085358559
2024-10-10,739168.3519004598,0.12240507961545102,6.935229729579342,1.2977021269417663,-0.5764748288569441,0.0167095441591302,0.015530032973078872,-0.006166598889258577,2024-07-23,2024-09-20,739089.0,739148.0,1.5019281089072987,0.6089117235359869,0.4844451970858867,0.08576178867513012
2024-09-22,739150.760615534,0.22653968125563023,7.992655206920268,0.7046570875767877,-0.16424526987032312,0.01570066186960633,0.01103702190692478,0.011166688433451187,2024-07-30,2024-09-20,739096.0,739148.0,3.80033321734399,0.2965023344482881,0.4844451970858867,0.03663083425532287
2024-09-26,739154.7922347684,0.5768715237105361,11.116169466212263,0.5838140567305002,-0.031115685993643234,0.0014756929599969747,0.001331314332239549,0.0006366096613767315,2024-08-06,2024-09-20,739103.0,739148.0,3.594045841972123,1.094226723409254,0.4844451970858867,0.038698010818470345
2024-11-06,739195.364270896,0.2480831165488649,9.718626903428516,1.2504669323363113,-0.304415718647748,0.025322927100936612,0.007428547001067304,0.024208827448108344,2024-04-05,2024-09-23,738980.0,739151.0,2.4437324880242763,0.3068636652650519,0.4953214372300254,0.28789994550160225
2024-09-29,739157.9626360597,0.7293397249200687,9.424699377918731,0.5160429049303494,-0.010693843206940994,-0.0031723414390097174,-0.0031681360363648775,0.00016329194941725776,2024-04-12,2024-09-23,738987.0,739151.0,4.801290291787081,0.2608652621257485,0.4953214372300254,0.32341522396671074
2024-11-04,739193.0146639801,0.9427834855523713,9.403221920388201,0.5661558470155348,-0.003419492492640912,0.0009556850484556418,0.0007716077215660998,-0.0005638753726323172,2024-04-19,2024-09-23,738994.0,739151.0,2.3277036646699187,0.3587419328596052,0.4953214372300254,0.2265900352126449
2024-12-05,739224.1480607035,0.738036895849136,6.424661318083473,0.6090214975813814,-0.008299743288910099,-0.0017159752184555072,-0.00012187310040539864,-0.0017116418719320386,2024-04-26,2024-09-23,739001.0,739151.0,1.140463779023203,0.5556246227197948,0.4953214372300254,0.5152858152674672
2024-11-04,739193.6914479294,0.013213464751166585,14.883440529128142,19.987508297678378,-18.54642027651561,0.051577697083711606,0.024914196737075883,0.045161284718278225,2024-05-03,2024-09-23,739008.0,739151.0,3.4823044720794383,0.3192357525299434,0.4953214372300254,0.4257183661284388
2024-11-07,739196.6301590027,0.25952496905501127,8.37045462852954,1.2433059621533622,-0.28547927567506504,0.02096412001519383,0.011156429460348713,0.0177490396840988,2024-05-10,2024-09-23,739015.0,739151.0,1.8403048744507615,0.4222095477833501,0.4953214372300254,0.2652781916378177
2024-09-25,739153.6200559761,0.8484972892425957,11.941657717691188,0.5172383362418419,-0.007194609588639329,0.0008033579641012645,0.0005597252463126144,0.0005762739514546982,2024-05-17,2024-09-23,739022.0,739151.0,7.444022708577107,0.6363323008874101,0.4953214372300254,0.3338154158506568
2024-10-20,739178.2034955238,0.20542827720397733,9.181512987144613,1.415815312992153,-0.454559940491479,-0.028911004875733406,-0.02429022798657186,-0.01567899956263288,2024-05-24,2024-09-23,739029.0,739151.0,2.4870537560314547,0.3517822673398483,0.4953214372300254,0.20979704624786935
2024-10-06,739164.5643659333,0.8249635709428318,8.441843273363272,0.5191745240855771,-0.006439154771818791,0.0024289613877891644,0.001056583146559841,-0.002187118075865218,2024-06-03,2024-09-23,739039.0,739151.0,2.989923624804397,0.2590632079809678,0.4953214372300254,0.11716419019955317
2024-10-06,739164.2115962624,0.25080135554604693,11.499988220515759,0.9560737354130292,-0.23093245002498677,0.02315961149481242,0.022456747987943945,-0.005662338244632081,2024-06-10,2024-09-23,739046.0,739151.0,4.010841226035703,0.21746340172989054,0.4953214372300254,0.2533739455390235
2024-10-28,739186.7400145294,0.965196523544533,2.247049597156235,1.4738947450818853,-0.02098107016506316,-0.008513233153282894,-0.001379106078572301,-0.008400785983835084,2024-06-17,2024-09-23,739053.0,739151.0,0.47193688306110226,1.0586105045429637,0.4953214372300254,0.19713685885816049
2024-10-11,739169.8257809625,0.6677978596112767,11.383154254720841,0.547253275902412,-0.012932098539584673,0.004580549324515415,0.00430886175110579,-0.0015540728825174717,2024-06-25,2024-09-23,739061.0,739151.0,3.1786398574087373,0.1656280324442386,0.4953214372300254,0.09702299755188125
2024-10-27,739185.0729369288,0.5551486388272059,9.179416801158057,0.7109368024159504,-0.033317099292921766,-0.00471431887146513,-0.0021509557653023523,-0.00419501987093802,2024-07-02,2024-09-23,739068.0,739151.0,1.8032408396846185,0.4274077749594032,0.4953214372300254,0.17593917955383132
2024-10-23,739181.0545100394,0.3469334245710883,3.274237663311154,0.7350632657621444,-0.07829743441196814,-0.015540101312897688,-0.010655914873309464,-0.011311331797268905,2024-07-10,2024-09-23,739076.0,739151.0,0.6521531605139231,0.5338627620393166,0.4953214372300254,0.1416013139062565
2024-10-22,739180.2246315846,0.18208129480583193,9.590232814540977,1.1127657549437198,-0.34881233692680985,0.019600393613424198,0.019535090958957856,-0.0015986403680637658,2024-07-17,2024-09-23,739083.0,739151.0,1.8346708207402822,0.337880576602246,0.4953214372300254,0.09007946770351566
2024-10-10,739168.8958483608,0.2319596492158969,3.8197716579387766,0.6740984486964976,-0.11716046737792678,0.020300770629060695,0.016980666480693574,-0.011125567581259986,2024-07-24,2024-09-23,739090.0,739151.0,0.9019087638377399,0.3504641606409368,0.4953214372300254,0.06817253977097586
2024-09-24,739152.9185785834,0.5964957429035583,10.832466776167815,0.5422569332442113,-0.0238629898943497,0.003306776096616431,0.002749757303841362,-0.0018367370315657283,2024-07-31,2024-09-23,739097.0,739151.0,5.814003068126171,0.39737455129331595,0.4953214372300254,0.046715900901391216
2024-09-24,739152.4114955011,0.10587966999924996,14.455822005349138,1.1344278744510046,-0.5487243440199838,-0.004466065885668464,-0.0004453224122940113,-0.004443808326676598,2024-08-07,2024-09-23,739104.0,739151.0,8.133230739632664,0.899909609166901,0.4953214372300254,0.052347372048057755
2024-09-24,739152.7702105091,0.8342655759847435,3.4206719078178143,0.4425136263987473,-0.003944361529182226,0.002230820448371575,0.0022122674020287345,-0.0002871111540741473,2024-04-08,2024-09-24,738983.0,739152.0,2.9374213456686586,0.43122606196860397,0.631103900063019,0.5118010416550339
2024-10-30,739188.7340890174,0.7156218140919129,2.751231648936514,0.43315007515401266,-0.0032141170089569245,-0.004460650021083812,-0.0026972766095827994,-0.0035527591393158817,2024-04-15,2024-09-24,738990.0,739152.0,0.7392430807141505,0.1874217310161805,0.631103900063019,0.5676871939561973
2024-10-28,739186.0733642587,0.5616466137529211,10.803439128191197,0.7610133563518092,-0.03649070254597168,0.0064942287450595205,0.005595082369089616,-0.003296977445518833,2024-04-22,2024-09-24,738997.0,739152.0,2.946432285963965,0.29211627818915364,0.631103900063019,0.21645738654905092
2024-10-08,739166.9324514039,0.07897627746703441,10.589321722646133,2.6594041602702103,-1.7008370399970962,-0.05049532403022369,-0.046515643171862846,0.019648732509381258,2024-04-29,2024-09-24,739004.0,739152.0,4.027630624814026,0.25121181311957974,0.631103900063019,0.34010964285978196
2024-11-23,739212.6608587505,0.07791111642768313,10.54420549088259,3.9628069286002052,-2.529324464785801,0.0532929230150535,0.051738574591400785,0.012777149241457422,2024-05-06,2024-09-24,739011.0,739152.0,2.015957575224565,0.3506877294109428,0.631103900063019,0.3021798035541035
2024-11-20,739209.3200012506,0.7762219418061513,14.365912573880863,0.771937771612094,-0.011908565592426852,0.001659954539626771,0.0016419781279075408,0.00024363271763203954,2024-05-13,2024-09-24,739018.0,739152.0,2.755800120793501,0.38762872664051407,0.631103900063019,0.21579792958513727
2024-10-09,739167.4113507428,0.0023394858613343676,6.356709762697314,79.86883862491698,-78.79706758362153,-0.05860671851209642,-0.0438977895864744,0.03882951872194304,2024-05-20,2024-09-24,739025.0,739152.0,2.249635666413103,0.4948239281718628,0.631103900063019,0.3092340891533596
2024-09-28,739156.8791447952,0.7592747385640366,13.77474490711044,0.5648693543643365,-0.012176958396385528,-0.0007048076850520225,-0.0006159466931814924,0.00034258363076360696,2024-05-28,2024-09-24,739033.0,739152.0,7.090696512979566,0.952321473895615,0.631103900063019,0.3646987761461511
2024-09-24,739152.9172513363,0.916612646757214,12.226249922602747,0.5109492289442692,-0.0052653344210423616,-0.0006478933628326785,-0.0000907928565190576,0.0006415001689849713,2024-06-04,2024-09-24,739040.0,739152.0,9.365519686321415,0.6092773100517711,0.631103900063019,0.3313659404733084
2024-10-20,739178.1217588682,0.6968649254839264,5.665265942085788,0.6781377176048811,-0.01817689609454498,0.0033008264259126244,0.003253855883566873,0.0005548666353101035,2024-06-11,2024-09-24,739047.0,739152.0,1.4546921714026895,0.6773690383789654,0.631103900063019,0.22072325254371356
2024-11-01,739190.7374530346,0.37332025879450464,5.467622806954163,1.3184003084872453,-0.19297239847459513,0.017590363247125904,0.017511923299588398,0.0016593437001328894,2024-06-18,2024-09-24,739054.0,739152.0,1.0975437624525843,0.74903722031274,0.631103900063019,0.21714109010169225
2024-11-02,739191.8869346664,0.17659706818434343,7.352201524360259,1.7243758277626735,-0.6376675976031754,-0.024250856018714906,-0.01842728105239863,0.015765130213745503,2024-06-26,2024-09-24,739062.0,739152.0,1.3814845184823508,0.6315872625781526,0.631103900063019,0.21855208598425477
2024-09-28,739156.6151843042,0.6653939306370783,13.835380917919574,0.5067956511287366,-0.011525061742106267,-0.003480739587326552,-0.0011596862018737682,0.003281870806105232,2024-07-03,2024-09-24,739069.0,739152.0,6.481722263150004,0.15924266698323536,0.631103900063019,0.193786592499198
2024-10-29,739187.4641199496,0.5794364983613668,11.635494819060929,0.6755486237034262,-0.025634959972629854,-0.005029747425614071,-0.004626610873000866,-0.0019730258476009744,2024-07-11,2024-09-24,739077.0,739152.0,2.1040111265002066,0.2538092566719875,0.631103900063019,0.1213055303585277
2024-10-17,739175.4099591096,0.2936033271063339,7.168042983611095,0.8590342245101795,-0.1475654929891186,0.010040424059765636,0.004231059878474361,0.009105396619845026,2024-07-18,2024-09-24,739084.0,739152.0,1.554029807893857,0.6019953395257028,0.631103900063019,0.12446489133131981
2024-09-27,739155.1329987186,0.33318550901203065,11.256607233031163,0.6788946359829122,-0.09816314386791547,-0.009048167214450746,-0.0028961825743498005,0.008572132548945675,2024-07-25,2024-09-24,739091.0,739152.0,5.408616839018746,0.32111931810445365,0.631103900063019,0.07878602568467405
2024-09-29,739157.8079427911,0.9818939112395064,6.6308419960671205,0.5127706131500837,-0.004109896376719242,-0.0008011199096804612,-0.0007730930941925074,-0.00021004803593055842,2024-08-01,2024-09-24,739098.0,739152.0,2.4609397269377884,0.7596774489979307,0.631103900063019,0.0693509535856808
2024-10-17,739175.2245142369,0.9344311267435836,8.705671408165996,0.6460239164400878,-0.0071880101686309615,-0.0006503745502446298,-0.0006424908869760986,-0.00010095799006800106,2024-08-08,2024-09-24,739105.0,739152.0,1.5330966596124822,1.186288089708147,0.631103900063019,0.04661444592136335
2024-11-19,739208.6419948183,0.42157864582637006,13.814841835631489,0.9875704557818324,-0.09250460714914738,-0.010088305453802045,-0.00543840355267336,-0.008496921426462755,2024-04-09,2024-09-25,738984.0,739153.0,3.0684397911834207,0.2798194039617222,0.6415424082069425,0.4475434517146895
2024-12-10,739229.3250920691,0.7977612158686289,10.70665859451383,0.7325274066756404,-0.008348189729084101,-0.0015535279790708553,-0.000778155067718895,0.001344590596553232,2024-04-16,2024-09-25,738991.0,739153.0,1.9402523011001955,0.40039827305282777,0.6415424082069425,0.33906380357522314
2024-11-11,739200.6756699592,0.5699885613659502,7.106481471093836,0.7320351471576944,-0.029153911722572076,0.00456938716944426,0.0022153650492376083,0.003996430507702878,2024-04-23,2024-09-25,738998.0,739153.0,1.6368129632493216,0.5117412065651347,0.6415424082069425,0.4925321890603304
2024-11-10,739199.5745473682,0.9591348863810865,9.614439211358192,0.588584014721602,-0.003164215132136663,0.0008933910974824105,0.0005944302401492182,0.0006669335369112642,2024-04-30,2024-09-25,739005.0,739153.0,2.187799845001995,0.3533296738500493,0.6415424082069425,0.29185407081143455
2024-10-14,739172.7570644299,0.275365567855777,7.6975782055687505,1.0220754356105273,-0.21774321671647326,-0.022973757783761088,-0.018038843196081726,0.014226513376583145,2024-05-07,2024-09-25,739012.0,739153.0,2.5682950216577907,0.33905341347460377,0.6415424082069425,0.3102080574594778
2024-11-09,739198.9663677927,0.6767396072368538,12.194918821635847,0.7845612541378983,-0.02078579225585006,0.002944495400695958,0.0014116351050850319,0.002584054855224869,2024-05-14,2024-09-25,739019.0,739153.0,2.649031663450865,0.39174041893143186,0.6415424082069425,0.2283939138496443
2024-11-22,739211.7845795449,0.6177181107477051,7.000350907893392,0.9174524817032849,-0.03288224327963953,-0.0022813599338147084,-0.0014073681026623313,0.0017955272683041273,2024-05-21,2024-09-25,739026.0,739153.0,1.2820506192050778,1.271856612085549,0.6415424082069425,0.3161601578854932
2024-10-20,739178.1598021567,0.7473223822801044,8.769990123874411,0.6336785351974633,-0.012060470298356442,-0.0023894294683998543,-0.0003497341708775821,0.0023636960875244063,2024-05-29,2024-09-25,739034.0,739153.0,2.436590753336238,0.43010937933342164,0.6415424082069425,0.21992035030142648
2024-11-06,739195.2720658445,0.8371435291743619,4.787690952106827,0.8554535678123579,-0.012643828298719358,-0.0021437696148489853,-0.0016036127273941548,-0.0014227348249372567,2024-06-05,2024-09-25,739041.0,739153.0,0.9864586771072027,1.0312745360889233,0.6415424082069425,0.24800878332227652
2024-11-01,739190.0231995843,0.6986969850660824,7.055995367807525,0.7378617243449985,-0.018630942576308197,0.0029485615009321947,0.0015076728802588726,0.0025339568683999795,2024-06-12,2024-09-25,739048.0,739153.0,1.5098078593535191,0.6256842441481538,0.6415424082069425,0.2250563819279202
2024-11-04,739193.3031138693,0.5380164153123063,9.134414822230564,0.8518251685646429,-0.04715120852604258,-0.005418132465945968,-0.00038665213234451563,-0.00540431860155295,2024-06-20,2024-09-25,739056.0,739153.0,1.7819975691279295,0.5125756911679392,0.6415424082069425,0.24732877953476443
2024-10-08,739166.2303327647,0.5544690182934836,3.6069348939505956,0.7470116858051223,-0.0460287783756257,-0.008609345957151312,-0.008580907840841598,0.0006991841223174421,2024-06-27,2024-09-25,739063.0,739153.0,1.1793810307409232,0.8218608064522455,0.6415424082069425,0.21846848107166617
2024-10-14,739172.9454312,0.5804591662774218,6.260396846387739,0.6803283108433529,-0.03015833996046547,-0.0041600338322452775,-0.0037010313684400537,0.0018995389691312142,2024-07-05,2024-09-25,739071.0,739153.0,1.6255205225977936,0.6721719412659527,0.6415424082069425,0.2301073793634183
2024-10-29,739187.9819357562,0.49016945544939483,13.28605404775901,0.7325836977700781,-0.04436962590089735,-0.007800159434418334,-0.000629684406428612,-0.007774701585954675,2024-07-12,2024-09-25,739078.0,739153.0,2.4221737713504012,0.20986137668321947,0.6415424082069425,0.1343864406090441
2024-10-15,739173.8099565427,0.9746473460836445,13.73611645344983,0.5584154903776595,-0.0037625647229912163,-0.001161518508144297,-0.0009068368199783722,-0.0007257907595810703,2024-07-19,2024-09-25,739085.0,739153.0,3.1722808209849407,0.22984834731963896,0.6415424082069425,0.10923476709997836
2024-10-14,739172.7980754051,0.7746873719262257,6.647477656914741,0.6287085556268306,-0.011875850868508401,-0.000947569640136142,-0.00029729381358848886,-0.0008997247419682039,2024-07-26,2024-09-25,739092.0,739153.0,1.4879081481183134,1.4605727309369072,0.6415424082069425,0.12457961701997497
2024-10-18,739176.7488647547,0.8946849484534716,9.97498432252663,0.646912678477791,-0.007710300656957891,0.0006035840607135342,0.0003483056610825495,0.0004929471419993095,2024-08-02,2024-09-25,739099.0,739153.0,1.8827751053600015,1.1457542059607335,0.6415424082069425,0.07606190240824755
2024-10-09,739167.5288273348,0.41170842608172487,10.544549984345752,0.8683021852951687,-0.10696338430530447,-0.007068262761343716,-0.004887777213126686,0.005105876259589319,2024-08-09,2024-09-25,739106.0,739153.0,2.4222901717944256,0.5908594081430947,0.6415424082069425,0.04340420832173436
2024-10-31,739189.6889715919,0.6158834543733488,11.389130298103794,0.717030367192813,-0.024868005204070287,-0.005001271100081377,-0.004754462236077233,0.0015517092067216258,2024-04-10,2024-09-26,738985.0,739154.0,3.1660411473197927,0.26888620915064254,0.5772115498258023,0.30618200447060095
2024-10-11,739169.6071181005,0.07993674827897991,12.41830326357757,2.581526502511296,-1.6247731530440037,0.02174798021257129,0.016677700469066813,-0.013958114141619592,2024-04-17,2024-09-26,738992.0,739154.0,4.806385568231817,0.480903592661953,0.5772115498258023,0.591393885052993
2024-10-02,739160.4461091217,0.7236213527033323,9.708794802793356,0.5652052051401931,-0.012890513981930205,-0.003409487520383463,-0.0009705010949623271,-0.0032684450089189975,2024-04-24,2024-09-26,738999.0,739154.0,4.976626073426093,0.2817910403365442,0.5772115498258023,0.3064966152537337
2024-11-26,739215.6435072372,0.9319777008901711,11.73768588417514,0.661958390947029,-0.004002390855873564,0.0009054406534736002,0.0009034000945031669,0.00006075398105778161,2024-05-01,2024-09-26,739006.0,739154.0,2.286643370119532,0.35098014240707825,0.5772115498258023,0.286025550017245
2024-10-25,739183.2690233025,0.970163897480169,7.725628844098552,0.5425532095578744,-0.002885091458699031,-0.0009453417277866158,-0.0009409578879982012,0.00009093533586317682,2024-05-08,2024-09-26,739013.0,739154.0,2.165091821657577,0.3832498788059331,0.5772115498258023,0.3350854539953933
2024-10-24,739182.2853922512,0.35271959241351764,5.733792656715783,0.968125412929572,-0.13899623050489146,0.010952224485887084,0.010501469929033294,0.0031097187202179647,2024-05-15,2024-09-26,739020.0,739154.0,1.5942548528303344,0.7807073815152109,0.5772115498258023,0.32017480164123535
2024-11-14,739203.5155200976,0.0018091362156327233,2.1430849501773093,648.1968201257949,-642.6009922753586,0.469779235882641,0.09630724642451614,-0.459801527566629,2024-05-22,2024-09-26,739027.0,739154.0,0.4335577707977694,1.1547273590365752,0.5772115498258023,0.3345446320742024
2024-10-21,739179.151661795,0.07399795155650214,2.611300926934579,7.137572875569437,-5.012351972699521,0.13350263880177296,0.1245309997684737,-0.048114287521494686,2024-05-30,2024-09-26,739035.0,739154.0,0.725616020297373,1.0639335023488024,0.5772115498258023,0.2715043552967323
2024-11-01,739190.9400499294,0.738126526280024,7.693079082913896,0.7019732563524549,-0.01391231233198035,-0.0021634040634831574,-0.0014614861460797949,-0.0015951098353130001,2024-06-06,2024-09-26,739042.0,739154.0,1.707104936757526,0.6170101296148304,0.5772115498258023,0.2384566858667252
2024-10-17,739175.2374691804,0.4600800278530518,2.446991314923581,1.520452415957719,-0.18677366257848357,0.035276934010188984,0.010161486520908595,-0.03378174455004688,2024-06-13,2024-09-26,739049.0,739154.0,0.6941561736650945,0.9954644509380398,0.5772115498258023,0.2369301301509792
2024-10-14,739172.6628616207,0.2976482808323713,3.726409908920319,1.2553748756466796,-0.275755472146599,-0.025666130990200268,-0.019995698463680628,-0.016091063450116617,2024-06-21,2024-09-26,739057.0,739154.0,1.0818570753276022,0.8581762385206503,0.5772115498258023,0.2413515979573905
2024-10-10,739168.3907056974,0.9749000048810925,6.438581261441551,0.5760730628882155,-0.004397350749976486,-0.0012765128324196357,-0.001275971619022717,-0.000037167711532287136,2024-06-28,2024-09-26,739064.0,739154.0,2.0305660475274867,0.521597876073328,0.5772115498258023,0.217209380959941
2024-10-04,739162.2493518279,0.374755351292639,11.622183768875631,0.6819055388490916,-0.07487099643087736,0.011216641214936188,0.00976830667724895,-0.00551300506110948,2024-07-08,2024-09-26,739074.0,739154.0,4.383914024909684,0.21523400626420877,0.5772115498258023,0.19451847533264413
2024-09-30,739158.9616908001,0.6540635785182379,10.51129699038709,0.5395754244732612,-0.014424624753643235,0.0044870360758688934,0.0036572878775039323,0.002599564988072371,2024-07-15,2024-09-26,739081.0,739154.0,4.608023039261026,0.20003621203768643,0.5772115498258023,0.17306025125783367
2024-10-10,739168.1331670721,0.07574845776367335,3.315668714406037,2.058577351567849,-1.2489413681843582,-0.03700896364476048,-0.03614221043111383,0.007962663826401891,2024-07-22,2024-09-26,739088.0,739154.0,0.9156556394636441,0.770970552996166,0.5772115498258023,0.09688657846548435
2024-10-13,739171.7818624426,0.5313136558592902,6.06669060981336,0.7652393214015365,-0.04964622411873445,0.001784166089740357,0.0012998844884346311,0.0012221084045641916,2024-07-29,2024-09-26,739095.0,739154.0,1.4123873038208348,2.436969387376541,0.5772115498258023,0.10958018799279386
2024-09-27,739155.1983287402,0.2629815740846518,3.636329698758221,0.8235419555695446,-0.190064403817824,0.005347833359312856,0.00528029633637123,-0.000847226203020181,2024-08-05,2024-09-26,739102.0,739154.0,2.1952175967523853,2.570306942534761,0.5772115498258023,0.05426333633586854
2024-10-17,739175.7522922432,0.6276166809043205,9.57405297070685,0.8182124319352747,-0.03855777541766761,0.002398292258564897,0.002349539100249365,0.0004811151357957034,2024-08-12,2024-09-26,739109.0,739154.0,1.7085432012845476,1.0539221102173466,0.5772115498258023,0.05492948248953092
2024-10-03,739161.3667640117,0.5365698843270509,10.874766041819122,0.6102757677829415,-0.03247158556605995,-0.004868310762620358,-0.0024642872022287406,-0.004198540016050444,2024-04-11,2024-09-27,738986.0,739155.0,5.738875997061107,0.3291027972639426,0.5947751187645038,0.5894103616134312
2024-10-01,739159.3521714965,0.3252375492821081,9.462475345022606,0.8134699482384131,-0.13684806762696683,-0.01855650086319522,-0.018548365071628787,-0.0005494337588337739,2024-04-18,2024-09-27,738993.0,739155.0,5.487007802599693,0.25347696714100193,0.5947751187645038,0.3204778129812691
2024-11-14,739203.2788009652,0.20525559395765552,3.0324421637086374,1.1914879061725812,-0.33090231262885705,0.028118496554919516,0.02308255950467593,-0.016057561932688147,2024-04-25,2024-09-27,739000.0,739155.0,0.6938194279320649,0.7965447542765497,0.5947751187645038,0.6176907411017386
2024-11-29,739218.5103088624,0.7193354072994501,11.467399256692035,0.768157629056519,-0.01428406159454339,0.0025693221763951435,0.0011938610767102738,-0.0022751070690479737,2024-05-02,2024-09-27,739007.0,739155.0,2.195717708893827,0.34873830562656777,0.5947751187645038,0.29424959192410965
2024-10-21,739179.8527761081,0.2764548424439078,3.3124560049047886,1.228789585266208,-0.27656801936918995,-0.005386769891300933,-0.004608271991088249,0.0027894657405994087,2024-05-09,2024-09-27,739014.0,739155.0,1.0006828167745927,4.284968347909159,0.5947751187645038,0.5216106654882144
2024-11-26,739215.4386320817,0.8402244577705023,14.49252058709467,0.7874212972059152,-0.008598513139639557,0.0010912192354442375,0.00018424960131314643,0.001075551720848167,2024-05-16,2024-09-27,739021.0,739155.0,2.695183558724772,0.4568385448105638,0.5947751187645038,0.24954216190058226
2024-11-16,739205.0945876872,0.7965841161295697,8.14649865368401,0.7200260284260706,-0.009789767727184607,0.0012978468515963022,0.0009804544089064605,0.0008503620418705887,2024-05-23,2024-09-27,739028.0,739155.0,1.637252737598195,0.7375807815177552,0.5947751187645038,0.2712197909800568
2024-10-04,739162.0019212082,0.7095856863085644,11.412259509554223,0.6085275630090817,-0.016081905765753284,0.002264868890588158,0.0017522700634942014,-0.0014349845699992954,2024-05-31,2024-09-27,739036.0,739155.0,5.249362101721316,0.4414968955120244,0.5947751187645038,0.3199154396028216
2024-10-08,739166.2257607266,0.5577281085073381,8.013300941775356,0.6674606049799492,-0.033909296388404966,-0.006893747971359159,-0.006604175910533211,-0.001977023428124049,2024-06-07,2024-09-27,739043.0,739155.0,3.0555078262995305,0.3423532507427597,0.5947751187645038,0.19238247295266886
2024-11-18,739207.1465943094,0.9126022917798411,9.636316608489878,0.7091028850579741,-0.005521529394483983,-0.0009439340072381124,-0.00032482314684572185,0.0008862851309222349,2024-06-14,2024-09-27,739050.0,739155.0,1.6918195399279425,0.5539725560490805,0.5947751187645038,0.22782924023255782
2024-11-07,739196.5989856771,0.41761219437829367,10.952685130203678,1.0730678378935168,-0.11246154393072622,0.008425844106876475,0.0029966067373320723,0.007874972823772855,2024-06-24,2024-09-27,739060.0,739155.0,2.0725880802822854,0.5089125850520372,0.5947751187645038,0.25760454240979214
2024-10-22,739180.8780685305,0.7586628714466703,5.765103310317274,0.7038041783533623,-0.01454434636290693,0.0029134400232143625,0.001824176696467178,0.0022716760660211653,2024-07-01,2024-09-27,739067.0,739155.0,1.3595557556458016,0.6569462873106334,0.5947751187645038,0.20928335549636118
2024-09-29,739157.1766057959,0.30005253464749454,10.00551618390757,0.7003866218398326,-0.11087956175638151,-0.01683236916688569,-0.007022473154536346,-0.015297500533228963,2024-07-09,2024-09-27,739075.0,739155.0,5.782269306986034,0.19754409589603347,0.5947751187645038,0.16383093760666104
2024-10-06,739164.1912464983,0.6102521098705976,13.155322913155425,0.5840836164768545,-0.01964629117108753,0.0032824111490656767,0.0032643323601402197,0.0003440308039290081,2024-07-16,2024-09-27,739082.0,739155.0,4.586948140811122,0.2776485271379649,0.5947751187645038,0.20778759947828906
2024-10-21,739179.9111242996,0.3322696720038392,7.6173487579341765,0.998958206854083,-0.15935831156060046,-0.004999065367947811,-0.004977217807767847,-0.0004668591297744989,2024-07-23,2024-09-27,739089.0,739155.0,1.5694547881432843,1.3905056782318967,0.5947751187645038,0.15233750291305648
2024-10-11,739169.3484761094,0.33795394345792623,13.212445884984877,0.9773920816540166,-0.1674094885387967,0.012264128163289357,0.011992056099840654,-0.0025689355974531057,2024-07-30,2024-09-27,739096.0,739155.0,3.430924730379875,0.34915453405792046,0.5947751187645038,0.05055377194812448
2024-09-28,739156.318855984,0.4819200043145301,8.42077660915269,0.6621542042820332,-0.055305096030975255,-0.006643067578672817,-0.005309440642267642,-0.003992516364531333,2024-08-06,2024-09-27,739103.0,739155.0,4.958134301521897,0.47645214672570857,0.5947751187645038,0.03818468669173384
2024-09-27,739155.0932636132,0.9921437505594877,5.351876053176163,0.5688978610658733,-0.007628612462649635,0.0019452840122401787,0.0019325348102743171,0.0002223490394745545,2024-08-13,2024-09-27,739110.0,739155.0,5.264886405893032,0.7269944408516218,0.5947751187645038,0.05000129227614736
2024-12-10,739229.310175231,0.8718238709949118,13.539729952570434,0.7326942695098442,-0.005796567215341774,-0.0011265757299448907,-0.0005850438039698044,-0.0009627547053831541,2024-04-12,2024-09-30,738987.0,739158.0,2.6358479936169883,0.3313059525004579,0.5904130616843382,0.3691107208593441
2024-10-08,739166.716607681,0.9577190297710281,4.839446571960237,0.49566487190757247,-0.002764269259161804,0.0010447177029348255,0.0007927258832062803,0.0006804562828868885,2024-04-19,2024-09-30,738994.0,739158.0,2.3002074672567256,0.5236291404487966,0.5904130616843382,0.5412014416231564
2024-10-02,739160.7346818347,0.0038293901082970825,7.35917347400653,36.31658250906353,-35.46480034224311,0.07275123680926962,0.07240892257333456,0.007049141014852001,2024-04-26,2024-09-30,739001.0,739158.0,4.764053586681899,0.2536633414086496,0.5904130616843382,0.35853382970628556
2024-10-06,739164.2147772562,0.8612996588928232,13.480988840711301,0.5454182825579309,-0.006115526118278584,-0.0008798970308340661,-0.0003439211223799413,-0.0008098994051433343,2024-05-03,2024-09-30,739008.0,739158.0,6.917952682084932,0.4440526836972825,0.5904130616843382,0.6046243010999354
2024-10-12,739170.8469212572,0.14806934371992078,5.9929688675790285,1.6058770227017338,-0.6924424907745912,0.02928847210282528,0.024269108781585374,0.01639588232043492,2024-05-10,2024-09-30,739015.0,739158.0,2.3804919857364313,0.5841308230440906,0.5904130616843382,0.3636088623643088
2024-11-19,739208.7662637105,0.0631492592915699,9.48385385554069,5.38067521314481,-3.7737121900748605,0.04819426459610103,0.02391312973207452,0.04184315196511814,2024-05-17,2024-09-30,739022.0,739158.0,1.9661863877913277,0.5213829499561088,0.5904130616843382,0.2594881034674422
2024-10-27,739185.9973424276,0.60280524747555,11.916214419794613,0.7865817366687938,-0.03228061521486958,-0.004689637574327615,-0.0005957322577649373,-0.004651645263302407,2024-05-24,2024-09-30,739029.0,739158.0,3.2698343417137483,0.34820999846115563,0.5904130616843382,0.20433911606123462
2024-10-31,739189.3395012866,0.9374781662630154,4.229642841607766,0.7734314266065725,-0.007329060950674959,0.0014567386052531826,0.0006985290608492666,0.0012783366204501966,2024-06-03,2024-09-30,739039.0,739158.0,1.0555395898443591,1.1151265839652849,0.5904130616843382,0.2595198099478014
2024-11-11,739200.7010231463,0.4623100910630501,7.421696034425386,1.054129336835336,-0.08909044949275752,-0.008293257542648414,-0.007828503933365056,-0.0027372699600117386,2024-06-10,2024-09-30,739046.0,739158.0,1.5205245820557483,0.6691696070679746,0.5904130616843382,0.22433503996981272
2024-10-11,739169.3884562866,0.8528430167007306,2.7586761785314664,0.7576892727978297,-0.014807855657700817,0.004698750383592255,0.00449165141035567,-0.0013796096459355027,2024-06-17,2024-09-30,739053.0,739158.0,1.0205146116486414,0.9742674007878225,0.5904130616843382,0.22191072661382685
2024-11-08,739197.6286521029,0.17587002117039144,8.796371266184234,1.9309339814706985,-0.7232764324447293,-0.023377503669983923,-0.023306646664636742,-0.0018187630659018603,2024-06-25,2024-09-30,739061.0,739158.0,1.7327826281171548,0.6185779641159372,0.5904130616843382,0.2540157917052023
2024-11-05,739194.394870099,0.7319116380255136,7.786448774897137,0.7592077159793063,-0.016138692354979042,0.002547331145167357,0.00017453402607728975,-0.002541344887432811,2024-07-02,2024-09-30,739068.0,739158.0,1.5428475161361395,0.5955279640756849,0.5904130616843382,0.22032461039174905
2024-10-29,739187.5950547904,0.7482262073622231,8.938438776720819,0.6903193327698188,-0.01270542798262871,-0.0019315835583288787,-0.0015309353159335595,-0.00117781666707254,2024-07-10,2024-09-30,739076.0,739158.0,1.8881691700475343,0.5506137402145849,0.5904130616843382,0.23340330060691128
2024-10-12,739170.4606786412,0.13991054625368007,3.4813440991381417,1.3293271460399305,-0.5420738445845048,-0.03510064225005041,-0.028360934979260802,-0.020681210154828107,2024-07-17,2024-09-30,739083.0,739158.0,1.0796731619993916,0.6206501869706622,0.5904130616843382,0.10096184741281895
2024-10-08,739166.7111519346,0.06299175314493956,7.556382221833317,2.7044327192983353,-1.833343856999253,-0.02715915766966109,-0.0069236364038202285,0.02626181837331919,2024-07-24,2024-09-30,739090.0,739158.0,2.6162652295197537,0.5627265541569071,0.5904130616843382,0.09455415732390134
2024-10-22,739180.1049370167,0.6595909199719813,10.03219313537238,0.7606689459309728,-0.026395864920846987,0.0019515523269690652,0.00012135947449782004,0.0019477752341705095,2024-07-31,2024-09-30,739097.0,739158.0,2.11447922462848,0.8892717186549632,0.5904130616843382,0.09163741400824862
2024-10-21,739179.1039944809,0.29694639977945575,5.27926226065789,1.4726357803322474,-0.34256853011383204,-0.01050509668936771,-0.01050098092648177,-0.00029403407052671526,2024-08-07,2024-09-30,739104.0,739158.0,1.0665857254785724,1.8342234318714588,0.5904130616843382,0.051143110850852824
2024-10-04,739162.6909292142,0.6111363975478169,2.116778659232541,0.7357738623985862,-0.04057846685814107,-0.004616929528561143,-0.0044921045847937215,0.0010663182784586642,2024-08-14,2024-09-30,739111.0,739158.0,0.808432523244584,2.537494386529711,0.5904130616843382,0.055419760701658265
2024-11-29,739218.2880040101,0.05504974893457494,13.733742702152357,6.69019662102711,-4.898205893486479,-0.05578793813693406,-0.015766199637584407,-0.053513745809447996,2024-04-15,2024-09-30,738990.0,739158.0,2.9103284835320866,0.3519355689510612,0.5904130616843382,0.42560889165369803
2024-12-10,739229.7980216949,0.3209718087487217,8.079866348785675,1.374076299215649,-0.21895914808556763,0.00853741483395165,0.0037275415835134234,0.0076806826382917245,2024-04-22,2024-09-30,738997.0,739158.0,1.5126821548737217,1.018824600469253,0.5904130616843382,0.6436195812283287
2024-11-25,739214.8515255748,0.4117825322663412,2.3798227213096657,0.543550170233185,-0.02013632438619824,-0.024427873831477445,-0.022783650303225284,0.008810578799768088,2024-04-29,2024-09-30,739004.0,739158.0,0.49644567978895543,0.14263228639499323,0.5904130616843382,0.6001038219294154
2024-11-23,739212.7794622651,0.7161035558285099,11.018215838904897,0.775441449052235,-0.015167004225354053,-0.002562916438013677,-0.0019862709807863454,0.0016196506595950756,2024-05-06,2024-09-30,739011.0,739158.0,2.286453448133523,0.3846182750390515,0.5904130616843382,0.3291774863074131
2024-12-07,739226.7670118558,0.09731098850200606,12.59399921236754,4.384681230908724,-2.542936133866894,0.03864294886211762,0.02015005340717622,-0.03297351731993696,2024-05-13,2024-09-30,739018.0,739158.0,2.2258725047756096,0.5084677529329358,0.5904130616843382,0.2999947341640765
2024-11-27,739216.9884109052,0.2767669086451812,8.364816957725637,1.6485986753905413,-0.35769992059839173,-0.014886265065659278,-0.013038172031162412,0.007183798277435279,2024-05-20,2024-09-30,739025.0,739158.0,1.5710614780295744,0.7950433637482228,0.5904130616843382,0.27581355397513013
2024-11-26,739215.6982867374,0.5111639080150462,7.538126151086773,1.1223095127506113,-0.07182098469627077,0.0050817677781975325,0.0022011388287386494,-0.004580322216629059,2024-05-28,2024-09-30,739033.0,739158.0,1.3828191666369472,0.9583702432005872,0.5904130616843382,0.2636863082599181
2024-10-26,739184.6053139076,0.17609665875972816,13.12806702809405,1.8567415839747718,-0.7119455937297593,-0.02734151438957553,-0.023589950461645293,-0.013822902963288383,2024-06-04,2024-09-30,739040.0,739158.0,3.5371336987957704,0.3492806859565796,0.5904130616843382,0.28055947575350426
2024-11-21,739210.013512866,0.38728436682220446,13.93937569044579,1.2332485504211084,-0.14829427218027222,-0.01048651756665239,-0.003845244095629466,-0.009756082642164116,2024-06-11,2024-09-30,739047.0,739158.0,2.5342815772323117,0.3928979216313887,0.5904130616843382,0.23510619854989856
2024-10-06,739164.4622971999,0.61757647375771,13.124765450232625,0.6293216084018007,-0.023687045499927752,0.0040129589123104326,0.0032834206537260564,0.002307160168383826,2024-06-18,2024-09-30,739054.0,739158.0,5.929656818049409,0.27774443987052955,0.5904130616843382,0.2922677198935127
2024-11-02,739191.5481637778,0.6312713334635963,5.265424059046006,0.9237466489710049,-0.03701389045421167,0.005374386023206201,0.004306623420690474,-0.003215123611744104,2024-06-26,2024-09-30,739062.0,739158.0,1.1322218438142566,0.8256929811136233,0.5904130616843382,0.2064280760032711
2024-10-25,739183.9957624116,0.9042725511577241,3.8570284640932613,0.7867936639608162,-0.009512760308439519,0.002350248962074222,0.0014437228009512013,-0.0018545443261741078,2024-07-03,2024-09-30,739069.0,739158.0,0.9127939842767043,0.9489409510485106,0.5904130616843382,0.1982307653303523
2024-11-07,739196.5707121642,0.1296022960739356,7.461254022331168,2.1503466339646735,-1.0064602496259256,-0.030611961907144138,-0.02590749489853048,-0.016306254011484705,2024-07-11,2024-09-30,739077.0,739158.0,1.3435498113851578,0.5710923365621408,0.5904130616843382,0.16983870616210184
2024-10-08,739166.2691931378,0.7610455345006113,6.617773710079497,0.6019645123711335,-0.011548603283558164,-0.002910573474687524,-0.001602756649991424,-0.0024295285700034227,2024-07-18,2024-09-30,739084.0,739158.0,2.4198027196721474,0.45629911346717994,0.5904130616843382,0.1383997970192318
2024-10-23,739181.1373799755,0.33294768392016133,8.549452470870943,1.0459697829653014,-0.17047473833985938,-0.005726932764164327,-0.00031657484284631387,0.0057181762174784035,2024-07-25,2024-09-30,739091.0,739158.0,1.8503793123476537,1.1592461013812116,0.5904130616843382,0.12950696618650992
2024-10-19,739177.1439887021,0.3512868397719536,13.452576450799786,1.0642628245413632,-0.17102915374637145,-0.007602685013948293,-0.007601662265176944,0.0001247005513175106,2024-08-01,2024-09-30,739098.0,739158.0,3.0387411445214894,0.5874346508202803,0.5904130616843382,0.0670780547933117
2024-10-16,739174.8649426842,0.6319407215684872,14.428638687624726,0.7909947642424201,-0.03513900981080728,0.0028401221315425755,0.002832327706382289,-0.00021027003052547958,2024-08-08,2024-09-30,739105.0,739158.0,3.2639197407668856,0.5418804548532392,0.5904130616843382,0.049441363173660074
2024-10-18,739176.7183369889,0.6005479161772304,12.977169498810857,0.8646632617817781,-0.04706411952422036,-0.003209538027863329,-0.0005449476820872435,0.003162936353467861,2024-08-15,2024-09-30,739112.0,739158.0,2.562189293830966,0.67860194458284,0.5904130616843382,0.05271328772932453
2024-12-14,739233.7918276248,0.47832745204921945,13.430853823088148,1.1223854118704362,-0.0766301167691068,-0.007666232766552994,-0.005821435613034137,-0.004988187269366361,2024-04-16,2024-10-01,738991.0,739159.0,2.5169994017601574,0.35599112421255813,0.5491355900439334,0.3508071102139968
2024-11-18,739207.3456024011,0.5888212218376859,9.25676418231847,0.8065851473782586,-0.030528462348440182,0.004994754142554982,0.004542917614880864,-0.0020759259353299,2024-04-23,2024-10-01,738998.0,739159.0,2.1592260615208363,0.38878998444670504,0.5491355900439334,0.3410098560966812
2024-10-13,739171.0070519731,0.8013907693803055,7.219548453572417,0.5686907072903183,-0.0077143372496533726,0.002349490346924383,0.0023379646147999094,-0.00023243569053475318,2024-04-30,2024-10-01,739005.0,739159.0,3.017960462932523,0.36446787645869555,0.5491355900439334,0.3484015100468512
2024-10-21,739179.0747765438,0.07483154905486102,2.0878011770630436,3.4199657473011453,-2.2520823522012154,-0.00465654917292913,-0.0046354615432326485,-0.0004426584248810295,2024-05-07,2024-10-01,739012.0,739159.0,0.704102009321845,17.334673707242807,0.5491355900439334,0.5722767251368439
2024-12-03,739222.679920756,0.8924548244194073,3.8632122931717374,0.8573821389655243,-0.007267840440292259,-0.0004606905579639253,-0.00010429072297237743,0.0004487306935111655,2024-05-14,2024-10-01,739019.0,739159.0,0.7148732979454182,3.644464633034903,0.5491355900439334,0.4756670570300207
2024-12-03,739222.1982494004,0.9307209569345516,13.422186270788961,0.7705385936023764,-0.005058817521032132,-0.0005881801508768501,-0.00056017539914009,0.00017933045498117413,2024-05-21,2024-10-01,739026.0,739159.0,2.420000344113082,0.5963962183806355,0.5491355900439334,0.28891717783014625
2024-10-26,739184.0141025854,0.17342217890409908,4.9236283839335195,1.9237427833709273,-0.7590890092106759,-0.029453965339383735,-0.028620007974654024,-0.006959254108333627,2024-05-29,2024-10-01,739034.0,739159.0,1.4036899407480714,0.907754276835785,0.5491355900439334,0.2790093852473655
2024-11-01,739190.7543432434,0.49632561452693846,8.931807534453174,0.9236817139322261,-0.06506385283431777,-0.0055007000968144955,-0.005111713330868892,-0.0020317697650354613,2024-06-05,2024-10-01,739041.0,739159.0,2.204763290733292,0.6572780699603284,0.5491355900439334,0.2831672458520329
2024-11-09,739198.357441286,0.09619518012390785,12.285990694620684,3.3630969903283465,-1.9639710985071586,0.04086892160936112,0.005811012273466256,0.04045368821096205,2024-06-12,2024-10-01,739048.0,739159.0,2.620849978177696,0.37625739495429095,0.5491355900439334,0.241093559632557
2024-10-20,739178.9101368615,0.4800436448529478,14.769927141977787,0.8034307658765393,-0.059371646599993215,-0.007619512091148768,-0.006222226512611594,-0.004397824659182722,2024-06-20,2024-10-01,739056.0,739159.0,4.278814320671993,0.25325282743860533,0.5491355900439334,0.24857531711084221
2024-10-19,739177.2147614891,0.3954273909946465,14.611074894375546,0.835581968851217,-0.09091069495536834,-0.010383794486792582,-0.00816970660087944,0.006409296529221512,2024-06-27,2024-10-01,739063.0,739159.0,4.269126950530924,0.23694277801647137,0.5491355900439334,0.21043897644431794
2024-11-02,739191.6065730352,0.9488896726931895,12.0815876376266,0.6581299626567197,-0.004676467451620894,0.001222195336015696,0.0011236341228917767,-0.0004808407192114119,2024-07-05,2024-10-01,739071.0,739159.0,2.5151187126512005,0.30051697275949185,0.5491355900439334,0.17761214037445594
2024-10-21,739179.7381566155,0.8074683271830263,3.2712953041243367,0.6180382079985938,-0.006744847133795745,-0.003953073430792553,-0.0034137871232780893,-0.0019932001972152004,2024-07-12,2024-10-01,739078.0,739159.0,0.82804444838069,0.4211559837337304,0.5491355900439334,0.10604805105247926
2024-10-31,739189.0748833868,0.17635025710116528,11.22483237848011,1.6276332339646256,-0.5906743249844769,-0.023756971084100784,-0.007357290312814304,0.02258902287270898,2024-07-19,2024-10-01,739085.0,739159.0,2.217781899571179,0.39061890421574214,0.5491355900439334,0.11830170399427016
2024-10-31,739189.6966743375,0.9417787516987799,2.4706727483719857,0.5169843040079146,0.0010052254207548387,0.004380349760840917,0.0019051650552764329,0.00394433899905328,2024-07-26,2024-10-01,739092.0,739159.0,0.4552357297831229,0.08747588323572066,0.5491355900439334,0.08254146336958018
2024-10-03,739161.5671454303,0.6324594637324229,9.224784113353218,0.6437357507438672,-0.0271325608360015,0.0037120164326673527,0.00031522444385065823,0.003698607784882238,2024-08-02,2024-10-01,739099.0,739159.0,4.688521220984465,0.5011380509772325,0.5491355900439334,0.05684181102880267
2024-10-06,739164.8638584719,0.7118038854328591,14.15312604752129,0.6680339460073847,-0.021536732324079925,-0.001349030559779252,-0.0003762682871100409,0.0012954943563495745,2024-08-09,2024-10-01,739106.0,739159.0,5.195302033646167,0.8029084012723001,0.5491355900439334,0.06307081407078548
2024-10-20,739178.9391496896,0.8983022826336127,3.1634258516291904,0.7251221778781617,-0.008868392211472313,-0.0018073810698434783,-0.0011852491925981531,0.0013644818368428297,2024-08-16,2024-10-01,739113.0,739159.0,0.602179709400481,1.3933493088140025,0.5491355900439334,0.05917392973759801
2024-12-06,739225.4533316852,0.32624156746641836,7.924896039863657,1.3131531070077975,-0.20283050667341873,0.009495614320379538,0.00939773732423353,0.0013598619437667073,2024-04-17,2024-10-02,738992.0,739160.0,1.603908261024857,0.8793381797302847,0.5365279731893587,0.6384117672796079
2024-10-25,739183.2539714271,0.9992633202293411,6.314754202816416,0.5376408665608076,-0.0023480062534634873,-0.000794252237515605,-0.0005647920886603702,0.0005584321922894503,2024-04-24,2024-10-02,738999.0,739160.0,2.0802387415147705,0.4678043951224917,0.5365279731893587,0.4993789543699408
2024-11-07,739196.9927820915,0.20168861366715213,4.843632037039676,1.6569650532985805,-0.5330429679454124,-0.004270568726452032,-0.0018031588163549299,0.0038712240351536902,2024-05-01,2024-10-02,739006.0,739160.0,1.2654225056644586,5.197407164394514,0.5365279731893587,0.637388105789202
2024-10-06,739164.423789851,0.7547018742639804,9.654734203809905,0.5898493333727481,-0.011795382455166186,-0.0029637095251322195,-0.0007936981406416938,-0.0028554539763234444,2024-05-08,2024-10-02,739013.0,739160.0,5.428934797473465,0.3111082282636944,0.5365279731893587,0.22398422606994822
2024-11-23,739212.0522343474,0.48700933665972845,9.613714655541198,0.9882513353252218,-0.06708815805336531,-0.006716289331737887,-0.001688205276710916,0.00650065422333026,2024-05-15,2024-10-02,739020.0,739160.0,1.997536750896069,0.5060139979506395,0.5365279731893587,0.26116780452774374
2024-11-15,739204.132184137,0.56707891140309,14.260505003859427,0.9387265886256396,-0.044956354727187904,0.004628715948967604,0.002635218736784592,-0.0038053427632115462,2024-05-22,2024-10-02,739027.0,739160.0,3.1541203745377717,0.386223905204467,0.5365279731893587,0.2200022757578718
2024-10-11,739169.2257827198,0.371289940134574,9.605287778856958,0.8567377349399216,-0.11431430924085002,-0.015078495824038722,-0.0002623090958868884,-0.015076214055715947,2024-05-30,2024-10-02,739035.0,739160.0,4.093204529641654,0.29305246430190895,0.5365279731893587,0.21750030853137226
2024-10-18,739176.0521435678,0.08915796129710964,14.087979931461778,2.805481878188386,-1.7073047949179063,0.02975541443873959,0.026856352836068218,0.0128109718899763,2024-06-06,2024-10-02,739042.0,739160.0,4.758754736726773,0.3631252606088338,0.5365279731893587,0.358326626296955
2024-11-26,739215.4761051104,0.13341750470285788,14.298693995690964,3.0560580490506113,-1.4560506568024447,0.029698471861646415,0.02727561370680014,0.011749047954384223,2024-06-13,2024-10-02,739049.0,739160.0,2.5007739607224555,0.45746600150702954,0.5365279731893587,0.2754778959885901
2024-10-25,739183.8211595617,0.9073030259686021,3.171057589115417,0.8610022302959389,-0.011638822237365329,-0.0031379297557322214,-0.0017193721048890378,0.0026249500408272756,2024-06-21,2024-10-02,739057.0,739160.0,0.8439436119042014,1.0612410674063932,0.5365279731893587,0.2470269890441768
2024-11-12,739201.7362135882,0.9779910817325987,13.837070728364484,0.668904402395721,-0.003738779061681519,-0.0008680747331992242,-0.0008184494820491997,0.0002892994776218947,2024-06-28,2024-10-02,739064.0,739160.0,2.6294089405796655,0.30441315761359455,0.5365279731893587,0.18584576281017895
2024-10-21,739179.0287422001,0.6185784561873809,4.615735793375203,0.7531728447091475,-0.03005051775231181,-0.005064771186368855,-0.003246014046385411,0.0038878400148335325,2024-07-08,2024-10-02,739074.0,739160.0,1.254934359976422,0.7951443510187219,0.5365279731893587,0.19195777444309675
2024-10-09,739167.496045308,0.23641561834039188,13.154331817855505,0.919673067407665,-0.2141451161963973,0.009256042880489923,0.007898601265148525,0.004825601295140569,2024-07-15,2024-10-02,739081.0,739160.0,5.120309473787949,0.4158054598394065,0.5365279731893587,0.21663857971524256
2024-10-30,739188.0298139964,0.5035338605270908,8.376338565370144,0.8768899049268486,-0.05911463997538628,0.0031010126311551843,0.0022110553498019365,0.0021742846130845513,2024-07-22,2024-10-02,739088.0,739160.0,1.696014624952136,1.1459507975198968,0.5365279731893587,0.1711618728801642
2024-10-19,739177.9011563128,0.8725824781746963,8.204419576661444,0.6561988968956273,-0.008144557845326375,0.0006584298064853252,0.0005484756884691131,-0.00036428591686563355,2024-07-29,2024-10-02,739095.0,739160.0,2.001468998475718,1.315578159954209,0.5365279731893587,0.12882372091575192
2024-10-24,739182.49544444,0.6223635363320837,2.3093954218879014,0.7374845897439077,-0.024471885956384477,0.005768850331559428,0.00569902794029131,0.0008948266221521985,2024-08-05,2024-10-02,739102.0,739160.0,0.4685871642499525,1.1432047169617656,0.5365279731893587,0.07386036138402764
2024-10-03,739161.3628125773,0.7021308786534103,2.153681903766185,0.6289176103551167,-0.01911529649475203,-0.003353498145220408,-0.002480097750806876,-0.002257225056665683,2024-08-12,2024-10-02,739109.0,739160.0,1.2506431884957625,1.8583156414129078,0.5365279731893587,0.06706826810088115
2024-10-10,739168.7278782035,0.9529630134925984,4.160721269971743,0.6613584995389846,-0.008205759407639308,-0.0014857735465481777,-0.00030016336611996626,-0.001455137445488185,2024-08-19,2024-10-02,739116.0,739160.0,1.1910463450939686,1.2649506416745715,0.5365279731893587,0.052807024384130936
2024-10-27,739185.3886157055,0.09295075739112414,10.544642711920307,2.9068996806942557,-1.7218742510460578,-0.05316984901003769,-0.009374648388398781,-0.05233687811996527,2024-04-18,2024-10-03,738993.0,739161.0,3.4662219264946303,0.28546776084865383,0.5072690106511436,0.27174081832982355
2024-11-05,739194.7517928728,0.9614457880050844,9.882541917185819,0.6200011675922199,-0.003561499964987708,-0.0008848493947706336,-0.00020211642600324433,0.0008614565582579491,2024-04-25,2024-10-03,739000.0,739161.0,2.756731625177779,0.3915792969599099,0.5072690106511436,0.358556282861138
2024-11-13,739202.9869814537,0.6858378834311986,3.104155847812228,0.6651183619410317,-0.012876887869218713,0.0030045117384994114,0.002380093027530071,-0.0018336433587487775,2024-05-02,2024-10-03,739007.0,739161.0,0.7611645033267385,0.9469236464514523,0.5072690106511436,0.6171864126620736
2024-10-07,739165.2983411847,0.6472087220184778,10.470751120898054,0.6346048232250068,-0.021863039713059498,-0.004107606059081645,-0.0014293779613832366,0.003850883818049584,2024-05-09,2024-10-03,739014.0,739161.0,5.934346870179694,0.3289942307520016,0.5072690106511436,0.28405965774104686
2024-12-04,739223.9960108415,0.20285093760746348,8.839297054206865,2.164340536866788,-0.6968944677477136,0.01989005677039969,0.01231425377447688,-0.015619651478426286,2024-05-16,2024-10-03,739021.0,739161.0,1.646138525275849,0.8040633825105095,0.5072690106511436,0.3079035783168906
2024-10-03,739161.9910355964,0.07160181632628795,9.355710831583679,2.2222087060086033,-1.4424642312485823,-0.06077794191866696,-0.05724190734147863,0.02042846709321159,2024-05-23,2024-10-03,739028.0,739161.0,7.306229446404675,0.18163783306310466,0.5072690106511436,0.3729664500536647
2024-11-23,739212.3938827503,0.20991306312033237,3.306369237241988,3.9004084677279587,-1.3645019192623673,-0.06943017969871143,-0.04695842607149943,-0.051141529835182706,2024-05-31,2024-10-03,739036.0,739161.0,0.6489408437657247,1.2477109199548524,0.5072690106511436,0.32115967407335755
2024-10-27,739185.9006969268,0.695287463224925,10.004763124945388,0.7093045899534002,-0.017601120460598814,-0.0028933745425953313,-0.0010905396046150006,0.002679988734025743,2024-06-07,2024-10-03,739043.0,739161.0,2.782165929178842,0.42275937507146705,0.5072690106511436,0.22960516272879267
2024-10-19,739177.2667637118,0.5327815393166532,7.608353348552838,0.7773649285883286,-0.04635245939986558,-0.005801563826397435,-0.005250604375336432,0.0024676500005999967,2024-06-14,2024-10-03,739050.0,739161.0,2.491031224399924,0.5594821072393035,0.5072690106511436,0.27615578571983684
2024-10-06,739164.8393678032,0.8480810633075073,7.98410330886286,0.5750365013824085,-0.007507910143480719,-0.0023094397812634883,-0.0022779752186939386,-0.0003799223687790062,2024-06-24,2024-10-03,739060.0,739161.0,4.202390898397357,0.34532151848872783,0.5072690106511436,0.18998921566665725
2024-10-28,739186.8084657124,0.5916036054359616,5.241853314604095,0.8306327869170822,-0.03806167842653748,0.005113005744571071,0.002984232721871808,-0.004151768635861873,2024-07-01,2024-10-03,739067.0,739161.0,1.2807596367105025,0.8401514928184058,0.5072690106511436,0.22097414514100266
2024-11-14,739203.7903989133,0.14556095057928212,3.1183257661191117,1.1022350765309394,-0.3377133740311543,-0.05946619525372531,-0.0006000188064361581,-0.05946316805709281,2024-07-09,2024-10-03,739075.0,739161.0,0.5468559794967445,0.2650949820637213,0.5072690106511436,0.2100074438911784
2024-10-17,739175.6401145846,0.8829032437856652,10.686702009336084,0.6021312992358966,-0.00613466860193588,-0.0017615546666053473,-0.0013561841889192395,-0.001124206070595841,2024-07-16,2024-10-03,739082.0,739161.0,3.1562404762307996,0.2877162521498099,0.5072690106511436,0.16623182099488024
2024-10-29,739187.0081791101,0.36413642980011046,6.398430033488033,1.0412563740931613,-0.14439234982079152,-0.009847620830705284,-0.004667451927042199,-0.008671247230594382,2024-07-23,2024-10-03,739089.0,739161.0,1.3509727862339027,0.8344562470154541,0.5072690106511436,0.12293100146292028
2024-10-18,739176.4882399379,0.39729000910398715,14.776188099004983,0.9448342068089755,-0.11868812623102569,-0.008875232957389234,-0.002182182514410734,0.008602780917919977,2024-07-30,2024-10-03,739096.0,739161.0,3.8756778646925865,0.3595611369624003,0.5072690106511436,0.06976582558855937
2024-10-07,739165.1541564446,0.1440248739272503,11.788522155230593,1.3549873958342162,-0.5804330947074886,0.017350730048403176,0.015147269075839935,-0.008462155325723114,2024-08-06,2024-10-03,739103.0,739161.0,5.076078941462187,0.4087074494369352,0.5072690106511436,0.08889718998288838
2024-10-08,739166.8662353855,0.29777343198309586,13.63928706674199,0.9280039272338308,-0.18225254355957815,0.008037858116802,0.007793339826799592,0.0019674901397107704,2024-08-13,2024-10-03,739110.0,739161.0,4.930856637538858,0.495025463008361,0.5072690106511436,0.07998583109953764
2024-10-17,739175.5742005928,0.6611667385480161,10.396766053338133,0.7666463677959136,-0.029858441229454028,-0.0013099800232519877,-0.0012919308101821615,-0.00021670819786372145,2024-08-20,2024-10-03,739117.0,739161.0,2.3017517164946635,1.4494898690596851,0.5072690106511436,0.07559646942158843
2024-11-01,739190.6981202867,0.990257461368693,10.001824323892816,0.6014573531458149,-0.0030590028118786116,-0.0008147666974362419,-0.000430362391797184,0.000691833060049726,2024-04-19,2024-10-04,738994.0,739162.0,3.064034566060141,0.3717196400981661,0.5491355900439334,0.3277625660230567
2024-11-07,739196.0047498306,0.47525641429515686,13.257858713502019,0.9408950369814056,-0.07132283969199567,0.008994521295248055,0.008723262576853134,-0.0021922826792967164,2024-04-26,2024-10-04,739001.0,739162.0,3.6852588823170502,0.28425307550652557,0.5491355900439334,0.30179650051276924
2024-10-29,739187.1824681585,0.8013571961010437,10.938215513337342,0.6592233599769879,-0.009255937728865316,0.002201296963705893,0.002171568000289438,0.0003605561572622413,2024-05-03,2024-10-04,739008.0,739162.0,3.416035772365464,0.3080501714623631,0.5491355900439334,0.23754137815290033
2024-12-14,739233.40102481,0.33843960215558694,11.290206957483296,1.4134885238727546,-0.2088240664209001,0.014087680666350138,0.009780174502861368,-0.010139572636488969,2024-05-10,2024-10-04,739015.0,739162.0,2.0089627514467123,0.4443450257265951,0.5491355900439334,0.27149465045535076
2024-11-18,739207.3396413157,0.06512205127365124,10.576084382658085,5.59140763854004,-3.8974849161344167,0.03952676636882046,0.039523355041710576,0.0005192935799789505,2024-05-17,2024-10-04,739022.0,739162.0,2.3700104224849805,0.607150449658981,0.5491355900439334,0.3065047438393821
2024-10-26,739184.7127390762,0.25198204639141003,10.52744894171204,1.3251387005652095,-0.33305996470578386,-0.02406686174998954,-0.008505407501499737,-0.022513815263667365,2024-05-24,2024-10-04,739029.0,739162.0,3.225474566206061,0.3312450700268753,0.5491355900439334,0.21136888565772308
2024-10-10,739168.3589148716,0.8365116382404021,7.633419962290496,0.5802526072054986,-0.007469972836883829,-0.001732005810020256,-0.000655651428712412,0.0016031111408668138,2024-06-03,2024-10-04,739039.0,739162.0,3.6601589356970994,0.47263133261859824,0.5491355900439334,0.23137536906765138
2024-10-21,739179.2857946572,0.35918750008255446,11.712541222912904,0.9416187869604802,-0.13095234337556028,-0.014672060786191574,-0.01278085263280929,0.007205496075365829,2024-06-10,2024-10-04,739046.0,739162.0,3.807648475544167,0.27371099223223216,0.5491355900439334,0.2293405405171379
2024-11-18,739207.6879784947,0.008698167790522017,9.49950272915584,37.31077439054216,-35.529735600825695,0.05858024730191976,0.02879661954553933,0.051013724395534386,2024-06-17,2024-10-04,739053.0,739162.0,1.8438664325241627,0.5553511609892079,0.5491355900439334,0.2608335567158693
2024-10-23,739181.8978024275,0.78411986174428,11.942248338595563,0.644693636850002,-0.009988711808768655,-0.002230257947077192,-0.001600111315029915,-0.0015536068646907453,2024-06-25,2024-10-04,739061.0,739162.0,3.4294439775648065,0.294070015338826,0.5491355900439334,0.1967384597247174
2024-10-06,739164.8088789828,0.6150345786174304,6.130570604087446,0.6364403997329963,-0.02510424755867184,0.004779537064779618,0.00031938179648160147,0.00476885414137173,2024-07-02,2024-10-04,739068.0,739162.0,3.4539699646725395,0.5269385961797307,0.5491355900439334,0.23091404635405857
2024-10-19,739177.0277700169,0.9695358035986676,5.466952928214106,0.6245319881095518,-0.004718581352136119,0.0012994413182492001,0.0011880890840422888,-0.0005263003590657853,2024-07-10,2024-10-04,739076.0,739162.0,1.6579575919367942,0.6439813530433884,0.5491355900439334,0.19685683477697846
2024-11-06,739195.2374017888,0.3379454396669706,12.415885033124566,1.0829139414461282,-0.16200156611353783,-0.013139685114617475,-0.003159525334227186,0.012754164989276118,2024-07-17,2024-10-04,739083.0,739162.0,2.4047346077269713,0.33558548111592934,0.5491355900439334,0.1294934313567752
2024-10-30,739188.8330232027,0.4253908841517461,7.547748645744188,1.0041391825103911,-0.10489111267650615,-0.005536931841839411,-0.0052432835318122935,0.0017792110684798398,2024-07-24,2024-10-04,739090.0,739162.0,1.566202894400992,1.0676779287948999,0.5491355900439334,0.1351741203180033
2024-10-05,739163.7287647518,0.4345346087068783,11.166653579832355,0.7206679628337852,-0.07080521121283335,-0.007639590090256315,-0.007513837150847017,0.0013804303740839955,2024-07-31,2024-10-04,739097.0,739162.0,6.492621251078344,0.36065876759357557,0.5491355900439334,0.08576999129665129
2024-10-27,739185.5367549796,0.5232744912798396,5.134964025136938,0.9153544420871631,-0.06285759869085651,0.0020936446553788176,0.0008314305979927032,-0.0019214762823719117,2024-08-07,2024-10-04,739104.0,739162.0,1.0154315881627733,3.0594754449156336,0.5491355900439334,0.08009303171790141
2024-10-18,739176.4277426868,0.20950482957643662,11.742854382202367,1.4368044369550912,-0.4697486668791322,-0.009186119911264553,-0.009138525094076607,-0.0009338940673669536,2024-08-14,2024-10-04,739111.0,739162.0,2.82544113444563,0.9123338939778407,0.5491355900439334,0.08060315252335128
2024-10-25,739183.2078560714,0.5654465503896623,7.7980256499104055,0.9017247669744805,-0.05373189796884916,0.005059181952626825,0.0005075538104856624,0.0050336578309661106,2024-08-21,2024-10-04,739118.0,739162.0,1.3940074150649997,0.7701206734425101,0.5491355900439334,0.050619592287945436
2024-11-09,739198.6729413142,0.05673835539069351,10.7088860768243,5.189064050226512,-3.7600134335142235,0.048110812573955,0.048015607273202816,0.003025185070665772,2024-04-22,2024-10-07,738997.0,739165.0,3.050745532889653,0.4140751322824578,0.5214201901973866,0.433880505979382
2024-11-11,739200.7992790533,0.27949397379758817,7.2612765113565,1.1886904672625356,-0.2385278897576705,-0.01814684966114614,-0.007324577851819022,0.016602972984284536,2024-04-29,2024-10-07,739004.0,739165.0,1.9695548624978219,0.505938114648153,0.5214201901973866,0.474281726582816
2024-11-30,739219.9240495622,0.35860920197715124,3.9854240456763126,1.1374456973326477,-0.14503909379038096,-0.007781107342234371,-0.0035235459611329335,-0.006937597230393057,2024-05-06,2024-10-07,739011.0,739165.0,0.8474370677143721,1.677222051645271,0.5214201901973866,0.6084378667367017
2024-12-15,739234.0416922967,0.9251826204235527,9.646438647011632,0.7390801890496583,-0.00436960202496322,-0.0005181301712914819,-0.0005022227013104702,-0.00012740185513152716,2024-05-13,2024-10-07,739018.0,739165.0,1.7513854866087337,0.808841565473267,0.5214201901973866,0.41166082881344135
2024-12-05,739224.3487461573,0.7711108436827143,3.1498035752867053,1.1053436499438372,-0.019861833896292164,-0.0021388041385583486,-0.0016614346149517267,-0.001346892038492517,2024-05-20,2024-10-07,739025.0,739165.0,0.6073957566908856,2.273430429064443,0.5214201901973866,0.40991917674584005
2024-11-30,739219.5530035788,0.9994182110585599,3.3126580691967895,1.025219810538362,-0.006473679410000013,-0.001232998758033475,-0.00046476491343731005,-0.0011420505735516714,2024-05-28,2024-10-07,739033.0,739165.0,0.648246726829204,1.584014663054887,0.5214201901973866,0.3567392801962934
2024-11-15,739204.076994087,0.9046408998613107,11.139945716397063,0.7099931480216782,-0.005756663910277842,-0.0007493223720615517,-0.0006514952787656401,0.0003701863301339358,2024-06-04,2024-10-07,739040.0,739165.0,2.543871356309738,0.62387174915122,0.5214201901973866,0.28707902648939554
2024-10-24,739182.400262706,0.06828240497859218,10.05237905307771,3.534185111060662,-2.3890315114641454,-0.05303728575357389,-0.011886582906413649,0.05168813042580673,2024-06-11,2024-10-07,739047.0,739165.0,3.282565717720707,0.30597119327375794,0.5214201901973866,0.233007007711208
2024-10-23,739181.5322797857,0.06691442563987617,10.481346002472513,3.487525143018584,-2.367752564256072,-0.05199412352957181,-0.047937073420073355,-0.0201351899302408,2024-06-18,2024-10-07,739054.0,739165.0,3.408138074717005,0.2907265875248365,0.5214201901973866,0.22663631525950412
2024-10-14,739172.4339745538,0.07480807671032653,5.676623435989602,2.456110880480274,-1.555356398959836,0.02392539038637375,0.01893387188038148,-0.014626441835172518,2024-06-26,2024-10-07,739062.0,739165.0,2.43786500747774,0.8567010337354453,0.5214201901973866,0.31194278979701767
2024-10-09,739167.1936469896,0.985866838457464,4.006074803078899,0.5978218119987382,-0.0050743613290218275,0.0016486536918440308,0.0004226465135038052,-0.0015935585713283435,2024-07-03,2024-10-07,739069.0,739165.0,2.4237064701740283,0.757445087780171,0.5214201901973866,0.21694392994153436
2024-10-29,739187.5202398725,0.3690262328562402,4.091560299253761,0.748610363805131,-0.06997387170368574,0.017676963662802116,0.00043264336202627584,0.017671668400502553,2024-07-11,2024-10-07,739077.0,739165.0,1.0359060290996172,0.35702326644185506,0.5214201901973866,0.1345435030362983
2024-10-07,739165.4025556742,0.09478947064088476,9.646913867272826,1.2772061764125444,-0.6283037610314025,-0.03257381450084959,-0.0031022741472266245,-0.03242575035756624,2024-07-18,2024-10-07,739084.0,739165.0,8.15169895706514,0.18952771975232516,0.5214201901973866,0.16918849361808574
2024-10-16,739174.5456838165,0.9470900148533175,5.3502216505943485,0.6302254762509174,-0.005904926593570201,0.0010241950618792833,0.000049140308215170834,-0.0010230155203546187,2024-07-25,2024-10-07,739091.0,739165.0,1.8471936325034248,1.0205900005790622,0.5214201901973866,0.13302444709765926
2024-10-10,739168.9541473918,0.9383799069447882,4.69645701946479,0.6253383471366589,-0.007298469572787008,0.0008769757927222621,0.000685544601751996,0.0005469141980507887,2024-08-01,2024-10-07,739098.0,739165.0,2.1581305380153712,1.6628479672604963,0.5214201901973866,0.10010571854081872
2024-10-15,739173.0305469537,0.09874812006792769,8.965126930203478,2.059274278054304,-1.1505376639767906,-0.014550038211269808,-0.012565105894896903,0.00733632917741827,2024-08-08,2024-10-07,739105.0,739165.0,3.048744115039456,0.8709818400653125,0.5214201901973866,0.10447896221052771
2024-10-19,739177.0543044341,0.10546284283961452,11.082394467315428,2.1434291800033254,-1.1644932179922485,0.005104489219460025,0.0038155511937417916,-0.003390778565391613,2024-08-15,2024-10-07,739112.0,739165.0,2.9734451432975977,2.170953604019266,0.5214201901973866,0.0984054734588495
2024-10-07,739165.778667145,0.8490231971362954,13.336883190142828,0.6117333036494578,-0.010088943051704938,0.0012688027019477077,0.0003898709286009083,-0.0012074191300048504,2024-08-22,2024-10-07,739119.0,739165.0,8.693444672145429,0.506193756993176,0.5214201901973866,0.08058668378742617
2024-12-24,739243.2707571557,0.8237609998026101,9.044846948282906,0.7785306196215392,-0.007326840145807769,0.0007847054340779772,0.000747487046929458,0.00023880061336643387,2024-04-23,2024-10-08,738998.0,739166.0,1.6627274522047881,0.8503741712741908,0.5365279731893587,0.6776794701495166
2024-12-19,739238.3745277434,0.029175907883232773,12.458490497295614,13.340931433810656,-11.280482973956607,0.0694129447353348,0.04792573760666175,-0.05021235477139118,2024-04-30,2024-10-08,739005.0,739166.0,2.3214782730964147,0.3805801904842372,0.5365279731893587,0.3099651361037974
2024-11-19,739208.0418274456,0.20507661016315498,5.511830349386356,1.8354091600081113,-0.5826759401677372,0.003949052984142254,0.003947758581057604,0.00010110221188920584,2024-05-07,2024-10-08,739012.0,739166.0,1.3506463661404322,5.489773332648515,0.5365279731893587,0.5972436550810524
2024-10-13,739171.3821371888,0.013953739543604241,6.010543336435421,12.006499540589038,-11.036489231205685,0.05398306601697109,0.03924004325025164,0.037072771980404144,2024-05-14,2024-10-08,739019.0,739166.0,3.198232094174334,0.4746246351594334,0.5365279731893587,0.4682854759090699
2024-11-06,739195.3821118701,0.2309644802083642,7.678947915341269,1.5157681569717274,-0.4216576129031447,-0.022270605845166526,-0.014337847895812925,-0.017041302838318974,2024-05-21,2024-10-08,739026.0,739166.0,2.1409139809414706,0.569470704727657,0.5365279731893587,0.25903513906990167
2024-11-16,739205.5138510629,0.840139961792979,3.9588258943055825,0.8821045061205055,-0.01198020871554089,0.0015082916147031473,0.0013585736928311764,0.0006551496898655203,2024-05-29,2024-10-08,739034.0,739166.0,0.9249459681111049,1.6856379801573644,0.5365279731893587,0.3482377412382116
2024-11-12,739201.0889901755,0.6885259814930967,8.756737630008715,0.7976709091120903,-0.019983244352958625,-0.0024315712386728224,-0.002355690107046148,-0.0006027128738510498,2024-06-05,2024-10-08,739041.0,739166.0,2.115383733706722,0.6461851846869389,0.5365279731893587,0.2522955058806532
2024-10-10,739168.4020162205,0.3815109294894282,8.960111493392105,0.7649459712331266,-0.09017198913662552,0.015264481418904277,0.0009325156580888978,0.015235970843221439,2024-06-12,2024-10-08,739048.0,739166.0,5.582296850555822,0.25152616303059877,0.5365279731893587,0.22713790787407412
2024-11-18,739207.8455390151,0.9224665548082553,2.7146919141319543,1.2459940568108403,-0.015021306150776011,0.004148320702748102,0.0025819147582611685,0.0032468878690095964,2024-06-20,2024-10-08,739056.0,739166.0,0.5568685608341339,1.230454201522998,0.5365279731893587,0.3223218105570955
2024-10-16,739174.7755907433,0.8619406329202419,10.62605623731213,0.5940875181000226,-0.006495755916660664,-0.001793870119515431,-0.001722408871920472,-0.0005012760553028178,2024-06-27,2024-10-08,739063.0,739166.0,4.303263700352195,0.2937270516635142,0.5365279731893587,0.19661102413802314
2024-10-30,739188.834904564,0.8640035309901117,12.597245385098784,0.6615833132197291,-0.007029317611373661,0.001734677190208535,0.00007022382309403752,0.0017332551943957477,2024-07-05,2024-10-08,739071.0,739166.0,3.2900521637369295,0.27792935987155376,0.5365279731893587,0.18377473365105396
2024-11-03,739192.3431308831,0.013557048170434797,2.3126746263659475,-32.931805365663884,31.633378018712033,0.36017580936613997,0.0933580941509257,0.3478661810367041,2024-07-12,2024-10-08,739078.0,739166.0,0.5403306786737958,0.5148510870810756,0.5365279731893587,0.11067804464635528
2024-11-16,739205.8070123988,0.8652397651516175,12.422636266746919,0.7161034060892978,-0.006909679433197856,-0.0008080718758349402,-0.0008076902872557165,0.000024830553521362278,2024-07-19,2024-10-08,739085.0,739166.0,2.1949066362293252,0.5955669768210143,0.5365279731893587,0.18628808711961112
2024-10-14,739172.9555718274,0.700604034678039,14.388250539096388,0.6637707524982195,-0.018658849334929797,0.0030635928725497846,0.002699552060808928,-0.0014484543347030698,2024-07-26,2024-10-08,739092.0,739166.0,5.6203833623612285,0.2965640131424431,0.5365279731893587,0.09715708874069745
2024-10-29,739187.071342767,0.48979496066449213,11.944605938897581,0.915832804112887,-0.07090083922836993,-0.0033734612509585043,-0.00028984727282094095,-0.0033609863686359636,2024-08-02,2024-10-08,739099.0,739166.0,2.718935010321955,0.8618231100460274,0.5365279731893587,0.09272090910497884
2024-10-25,739183.0096456475,0.06207530509496141,7.674360646734839,4.278347236987315,-3.0482261758281215,0.028197054753924325,0.023941408154929768,0.014895733360760348,2024-08-09,2024-10-08,739106.0,739166.0,1.8445161160672046,0.8744200330802007,0.5365279731893587,0.08742114205416485
2024-10-21,739179.1486764167,0.8048921260180644,6.220242766311068,0.7187530947812921,-0.01410963562422757,0.0017137710604589419,0.0006523889278928823,0.0015847397055760739,2024-08-16,2024-10-08,739113.0,739166.0,1.599399481951326,1.06535252015665,0.5365279731893587,0.07183385466809107
2024-10-23,739181.0215772783,0.8904670084047914,2.8575850883319696,0.27248838002206804,0.012051144948010361,-0.009002399291885583,-0.0035741125171554174,0.008262500391845982,2024-08-23,2024-10-08,739120.0,739166.0,0.6375096019207506,0.41714659311792235,0.5365279731893587,0.04557561918145003
2024-11-27,739216.3196719721,0.32017428150310684,7.260438144174431,1.2551355303790546,-0.20229689682989296,-0.008617143917447693,-0.00744312121788092,0.004342247785414441,2024-04-24,2024-10-09,738999.0,739167.0,1.7137114404230385,1.0352601292194465,0.5411309732613196,0.635351918720788
2024-10-11,739169.1387667679,0.28833336523085157,2.593764859044588,0.8544114053832308,-0.16050930667585583,-0.006581443451337009,-0.006197360468088572,0.00221542797935744,2024-05-01,2024-10-09,739006.0,739167.0,1.7892741762644455,2.711086431442608,0.5411309732613196,0.6765090220643981
2024-12-18,739237.0312081304,0.09472194827184624,13.262975982917894,4.692960576398824,-2.746758153390921,-0.04410137125748823,-0.044081408515388235,-0.001326789391827876,2024-05-08,2024-10-09,739013.0,739167.0,2.4546112323766884,0.4448135086785973,0.5411309732613196,0.3153255408879619
2024-12-04,739223.6493280494,0.7010094258160312,4.076769923743702,0.9416442540880492,-0.02141301285062732,-0.0004686759557350471,-0.00031132153652081555,0.0003503370553944848,2024-05-15,2024-10-09,739020.0,739167.0,0.8302009230609783,7.856204127227718,0.5411309732613196,0.457374946952432
2024-10-12,739170.524134083,0.4902316066462752,2.705710280829307,0.7592086174697292,-0.05956391135660846,0.005698299538105249,0.00350953670991189,-0.004489295012332262,2024-05-22,2024-10-09,739027.0,739167.0,1.5962782531914068,1.8939039512696707,0.5411309732613196,0.41724195783719076
2024-11-21,739210.9934037385,0.19807355197775306,3.223291690316642,2.9972430644219115,-1.0820903619882332,-0.040748293692962595,-0.040604032133812105,-0.0034257865322125784,2024-05-30,2024-10-09,739035.0,739167.0,0.7112305820900604,1.6318528049370586,0.5411309732613196,0.37866164646413764
2024-11-10,739199.676379942,0.37111935579387306,2.53138873083574,1.7149129316521692,-0.2719688277094525,0.02607206002275325,0.0247622949459416,-0.008159721983023885,2024-06-06,2024-10-09,739042.0,739167.0,0.634094462865598,1.529320623704544,0.5411309732613196,0.3736955553903154
2024-11-25,739214.2569442329,0.04171646211192482,12.63407566735248,8.432878467438295,-6.666510202201935,-0.032319908601576984,-0.010867456382470058,-0.030438049934077598,2024-06-13,2024-10-09,739049.0,739167.0,2.5172937651198204,0.6810710498287231,0.5411309732613196,0.3527004660073456
2024-11-21,739210.9458668479,0.4959515524629686,3.3757743665532116,1.447307815095885,-0.11600361778054323,-0.011186883685258482,-0.006961330346231274,-0.008757068367789642,2024-06-21,2024-10-09,739057.0,739167.0,0.6735459544027402,1.523450171669649,0.5411309732613196,0.34685788740734963
2024-11-15,739204.0433874364,0.6901380642535749,12.743559690500575,0.7966930940202084,-0.019288521019284487,-0.0024886840644996345,-0.001104933976659574,-0.0022299482684846484,2024-06-28,2024-10-09,739064.0,739167.0,2.697227659972165,0.41973422758893647,0.5411309732613196,0.24054673106623964
2024-11-14,739203.2734634512,0.5661288667240795,3.44367256625862,0.6521812392779274,-0.017210354811789244,0.007345025414329002,0.007209013082313311,-0.0014069572545654901,2024-07-08,2024-10-09,739074.0,739167.0,0.6965207935986343,0.38520327445687813,0.5411309732613196,0.24310820861970164
2024-11-14,739203.3383838257,0.5776329954975489,10.57242784110995,0.8067375605720228,-0.03182517363664419,0.0027823896153116915,0.0025867710905832205,0.0010248450108759069,2024-07-15,2024-10-09,739081.0,739167.0,2.0426012258115693,0.624928169293665,0.5411309732613196,0.24547585042896344
2024-10-26,739184.8324223008,0.04918456994358979,2.879511012061656,-0.19210280117646353,0.5372658418126299,-0.11806689300203932,-0.11709903632204412,0.015086646930434624,2024-07-22,2024-10-09,739088.0,739167.0,0.775407310759692,0.07772687905013055,0.5411309732613196,0.09602872070966531
2024-10-30,739188.3669016024,0.23804535205120408,10.777459618119273,1.3117484453789736,-0.3438698751790823,0.013113266777337146,0.013072603641859512,-0.0010318912716248644,2024-07-29,2024-10-09,739095.0,739167.0,2.5295216557264935,0.5791973100093051,0.5411309732613196,0.11486662655217682
2024-10-30,739188.4051344398,0.25607783013081226,7.545082094281986,1.4585766408985625,-0.37912877619917157,0.009686648495825982,0.0009555558427020161,0.009639402062014307,2024-08-05,2024-10-09,739102.0,739167.0,1.6756676548951746,1.3283766105190797,0.5411309732613196,0.09612161781545883
2024-10-21,739179.708491564,0.8336913114469964,6.379544720861611,0.7203854341347191,-0.012948666847038189,0.0012499837424985113,0.00015732726684630175,0.0012400433410237153,2024-08-12,2024-10-09,739109.0,739167.0,1.7426165120582071,1.3537431803231497,0.5411309732613196,0.0818499857197198
2024-10-24,739182.6771361424,0.8178404908432264,3.2846234239757375,0.488060526359782,0.0008750358044319855,-0.00546774126462449,-0.004002199792651941,-0.0037253981473896413,2024-08-19,2024-10-09,739116.0,739167.0,0.7567839589246619,0.03984748272631577,0.5411309732613196,0.06677371114613102
2024-10-31,739189.4699002376,0.5389125907866766,7.167776117667771,0.778261952636647,-0.03761011381719126,0.008536704978109391,0.007844956343373208,0.003366302400831829,2024-08-23,2024-10-09,739120.0,739167.0,1.2876255917212562,0.3312441928917863,0.5411309732613196,0.03743897934725415
2024-12-01,739220.0976750394,0.28219755139247776,10.889661483614724,1.5221026602594845,-0.3107363746822064,-0.02028915628657129,-0.014493952150310357,0.014197718615518095,2024-04-25,2024-10-10,739000.0,739168.0,2.497374970377195,0.39688708665855643,0.5683127146836722,0.3252994103963718
2024-12-09,739228.4327077864,0.8559068859347834,14.621168528208571,0.7856582732234181,-0.0071247414182482585,-0.0011127819667226576,-0.0010986529464936867,-0.00017676370844685988,2024-05-02,2024-10-10,739007.0,739168.0,3.0218554624353358,0.3748033511286207,0.5683127146836722,0.3764404561397699
2024-12-13,739232.0596850218,0.5685521708360252,11.308565377700326,0.9732737211768185,-0.04025369368433045,0.004708205699298021,0.0029315142486868845,-0.0036842129575593414,2024-05-09,2024-10-10,739014.0,739168.0,2.204688704213593,0.42984622565690417,0.5683127146836722,0.2962193429981407
2024-11-05,739194.3953203728,0.7478892327236814,3.6826948990372115,0.7610731611381203,-0.015125915654256541,0.0006856438637929076,0.0002890682214417856,-0.0006217290980076049,2024-05-16,2024-10-10,739021.0,739168.0,1.1033031684760297,4.480171316555187,0.5683127146836722,0.43606007524629276
2024-12-02,739221.5890311535,0.5351783527059873,4.779668880022093,1.2059326424147148,-0.06983794193331763,0.003487978320431802,0.00041651371518265575,-0.0034630202264594127,2024-05-23,2024-10-10,739028.0,739168.0,0.9770480233522529,2.241911078088704,0.5683127146836722,0.38425795852160394
2024-11-23,739212.963222549,0.47986717419637503,5.703399228634273,1.1815596286215824,-0.09198946654082715,-0.005359182361382139,-0.004046189086680035,0.0035141413542116974,2024-05-31,2024-10-10,739036.0,739168.0,1.2436702206321169,1.4441983184019769,0.5683127146836722,0.3432959546689505
2024-10-10,739168.0200619732,0.9300895164487464,6.19020333012529,0.5690458038086575,-0.004989167655929922,-0.0010782481302054332,-0.0004281159524561445,0.0009896139457101852,2024-06-07,2024-10-10,739043.0,739168.0,8.608102530022146,0.6952311446001153,0.5683127146836722,0.27238379435454363
2024-11-26,739215.8152060935,0.8966062590471646,5.173592026748592,0.8982177044565922,-0.008737627887631444,0.0011665747723942949,0.0011520617002906605,0.0001834408305426929,2024-06-14,2024-10-10,739050.0,739168.0,1.0239262158572022,1.298047402761847,0.5683127146836722,0.3154578736825649
2024-11-13,739202.4572427729,0.4039994371650467,9.66892614586056,1.094110481829744,-0.11992509149861011,0.008157158118053478,0.001017132006636992,0.008093495601036697,2024-06-24,2024-10-10,739060.0,739168.0,2.184135208651747,0.6142903526695868,0.5683127146836722,0.273185239177725
2024-11-03,739192.1962532714,0.6746950172757612,4.672131411113637,0.7761171690999419,-0.02203000920672948,-0.002558740230510997,-0.002459615625209908,-0.0007052960679450463,2024-07-01,2024-10-10,739067.0,739168.0,1.2222321486634455,1.2433143165065876,0.5683127146836722,0.2640096515326046
2024-10-12,739170.9075726487,0.45665015747239146,8.458883182311396,0.7022482877710123,-0.05379427473677035,0.008700373014134254,0.008514100160603758,-0.0017906951276760138,2024-07-09,2024-10-10,739075.0,739168.0,4.706659984565289,0.33378650054624387,0.5683127146836722,0.20571688643529135
2024-11-11,739200.5656415215,0.3962054263085738,8.348821655080787,1.0438874836841516,-0.11535318117835552,-0.00920627888512551,-0.0018590028665234407,0.009016633476689925,2024-07-16,2024-10-10,739082.0,739168.0,1.7170307031676866,0.5946216043997764,0.5683127146836722,0.17727240089226556
2024-11-10,739199.024320756,0.11934369800278846,12.048020271348777,2.370648513572486,-1.1813283845700724,0.020576359920905497,0.012300789828825574,0.016494761507269733,2024-07-23,2024-10-10,739089.0,739168.0,2.4274232856825178,0.5687034887346208,0.5683127146836722,0.14790514361362686
2024-10-22,739180.3072830529,0.09509561104694766,9.595771155967666,2.1844483982993745,-1.2309186085913966,0.01654613839665003,0.016541129048526948,0.00040711870636764833,2024-07-30,2024-10-10,739096.0,739168.0,2.938783644633224,0.7372474445594593,0.5683127146836722,0.13012509164064212
2024-10-11,739169.1408148801,0.11646445816952981,13.15404455893746,1.2974700808805641,-0.5932509652583928,0.028787338319140213,0.02465883269669867,-0.01485438714780462,2024-08-06,2024-10-10,739103.0,739168.0,8.499827195089932,0.18246141711853697,0.5683127146836722,0.1530700236324611
2024-11-03,739192.1901641947,0.9136739992286134,9.443751644636972,0.7822659289412556,-0.009202918974977384,-0.0010370751580979858,-0.0009849163670384877,0.00032475318856582344,2024-08-13,2024-10-10,739110.0,739168.0,1.8383277198089614,0.8585430480121697,0.5683127146836722,0.06820011968411675
2024-10-14,739172.1075239378,0.32394713373747536,4.070626355020872,0.7212966182012379,-0.08287574280145533,0.02295599243284021,0.016803264111953597,-0.01564058514763911,2024-08-20,2024-10-10,739117.0,739168.0,1.682147165420165,0.28730571347452677,0.5683127146836722,0.06943053757108872
2024-10-28,739186.0426604018,0.1032390431797792,10.668395200252068,2.271978450740842,-1.2317082423430574,0.011632599646024276,0.011209779108818268,-0.0031077687906576365,2024-08-26,2024-10-10,739123.0,739168.0,2.12423110551203,1.024650937459924,0.5683127146836722,0.09216545330061786
2024-11-13,739202.9012534083,0.5535112313639253,13.2307383033,0.883889158905041,-0.043378491461059925,0.006098554532727296,0.005684460499533108,0.0022089083769809147,2024-04-26,2024-10-11,739001.0,739169.0,3.7573235658790196,0.2975705114632287,0.5716590647110164,0.28799162985770294
2024-11-08,739197.5382568424,0.5429404018435872,2.489353748815701,0.6727833684492559,-0.025604730556034766,-0.007447305779858716,-0.006727506502503,0.0031942165921391265,2024-05-03,2024-10-11,739008.0,739169.0,0.7501300894681824,0.7498710164072495,0.5716590647110164,0.6106676391273289
2024-10-25,739183.7010310958,0.3941958465480918,5.544162608837675,0.8802213993894277,-0.09882343792109885,0.008164792353622573,0.006516264515732835,-0.004919566133184384,2024-05-10,2024-10-11,739015.0,739169.0,2.1531950708105825,0.8605793058441061,0.5716590647110164,0.41531996047823894
2024-10-22,739180.9250918274,0.18168591579210738,10.566241412516343,1.5420062243223684,-0.5607669865268424,-0.031232975753769193,-0.0156902211198639,-0.027005846323440993,2024-05-17,2024-10-11,739022.0,739169.0,4.355168014998102,0.3087235838599992,0.5716590647110164,0.2922454934721691
2024-10-16,739174.5510207589,0.663210046585755,7.148262256316787,0.6525900335243874,-0.019277495383667322,0.0030011933234053577,0.002940999464899216,0.0005980664778395624,2024-05-24,2024-10-11,739029.0,739169.0,3.7162869041567332,0.5959464746976781,0.5716590647110164,0.2919123652474895
2024-10-19,739177.2292931135,0.4802829492019062,13.452600253015246,0.8016549417418051,-0.06213022158216735,-0.006538406825661806,-0.002768638167094736,-0.005923293553215744,2024-06-03,2024-10-11,739039.0,739169.0,6.040353530379647,0.3392515923198946,0.5716590647110164,0.34002816652759227
2024-12-09,739228.378702904,0.39396480062926587,13.472459260322406,1.3675535175751035,-0.1551458923182754,-0.007620301288575491,-0.007180149800145098,-0.0025523402155946226,2024-06-10,2024-10-11,739046.0,739169.0,2.4061228788168867,0.5953586676989459,0.5716590647110164,0.29429662934502226
2024-10-19,739177.9065673633,0.8481526852921824,3.359931492938787,0.6851916899032199,-0.010453877232338578,-0.002177824567500055,-0.0018479710312670446,0.0011523553767847031,2024-06-17,2024-10-11,739053.0,739169.0,1.412154769225198,1.2117084090645238,0.5716590647110164,0.3118209115418531
2024-11-23,739212.3251316283,0.8597522666053488,10.183712651245981,0.7837346974246406,-0.008076494967591798,0.0011754297459965232,0.0003147569436180693,-0.0011325030482156162,2024-06-25,2024-10-11,739061.0,739169.0,2.027116306712746,0.5800874138903275,0.5716590647110164,0.23562574075256015
2024-11-05,739194.9457753598,0.6494290128019832,11.211711029527345,0.7799867201380256,-0.023924984945867544,-0.003142578781656564,-0.0021847427710823923,0.0022589157627324855,2024-07-02,2024-10-11,739068.0,739169.0,2.8331820780666637,0.4409864955093638,0.5716590647110164,0.23856644335074517
2024-11-12,739201.2366227353,0.7122597559825888,8.927634615141137,0.7784493533155674,-0.01695594324596123,-0.002252620543719607,-0.00048209240143836247,-0.0022004286469829042,2024-07-10,2024-10-11,739076.0,739169.0,1.9282749368215797,0.6005316663137613,0.5716590647110164,0.22562724473928014
2024-11-18,739207.2467633282,0.7957263982308864,7.437058168908213,0.7580291542453954,-0.010444634079104304,-0.0019188912725398575,-0.00014164067400593503,-0.0019136566137363247,2024-07-17,2024-10-11,739083.0,739169.0,1.3945826698969024,0.5823786554709931,0.5716590647110164,0.11699894935085799
2024-10-29,739187.1946533204,0.6827192243026704,7.67551951667391,0.7402192040033228,-0.020755914477220593,-0.0014998573437789429,-0.00148610704020359,-0.00020262753205068558,2024-07-24,2024-10-11,739090.0,739169.0,2.046892968522844,1.2309099163616664,0.5716590647110164,0.15901188405644626
2024-10-17,739175.1689768324,0.4808694044465204,2.4971805355929613,0.6328114550984265,-0.02950866112728271,0.013253980313687356,0.009710171986518468,0.009021117123053219,2024-07-31,2024-10-11,739097.0,739169.0,1.009231744354064,0.428726559200385,0.5716590647110164,0.08964883322915305
2024-10-14,739172.0428899976,0.275667912331157,13.974095892623318,0.8967212458363879,-0.18040982379627654,-0.013501516636292803,-0.010773823500562132,-0.008137301681689479,2024-08-07,2024-10-11,739104.0,739169.0,6.910847371685465,0.2635967944704487,0.5716590647110164,0.11811605440900656
2024-10-17,739175.346163947,0.7230043381474817,9.119817451902517,0.6833847897689508,-0.01832602051655019,-0.0016172817579338976,-0.0008947397023050953,-0.0013472346305171746,2024-08-14,2024-10-11,739111.0,739169.0,3.362210161677654,0.8983327614104147,0.5716590647110164,0.09370451549243848
2024-10-29,739187.0541882181,0.04585155122860863,10.011480336276241,4.722932004957515,-3.592184907443316,-0.020692373287969638,-0.01885221434019484,-0.008530435320663965,2024-08-21,2024-10-11,739118.0,739169.0,2.137536739902215,0.7950677062837779,0.5716590647110164,0.09687478974722066
2024-10-19,739177.6190795046,0.7929219216923731,4.217047131127579,0.5960705730023037,-0.005781416928363922,0.004676766875633218,0.004558444722014573,0.0010453373261094109,2024-08-27,2024-10-11,739124.0,739169.0,1.2268383875480713,0.23243982388530066,0.5716590647110164,0.04318955276953907
2024-11-26,739215.1534566969,0.4236234117143306,14.809028250163138,1.135455820869676,-0.10952290341990031,-0.00995734761782118,-0.009946768366912492,-0.00045887976324752533,2024-04-29,2024-10-14,739004.0,739172.0,3.7423868655535046,0.31464053462814595,0.5805283024517962,0.34128281120876475
2024-10-24,739182.3670505602,0.25265049205235673,13.620095178955935,1.1943172024812507,-0.29427184050489474,0.015660528448308588,0.015659623808863234,-0.00016832541449901805,2024-05-06,2024-10-14,739011.0,739172.0,6.080793610707497,0.3485638136941733,0.5805283024517962,0.5137944027286849
2024-11-06,739195.3208105532,0.20237735775569315,3.1833679857155843,1.6469270566398069,-0.5350113653932929,0.00771581277874899,0.004586284107622773,0.006204817879750621,2024-05-13,2024-10-14,739018.0,739172.0,1.027794982770835,4.40815040296545,0.5805283024517962,0.4965314074054186
2024-12-06,739225.2118889815,0.5728719499768934,9.717829089991872,0.9790096077640563,-0.04142260704427933,-0.0035824854190228783,-0.0033982509309412514,-0.001134060134150058,2024-05-20,2024-10-14,739025.0,739172.0,2.049444716140237,0.6816183893856864,0.5805283024517962,0.27440811648404584
2024-11-20,739209.2562119613,0.946767340326701,5.647129560438076,0.755909641777932,-0.005317936882779668,-0.0005665247192083258,-0.0003746389619574024,0.00042496576998336263,2024-05-28,2024-10-14,739033.0,739172.0,1.3967942236362525,1.573764812013265,0.5805283024517962,0.3358286944355536
2024-11-24,739213.4699501847,0.40497825634222673,12.5970118694489,1.1956928359345134,-0.13015940592711567,-0.006973685267087773,-0.002437665149808087,-0.006533764215351531,2024-06-04,2024-10-14,739040.0,739172.0,2.8690493673983357,0.6000361035368232,0.5805283024517962,0.32890507348517495
2024-11-08,739197.761718955,0.0626261569957083,10.79442397483588,4.591318503887148,-3.2176340873939857,0.03316234919884283,0.0284340567836385,0.017065925676939216,2024-06-11,2024-10-14,739047.0,739172.0,3.0353563447491214,0.5629212670237321,0.5805283024517962,0.3659638972163059
2024-12-06,739225.7335906705,0.42476640195771453,10.798724289245508,1.3004410611274433,-0.12727846545668048,-0.009021522182172895,-0.008228542480695149,0.003698506607650301,2024-06-18,2024-10-14,739054.0,739172.0,1.9969334842456983,0.554948668855537,0.5805283024517962,0.22176484219336023
2024-11-12,739201.1873349301,0.9443668220225463,10.799647352289101,0.6897867858584716,-0.0047040598831462966,0.0007075929765501827,0.0004555839222793881,0.000541415838541574,2024-06-26,2024-10-14,739062.0,739172.0,2.684940170321979,0.5813269734315508,0.5805283024517962,0.2740101506844203
2024-11-25,739214.1738618849,0.09495662226184567,10.044865147988236,3.6664083036707296,-2.1346745620981857,-0.03293090573764769,-0.012882361707031244,-0.030306588550198993,2024-07-03,2024-10-14,739069.0,739172.0,1.9761908814339295,0.6127864394401217,0.5805283024517962,0.2272949284737143
2024-11-25,739214.1781464479,0.46186316432813224,2.0549253860429837,-1.7144286716213175,0.32091716813745536,0.10175481780512305,0.07456977784229346,0.06923432081781972,2024-07-11,2024-10-14,739077.0,739172.0,0.38571744485538056,0.7088514621843518,0.5805283024517962,0.15345459535156517
2024-11-12,739201.4240436082,0.06563636347241221,14.717300951695227,3.963141054251658,-2.6849915305339693,0.037534095980660535,0.034783419337441536,0.014103974627073591,2024-07-18,2024-10-14,739084.0,739172.0,3.241738443947075,0.319031305046181,0.5805283024517962,0.12896903013404687
2024-10-16,739174.9390469573,0.6064749200581033,9.8851365787397,0.6761631372514929,-0.02656469683536593,0.003734724165960928,0.003727691090171812,0.00022909328245551377,2024-07-25,2024-10-14,739091.0,739172.0,5.273604222927216,0.436391722136971,0.5805283024517962,0.12879541041348308
2024-11-12,739201.2565803672,0.365579461050255,8.340287310099576,1.2481007478735715,-0.17889274809010913,0.005988704002117118,0.003080562351099113,0.005135631531366352,2024-08-01,2024-10-14,739098.0,739172.0,1.6739980756510318,1.3093648076406414,0.5805283024517962,0.10214428509990524
2024-10-29,739187.8198159395,0.3654127455766956,14.212881836193624,1.0416329557355926,-0.14678646374841695,-0.0037233342552637637,-0.0019043101174548481,0.0031995032353444603,2024-08-08,2024-10-14,739105.0,739172.0,3.7446073436060754,1.013574155213115,0.5805283024517962,0.10820407216428182
2024-10-14,739172.3704537966,0.222404547782104,11.16960151872639,0.8929420692863752,-0.21164752836939849,0.007328086283596846,0.003350892008230067,-0.00651708303837078,2024-08-15,2024-10-14,739112.0,739172.0,9.054748022666335,0.5750804590539551,0.5805283024517962,0.15564954524733937
2024-10-26,739184.2476948233,0.269765152811063,3.3080372981702224,0.7929489930789864,-0.11652484861066044,-0.02313734929623652,-0.008985108802098763,-0.021321462245129996,2024-08-22,2024-10-14,739119.0,739172.0,0.8807411793724064,0.410695926480263,0.5805283024517962,0.07264916562153168
2024-10-25,739183.2044373445,0.0068886502122187405,12.114464634858969,21.40246492669515,-20.41889637303,0.004072104477266481,0.0037565451163203293,-0.0015717517815557265,2024-08-27,2024-10-14,739124.0,739172.0,3.2096438340146602,2.851302267765515,0.5805283024517962,0.10778910529312975
2024-12-14,739233.6350542248,0.6079074067885065,14.908616689126095,0.9868108576000093,-0.03370040331639321,0.0035087198113758784,0.0016941162504891748,-0.0030726348374920955,2024-04-30,2024-10-15,739005.0,739173.0,3.149281573066729,0.3916395071684096,0.591505361082947,0.3963707049431197
2024-12-20,739239.2372120952,0.9747341118656783,12.912795438393827,0.760267637837883,-0.0034365207443524154,0.0006179614669614128,0.000055434420941544084,0.000615470063954354,2024-05-07,2024-10-15,739012.0,739173.0,2.5334721343184854,0.419781667368485,0.591505361082947,0.3208200873298566
2024-11-30,739219.1964546957,0.8746887914665742,6.0923197920147985,0.7742986286944509,-0.006907959352909616,0.00012596427244270604,0.000057436122204348275,-0.00011210749215885373,2024-05-14,2024-10-15,739019.0,739173.0,1.4218511076838949,7.873598418618235,0.591505361082947,0.48946935286554644
2024-11-14,739203.8823298278,0.23125646573747166,6.445670305736019,1.671382038735657,-0.4699282981631479,0.016425104921481297,0.010324475985554828,-0.012774555464100144,2024-05-21,2024-10-15,739026.0,739173.0,1.7962178612915147,1.0264770458840538,0.591505361082947,0.3508828799219315
2024-12-01,739220.4590184015,0.06571093263568108,11.32162705276322,5.927006904960541,-4.1023224904116935,-0.044658638262979236,-0.002047924380566984,-0.04461165741412335,2024-05-29,2024-10-15,739034.0,739173.0,2.4656109841585327,0.5331545356187184,0.591505361082947,0.2777835264563465
2024-11-16,739205.2466126367,0.8403313467544227,14.88397936776917,0.7324059356814006,-0.008165728576615901,-0.0014387948606821351,-0.0005829862464874983,0.001315392598250326,2024-06-05,2024-10-15,739041.0,739173.0,3.856398114718084,0.32042586637032144,0.591505361082947,0.19821414509576474
2024-10-21,739179.3190597815,0.9375511475265008,9.666442291848359,0.5994236025047796,-0.004493303135018802,0.0010859027362601623,0.0010207606508561974,-0.0003704489793223087,2024-06-12,2024-10-15,739048.0,739173.0,4.667785474498268,0.4013313614713681,0.591505361082947,0.2161781641947476
2024-10-17,739175.9742670637,0.14746692035422984,6.903233551030906,1.4172882283295682,-0.5847031567727318,0.02328859798474462,0.010666598959351974,-0.02070223327893401,2024-06-20,2024-10-15,739056.0,739173.0,4.062141028344569,0.5363325295382452,0.591505361082947,0.41337138024182263
2024-10-18,739176.1589731135,0.40877735533465553,8.410381066706249,0.784958573332995,-0.07968998198504966,0.009700033094094168,0.009699566104162522,-0.00009518097238175081,2024-06-27,2024-10-15,739063.0,739173.0,4.790076945518244,0.39930216830449594,0.591505361082947,0.25747839695008073
2024-10-28,739186.2589515169,0.6042430081003266,11.480016264701165,0.7401917162851381,-0.028333100243286204,-0.005047879330838769,-0.003698556050885199,0.0034353702678415524,2024-07-05,2024-10-15,739071.0,739173.0,3.9511220560959304,0.2954297751671696,0.591505361082947,0.18731972718950074
2024-11-15,739204.0868531826,0.18547412705233304,8.467529791691915,1.7385095092898506,-0.5937076550037471,-0.02316032467982324,-0.02035514527793963,0.011048470481872198,2024-07-12,2024-10-15,739078.0,739173.0,1.8869595439408295,0.5615062667081115,0.591505361082947,0.17724489240703495
2024-11-24,739213.197427825,0.8451256043565445,14.586008005454763,0.7668747285224508,-0.008161868029558698,-0.000979017474426207,-0.000098706266002288,0.0009740288949942682,2024-07-19,2024-10-15,739085.0,739173.0,2.6923274392190724,0.4830409353943496,0.591505361082947,0.1687151434669735
2024-10-31,739189.3399762808,0.2640995891460199,4.269448368468812,1.0262883441423571,-0.20406692059152443,-0.020280934978731856,-0.014940046148356341,0.013715368923092525,2024-07-26,2024-10-15,739092.0,739173.0,1.212639189099192,0.6224157846354134,0.591505361082947,0.10031150627697229
2024-11-07,739196.7851953302,0.8365109804867457,13.969309321937692,0.7554301192742516,-0.010385018922261046,-0.0008040993730244932,-0.0006434134277418974,0.0004822809997292089,2024-08-02,2024-10-15,739099.0,739173.0,3.14307937304673,0.7733823933380177,0.591505361082947,0.09393709129806865
2024-10-25,739183.6577864932,0.9637651272328804,8.624685077986356,0.6845414855557527,-0.006376527138441222,-0.0007522353215062683,-0.000348688764330527,-0.0006665389145063393,2024-08-09,2024-10-15,739106.0,739173.0,2.726134190153253,0.9472365599976658,0.591505361082947,0.07976247840942177
2024-11-06,739195.3050749974,0.5583467137716004,3.624225172615448,0.6679860062772349,-0.021206982680860118,0.007459013510722707,0.007392091847083646,0.0009969256127833068,2024-08-16,2024-10-15,739113.0,739173.0,0.7530982050041174,0.43801227328224573,0.591505361082947,0.08113814035395385
2024-11-03,739192.785170562,0.5358107804375464,10.174575082520395,0.8723695660396434,-0.05069872167191034,0.005121818614719835,0.005096792796182907,-0.0005056966629004315,2024-08-23,2024-10-15,739120.0,739173.0,2.1093112267821144,0.5212763014117027,0.591505361082947,0.06326402878482917
2024-10-27,739185.7168389999,0.734070800849887,8.072346950227107,0.6905177535641284,-0.013522097901110228,-0.00415772792779701,-0.004131865615446881,0.0004630205799648517,2024-08-28,2024-10-15,739125.0,739173.0,2.0084481610841554,0.2957509437019284,0.591505361082947,0.04620646736703486
2024-11-08,739197.8984594024,0.5629153190253707,7.1228060930394514,0.7742498037117825,-0.03341277915806102,0.0047876059954660355,0.002644727214179441,0.003990813091388894,2024-05-01,2024-10-16,739006.0,739174.0,2.36152361045794,0.5515515940947119,0.6226739239025596,0.4951969397616992
2024-10-24,739182.8499721974,0.3985642106997803,13.063348310183043,0.9053684241707509,-0.10411562671353174,-0.009125835297509875,-0.008360482516577386,-0.0036583058876043986,2024-05-08,2024-10-16,739013.0,739174.0,6.142693004750656,0.34808642211799956,0.6226739239025596,0.42044344221648416
2024-12-18,739237.4361541054,0.014201652780143185,13.101553448737057,30.548393625850416,-28.197122067798865,-0.05843057154179825,-0.044524543961585054,0.03783776784793314,2024-05-15,2024-10-16,739020.0,739174.0,2.5686697149488777,0.5230952150129236,0.6226739239025596,0.2698830335541209
2024-11-15,739204.6263397905,0.9696693934764224,13.127720706421927,0.6900459413899788,-0.00399585107160642,0.0006560388044820669,0.000648059619300531,-0.00010200805271305991,2024-05-22,2024-10-16,739027.0,739174.0,3.672690104153966,0.4498980638642727,0.6226739239025596,0.24368523042910992
2024-12-02,739221.4026706148,0.5723005961243827,8.928165823671021,1.0167492870007557,-0.0453253341546042,0.003764840769709581,0.0035052591028986576,-0.0013737483913779578,2024-05-30,2024-10-16,739035.0,739174.0,1.9456243590171396,0.771713952141498,0.6226739239025596,0.25352740912459215
2024-10-20,739178.1348656968,0.7201109571124052,9.38443522506517,0.6497827049409363,-0.01421363470517581,-0.002963205921057053,-0.0005660775813195756,-0.0029086329267398047,2024-06-06,2024-10-16,739042.0,739174.0,5.2188514948333,0.36807353745228644,0.6226739239025596,0.21195959593865354
2024-11-20,739209.2759308473,0.2417810261763929,11.080850435847617,1.6284224685907098,-0.4231264618091834,-0.01478242156979325,-0.011645273459310115,0.009105360702628762,2024-06-13,2024-10-16,739049.0,739174.0,2.669512085679733,0.6245593673612294,0.6226739239025596,0.3269813709160793
2024-10-18,739176.0195754761,0.9363886977357174,10.008516091914505,0.5940214305876925,-0.00465419001866218,0.0012956774808484631,0.0008175665641794104,0.001005169163630527,2024-06-21,2024-10-16,739057.0,739174.0,6.493318199639337,0.3360730373560157,0.6226739239025596,0.19573299180954018
2024-10-30,739188.535242113,0.27586228759191905,9.9201563774411,1.1290623451315565,-0.23478654350962275,-0.011830656675371944,-0.003978607304103471,0.01114159419877861,2024-06-28,2024-10-16,739064.0,739174.0,3.391372272781855,0.5518717532771908,0.6226739239025596,0.2781378508177227
2024-10-22,739180.7725523948,0.6386120393731795,5.099278844178719,0.7110990428014512,-0.024273238357013168,-0.004178304754520498,-0.0010393636454336943,-0.004046968474574442,2024-07-08,2024-10-16,739074.0,739174.0,2.238181286906353,0.7275384459866644,0.6226739239025596,0.20633900699192573
2024-10-21,739179.4213247165,0.13998588942521287,9.636146978156155,1.3319911436085292,-0.5336077610435179,0.02590787690792467,0.025907786603177003,0.00006840468126199592,2024-07-15,2024-10-16,739081.0,739174.0,4.4458967522366875,0.29920659232831714,0.6226739239025596,0.18783202131437976
2024-10-18,739176.3044255227,0.5303737997438737,10.245078878075534,0.7003158830216941,-0.03800902722061709,-0.005544129886894155,-0.0015607605428308406,0.005319906270856224,2024-07-22,2024-10-16,739088.0,739174.0,5.944936171629616,0.3549115344237948,0.6226739239025596,0.13975290408985377
2024-10-18,739176.968223697,0.12162234375762075,6.596197703735962,1.4546928407167081,-0.6625672383074183,0.005881203006309903,0.005739419339526877,0.001283594346549371,2024-07-29,2024-10-16,739095.0,739174.0,3.483680661221978,2.077224764037602,0.6226739239025596,0.1870078496295358
2024-10-18,739176.1607988981,0.3845168422946449,13.81393377957697,0.8082004924965137,-0.09480738695815359,-0.007909238480586814,-0.0020760045924825875,-0.007631923628731253,2024-08-05,2024-10-16,739102.0,739174.0,7.773560712960939,0.3336610434586736,0.6226739239025596,0.11948979736514914
2024-11-04,739193.5461470039,0.028761405590282958,14.941352837569584,8.131729035381818,-6.864423579472819,0.014291743274682262,0.012800527120458862,-0.006356133358247199,2024-08-12,2024-10-16,739109.0,739174.0,3.4826125350223713,0.9245684149540645,0.6226739239025596,0.12172053664405169
2024-10-25,739183.1662397443,0.9965869907063625,7.611042938777537,0.6758880894946337,-0.005438641217078337,0.0007306739658758637,0.0006186905338847532,0.0003887241537262147,2024-08-19,2024-10-16,739116.0,739174.0,2.412547804804884,0.9746256069460768,0.6226739239025596,0.07520561296376573
2024-10-20,739178.9668351313,0.4589789292855605,14.080357139620004,0.7746782233287963,-0.06123289424501176,0.004722297465084656,0.00409791736759081,0.002346735306152479,2024-08-23,2024-10-16,739120.0,739174.0,5.544562174852592,0.4226788574287351,0.6226739239025596,0.09190205850150052
2024-10-19,739177.9626154812,0.7131103615211255,8.086106516788629,0.6671178573297074,-0.015672642357109173,0.00316318884779387,0.00036076695405821437,0.003142548470854043,2024-08-29,2024-10-16,739126.0,739174.0,3.312104675370367,0.4369526638876692,0.6226739239025596,0.07480590922904111
2024-12-07,739226.3371725396,0.8137220794666564,6.735732467237759,0.779927865361855,-0.008621734187468305,0.000483011820775787,0.0004049778918572187,-0.00026323625532214187,2024-05-02,2024-10-17,739007.0,739175.0,1.5567895646180656,2.1563941289337403,0.6205552790422743,0.7105214055432436
2024-11-18,739207.6001823068,0.13428044114899887,12.88868325901235,2.639842590778479,-1.2451415648035442,0.032642719967277724,0.022299377532649812,-0.02383872749369112,2024-05-09,2024-10-17,739014.0,739175.0,3.654340068667914,0.3974079949058004,0.6205552790422743,0.36464051727358865
2024-12-06,739225.1397811179,0.71438147240505,2.5234504081825357,0.9767635930706517,-0.021213715892233066,0.0008863141233104629,0.0005289198126112182,0.0007111937548986972,2024-05-16,2024-10-17,739021.0,739175.0,0.5638700045427121,6.775860975260379,0.6205552790422743,0.44383109460611614
2024-11-08,739197.0086468017,0.8076129673502932,4.589146258457104,0.7543795253786006,-0.011287255899258416,-0.0010121496183294672,-0.0009921683640581273,0.0002001219309488738,2024-05-23,2024-10-17,739028.0,739175.0,1.488901023125595,1.9625242870332253,0.6205552790422743,0.36836794133965645
2024-10-30,739188.724639082,0.9035733385628175,12.299005197695518,0.6521300817570537,-0.005684776820642335,0.0011661097575200007,0.0011076331562792192,0.00036463784457224055,2024-05-31,2024-10-17,739036.0,739175.0,4.7163598026479265,0.3581520264606792,0.6205552790422743,0.2154938135138491
2024-11-20,739209.0814235159,0.056092695988736466,11.555678198568268,5.794995561200363,-4.219581380395476,0.03076297407195212,0.007188105125709841,-0.029911397801730053,2024-06-07,2024-10-17,739043.0,739175.0,2.9126985203483358,0.6658124668148505,0.6205552790422743,0.37926939882322064
2024-12-13,739232.8403234626,0.1863822779649467,3.1640212731840487,4.055936815786251,-1.5414402354172685,-0.055173366211473174,-0.0509139114389504,-0.021257327233028263,2024-06-14,2024-10-17,739050.0,739175.0,0.5795719049364609,1.6457445660517884,0.6205552790422743,0.37954293723546356
2024-11-02,739191.9814821008,0.8688239384323215,13.167285606126324,0.6653845152413056,-0.00660151363413896,-0.0014023833335685702,-0.00016516185093796212,-0.0013926236308729096,2024-06-24,2024-10-17,739060.0,739175.0,4.2971869083337895,0.310607762688683,0.6205552790422743,0.19687049455423028
2024-10-25,739183.6084271744,0.26855811034356775,9.938559687975683,1.0659869521868512,-0.22708011490779148,0.017232867488830635,0.002970830290680938,0.016974860508162302,2024-07-01,2024-10-17,739067.0,739175.0,4.122221381517639,0.35607081523521683,0.6205552790422743,0.23693062824802436
2024-11-09,739198.0424306841,0.3803947967644522,4.319267761729392,0.9028318095369701,-0.09430226983716342,-0.011299786518861004,-0.011236462009455439,0.001194611602947798,2024-07-09,2024-10-17,739075.0,739175.0,1.151581905236632,0.7349813981776372,0.6205552790422743,0.21542005852010684
2024-10-22,739180.5247949243,0.9466275395787922,13.89091912004863,0.6091113388195125,-0.004483736184435753,0.0011724448427522947,0.0011666707884920406,-0.0001162160943063105,2024-07-16,2024-10-17,739082.0,739175.0,6.369476440766352,0.2606128245429246,0.6205552790422743,0.19678711168674848
2024-11-25,739214.8455338922,0.22323607820259245,8.676734031663623,1.803025786821665,-0.5149807557242969,-0.017574262564718467,-0.002271227512145907,-0.017426882402820552,2024-07-23,2024-10-17,739089.0,739175.0,1.5881488923675338,0.7539143134115975,0.6205552790422743,0.11706623322622964
2024-10-27,739185.0472463106,0.160988182220996,5.087003097480597,1.4417643938268636,-0.5425086284276247,0.022789093819544554,0.011250166235287398,-0.01981859119096015,2024-07-30,2024-10-17,739096.0,739175.0,1.766488049541259,0.7533756654900288,0.6205552790422743,0.11279809456156338
2024-11-11,739200.2175760845,0.651496757790503,11.493989431303579,0.8954607484373054,-0.031626881192021165,0.0019236098547631927,0.001921692785022581,0.00008585868234620973,2024-08-06,2024-10-17,739103.0,739175.0,2.4685103198346794,0.9319247355280924,0.6205552790422743,0.08357723274027962
2024-11-07,739196.1387994973,0.6872023646919149,11.870625433693366,0.8480914637832587,-0.025719662332876477,0.002108203835895986,0.0017609641143045197,0.0011591068983567688,2024-08-13,2024-10-17,739110.0,739175.0,2.654138686734843,0.7062585316146092,0.6205552790422743,0.07937303745454458
2024-11-02,739191.9242524682,0.2272920003948911,3.81992031867702,1.2174236941455934,-0.313108867984124,0.016435931922174397,0.008237602769731674,0.014222579187983465,2024-08-20,2024-10-17,739117.0,739175.0,0.9044791332388827,1.1335244214283946,0.6205552790422743,0.0826140628034889
2024-11-07,739196.341641665,0.9208206679254141,2.1998963035475074,0.4408495684289904,0.0033826343504775405,0.0048462053420189844,0.00465462601115569,0.0013491341346531156,2024-08-26,2024-10-17,739123.0,739175.0,0.4322174632376319,0.2921635893299762,0.6205552790422743,0.0811534836438195
2024-11-02,739191.9714985889,0.7630573323232028,12.815708575415742,0.7636315990800134,-0.015459843921110824,-0.001275915720085951,-0.0011673587894100955,-0.0005150091082198905,2024-08-30,2024-10-17,739127.0,739175.0,2.7380980966403627,0.7214357567188169,0.6205552790422743,0.08009098988443906
2025-01-09,739259.0673811145,0.7287744709258913,7.377206832785719,0.9712495317540494,-0.015839165919459282,-0.000661684298222632,-0.0005964856102187941,-0.0002864105921859207,2024-05-03,2024-10-18,739008.0,739176.0,1.298656853818739,2.364736039478898,0.6321526678571032,0.6897516952238617
2025-01-06,739256.349560763,0.31021882692433117,5.889204746067162,1.8942074153129929,-0.3291031540660353,-0.0011202019740853522,-0.0006632765163181416,0.0009027273816859607,2024-05-10,2024-10-18,739015.0,739176.0,1.0308941637301,15.47558976451955,0.6321526678571032,0.5189929316745537
2024-12-22,739241.0200507325,0.18519407918633915,2.3437114970012387,3.6109984838816245,-1.343966105056796,0.03753152706598978,0.036768144758096595,-0.007531205411670648,2024-05-17,2024-10-18,739022.0,739176.0,0.4530125256057387,2.8295347250043914,0.6321526678571032,0.4326249925354702
2024-11-02,739191.2588337511,0.26208051864493337,9.022158010101219,1.3002114310247566,-0.30543468619766767,-0.01526713682503907,-0.010797593940364822,-0.010793397608420666,2024-05-24,2024-10-18,739029.0,739176.0,3.3945664605222197,0.5811457530141593,0.6321526678571032,0.3607244135340734
2024-12-21,739240.974169361,0.7337295290126608,12.557218893754076,0.9745717408387694,-0.017285236555252232,0.0015476390157475259,0.0015309207801635133,0.00022686579276636417,2024-06-03,2024-10-18,739039.0,739176.0,2.2666480999615573,0.6526016846536352,0.6321526678571032,0.24116545141684997
2024-10-25,739183.5280784222,0.716973188573872,10.719712068464588,0.6764101469340766,-0.01476488231383519,0.0030254654980941286,0.000501779412651419,-0.002983564797552947,2024-06-10,2024-10-18,739046.0,739176.0,4.956527681345333,0.3264055841476682,0.6321526678571032,0.19605390147436447
2024-10-31,739189.027514582,0.7496745704683728,13.692712047832948,0.6946151667381913,-0.012733611151114037,0.0024067916997138157,0.0022668411394764377,0.0008087506007345428,2024-06-17,2024-10-18,739053.0,739176.0,5.112100638542819,0.2896652400411518,0.6321526678571032,0.2194249601354483
2024-11-28,739217.2566075859,0.8782623229908273,14.853456812069037,0.780948935402459,-0.006962726569977908,-0.000922187102741557,-0.0008963123959588282,-0.00021691736056252315,2024-06-25,2024-10-18,739061.0,739176.0,3.148112553034303,0.4464337410717749,0.6321526678571032,0.25413309370219744
2024-11-15,739204.010035113,0.37412929948049617,11.222080171369036,1.0987112530771528,-0.13595752596437477,-0.005078677357572597,-0.0050755949668643136,0.00017691646238331035,2024-07-02,2024-10-18,739068.0,739176.0,2.822254435631412,0.8924851185661181,0.6321526678571032,0.29459677149475555
2024-11-26,739215.4496240646,0.25850206700456796,6.923973417513823,1.4572574477206701,-0.32707244214884784,-0.016824616648868026,-0.01672866198454697,0.0017943225986817872,2024-07-10,2024-10-18,739076.0,739176.0,1.3914526969614118,0.7257840242210138,0.6321526678571032,0.1852037488273381
2024-10-21,739179.8833079027,0.13456149520615604,12.806133757896207,1.3675236094664651,-0.5693602880699657,0.01830802933452493,0.005595101150394937,0.017432119240949288,2024-07-17,2024-10-18,739083.0,739176.0,6.556392005747329,0.3267746389800986,0.6321526678571032,0.19089081216827644
2024-11-20,739209.4439526685,0.721755831959784,3.7635341964936355,0.5686624723626307,-0.003629374483976947,0.005292031989322241,0.001057015045605207,0.005185395044678289,2024-07-24,2024-10-18,739090.0,739176.0,0.7624937770956735,0.1315236207410478,0.6321526678571032,0.11739877298872817
2024-11-11,739200.3605316422,0.2500193745551403,8.541522220180362,1.5199426424030482,-0.3885521107732526,0.008446325852011376,0.00004259434184517917,0.0084462184509046,2024-07-31,2024-10-18,739097.0,739176.0,1.9647218006019367,1.3465417699764601,0.6321526678571032,0.1163187836707232
2024-11-15,739204.4044047781,0.5744992027645336,8.950122808875133,0.9965645376284978,-0.05080270662943083,-0.001877743901684581,-0.0016948899054743602,-0.0008082514266209169,2024-08-07,2024-10-18,739104.0,739176.0,1.798606606335297,1.736644505231948,0.6321526678571032,0.09458095120218553
2024-11-12,739201.334748707,0.2435199885842934,11.073830078153245,1.5859773017676364,-0.42338223475966263,0.00924975753247579,0.0010591421982173329,-0.009188918990476955,2024-08-14,2024-10-18,739111.0,739176.0,2.24068858661416,1.0065585492708278,0.6321526678571032,0.09729892800678289
2024-11-02,739191.5926020092,0.014225598344771221,13.531576450549773,13.19683303699653,-12.057749917285273,0.009865267161562484,0.0045607803641335475,-0.008747729913476809,2024-08-21,2024-10-18,739118.0,739176.0,3.3418711624136477,1.2849302933337234,0.6321526678571032,0.11184521739349598
2024-11-12,739201.6205132903,0.05970146415555112,6.502491802679393,4.170986697825218,-2.9057809968952912,0.03271723458561726,0.032506010428814236,-0.00371170108334847,2024-08-27,2024-10-18,739124.0,739176.0,1.1471270236157969,0.8154389652481409,0.6321526678571032,0.062246520549036115
2024-10-25,739183.8144405507,0.6091110599684789,7.617338002426163,0.7149943898983928,-0.024336395227162747,0.007272028864585922,0.0047056016799272675,0.005544340956077329,2024-09-03,2024-10-18,739131.0,739176.0,2.3165472002535683,0.26760480930548614,0.6321526678571032,0.04337645400558175
2024-12-11,739230.3406665302,0.6882324608559139,14.365242278042437,0.9112162734634279,-0.020435912247866728,-0.002380209835708632,-0.0011483386370347132,0.0020848782306641714,2024-05-06,2024-10-21,739011.0,739179.0,3.3200333622194766,0.4113400354365276,0.6034425619746719,0.3778876095925406
2024-10-25,739183.848477852,0.5284664013085306,9.336868651787139,0.76900071958744,-0.043548259336730115,0.006531920478672457,0.0009936972619304092,-0.006455892726132661,2024-05-13,2024-10-21,739018.0,739179.0,5.249192009698257,0.3773514676094535,0.6034425619746719,0.27816733848996816
2024-12-02,739221.4262687693,0.8535861846879045,3.769539863285128,0.8646073064560129,-0.009279756795896278,0.00048353140022188074,0.00045948055573768115,0.00015059958133914012,2024-05-20,2024-10-21,739025.0,739179.0,0.9194210847187204,4.345812144640446,0.6034425619746719,0.41934805105219564
2024-12-17,739236.2307311569,0.7274099623031124,4.6833833737515524,1.0830256839960044,-0.02216600991612021,0.0013844379785672687,0.0002499216845627794,-0.0013616929419236659,2024-05-28,2024-10-21,739033.0,739179.0,0.9445880771028127,2.486758170057475,0.6034425619746719,0.3798368138141473
2024-11-21,739210.8391599269,0.5233432718558678,9.169741989633582,0.9943985041522566,-0.05802273401259409,0.005372089679159309,0.005328945365160187,-0.0006794768694133257,2024-06-04,2024-10-21,739040.0,739179.0,2.4518456955804155,0.6164309899717069,0.6034425619746719,0.23756246466497788
2024-11-03,739192.0789262066,0.6379070064208171,12.9139563926616,0.7590670374861066,-0.024372044450397732,-0.0041726635579822785,-0.0039703032235163796,-0.001283671874525874,2024-06-11,2024-10-21,739047.0,739179.0,4.945666486449544,0.28852048213679504,0.6034425619746719,0.19213561206670995
2024-11-30,739219.4408275391,0.06891733149000957,12.913090580761159,5.135214273899406,-3.4683052329915665,0.026627901841155818,0.026236147179662304,-0.00455079527438085,2024-06-18,2024-10-21,739054.0,739179.0,2.8952867012252406,0.6951501477431916,0.6034425619746719,0.35461659403877355
2024-11-05,739194.6346613999,0.7879801232187174,9.125584880556397,0.7223637921556972,-0.011194764096716148,0.001462466521475305,0.00009981922273264644,-0.001459056013047178,2024-06-26,2024-10-21,739062.0,739179.0,3.105349606339697,0.660972767690072,0.6034425619746719,0.27812613587204793
2024-10-21,739179.797083984,0.22314689312426822,12.508355794473298,0.9896862191703538,-0.24600691471849434,0.018835364477784104,0.018237907396165015,-0.004706345590782802,2024-07-03,2024-10-21,739069.0,739179.0,9.823429470567444,0.23300428308214263,0.6034425619746719,0.26843102842218547
2024-11-29,739218.4256607844,0.7024601273297421,9.895624389175076,0.8716196919777288,-0.019065297084389553,-0.002426591997473377,-0.0008014610341080076,-0.0022904167596767963,2024-07-11,2024-10-21,739077.0,739179.0,2.011757991284179,0.557731651772724,0.6034425619746719,0.1841296796738126
2024-10-29,739187.362390988,0.6104972724012635,13.639762158264418,0.7472022976276482,-0.027937182567745224,0.003798583048572444,0.0034408946892277217,-0.0016091851709938128,2024-07-18,2024-10-21,739084.0,739179.0,5.458559057036045,0.3291833878618474,0.6034425619746719,0.15451942742027733
2024-10-23,739181.1261458317,0.27758346806624995,6.566719356360418,0.9539273374890163,-0.18570429818907233,-0.0037008383615397306,-0.0026637660287427076,-0.002569154554004173,2024-07-25,2024-10-21,739091.0,739179.0,3.915981442351487,2.121128502867819,0.6034425619746719,0.18721329653266036
2024-11-22,739211.678251252,0.2520173134030082,11.32546664743952,1.7305474225112814,-0.4410284973855144,-0.006653639905077627,-0.002563324352418673,0.006140056371951223,2024-08-01,2024-10-21,739098.0,739179.0,2.2471138601423126,1.474964716910584,0.6034425619746719,0.11794233964818673
2024-10-22,739180.1570416555,0.1880339829055407,3.776414288450932,0.9585078383641482,-0.2533980461091608,0.032309662849497635,0.031072175190553275,-0.008856310878451205,2024-08-08,2024-10-21,739105.0,739179.0,2.508547815745518,0.39050585407149674,0.6034425619746719,0.11248530960885318
2024-11-17,739206.1300345425,0.019000937142221955,10.36460898012919,14.261882171198714,-12.764959282843648,-0.026617499629439736,-0.025148601334719554,-0.008720042283760224,2024-08-15,2024-10-21,739112.0,739179.0,2.052134977763198,0.8791728662131874,0.6034425619746719,0.09892498928441916
2024-10-24,739182.5999957577,0.9255391060369973,5.0991676562213515,0.6265885208979294,-0.004515018061264678,-0.0021147949266733593,-0.0011651003105568438,-0.0017649076033106454,2024-08-22,2024-10-21,739119.0,739179.0,2.330534723262682,0.3875133903959244,0.6034425619746719,0.0552967578720992
2024-11-09,739198.6357380425,0.49420533635015584,9.190424210223044,0.8522513711424161,-0.051411001422117845,-0.008569396338231287,-0.00786091089112487,-0.0034118372709562484,2024-08-27,2024-10-21,739124.0,739179.0,1.9530986915366917,0.32260991181296206,0.6034425619746719,0.04315932029965299
2024-11-10,739199.9772555924,0.04117225398374048,10.571951446813907,4.445508227480223,-3.3598758109362024,-0.04643935572591104,-0.045271616802840045,0.010348645915989088,2024-09-04,2024-10-21,739132.0,739179.0,1.9782652056286727,0.28176466074354345,0.6034425619746719,0.05221526532384281
2024-12-18,739237.7935412091,0.979828091722607,2.9421179557711703,0.6313788085592605,-0.001753535221356039,0.001037009384310045,0.0007965529769724061,-0.0006639968509138396,2024-05-07,2024-10-22,739012.0,739180.0,0.6381084528196936,0.5631467901046713,0.5980342199654106,0.5791009143614595
2024-10-24,739182.9777047713,0.9191860709611126,14.160047756221068,0.6337157681728015,-0.005433516812004529,-0.0007877881003528948,-0.0005159381644849359,0.0005953300777598406,2024-05-14,2024-10-22,739019.0,739180.0,9.033897394086122,0.4477239382568733,0.5980342199654106,0.35106912961537173
2024-10-23,739181.2342120847,0.0183684976340508,14.491336470538327,9.010441398400499,-8.04956929134386,-0.0216932253974445,-0.021590740745942288,-0.0021061676537822253,2024-05-21,2024-10-22,739026.0,739180.0,11.150140455386435,0.47034194503835414,0.5980342199654106,0.8751473955370156
2024-12-15,739234.3812911237,0.313205284616021,13.185752646650657,1.6603847826340008,-0.2904660515666623,-0.012111234580708573,-0.010476803654425954,0.006076066840938976,2024-05-29,2024-10-22,739034.0,739180.0,2.736968883377879,0.5696801956023168,0.5980342199654106,0.284868180947215
2024-10-30,739188.7183290392,0.6624074847854468,6.6789279828396975,0.7421167735054706,-0.022212358768280486,0.0032682152867484254,0.0020781752019883404,-0.0025223835930279943,2024-06-05,2024-10-22,739041.0,739180.0,3.008117965073459,0.6740661103322377,0.5980342199654106,0.25104803784000335
2024-12-22,739241.751848779,0.06312018929262343,7.92913974778384,7.343087671966777,-5.15212898117276,-0.021231193378937814,-0.013339567593316826,0.016517248824098534,2024-06-12,2024-10-22,739048.0,739180.0,1.4429956241526511,1.9317661035407223,0.5980342199654106,0.39064202873548237
2024-11-27,739216.8331067589,0.6992289220724993,13.784319364298808,0.875624580163837,-0.019933448409094792,-0.0018613485570579417,-0.0007768475212927572,-0.0016914864408333222,2024-06-20,2024-10-22,739056.0,739180.0,3.2336584365034873,0.5432363050131858,0.5980342199654106,0.2950556401790809
2024-11-07,739196.3148889412,0.9421011227568876,2.7805188975858295,0.6990506852278426,-0.005068753845261299,-0.000659506116821139,-0.00007051099609164729,0.0006557259469890316,2024-06-27,2024-10-22,739063.0,739180.0,0.929601346133717,2.6040783290436553,0.5980342199654106,0.3240086742257233
2024-11-14,739203.5874945808,0.6475445633579849,5.528240428169379,0.8240243478274184,-0.024695703355374247,-0.002847648233081995,-0.0010512138000793778,0.0026465165795622144,2024-07-05,2024-10-22,739071.0,739180.0,1.519078433275044,1.015822430396842,0.5980342199654106,0.23663947414515654
2024-12-05,739224.7408176864,0.7301113071273148,7.358831474042436,0.8297602041515879,-0.014175376389561914,0.0024323359631432825,0.002026452727146269,-0.001345268591115398,2024-07-12,2024-10-22,739078.0,739180.0,1.3911232261023132,0.5782175315474116,0.5980342199654106,0.14628787153166525
2024-11-20,739209.3536809115,0.9159825912245647,12.697548232845488,0.7337515213313477,-0.005581431888946152,-0.0005338989605724101,-5.477839499165825e-6,-0.0005338708583306622,2024-07-19,2024-10-22,739085.0,739180.0,2.917564825873113,0.7541433442807007,0.5980342199654106,0.2033344867951126
2024-11-10,739199.9638469218,0.4543026610827051,4.4973514592438235,0.8748795515712068,-0.06439998498513236,-0.007886213890886581,-0.00542155207580916,-0.005727053572484007,2024-07-26,2024-10-22,739092.0,739180.0,1.208138816780373,0.8249082874372922,0.5980342199654106,0.11632370845140115
2024-10-31,739189.5211593352,0.022575085941609844,6.249129143184274,7.923133510927234,-6.859668740775995,-0.03036177909649653,-0.015738710185273858,-0.025964025720377235,2024-08-02,2024-10-22,739099.0,739180.0,2.2398603388881977,0.8161797964616746,0.5980342199654106,0.14907867299580937
2024-11-21,739210.8153066501,0.14376473963275707,3.7358868982665587,2.211321167546492,-0.96644594398219,-0.027526260096530284,-0.01897316198743802,0.019942771098828582,2024-08-09,2024-10-22,739106.0,739180.0,0.7278838260730952,1.351104750332474,0.5980342199654106,0.09157903287080454
2024-11-16,739205.998939783,0.4487224841087788,2.849735405736734,0.8517773681181338,-0.06205350843258335,-0.0102881102796632,-0.0049983585955942125,-0.008992309184873542,2024-08-16,2024-10-22,739113.0,739180.0,0.5780634723270228,0.9497384554920175,0.5980342199654106,0.09064249704261203
2024-11-19,739208.4853618814,0.4134483317487335,9.062161546206921,1.0254748595864789,-0.09739100366554435,-0.008812688367532174,-0.0008470212757022705,-0.008771888691823704,2024-08-23,2024-10-22,739120.0,739180.0,1.6347564956261105,0.5041965534008112,0.5980342199654106,0.05886432082185659
2024-11-06,739195.6864769171,0.7032310253517756,11.422526857359193,0.7810078154335055,-0.01939706464721485,0.0027608779963186588,0.001510812584067759,-0.002310820773313896,2024-08-28,2024-10-22,739125.0,739180.0,2.7368448568533843,0.43253836340075674,0.5980342199654106,0.06697792149470261
2024-10-30,739188.3249371132,0.2764537146421691,2.055627466628996,1.5506360445359932,-0.4400499640437649,0.06402214989962643,0.02266512918411979,0.059875935039357814,2024-09-05,2024-10-22,739133.0,739180.0,0.6196368563118909,0.9243783256414957,0.5980342199654106,0.059305808586030406
2024-12-09,739228.8470108925,0.22957193351285082,7.604287476228163,1.9047116135994735,-0.5208995184982095,0.007031649656655074,0.005151847238697995,-0.0047856626420023874,2024-05-08,2024-10-23,739013.0,739181.0,1.8233306999913799,2.2364386894478097,0.608821811094408,0.5665219082137642
2024-12-02,739221.0320159246,0.1579575730319707,8.04305471562886,2.538745636256627,-1.046744644278282,0.020761840087102773,0.003964586524224916,0.0203797953251342,2024-05-15,2024-10-23,739020.0,739181.0,2.065792679426292,0.9901348231720674,0.608821811094408,0.3768275033396214
2024-12-18,739237.6744902767,0.7378103178243481,8.872823796122452,0.9466183873170502,-0.01666686926153805,0.0010578674521048068,0.0009378874900196344,0.0004893369005985402,2024-05-22,2024-10-23,739027.0,739181.0,1.8541438296107786,1.3101036022810106,0.608821811094408,0.33785016127656203
2024-10-24,739182.8192885568,0.39678685325044494,12.145945827221691,0.8654938133892425,-0.09741050673724877,0.011743457036899966,0.006753970083441672,-0.009606907477929109,2024-05-30,2024-10-23,739035.0,739181.0,8.500838431539083,0.270979086118525,0.608821811094408,0.347600080636787
2024-10-25,739183.6216106724,0.12538118953080749,12.960422080305086,1.7062824980555287,-0.8050941183318113,-0.036637216404117205,-0.034410268341034514,0.012578515752667822,2024-06-06,2024-10-23,739042.0,739181.0,8.2289340811622,0.2125873530847653,0.608821811094408,0.4706118340864085
2024-11-26,739215.6595611043,0.9757256665811114,13.004177647779027,0.7377598390084412,-0.00399631725506255,0.00048543605661167374,0.0004700964761722831,0.00012106803107796124,2024-06-13,2024-10-23,739049.0,739181.0,3.250181826295651,0.6176931179314653,0.608821811094408,0.29540695785042564
2024-11-24,739213.1393937775,0.9338805888206916,5.143015512792997,0.793191145870262,-0.0060173969457992,0.0006661421188369924,0.0006660311078313108,-0.00001216083424911904,2024-06-21,2024-10-23,739057.0,739181.0,1.2938331045686193,1.6402697714613683,0.608821811094408,0.3249358717936246
2024-11-02,739191.0489685704,0.9340216272202404,14.089101045485739,0.6442072057330651,-0.0046113185227381875,-0.0010132613949236416,-0.0007452412984324184,0.0006865231689851165,2024-06-28,2024-10-23,739064.0,739181.0,5.689072187749318,0.3017013641806783,0.608821811094408,0.21880001269398974
2024-11-28,739217.6791189364,0.5090432918892095,10.217660685696405,1.0191968691023727,-0.061537222575192715,0.004904639249922467,0.003841728078560999,-0.0030490345262518806,2024-07-08,2024-10-23,739074.0,739181.0,2.22036056536732,0.6250777842954034,0.608821811094408,0.22861983363054292
2024-12-07,739226.9293073788,0.9264302921235765,10.25236644662286,0.7972097447726001,-0.005267092778583808,0.0008851881192691996,0.0007133908273616228,0.0005240529877136872,2024-07-15,2024-10-23,739081.0,739181.0,1.8862931302000365,0.5376801685252285,0.608821811094408,0.17325951794460054
2024-10-31,739189.1598267084,0.7138233831105342,10.062179825293617,0.7009550925787867,-0.015239007993848195,-0.0019571777657100857,-0.0019170785301190969,0.00039415062596211495,2024-07-22,2024-10-23,739088.0,739181.0,4.031605454769465,0.5523636862738686,0.608821811094408,0.1677055881659099
2024-11-17,739206.8991652448,0.8031062130895612,13.249965046181549,0.7876543767759034,-0.011417319256267799,0.0005818042597686697,0.0002519235931478045,0.0005244336944747822,2024-07-29,2024-10-23,739095.0,739181.0,3.0859876287285486,1.1894481129783638,0.608821811094408,0.14165274083340015
2024-11-26,739215.1467084032,0.4171219967743002,3.8565811678609254,1.0114055677797882,-0.09340547668532952,-0.008797707802164082,-0.0077936815159650235,0.0040814447196996185,2024-08-05,2024-10-23,739102.0,739181.0,0.7353368746178675,1.1483213093387659,0.608821811094408,0.0958293453472401
2024-11-24,739213.6107590274,0.05511979208708963,3.5877124622382865,5.246966457593583,-3.808678480113031,-0.04498242340414235,-0.016684662353008174,0.04177368139721043,2024-08-12,2024-10-23,739109.0,739181.0,0.6655624963278742,1.3008325770349565,0.608821811094408,0.09183719429010241
2024-11-22,739211.6748727824,0.34470612168573084,3.2153344122279552,1.0116003226067005,-0.1301383332264527,0.014841550045952043,0.014307585674034017,-0.0039451996079635406,2024-08-19,2024-10-23,739116.0,739181.0,0.5821061839704413,0.9400453961941055,0.608821811094408,0.09028165611947783
2024-11-14,739203.2914180651,0.5900044389433773,8.121209706730223,0.8161859474836676,-0.02996040398681318,0.0045493985753599486,0.004548966188768697,-0.00006272169422396633,2024-08-23,2024-10-23,739120.0,739181.0,1.7037412293301082,0.4784408264397383,0.608821811094408,0.06042471476705347
2024-11-12,739201.1271099425,0.889198443718862,6.38618711796024,0.7206931354835433,-0.006538926629713742,0.0011758142484147684,0.0005995070639723958,-0.0010114990988737385,2024-08-29,2024-10-23,739126.0,739181.0,1.3387055911392178,0.7743277084192909,0.608821811094408,0.06748775218633633
2024-10-26,739184.2475552834,0.3540598676493479,6.713379307547803,0.7423962343659127,-0.06694449693743441,-0.01801591283312458,-0.01297519658213818,-0.012498695486554297,2024-09-06,2024-10-23,739134.0,739181.0,2.926595956010943,0.19597204631330098,0.608821811094408,0.04920313774352088
2024-12-30,739249.9202757265,0.6530387755437145,7.809306143061266,1.0451746244957052,-0.027276371335331073,0.00013439920869070648,0.00013041855587713714,0.00003246763895958765,2024-05-09,2024-10-24,739014.0,739182.0,1.5475956767876855,16.97135051454882,0.6467210836853938,0.5872237496341535
2024-11-28,739217.764363522,0.11778248570423913,13.79597139006582,3.267460948459967,-1.6914785998819084,-0.024919127977337398,-0.003931335503821107,-0.024607062813495558,2024-05-16,2024-10-24,739021.0,739182.0,3.7437840505893343,0.5795115518790919,0.6467210836853938,0.39324662815976835
2024-11-23,739212.5606460705,0.0005514891792000044,8.430264863820359,564.1912363298253,-562.4251733090712,-0.060169692853848274,-0.05190664641234896,0.030431759665681846,2024-05-23,2024-10-24,739028.0,739182.0,2.4127651155998557,0.6114806692060054,0.6467210836853938,0.31877743984102486
2024-12-05,739224.759276311,0.10266199147167623,11.46094002414876,3.815146714094967,-2.1379027300311337,0.034747479179892134,0.029609453978598883,-0.018184266398353056,2024-05-31,2024-10-24,739036.0,739182.0,2.708529641078649,0.5511300397827144,0.6467210836853938,0.30772306709152436
2024-11-24,739213.4533275102,0.4602636058939057,7.338922118474121,1.1416871872094236,-0.09579830541846548,-0.007118435756214711,-0.004483354654268201,-0.005529164372616151,2024-06-07,2024-10-24,739043.0,739182.0,1.9739129579930568,0.8440100415474223,0.6467210836853938,0.2836548232891389
2024-11-07,739196.7031357471,0.4198833108309078,12.620119018646387,0.9528254930696732,-0.09324225361403536,-0.01062457010079573,-0.00971855980352302,0.004293143972902514,2024-06-14,2024-10-24,739050.0,739182.0,4.620378488048115,0.29198904496368666,0.6467210836853938,0.2217748012492117
2024-11-01,739190.6786115504,0.5482571180014689,8.557422501115104,0.8005997194182142,-0.04088342337345879,-0.0038932833587844475,-0.00011113600141815943,0.0038916968151407397,2024-06-24,2024-10-24,739060.0,739182.0,3.693460675036913,0.672779182704675,0.6467210836853938,0.30621102128271455
2024-12-10,739229.7740381506,0.3863848742378425,13.640900117947098,1.2952584011921282,-0.14778372696926467,-0.005755800731368155,-0.001723456509505771,-0.00549171555336403,2024-07-01,2024-10-24,739067.0,739182.0,2.6614072609807193,0.7272738172309497,0.6467210836853938,0.284345011448024
2024-11-24,739213.0961952859,0.12814698971182906,13.601073474921629,2.3819025785093357,-1.1151206371776716,-0.013457804569725843,-0.012272698316364732,-0.005522081117878662,2024-07-09,2024-10-24,739075.0,739182.0,3.227242856006363,0.7806976244166137,0.6467210836853938,0.27216184963455065
2024-11-19,739208.5580573245,0.8056186829025604,3.724028627573701,0.60893068930234,-0.0035882125096769503,0.0035859856151496316,0.002075395387581955,0.0029243848613449684,2024-07-16,2024-10-24,739082.0,739182.0,0.9254189957690528,0.21646422521174052,0.6467210836853938,0.13839485973233612
2024-11-20,739209.0079744189,0.5919545651328032,6.20436468327549,0.8692593455106352,-0.03309784734209486,0.004157644420459677,0.00320716722606647,-0.002645767471079911,2024-07-23,2024-10-24,739089.0,739182.0,1.4727165428528657,0.7595274281231497,0.6467210836853938,0.12142828641277163
2024-11-04,739193.1340536287,0.810992215377927,2.8891809180754167,0.6613662453308787,-0.007206295827396169,-0.0023669776670779104,-0.002334627876541631,0.0003899948134530794,2024-07-30,2024-10-24,739096.0,739182.0,0.9960246957609952,0.8545940678175893,0.6467210836853938,0.11480157448517109
2024-11-29,739218.3523648112,0.2419408883543886,8.93044503128322,1.8033880320907343,-0.4742344105075461,0.009438904444762697,0.009025248507357366,-0.0027636581731112554,2024-08-06,2024-10-24,739103.0,739182.0,1.6412491714176363,1.3611551887584286,0.6467210836853938,0.10768679675302856
2024-11-07,739196.1376053167,0.43224823387666633,13.764845918980564,0.9708716082395786,-0.09323306933584277,-0.004231525428196831,-0.0006266305602782382,0.004184870558380723,2024-08-13,2024-10-24,739110.0,739182.0,3.958909223771871,0.6918865688982386,0.6467210836853938,0.11063193041177159
2024-10-25,739183.5262144256,0.6223923864325404,9.324235186897607,0.7182382924367489,-0.02658194690766572,0.0019123598007322509,0.0018114075223306656,0.0006131254321104068,2024-08-20,2024-10-24,739117.0,739182.0,5.6018044664204165,0.9278296192530197,0.6467210836853938,0.10970680454428809
2024-11-01,739190.9763529114,0.19378701129900927,14.233552311861839,1.2449359157990267,-0.3701158580397678,0.0014524723894357417,0.0014488591766015754,-0.0001023871498313048,2024-08-26,2024-10-24,739123.0,739182.0,4.586331280790567,3.469294525798163,0.6467210836853938,0.1178379736270035
2024-11-06,739195.8429140189,0.6165442103341635,5.880360713209123,0.7692402000316572,-0.02565722080942729,-0.004229429812138977,-0.003919191803187475,0.0015899723726021345,2024-08-30,2024-10-24,739127.0,739182.0,1.501215484983362,0.6360452974983153,0.6467210836853938,0.06537749595354687
2024-11-15,739204.3835213378,0.5188896728038855,5.944526159114338,0.9833620901092148,-0.06331848742494818,-0.0070583342455422795,-0.002583387476125954,-0.006568576061064567,2024-09-09,2024-10-24,739137.0,739182.0,1.0426743927305888,0.7830438735438926,0.6467210836853938,0.05383550372515335
2025-01-10,739260.6478191027,0.5840052694619188,12.796320126471217,1.163385252867925,-0.04289941919598786,-0.003038415968919033,-0.0025269071157939626,0.00168722020742167,2024-05-10,2024-10-24,739015.0,739182.0,2.319519664072639,0.6443708000545924,0.6467210836853938,0.35345807474075985
2024-11-08,739197.4723164608,0.22013205553964982,6.842896548498388,1.4720433907287098,-0.42694436709768263,0.020045805159045704,0.01925918155724834,0.005560416371043513,2024-05-17,2024-10-24,739022.0,739182.0,2.6447553122606724,0.6851585756551571,0.6467210836853938,0.3652202050605497
2024-10-26,739184.089230955,0.8281136841367314,6.46911023599965,0.647392053683748,-0.008297709880465312,-0.0011688936861638148,-0.000794485162562537,-0.000857383097583344,2024-05-24,2024-10-24,739029.0,739182.0,4.434658538429192,0.9087169792051393,0.6467210836853938,0.30214268641848047
2024-11-30,739219.6877416978,0.6095161857390529,11.62374819989142,0.9484475831643197,-0.03409583897379439,0.003046936986383822,0.0030270506971373564,-0.00034754722837906476,2024-06-03,2024-10-24,739039.0,739182.0,2.8997195418093837,0.5867822363592083,0.6467210836853938,0.27264483212629265
2024-11-30,739219.0878410771,0.7042714200224732,6.362956821254162,0.9329824967775197,-0.02202593789092405,0.0018670086442481462,0.0017958504310976442,-0.0005105315923855312,2024-06-10,2024-10-24,739046.0,739182.0,1.5600683982303523,1.3057774672487574,0.6467210836853938,0.32593693081228226
2024-11-01,739190.1830078617,0.00889549527331779,2.378516485312934,19.16607316318737,-18.10468294030412,-0.04949716092740576,-0.03910459849638469,0.030344675254648092,2024-06-17,2024-10-24,739053.0,739182.0,1.0672368713177007,1.367963790015664,0.6467210836853938,0.4460031657784023
2024-12-03,739222.4878751198,0.23867167222154123,12.555727961632156,1.748160119245336,-0.45280663013965317,-0.012712147716057111,-0.0021468701983659673,-0.012529550985818445,2024-06-25,2024-10-24,739061.0,739182.0,2.7645117351941515,0.6771000174560313,0.6467210836853938,0.29581363961881557
2024-10-31,739189.5927622955,0.08492517781129628,3.6029071888221145,2.1329555583000372,-1.213484527843447,0.027857298398633403,0.027382580534667755,-0.0051208746648339154,2024-07-02,2024-10-24,739068.0,739182.0,1.5903713939161919,1.0267829232265884,0.6467210836853938,0.3077865697159265
2024-11-03,739192.3347787494,0.7180135923198342,5.790094548717313,0.7244488622384598,-0.015458953073771799,-0.00292394098082986,-0.0020772342135802415,0.00205779709429962,2024-07-10,2024-10-24,739076.0,739182.0,2.230965796024782,0.6556295006249363,0.6467210836853938,0.1745256963137159
2024-10-28,739186.742473578,0.7649688680964895,11.375813659234154,0.6785062735945383,-0.011733169702718965,-0.0023814655425030344,-0.0011554197928932608,0.0020823984326539826,2024-07-17,2024-10-24,739083.0,739182.0,5.586083549690521,0.331308319493864,0.6467210836853938,0.1410655074214445
2024-11-12,739201.3715123563,0.20609451499243564,5.168561152281024,1.4287695510118625,-0.41683002632183347,0.021304025761657523,0.01647023081103943,0.013512698127481971,2024-07-24,2024-10-24,739090.0,739182.0,1.4387869488277656,0.7801787044724036,0.6467210836853938,0.11738790743164286
2024-10-25,739183.2360324429,0.42384797029676624,12.594213958268655,0.7904817730238586,-0.07213615887162404,0.005105074650103437,0.004436471489234093,0.002525768775708052,2024-07-31,2024-10-24,739097.0,739182.0,8.509175108203477,0.47554317908979216,0.6467210836853938,0.1613457220974347
2024-11-22,739211.897657225,0.1707319847389939,11.88848428061189,2.2334649742478323,-0.8694691674122357,-0.00853249482531655,-0.003998209160980471,-0.0075377577202444986,2024-08-07,2024-10-24,739104.0,739182.0,2.4283410519065978,1.4634118029629084,0.6467210836853938,0.12559035167467406
2024-11-21,739210.4662989082,0.6999964454314581,2.153520744780855,0.788000671431315,-0.018486341579510394,-0.0037758416916616635,-0.0006524513452171982,0.003719043925878625,2024-08-14,2024-10-24,739111.0,739182.0,0.42880566811658993,1.5914169190566885,0.6467210836853938,0.0950093072910893
2024-11-23,739212.3886583482,0.2199473287385521,14.464708108534115,1.7878853155627474,-0.5254429335578186,-0.013335853751563261,-0.011306609356765817,0.007071462376098709,2024-08-21,2024-10-24,739118.0,739182.0,2.609122172532594,0.599119905795273,0.6467210836853938,0.08315976900877511
2024-10-29,739187.2381360047,0.2689574439877212,8.019656412788013,0.9275567570250264,-0.1644212227088452,-0.019759969762881618,-0.01964736819722339,-0.0021064966063895586,2024-08-27,2024-10-24,739124.0,739182.0,3.1793583371942313,0.2790611659889262,0.6467210836853938,0.07720415730682456
2024-11-02,739191.1353271735,0.5528819534033514,7.296547951751912,0.7618759654868825,-0.03317946486065863,0.0078088788958043725,0.002838956386299457,0.007274538902640389,2024-09-03,2024-10-24,739131.0,739182.0,2.188375474823004,0.3219553624220278,0.6467210836853938,0.03737026922742644
2024-11-07,739196.7153070037,0.2712902721029063,10.648441940551766,0.9606633693483301,-0.15571615320490395,-0.01749170710680794,-0.008945444780018769,0.01503126192965815,2024-09-10,2024-10-24,739138.0,739182.0,2.3452187552594346,0.22680343285366267,0.6467210836853938,0.02830739354985657
2024-11-29,739218.0584930218,0.8841417522270889,2.3684448394560023,0.7470868534975945,-0.005707559782524216,-0.0007448349776755849,-0.00027533299674228386,0.0006920772246461392,2024-05-13,2024-10-25,739018.0,739183.0,0.6564925479899407,2.8605466286871963,0.6425802910193624,0.49639088981405705
2024-12-21,739240.3511083164,0.3447269113034473,11.682637043219383,1.5859949867576777,-0.23085088242864876,-0.010786394142544987,-0.0029987192707561514,0.010361176638467494,2024-05-20,2024-10-25,739025.0,739183.0,2.460063566316888,0.6315235600339656,0.6425802910193624,0.2577698031583388
2024-12-18,739237.8312800691,0.9906871362442125,12.569126334964118,0.7977387404943966,-0.0035458511844274647,0.000415709314030433,0.0004090049456348854,-0.00007435851140157127,2024-05-28,2024-10-25,739033.0,739183.0,2.6364295863842444,0.6722985617011444,0.6425802910193624,0.2658998351663411
2024-11-09,739198.6137567152,0.1295253246989985,14.804376302471312,2.3199874321080483,-1.1142623648487282,0.03278537319856351,0.021613810065904276,0.024652056916292027,2024-06-04,2024-10-25,739040.0,739183.0,5.462400871062431,0.2973527124789714,0.6425802910193624,0.3696350516502478
2024-11-08,739197.7667866918,0.4079471346245128,7.559412062970198,1.0104611619420079,-0.10888907270182757,-0.010369533033165863,-0.008297634954198892,-0.006219040882063307,2024-06-11,2024-10-25,739047.0,739183.0,2.795268145312351,0.5666840220316043,0.6425802910193624,0.26477216790794
2024-11-01,739190.1018425747,0.4171085298431182,11.735651818053963,0.8902572781326198,-0.08760167285833438,-0.011594969352525396,-0.007081352158716512,-0.00918138148048779,2024-06-18,2024-10-25,739054.0,739183.0,5.515666860673801,0.2685249533020293,0.6425802910193624,0.22156728296884745
2024-12-08,739227.5792374274,0.5121720832005158,6.356051237227382,1.1112735356107857,-0.06633738481225478,0.0027319473976283822,0.0021320791710962893,0.0017081495811508576,2024-06-26,2024-10-25,739062.0,739183.0,1.3273989690524257,1.9566562160202468,0.6425802910193624,0.31303854708795603
2024-12-06,739225.9560057463,0.7103040382933329,13.573036936705432,0.9001192390946088,-0.0184712092354123,-0.001344909927272088,-0.0009667590875522877,-0.000934965014912366,2024-07-03,2024-10-25,739069.0,739183.0,2.7991841971660714,0.7187359720299931,0.6425802910193624,0.2886234053230459
2024-11-10,739199.7417783397,0.5213835665306464,4.661451153551477,0.8205490690105546,-0.04156194425225732,-0.007054821121620221,-0.0017503414764505245,-0.006834237760999815,2024-07-11,2024-10-25,739077.0,739183.0,1.4779810393331534,0.6589402705088666,0.6425802910193624,0.1674356657054317
2024-10-26,739184.2766081453,0.6594558996294494,11.561826660044426,0.6899235802664224,-0.019680667583598592,-0.0034070455175816724,-0.0027142137172596584,0.002059369577300993,2024-07-18,2024-10-25,739084.0,739183.0,8.029787206802778,0.32947403464813396,0.6425802910193624,0.1455860037639456
2024-11-09,739198.6008740264,0.5722105899814453,7.69836911414464,0.8520520032503386,-0.03930503331097347,0.0033667362608473385,0.00016798703230606348,-0.00336254269966663,2024-07-25,2024-10-25,739091.0,739183.0,2.36605065140153,0.8677532179333782,0.6425802910193624,0.1292778830076317
2024-11-22,739211.9402453833,0.3596037452077688,4.172421533706279,1.1268104054455335,-0.14539936281798313,-0.008636904881259753,-0.007420181270013003,-0.004420071927930222,2024-08-01,2024-10-25,739098.0,739183.0,0.9100570873410987,1.450909735099075,0.6425802910193624,0.1084353864816246
2024-11-03,739192.1827437867,0.48920333819570183,11.873587687363766,0.8697279295166018,-0.062464274119163776,0.003968462255312155,0.003251546996278675,-0.0022751120418186797,2024-08-08,2024-10-25,739105.0,739183.0,4.25320111399901,0.6485103198860082,0.6425802910193624,0.11069080618914065
2024-11-04,739193.7896151888,0.15900851033966126,5.834985113390322,1.4087122067727205,-0.5073842078384144,-0.022919948932313132,-0.020984400249124756,0.009218405786489046,2024-08-15,2024-10-25,739112.0,739183.0,1.88107589579615,0.6032591484677579,0.6425802910193624,0.1054616566195483
2024-11-08,739197.7430546917,0.9870150822943602,3.319817460426277,0.6857914814068818,-0.003962491907338383,0.0005362131280554499,0.00017827024640323618,-0.000505711615395909,2024-08-22,2024-10-25,739119.0,739183.0,0.8852328202898317,2.1970529815692337,0.6425802910193624,0.09115719760100179
2024-11-02,739191.5520662055,0.3928450193730212,14.305681933570623,0.8884066575968104,-0.09279547613287677,-0.0005672068336989872,-0.0005056247497931294,0.00025703541505299585,2024-08-27,2024-10-25,739124.0,739183.0,4.705562479067308,4.4926029336846,0.6425802910193624,0.10947945480431988
2024-11-03,739192.5440764134,0.7589878203178553,8.65178693099833,0.7017890337128735,-0.011257490373588417,0.0036336062440155605,0.00353426450062485,0.000843841677195343,2024-09-04,2024-10-25,739132.0,739183.0,2.54389312976271,0.2717895235662817,0.6425802910193624,0.03636312636562461
2024-10-26,739184.1990625501,0.6585717381445392,7.1521586921085705,0.6522367383363378,-0.012540895179077957,0.005077546662143385,0.0024432009271777026,-0.004451095296180642,2024-09-11,2024-10-25,739139.0,739183.0,4.13150629039071,0.2274262352190315,0.6425802910193624,0.029524864131541057
2024-12-12,739231.7675576654,0.1908846331304888,9.294154264653617,2.3506971059136705,-0.8027387552505213,-0.017935013107156735,-0.004973286432040873,0.01723168933154152,2024-05-14,2024-10-28,739019.0,739186.0,2.272991680355955,0.9192499676500344,0.6872124450401307,0.37217040121171363
2024-10-29,739187.621117723,0.9579223935670789,6.169114727188973,0.6341485287690836,-0.004223893243771649,-0.00045166553773919385,-0.00043741469317739885,0.00011256173494468348,2024-05-21,2024-10-28,739026.0,739186.0,4.518587595554556,1.4521231772832555,0.6872124450401307,0.3628086289754818
2024-11-08,739197.5808524262,0.6436340462325537,10.299577386002204,0.7957929494100495,-0.02511777204324854,-0.0025963332286657232,-0.0009828018362386356,-0.0024031327023199835,2024-05-29,2024-10-28,739034.0,739186.0,4.340602554765209,0.6045612217809492,0.6872124450401307,0.3105430429870242
2024-12-22,739241.2838111509,0.45339092784230084,3.7172002871504395,1.606092566990841,-0.14187588999357562,0.007110810075145385,0.007102577314526665,-0.00034207516127352324,2024-06-05,2024-10-28,739041.0,739186.0,0.7615541360582472,2.433584236654709,0.6872124450401307,0.38983425610627476
2024-11-16,739205.0877681592,0.41823105371596403,6.713370164186698,1.1081972606985562,-0.11605909277350505,0.008870155645851559,0.008074333414856798,0.003672165721663341,2024-06-12,2024-10-28,739048.0,739186.0,2.252066748696936,0.8151238731663208,0.6872124450401307,0.29983201080500993
2024-12-10,739229.917709994,0.9160776313786698,6.248254052308147,0.8733381614623318,-0.006680010161467224,0.0006162146840188462,0.0005993649286557077,-0.00014311610355926068,2024-06-20,2024-10-28,739056.0,739186.0,1.3686132827158397,1.589346827149035,0.6872124450401307,0.33128995327432137
2024-11-08,739197.017059782,0.18656038526702481,12.94009226199127,1.493573317946435,-0.4975245884241806,-0.024293733918465756,-0.012418312510036379,-0.020879919111536027,2024-06-27,2024-10-28,739063.0,739186.0,5.145655502416298,0.29525845013193086,0.6872124450401307,0.24110245486749324
2024-12-20,739239.0793314535,0.05340731002234024,10.630598212695283,7.661783457670697,-5.639810425468815,-0.03812303502591695,-0.037868833291877436,-0.004395141032923248,2024-07-05,2024-10-28,739071.0,739186.0,1.9501800614349425,0.7432245351976139,0.6872124450401307,0.2178171993356813
2024-11-06,739195.9372773953,0.13266275426382992,9.846147790265388,1.7190949961496256,-0.7459219320757278,-0.012099552194361152,-0.012089031466893383,0.0005044615907394387,2024-07-12,2024-10-28,739078.0,739186.0,3.8766944738377958,0.8306283288874325,0.6872124450401307,0.25437637922236095
2024-10-29,739187.8595525252,0.40211189943131587,5.461009172506284,0.8327796128471522,-0.08081158375110821,0.011199633057976235,0.007905264249832933,0.007933383753079608,2024-07-19,2024-10-28,739085.0,739186.0,3.4879101876252525,0.5313049272136958,0.6872124450401307,0.12363763433913695
2024-10-28,739186.6603011576,0.8390196470690323,9.674879058275735,0.6731034539147288,-0.00865628403872844,0.0008369434787344224,0.0005490914788656713,0.0006316430435247321,2024-07-26,2024-10-28,739092.0,739186.0,7.645675981714378,0.896937030834246,0.6872124450401307,0.15015859200435822
2024-10-29,739187.0751968578,0.0662454876758827,10.881260381870616,2.281684065077376,-1.4358902508960372,0.02475623435840204,0.023903839305896592,0.0064403110209056424,2024-08-02,2024-10-28,739099.0,739186.0,7.629797171745894,0.3531130436103111,0.6872124450401307,0.22972802224292257
2024-11-14,739203.8941918277,0.44837263179269493,14.484988235815505,1.0243607987708114,-0.0907627659481577,0.004599144238634273,0.004591010185544362,0.00027341032166095305,2024-08-09,2024-10-28,739106.0,739186.0,3.917749947284665,0.6108740001098272,0.6872124450401307,0.10005301110209396
2024-10-31,739189.0825435922,0.9643902599081657,9.190601718287322,0.695829823009516,-0.005986702879427532,0.0006601844613040195,0.00021214546934525893,0.0006251702350428706,2024-08-16,2024-10-28,739113.0,739186.0,4.689604650641299,0.9515492600518586,0.6872124450401307,0.08400984818611759
2024-11-24,739213.3891329474,0.6760276759449625,13.085149842574545,0.9062504259792858,-0.024753090668044722,-0.002716824416345425,-0.002555484987095347,-0.0009222968014587025,2024-08-23,2024-10-28,739120.0,739186.0,2.55453548756858,0.47071022963710235,0.6872124450401307,0.05355534415279281
2024-11-22,739211.0238667558,0.09212621607299544,5.7296579162323695,3.276894269202383,-1.9125973489795456,-0.027581060481095883,-0.01627739018423807,-0.02226570156208735,2024-08-28,2024-10-28,739125.0,739186.0,1.1260134951216285,1.1149801324732307,0.6872124450401307,0.07498461851929182
2024-11-13,739202.8629722694,0.3689389169870108,13.447525905527508,0.9950494799012212,-0.1141484894506552,-0.01122496093855501,-0.006712730832353576,0.008996610075159167,2024-09-05,2024-10-28,739133.0,739186.0,3.042170743313827,0.2789956354751426,0.6872124450401307,0.06566566913725115
2024-11-05,739194.0653901706,0.7815844006380828,4.9164742229574045,0.7190383787854197,-0.011383166421164454,0.00196542405523418,0.0013377572703966725,-0.0014398948581038871,2024-09-12,2024-10-28,739140.0,739186.0,1.4887581944728259,0.9207228777384286,0.6872124450401307,0.04581218423873982
2024-11-21,739210.8187521693,0.291939449555817,3.2688112771277007,1.4171308744946056,-0.2814856123268807,-0.005457028158422696,-0.000576803987255429,0.005426458650179175,2024-05-15,2024-10-29,739020.0,739187.0,1.082557400792463,4.606838037212089,0.6931471805599453,0.46574038676151075
2024-11-28,739217.908745606,0.8492923961685892,13.035925696294651,0.7998407164527884,-0.008255243759788426,0.0008603210352473359,0.0007437079591319959,0.0004324936475981692,2024-05-22,2024-10-29,739027.0,739187.0,3.777581525449985,0.6251506963851308,0.6931471805599453,0.30549013281478427
2024-11-12,739201.5446908398,0.1780360014595266,14.494518734415617,1.8287225458302443,-0.6720357683102166,0.027022739727902256,0.02642431081081785,-0.005655462896637348,2024-05-30,2024-10-29,739035.0,739187.0,5.624246409045018,0.3054689288844169,0.6931471805599453,0.3570065163138376
2024-12-06,739225.4657813564,0.7109778962605932,12.427269828182826,0.9096250689389959,-0.01892805042205686,-0.001713076992050772,-0.0006031942316545005,-0.001603368173437547,2024-06-06,2024-10-29,739042.0,739187.0,3.0899320497003444,0.6321343245955654,0.6931471805599453,0.2787295809095051
2025-01-03,739253.3217288557,0.3844321821536706,5.24269653988784,1.7981883261792941,-0.21756441162251383,0.005356775909134534,0.00006693160494581184,0.005356357745795529,2024-06-13,2024-10-29,739049.0,739187.0,0.9388499558859512,2.9781693799887208,0.6931471805599453,0.3906336870755022
2024-12-16,739235.5854701933,0.2732889972417792,12.991703144090023,1.7757760522919814,-0.3811439884272854,-0.013292582027104318,-0.00117416218762031,0.013240622345813627,2024-06-21,2024-10-29,739057.0,739187.0,2.691605467601527,0.6031645155744615,0.6931471805599453,0.274707756421421
2024-12-16,739235.6697965686,0.4970608016644763,2.423722704800852,1.0463343163215209,-0.05731649471728815,-0.005646284269587187,-0.003577907413159389,0.004367963438016258,2024-06-28,2024-10-29,739064.0,739187.0,0.4862401373648553,2.081821396304434,0.6931471805599453,0.3308318384876864
2024-11-16,739205.054098238,0.4281979371510628,9.099956466556158,1.0155481258993027,-0.09432501082446135,0.0068845443917473015,0.004755173761234663,-0.004978481091899879,2024-07-08,2024-10-29,739074.0,739187.0,2.870880614599013,0.6446988791102146,0.6931471805599453,0.23788894970523394
2024-12-04,739223.2327752729,0.4539101933332602,5.3130019266592905,0.957914827420523,-0.06488153175896558,-0.009273982658172131,-0.006939106064834197,0.006152687328725452,2024-07-15,2024-10-29,739081.0,739187.0,1.1563457745680303,0.5977020938140661,0.6931471805599453,0.1762625403443291
2024-12-11,739230.2303985698,0.7096045985224254,13.42733395980777,0.9561802443959443,-0.020392343558835856,-0.0010974348468840982,-0.0010974250533065367,-4.636327282393864e-6,2024-07-22,2024-10-29,739088.0,739187.0,2.5449942398479863,0.9820079949883811,0.6931471805599453,0.1872298577749487
2024-11-30,739219.3417365905,0.02937471938409609,9.100130262846953,10.549778177966513,-8.890885095264768,0.025988763172252974,0.02230314380116198,0.01334112393346761,2024-07-29,2024-10-29,739095.0,739187.0,1.9504310028089564,1.1042960111313787,0.6931471805599453,0.1303511960394642
2024-11-20,739209.4911117819,0.8566130067393527,14.882723648061809,0.8152813635953393,-0.009705337354913952,-0.0006273789532987059,-0.000626442232144824,-0.00003427069925738452,2024-08-05,2024-10-29,739102.0,739187.0,3.705264819205684,0.8903954610917014,0.6931471805599453,0.09019361188720942
2024-12-04,739223.4243974527,0.4161063758825111,9.343438003908306,1.2640537913710435,-0.1293911110924947,-0.004937136607223941,-0.001748840484219718,0.004617020125486228,2024-08-12,2024-10-29,739109.0,739187.0,1.7021946906382712,1.1671507684733025,0.6931471805599453,0.09477611313499572
2024-11-08,739197.1505299301,0.29686689740420574,14.416591917797321,1.137897705691544,-0.20931373552932556,-0.005504013773662563,-0.0012452951976916018,-0.0053612878575276515,2024-08-19,2024-10-29,739116.0,739187.0,4.76970202009945,0.7831002898457569,0.6931471805599453,0.11756662021879066
2024-11-24,739213.6519594372,0.6054735314657403,8.069025451629415,0.9015978177216216,-0.032146788741453894,0.003047754287860804,0.0015309930673450653,0.002635311447801808,2024-08-23,2024-10-29,739120.0,739187.0,1.6139150424331468,0.791465014735287,0.6931471805599453,0.06990515469748941
2024-11-06,739195.8414758408,0.5063119558047328,2.385191366521116,0.9527408391898189,-0.0745426072298149,-0.011315244393397376,-0.010203443779170315,0.00489126678148119,2024-08-29,2024-10-29,739126.0,739187.0,0.7845784914793604,1.3984134559297274,0.6931471805599453,0.080352506771274
2024-11-13,739202.8288666335,0.7352617745701465,12.0280283971782,0.7795480111699391,-0.014644333941295414,-0.0029978817928699403,-0.002929259299734671,0.0006377579469822643,2024-09-06,2024-10-29,739134.0,739187.0,2.813644735109003,0.29860884145455796,0.6931471805599453,0.04196358875013076
2024-11-02,739191.0624609723,0.20575172735265174,3.2078866964262818,1.0022546791597238,-0.22796329837235477,0.008528611735261277,0.0006208798727221805,-0.008505981796035369,2024-09-13,2024-10-29,739141.0,739187.0,1.2822399659481085,1.7143956574014056,0.6931471805599453,0.05130111683901104
2024-12-09,739228.7626874513,0.8478289571258184,4.4908930946457915,0.8707838497775117,-0.009029293121109862,-0.00028064260649522665,-0.00008017713967367897,-0.0002689459032113745,2024-05-16,2024-10-30,739021.0,739188.0,1.16405931101,6.074012416683612,0.6661590358422984,0.4484889436181035
2024-12-10,739229.0289734473,0.799104491891619,13.802801143502798,0.8790222724237858,-0.011417309676555645,0.001010004254437289,0.0005662597143655794,-0.0008363363736368498,2024-05-23,2024-10-30,739028.0,739188.0,3.491064502676861,0.6544506725566936,0.6661590358422984,0.30359080732977717
2025-01-05,739255.0133134541,0.5359634449270737,7.492955745854576,1.3507531883695651,-0.07036447138363024,0.0022882060531553288,0.0017456271975719974,0.0014794163135485635,2024-05-31,2024-10-30,739036.0,739188.0,1.412256134536983,2.1995827317102323,0.6661590358422984,0.3735576862568978
2024-11-02,739191.9478955662,0.5793830002878623,6.413098415073641,0.8050723997997429,-0.03677661116073062,-0.005080169934600026,-0.0013599719482046662,-0.00489475258460634,2024-06-07,2024-10-30,739043.0,739188.0,3.7054774565061877,0.6540204254737791,0.6661590358422984,0.2609164275287739
2024-11-21,739210.2169452384,0.8121084297473988,5.180543021971877,0.8327786708789047,-0.011884436705801802,0.0011778786344644036,0.0011702126285042989,-0.00013416587351777726,2024-06-14,2024-10-30,739050.0,739188.0,1.6289606472270752,1.581673330112083,0.6661590358422984,0.3427542236529185
2024-12-04,739223.7806156451,0.2652179667062398,6.355309384814179,1.69536681022323,-0.38534307572729565,0.006568220261402695,0.006103960265168379,0.0024255280834380093,2024-06-24,2024-10-30,739060.0,739188.0,1.5385823457837877,2.4483082450159155,0.6661590358422984,0.3514185466337765
2024-11-27,739216.0572889714,0.6743963384780928,7.116910006299718,0.9157628244581755,-0.024592531980334825,-0.002405260457800836,-0.0022785524167979643,-0.0007703744243966321,2024-07-01,2024-10-30,739067.0,739188.0,1.8916878331118911,0.9688685590197611,0.6661590358422984,0.24762967750913678
2024-12-06,739225.7996765247,0.6155502769923656,7.084048617359219,0.9706094369645962,-0.03251680311896127,-0.003031124341971774,-0.0011013833419233942,-0.0028239457343630864,2024-07-09,2024-10-30,739075.0,739188.0,1.5600138937288592,0.9321506081239026,0.6661590358422984,0.22387936317922214
2024-11-16,739205.9789070378,0.3355492241833729,8.319938298860317,1.131343093716084,-0.16639732389711687,-0.011102297796668213,-0.007105023566508362,0.00853109937143301,2024-07-16,2024-10-30,739082.0,739188.0,2.556835368996302,0.6044628280041189,0.6661590358422984,0.17521052579375676
2024-11-23,739212.8310373874,0.35040285249462416,2.0777991368889377,0.3049411087820538,0.055455805359778045,0.050306859424609114,0.04433734552327648,0.023769305776925372,2024-07-23,2024-10-30,739089.0,739188.0,0.5313637340462571,0.185901923026449,0.6661590358422984,0.1601930715924097
2024-12-14,739233.8405423539,0.9569228041959281,14.427665014715899,0.894063841960336,-0.005730367383130855,0.0002425508505252956,0.00012814097405456837,0.00020593884009309832,2024-07-30,2024-10-30,739096.0,739188.0,2.5279899608881116,1.5669694101412552,0.6661590358422984,0.1288333795475358
2024-12-02,739221.2599843112,0.8027214962782858,6.9116407035209715,0.8916089659876599,-0.012846842789097847,-0.0007106616969619296,-0.0005536147299425077,-0.00044559037054170463,2024-08-06,2024-10-30,739103.0,739188.0,1.39541113342976,2.0995065824328503,0.6661590358422984,0.09346288175602163
2024-11-30,739219.0668089621,0.30329730065669397,11.030936808805858,1.4892525805865895,-0.27830885112742054,-0.00586934268607895,-0.004232813573795196,0.00406601436496769,2024-08-13,2024-10-30,739110.0,739188.0,2.2047539720710563,1.3037481346107989,0.6661590358422984,0.11004787693434366
2024-11-11,739200.1356616697,0.2817761007061617,4.080888095945392,1.1518103253006036,-0.22062222017458513,-0.01202283815741119,-0.009921457762907558,0.006790678406326118,2024-08-20,2024-10-30,739117.0,739188.0,1.2498368557960007,1.2670440642871004,0.6661590358422984,0.09033852605411787
2024-11-26,739215.9411490314,0.30735802833643905,8.828490661905978,1.26916066550083,-0.21257920642612013,-0.01081777418765743,-0.0009688271467939915,-0.010774303334080703,2024-08-26,2024-10-30,739123.0,739188.0,1.688739439744678,0.6841336769698254,0.6661590358422984,0.0705421025981997
2024-11-29,739218.1674059103,0.47203545732016583,7.427056729451615,1.1171760639007737,-0.08542838590693957,0.005358487494799746,0.0038806954711923043,-0.0036950765745506257,2024-08-30,2024-10-30,739127.0,739188.0,1.3072739965935427,1.0132529116243427,0.6661590358422984,0.06949216904528366
2024-11-19,739208.2717283411,0.23488935937415528,3.2948300314488455,2.276894346651751,-0.7249490437231634,0.04805376522681745,0.030952605945609817,0.03675731951121967,2024-09-09,2024-10-30,739137.0,739188.0,0.6592992276955364,1.0754999305978006,0.6661590358422984,0.059773970733287
2024-10-31,739189.5699742876,0.22891423642063297,14.353955990967023,0.8338086874604295,-0.12958366297043886,0.0139770557286557,0.010853584105297086,0.008806690576555394,2024-09-16,2024-10-30,739144.0,739188.0,7.694639865285302,0.14785490879268182,0.6661590358422984,0.04118588203180639
2024-12-12,739231.2299413449,0.6671653113393959,6.939575556048178,0.9795957953660571,-0.02580119940872076,-0.0009670408079054824,-0.0009628765701140757,-0.00008964728038173587,2024-05-17,2024-10-31,739022.0,739189.0,1.767484565667883,2.565048865168181,0.5084559544106724,0.4373742514069973
2025-01-06,739256.6977884494,0.17752098217317294,3.5477743697214486,3.5344381173387185,-1.3303322972409082,0.02088014815245485,0.013617418195815533,-0.015828660984073657,2024-05-24,2024-10-31,739029.0,739189.0,0.684896049011424,3.1880142880677873,0.5084559544106724,0.4399687207570975
2024-11-25,739214.3210062035,0.2062804988523766,9.211841668470697,1.8305623401674207,-0.5743594002054868,0.023826422117140623,0.02280736019372986,0.006893671873365784,2024-06-03,2024-10-31,739039.0,739189.0,2.8369000651665752,0.5398046357705647,0.5084559544106724,0.3313760366024997
2024-12-17,739236.8372594275,0.30403367613877436,6.187839733581228,1.7368630298017462,-0.3214503144364876,0.003507597544184907,0.0027086025009301147,-0.002228612353893588,2024-06-10,2024-10-31,739046.0,739189.0,1.3626202106986192,4.502842239726078,0.5084559544106724,0.4496554154986185
2024-11-28,739217.5408263196,0.5129199342232077,5.790313413135392,1.0685451624784135,-0.06675641688082555,-0.0030836191428626797,-0.0030821676007718518,0.00009460390574100245,2024-06-17,2024-10-31,739053.0,739189.0,1.614404898065064,1.9176961282435454,0.5084559544106724,0.40505601617525494
2024-11-17,739206.2691586204,0.4452941612375788,5.99550577079873,1.0238468903942461,-0.08955212403157212,-0.004826380398190629,-0.004137939387596453,-0.0024842313444235877,2024-06-25,2024-10-31,739061.0,739189.0,2.0321580321691632,1.3780834524735524,0.5084559544106724,0.35184444822464234
2024-11-19,739208.7522579521,0.6060412398935414,7.569017784353459,0.88115365181954,-0.03313327479695304,0.0034829778956039304,0.0010925611130755443,-0.0033071808592002806,2024-07-02,2024-10-31,739068.0,739189.0,2.3656048709355186,0.7616865670472156,0.5084559544106724,0.25804353574684447
2024-12-15,739234.8245964223,0.416498841682711,4.682423348996276,0.9052896178202637,-0.06383005921601233,0.012543826061756434,0.011834715344740423,0.004157774041066383,2024-07-10,2024-10-31,739076.0,739189.0,0.9263065888888795,0.45262479932270083,0.5084559544106724,0.23318176981186853
2024-12-13,739232.9919550386,0.7640591100627008,12.990664213117833,0.9026310456479566,-0.013836233583809001,-0.0011957644520395906,-0.000056478329559162576,0.0011944299155043597,2024-07-17,2024-10-31,739083.0,739189.0,2.5359784330180943,0.6805622378557962,0.5084559544106724,0.21626133498090083
2024-12-08,739227.7315719443,0.2291345844254254,14.091389949528939,1.8674775889311845,-0.5102867195513,0.004118706651479809,0.0021906382493005546,-0.0034878142928839303,2024-07-24,2024-10-31,739090.0,739189.0,2.8452231235958223,2.0146064301099362,0.5084559544106724,0.20705249103666795
2024-11-27,739216.7783772993,0.30129130577353386,11.580817406892088,1.4504550381505137,-0.2744483547472325,-0.004770995376895179,-0.0017391017362519624,-0.004442738123873676,2024-07-31,2024-10-31,739097.0,739189.0,2.693543956977587,1.496576844201609,0.5084559544106724,0.17016216031303885
2024-12-11,739230.6876078814,0.8782508998170608,5.966777337678106,0.8735887228202347,-0.008014784359256509,0.000525737001884549,0.0005145860669087029,0.0001077059649879535,2024-08-07,2024-10-31,739104.0,739189.0,1.055546541355068,2.243892617280691,0.5084559544106724,0.11975291276911056
2024-11-22,739211.0683627215,0.35174168142451717,3.244000392939383,1.1334431094528932,-0.15565118950122242,0.011544850964851127,0.011544003321886738,0.00013989676512311033,2024-08-14,2024-10-31,739111.0,739189.0,0.7804931548892947,1.4618642658357797,0.5084559544106724,0.12031297442195599
2024-10-31,739189.4678445826,0.7530318431413312,7.98649879134853,0.6905014173666297,-0.012363410200277569,-0.0027031169794433626,-0.00229492254478487,-0.00142834586777613,2024-08-21,2024-10-31,739118.0,739189.0,6.392146061203077,0.4312512325883699,0.5084559544106724,0.10524776816614997
2024-11-08,739197.3443871893,0.8560444222408694,3.448010172329882,0.7055836799286518,-0.007584040852725745,0.0010902038031123447,0.0009389704032653655,-0.0005539665279710473,2024-08-27,2024-10-31,739124.0,739189.0,1.1927891284336283,1.727112925870812,0.5084559544106724,0.1105193859070387
2024-11-03,739192.1599209314,0.16279295383072181,13.897596924833849,1.13056110471177,-0.34609909078503237,0.00811809633215951,0.000837314275332076,0.008074799865169839,2024-09-03,2024-10-31,739131.0,739189.0,6.5536530367955175,0.49939265404759564,0.5084559544106724,0.1714167952376933
2024-11-02,739191.4296045464,0.5764776310131482,2.8589829885245575,0.7163587284290649,-0.02511831792391188,-0.0035339982796002392,-0.0034658426438159773,-0.000690708772583734,2024-09-10,2024-10-31,739138.0,739189.0,1.4063053505575438,1.4331614182501835,0.5084559544106724,0.09037103690666154
2024-11-06,739195.092915527,0.7388530821610341,12.058218092140352,0.6747982867042601,-0.008620395933412052,0.0036002824527503062,0.003342687061515336,0.001337339503775959,2024-09-17,2024-10-31,739145.0,739189.0,4.0431221589167805,0.14671198544216263,0.5084559544106724,0.04639681013107285
2024-12-08,739227.6494577072,0.8259809212881848,10.959687703860013,0.8169294909473441,-0.008879256364599752,-0.0010376237209983846,-0.0009915647181803,-0.0003057162017927011,2024-05-20,2024-11-01,739025.0,739190.0,2.935915062174942,0.6449240024556632,0.5783183568009932,0.3050488566405416
2024-12-24,739243.8294189412,0.8612700860342659,8.9632681970399,0.9166238271570664,-0.00836170655835751,0.000627569781669896,0.00007418777744765774,0.0006231693225300634,2024-05-28,2024-11-01,739033.0,739190.0,1.947565624184279,1.2802826818765733,0.5783183568009932,0.34730470634193744
2024-12-16,739235.4575050047,0.797163768020857,13.381511392326335,0.8881461396617695,-0.011268472445742148,-0.001130949044903744,-0.0009456145805295184,-0.0006203698955128895,2024-06-04,2024-11-01,739040.0,739190.0,3.1063551312907003,0.5935596800579542,0.5783183568009932,0.2916388529612588
2024-11-29,739218.8337133307,0.5170852981592785,9.939732284673113,1.020148558004651,-0.05985798251818816,-0.005451516376987051,-0.002533138857140193,-0.004827239204659791,2024-06-11,2024-11-01,739047.0,739190.0,2.823765585385247,0.571205337147656,0.5783183568009932,0.2803292241555353
2024-12-05,739224.0759638066,0.8621785634671197,10.461273536282635,0.8259905746915935,-0.00806161868846133,0.0011564609923239,0.0005796793251706104,0.0010006867175777463,2024-06-18,2024-11-01,739054.0,739190.0,2.6766832644672043,0.574518379148765,0.5783183568009932,0.24883629128750684
2024-12-18,739237.3812066714,0.6408181740541808,7.580511940925149,1.0419140953025587,-0.031177143073221024,0.001957265206305662,0.0015020586284275035,0.0012548732862648852,2024-06-26,2024-11-01,739062.0,739190.0,1.5789588208608405,1.3465513637454245,0.5783183568009932,0.32093398565597936
2024-11-05,739194.0007416371,0.7804370047004054,5.239630751097548,0.7130437400683768,-0.01146577357226943,0.0017344729088681612,0.001711001134746593,-0.0002843789522687148,2024-07-03,2024-11-01,739069.0,739190.0,2.870195512106465,0.984629880724655,0.5783183568009932,0.277840940594229
2024-12-11,739230.8376351449,0.5632840891289007,2.4201778659007958,-0.20023741026309588,0.06617933392181413,-0.03220457079924943,-0.026481163451162283,0.0183270936767589,2024-07-11,2024-11-01,739077.0,739190.0,0.5108661229776064,0.4782831441703465,0.5783183568009932,0.19971281800038188
2024-11-27,739216.7957469438,0.8013660282260102,14.005072115313137,0.795807072721739,-0.010320866758215584,0.0008826500156002687,0.0006690861943809797,-0.0005756689278812368,2024-07-18,2024-11-01,739084.0,739190.0,3.567630687095551,0.6690725561051362,0.5783183568009932,0.23809937059639547
2024-11-24,739213.1604282407,0.6767704411614149,4.8418029899640205,0.8076774746770609,-0.018485482922809864,0.002844096227784083,0.002766808348876689,-0.0006585248009618941,2024-07-25,2024-11-01,739091.0,739190.0,1.2814178627107249,0.9084913198478465,0.5783183568009932,0.15845396893234548
2024-12-06,739225.0617266905,0.8269451328594877,6.603142543972882,0.8504655031305576,-0.009923891688220707,-0.0008618546856129892,-0.0005906516708755944,0.000627633733004316,2024-08-01,2024-11-01,739098.0,739190.0,1.3531291532013738,1.4420289899705152,0.5783183568009932,0.13747284254819317
2024-11-24,739213.4229621664,0.01887916506808796,8.20945285845783,12.451582912003634,-11.07480259740806,-0.032172943474392,-0.029036458916970025,0.013855769389302598,2024-08-08,2024-11-01,739105.0,739190.0,2.0020950115750784,0.7916145505475805,0.5783183568009932,0.18069580441424232
2024-11-13,739202.5168355242,0.3445643916343442,9.246601842200938,1.0344738494337038,-0.14140770808477654,0.00658726604945493,0.001581311418770628,-0.006394648403404772,2024-08-15,2024-11-01,739112.0,739190.0,2.911587488406782,0.799937609381712,0.5783183568009932,0.16753840451072466
2024-11-26,739215.637786647,0.5866357345325469,13.735230772392656,0.9343493314388582,-0.038246028452146905,0.002575817030883331,0.0024107218797458463,0.0009073331224546307,2024-08-22,2024-11-01,739119.0,739190.0,2.900648560611476,0.6341673621736693,0.5783183568009932,0.12323196406583957
2024-11-17,739206.0980206179,0.738968216437521,2.458316758336905,0.7021628113763927,-0.010473467220328648,-0.0034515664127620104,-0.001913824279821644,0.0028723835620738363,2024-08-27,2024-11-01,739124.0,739190.0,0.6374366976564524,0.9121413863759419,0.5783183568009932,0.11120624688321393
2024-11-12,739201.1140522548,0.442174472659168,3.448868336879917,0.8819810406905614,-0.06984171555264991,0.009215881230867286,0.0089864068377399,-0.0020437609958293764,2024-09-04,2024-11-01,739132.0,739190.0,1.0031491059172917,0.9716169461380935,0.5783183568009932,0.11331419973559105
2024-11-14,739203.604554433,0.9240305845108281,11.232155576504814,0.6935617770750298,-0.004352451287516399,0.0011927412240675592,0.0011744998481705215,-0.00020780215166740112,2024-09-11,2024-11-01,739139.0,739190.0,2.784949499182814,0.3002001641322779,0.5783183568009932,0.059800456942816854
2024-11-08,739197.0873286959,0.3422551718717675,3.197890821977456,0.6761555167996545,-0.026643636394088316,-0.010856392662922147,-0.006647485011327743,0.008583251404667279,2024-09-18,2024-11-01,739146.0,739190.0,1.0053123015889212,0.2626602433682724,0.5783183568009932,0.07225699426411322
2024-12-30,739249.8963071211,0.45899612218757346,2.307358788873443,1.213119975346467,-0.0916548359407778,-0.006033143796338608,-0.0038685647167830493,-0.004629582173302503,2024-05-21,2024-11-04,739026.0,739193.0,0.5030843432859154,3.0220774667321506,0.5491355900439334,0.46775066009070126
2024-12-04,739223.4812237005,0.7241708776299897,2.4059720539017513,0.8912238723828507,-0.01821516195612522,0.0009489641765738796,5.769951478956466e-6,-0.0009489466350013811,2024-05-29,2024-11-04,739034.0,739193.0,0.6996676904274287,5.777416748965688,0.5491355900439334,0.4546581009717347
2024-12-30,739249.0701660399,0.496725180030802,3.1778448137169546,1.3589911501851557,-0.08977170678298482,-0.003646020944166016,-0.003635976603664587,0.0002704493721586026,2024-06-05,2024-11-04,739041.0,739193.0,0.6632014009092743,3.8486092018758167,0.5491355900439334,0.4519485825237357
2025-01-14,739264.2516960237,0.5172569495912464,9.120641800891612,1.3941618551809416,-0.07808949586386181,-0.0030403291310819153,-0.002933602283851751,-0.0007984853570887229,2024-06-12,2024-11-04,739048.0,739193.0,1.6115963902824475,1.45664241877182,0.5491355900439334,0.3950122127055008
2024-12-17,739236.135092748,0.36508465488744096,14.486679195451348,1.4040207858995832,-0.18011875703197497,-0.00773640454880895,-0.007332199756269884,0.0024679550394988287,2024-06-20,2024-11-04,739056.0,739193.0,3.2955939630822444,0.5867383916672841,0.5491355900439334,0.3640816886372218
2024-12-20,739239.0573973418,0.8467178574604353,13.656900772213477,0.8732183045900412,-0.008423231413445299,0.00092365168502294,0.0006514427614174644,-0.0006547936803623757,2024-06-27,2024-11-04,739063.0,739193.0,2.9145780968271664,0.565401648981911,0.5491355900439334,0.2848677892932429
2024-12-11,739230.910455424,0.27620723718651014,12.970321777796324,1.5628096536038385,-0.32033645167836927,0.010661173488219903,0.005021283191336158,0.009404644345126929,2024-07-05,2024-11-04,739071.0,739193.0,2.9713135053396766,0.6398610189395317,0.5491355900439334,0.31199827774879924
2024-11-20,739209.5900900364,0.4295565477009503,5.782575849364183,0.923104295428035,-0.07440459485245463,-0.00880094230899211,-0.0068013845646934116,-0.00558549492250755,2024-07-12,2024-11-04,739078.0,739193.0,1.9058894226163674,0.6280143788242806,0.5491355900439334,0.2309833298991621
2024-11-20,739209.5931843969,0.39433742212710776,14.57021802940235,1.0160139341701808,-0.10664606839303807,0.007444824076728692,0.0016765889375315222,0.007253582223149203,2024-07-19,2024-11-04,739085.0,739193.0,4.675090675536057,0.38769692113866894,0.5491355900439334,0.21460173961410975
2024-12-03,739222.1374091932,0.22449422731213647,5.186988293157271,1.5032631489644308,-0.3881259774103713,-0.020219066999733217,-0.009460240015003231,0.017869374057258754,2024-07-26,2024-11-04,739092.0,739193.0,1.235469002879781,0.8308096072610184,0.5491355900439334,0.16431393847163406
2024-11-04,739193.2825335088,0.23245460778484667,13.265803222049398,1.0040782453777235,-0.22541464251719628,0.014150318391200846,0.007681756719845089,-0.01188369152534143,2024-08-02,2024-11-04,739099.0,739193.0,12.2672949139217,0.2791390011532081,0.5491355900439334,0.34625839412907766
2024-11-19,739208.6460278253,0.4571706239294172,7.801203268240573,0.9405190466194698,-0.0708821310960797,0.006378165742554843,0.006346638629325981,0.0006333848342417184,2024-08-09,2024-11-04,739106.0,739193.0,2.3355358526773924,0.6512649235350507,0.5491355900439334,0.16027807362811541
2024-11-15,739204.5540242658,0.44562212112530386,6.082689667987678,0.8716529385201784,-0.06412708044094821,0.00702787553780398,0.0007984378093022594,-0.006982372923264717,2024-08-16,2024-11-04,739113.0,739193.0,2.003845331306053,0.6684801072959318,0.5491355900439334,0.15111212450864522
2024-11-15,739204.3872807836,0.27873643880377547,4.981321483922779,1.0338788553270883,-0.17639452279291912,0.010236621931436183,0.00952870427527766,-0.0037406180507324562,2024-08-23,2024-11-04,739120.0,739193.0,1.5879186000505925,0.9642232693401487,0.5491355900439334,0.16264572317558307
2024-11-04,739193.0831791507,0.6413881141001788,12.845859793000999,0.7060410134939377,-0.019032921864578486,-0.0017522620878518656,-0.00043109539785709356,-0.0016984048935602524,2024-08-28,2024-11-04,739125.0,739193.0,13.71334055044336,0.5423306258031403,0.5491355900439334,0.16787205897556587
2024-11-14,739203.9848595142,0.8995823520925281,4.735553142280764,0.7183654668650444,-0.006266509169519013,0.0011596868174546502,0.0005992196153801929,-0.0009928793316016345,2024-09-05,2024-11-04,739133.0,739193.0,1.406340694359742,1.0264910600633053,0.5491355900439334,0.12112134950700827
2024-11-11,739200.4871295544,0.03691735163144939,5.576687029080253,2.637471900303209,-1.8266460002644647,-0.015719154529078315,-0.011690400471769748,0.01050839454525233,2024-09-12,2024-11-04,739140.0,739193.0,1.854324772529216,0.7692711989907609,0.5491355900439334,0.10540463485119736
2024-11-26,739215.5641802127,0.6973161289386737,6.369700777142018,0.6383939937308857,-0.003132365632821968,-0.0024905815110123205,-0.002389040898087408,-0.000703903296101193,2024-09-19,2024-11-04,739147.0,739193.0,1.1267099034447188,0.13768364973086725,0.5491355900439334,0.06765812748419277
2024-12-15,739234.7974124828,0.18173905814965166,9.357000539475298,2.414441986532519,-0.8651402335453371,-0.019662925716676813,-0.013510480924267624,0.014286271484699953,2024-05-22,2024-11-05,739027.0,739194.0,2.424356626070314,0.8545746177653252,0.5060806563817648,0.46644867669929013
2024-12-30,739249.1418451106,0.7515930249482716,3.744065264013877,0.9925558386280849,-0.01597112728554582,0.0004914785185059028,0.00035319141248002246,-0.00034177033268428033,2024-05-30,2024-11-05,739035.0,739194.0,0.8084569374917665,6.523345200503884,0.5060806563817648,0.47673527420110284
2025-01-06,739256.0917498523,0.7119187983610816,13.73416991478756,1.0258649034105114,-0.019393783197222823,0.0015397603224499286,0.0006218663845578537,0.001408596482442027,2024-06-06,2024-11-05,739042.0,739194.0,2.7056402773360406,0.652886151441657,0.5060806563817648,0.3330561640869247
2024-12-15,739234.3886698023,0.32763602621115534,6.926227993084174,1.5504292060661198,-0.250932844990326,-0.006639635905057471,-0.006595211049589793,-0.0007667829960927916,2024-06-13,2024-11-05,739049.0,739194.0,1.6798669214773152,1.787755456820405,0.5060806563817648,0.48758588238361505
2024-12-09,739228.79896591,0.01748706819521351,10.891770777010619,17.918254835677317,-16.16902120480272,-0.04638330118684222,-0.0447538694182066,-0.01218613150624226,2024-06-21,2024-11-05,739057.0,739194.0,2.7679108640564216,0.559681029304277,0.5060806563817648,0.4121868253845583
2024-12-31,739250.8991089732,0.43467369379529164,5.150225077078156,1.1001228107172534,-0.08245291011734414,-0.006401956703254333,-0.005618686578791193,-0.0030684541319131358,2024-06-28,2024-11-05,739064.0,739194.0,0.9748411195841741,1.0870021529879932,0.5060806563817648,0.37749347366053604
2024-12-01,739220.6272302236,0.5451084104557845,9.609378466587888,0.9502544761964002,-0.0457945732793745,-0.0043045762196800424,-0.004304549011999729,0.00001530471584470987,2024-07-08,2024-11-05,739074.0,739194.0,2.609059919593857,0.6034915572320575,0.5060806563817648,0.28480709767287643
2024-11-25,739214.5653511706,0.34428260218488577,10.257600298381545,1.0965820428254196,-0.14661838322724582,0.007553286634318529,0.005945526448857181,-0.0046586322269647614,2024-07-15,2024-11-05,739081.0,739194.0,3.054469495271611,0.6515110186651927,0.5060806563817648,0.31798195885280184
2024-11-28,739217.8359205937,0.18919460844030273,12.360914275614126,1.693918693500301,-0.549006418641755,-0.002652089301615472,-0.001750856155355766,-0.0019920041131975775,2024-07-22,2024-11-05,739088.0,739194.0,3.334727571913431,3.168454243737254,0.5060806563817648,0.30847070635736457
2024-11-20,739209.582723358,0.17149711256464298,8.705895658057926,1.6711094896320906,-0.5971487774914361,-0.014434414077732702,-0.009140478171473057,-0.01117156965534712,2024-07-29,2024-11-05,739095.0,739194.0,2.7644306886313625,0.8149420782481035,0.5060806563817648,0.27340411152617816
2024-11-17,739206.5739754828,0.6735536187454793,7.555818712647595,0.7917656730354045,-0.020342314124204043,0.0022217173854406514,0.0010099522618634662,-0.0019788947848549485,2024-08-05,2024-11-05,739102.0,739194.0,2.5473114624345596,0.8162105187078943,0.5060806563817648,0.1929072172198784
2024-11-30,739219.3560006869,0.5003448293724985,6.71675632382162,0.9707553343086238,-0.05818827662063942,-0.003555892641147606,-0.0027416869247359247,0.0022644039573582633,2024-08-12,2024-11-05,739109.0,739194.0,1.5721814349670726,1.2189802735761173,0.5060806563817648,0.20074217485554582
2024-11-21,739210.53468798,0.21040534786631665,8.9780626873364,1.3001441695666678,-0.3425762621114501,0.022200151805073228,0.0009815766545177066,-0.022178441050705145,2024-08-19,2024-11-05,739116.0,739194.0,2.4913015657237927,0.3616391692120742,0.5060806563817648,0.1753630719806165
2024-12-09,739228.2619555078,0.7727316239814719,4.902473551359704,0.6922493552133783,-0.005945175253546515,0.002509130087249078,0.001964519044994275,0.0015608967667957246,2024-08-23,2024-11-05,739120.0,739194.0,0.8976951879509225,0.3734693020093627,0.5060806563817648,0.1243417907757833
2024-12-03,739222.84360532,0.8562602067519911,8.480897535797132,0.7752171516608914,-0.006996347535623691,-0.0007278992118458465,-0.0004902477691028137,-0.0005380468264895898,2024-08-29,2024-11-05,739126.0,739194.0,1.6348618265617343,0.970429679529575,0.5060806563817648,0.1551843090489255
2024-12-01,739220.0381219175,0.8361197878268813,12.057362476736165,0.7482342998700415,-0.006819255292817036,0.0016268528513483911,0.0016267839098561016,-0.000014977001491809806,2024-09-06,2024-11-05,739134.0,739194.0,2.2936306970833424,0.2906731125696738,0.5060806563817648,0.1054453857301643
2024-11-30,739219.5595213949,0.2286692424344346,9.591477977078135,1.1075632311124706,-0.2216161262318609,-0.011148435344275984,-0.010066840680516921,0.0047902327019249905,2024-09-13,2024-11-05,739141.0,739194.0,1.7140603935638945,0.4739250437390901,0.5060806563817648,0.10353268000816697
2024-11-12,739201.6241242257,0.29863403228181623,14.172615194837952,0.686083496135296,-0.038215962820986986,-0.004369000915463926,-0.002545336463844724,-0.0035509761031506607,2024-09-20,2024-11-05,739148.0,739194.0,4.400038853869969,0.18431130442904703,0.5060806563817648,0.09251847834153588
2024-11-20,739209.4876548294,0.5069629299314568,7.790033527400588,0.9227701773517895,-0.05666836050351364,0.005426281573129092,0.004523687350561044,-0.0029967956996189006,2024-05-23,2024-11-06,739028.0,739195.0,3.1341354172334808,0.6796341601414452,0.567194771582331,0.40997590780495385
2024-12-23,739242.648160454,0.045592944053567626,2.5383005680105972,7.855191396964463,-6.052868010965553,0.07791026821598097,0.04017025436647566,-0.06675597769202947,2024-05-31,2024-11-06,739036.0,739195.0,0.5927133195559479,1.395471894401078,0.567194771582331,0.48480050602195784
2024-11-21,739210.469759173,0.4755449614663557,9.259544066628685,0.9508470016311314,-0.06794269049620616,0.006735613855934265,0.006716253698276446,0.0005103236979032194,2024-06-07,2024-11-06,739043.0,739195.0,3.510234422223664,0.5180450648524516,0.567194771582331,0.39454381407345257
2024-11-18,739207.7388309528,0.941880473767704,7.586093873007253,0.7252204667492749,-0.005158513418807102,0.0009528624289366111,0.00013927284611069617,-0.0009426292393169247,2024-06-14,2024-11-06,739050.0,739195.0,3.0380737561338034,0.6721588830051669,0.567194771582331,0.30291721605806055
2024-11-12,739201.8765876692,0.18016530886311746,7.893212619699918,1.4670118334897895,-0.4978225810706768,0.021501367341045206,0.01531134534709819,-0.015095413250271089,2024-06-24,2024-11-06,739060.0,739195.0,3.802442753834054,0.5284767459024938,0.567194771582331,0.5324190026853713
2024-12-16,739235.8383158434,0.5791934616039268,5.8569650215849745,0.9661756782803074,-0.03605329797094856,0.002748277320752813,0.002422205622607502,-0.0012984406623226432,2024-07-01,2024-11-06,739067.0,739195.0,1.323041072901498,1.297285201733757,0.567194771582331,0.3611810617467517
2024-12-20,739239.7311633235,0.7533152319231764,13.7423139473396,0.8978686215719969,-0.013755494901953321,0.0013776239843912028,0.0013157589638111851,-0.00040819871572606573,2024-07-09,2024-11-06,739075.0,739195.0,2.8512752438270947,0.5473465790006673,0.567194771582331,0.3053772355874153
2024-11-20,739209.4186214107,0.9776518467709481,13.17454024739219,0.6881323244905212,-0.003560069452834131,0.0006058803870556445,0.0003618239656173887,0.00048597784036271075,2024-07-16,2024-11-06,739082.0,739195.0,4.568823009381417,0.4360339778509854,0.567194771582331,0.2908869936251808
2024-12-20,739239.1815538991,0.007557517356077794,4.680795059810523,17.342031280400064,-16.295045589090662,0.09725749565776529,0.07306537720149593,0.06419089589671849,2024-07-23,2024-11-06,739089.0,739195.0,0.9115008152101063,0.2705154187082709,0.567194771582331,0.1686230324407399
2024-11-17,739206.2239171042,0.5556785872501419,2.7511027739748615,0.6747310213286326,-0.017688515336811934,-0.009989385237668942,-0.009988570782839797,0.00012755838960001498,2024-07-30,2024-11-06,739096.0,739195.0,1.000257521436972,0.3576592550305855,0.567194771582331,0.15387029407201738
2024-11-19,739208.0164102773,0.4460751177179624,2.797605698459737,0.7701691468905449,-0.04615628232148356,-0.014377691034388755,-0.012171436109493075,-0.007653374583337136,2024-08-06,2024-11-06,739103.0,739195.0,0.9296458243676252,0.511874116182313,0.567194771582331,0.1387420233693482
2024-12-14,739233.8020646633,0.7000072840130805,7.744821433049543,0.9056843846788366,-0.018627878954260442,-0.001594587667673289,-0.00015889407356293504,0.0015866513489996219,2024-08-13,2024-11-06,739110.0,739195.0,1.4301064384378899,1.055859559670616,0.567194771582331,0.18203753545918508
2024-12-07,739226.6777437103,0.8694264408725831,7.8530545041140245,0.7880010241171975,-0.00667127772987159,0.0006653412297596209,0.00014088203579615288,0.0006502547224034414,2024-08-20,2024-11-06,739117.0,739195.0,1.5522318942596438,1.1100916003198107,0.567194771582331,0.1751778029649735
2024-11-30,739219.7980074758,0.6131730066508515,3.2606217196903877,0.5951320060548524,-0.005297293254118938,0.008205290035094513,0.00715361645630895,-0.0040190242791064475,2024-08-26,2024-11-06,739123.0,739195.0,0.7067307740876246,0.12140670984415075,0.567194771582331,0.11946882630929075
2024-11-24,739213.2167522124,0.9852225643719605,5.345289332879695,0.6863750257029092,-0.0029110754763359546,0.0007474134551377574,0.00009278116865623257,0.0007416323399527189,2024-08-30,2024-11-06,739127.0,739195.0,1.322478034862319,0.7178863335622553,0.567194771582331,0.14788838311091426
2024-11-27,739216.941081061,0.9934114275896018,10.777103637266258,0.6951480642541396,-0.0027882824225837523,0.0008594763025854131,0.0008181552259503546,0.00026328984210564763,2024-09-09,2024-11-06,739137.0,739195.0,2.217669980746628,0.29904045607823215,0.567194771582331,0.1032268644729201
2024-11-23,739212.757488021,0.9333880204522707,13.633163317832727,0.6744093569092323,-0.0030573170399537043,0.0009919413191243748,0.00033877982890724123,-0.0009322959873944462,2024-09-16,2024-11-06,739144.0,739195.0,2.9374084282833763,0.21101828109480839,0.567194771582331,0.09062207664485221
2024-11-11,739200.7188203016,0.40640045052020424,9.204780515066126,0.6275681785143703,-0.010652787855318792,0.004998933855558398,0.0016643562129443116,-0.0047137308035866445,2024-09-23,2024-11-06,739151.0,739195.0,3.16821017298903,0.09408635230017731,0.567194771582331,0.08289708708014402
2025-01-04,739254.0944605499,0.9644999910191552,6.823712831906436,0.8898880739580833,-0.004508783346490786,-0.00019065873484674356,-0.0001307727278495282,-0.00013874165497122375,2024-05-24,2024-11-06,739029.0,739195.0,1.452434830936866,3.3425979820767364,0.567194771582331,0.4732813612286371
2025-01-06,739256.0101559313,0.11399900105252805,11.758593277625721,4.206990444209875,-2.193375964911108,-0.028363554875051534,-0.028011414916243583,-0.0044555448084500375,2024-06-03,2024-11-06,739039.0,739195.0,2.374675123492055,0.7497182729785583,0.567194771582331,0.4700828145953832
2024-12-23,739242.3761788376,0.9207702458756291,13.102746236030681,0.8298128380531011,-0.005256285345332681,-0.0006463503313308598,-0.0006429962831343123,0.00006576116397214701,2024-06-10,2024-11-06,739046.0,739195.0,2.965209276092361,0.5714785111608008,0.567194771582331,0.3086579663149091
2025-01-01,739251.820297331,0.4367949074852532,3.965382393348637,1.203103570777447,-0.09706009306725973,0.004866210044837157,0.0028091276411676266,-0.003973512563979388,2024-06-17,2024-11-06,739053.0,739195.0,0.7904704463623459,2.1970621633387437,0.567194771582331,0.4872879455109193
2024-12-23,739242.2676712561,0.17432707923227178,4.927096124245947,2.0371391187160133,-0.7088638760351631,-0.019948100843808846,-0.016526339729837792,0.011171697382616133,2024-06-25,2024-11-06,739061.0,739195.0,1.0540429886921157,1.257288979175232,0.567194771582331,0.43352293120715835
2025-01-04,739254.6635756512,0.9794371093942624,4.883938326723596,0.7094046087676674,-0.002181180708688574,-0.0006738090141712162,-0.00045150071252666335,0.0005001656667208392,2024-07-02,2024-11-06,739068.0,739195.0,0.8865810104178399,0.6491741454404543,0.567194771582331,0.3565911268444248
2024-12-01,739220.4895927488,0.42399128378262707,2.721584820124959,0.4065148926715328,0.019102334698437768,-0.028609745121981823,-0.02618644402285289,-0.01152335304426428,2024-07-10,2024-11-06,739076.0,739195.0,0.751494445635619,0.10401776455674254,0.567194771582331,0.24239791244269873
2024-11-25,739214.155476586,0.9579827395575629,10.729699957708084,0.7149005484696392,-0.004136900086709253,-0.0005301821589131711,-0.00002699296521070509,0.0005294945716992433,2024-07-17,2024-11-06,739083.0,739195.0,3.2852351206808112,0.6966586428565246,0.567194771582331,0.2792877815299257
2024-11-26,739215.2913207174,0.4535152066484459,14.740151235735446,0.9549865983472637,-0.07182121701732083,-0.003783144163976639,-0.003779603480301737,-0.00016363770079508177,2024-07-24,2024-11-06,739090.0,739195.0,4.2707134439777725,0.5841034657673262,0.567194771582331,0.27981157501205656
2024-12-06,739225.2711408987,0.35793827955173435,5.604169385502686,1.1175165953043622,-0.13396872137123672,-0.012350044027478723,-0.007268909131932243,-0.00998431507477478,2024-07-31,2024-11-06,739097.0,739195.0,1.2879054790920776,0.6928381597948795,0.567194771582331,0.18197406157244572
2024-12-04,739223.4737113687,0.6839204457073819,11.439697694729366,0.894173723677203,-0.022088630965625695,0.0011921676508676229,0.00022738465215209997,-0.0011702819864207496,2024-08-07,2024-11-06,739104.0,739195.0,2.6110710507851467,1.107700892065189,0.567194771582331,0.22098065928910932
2024-11-07,739196.3208322517,0.338480898106085,9.816189907444521,0.8197329738190635,-0.09545119585845432,0.0027220798941805747,0.0026673012696411193,-0.0005433441701840584,2024-08-14,2024-11-06,739111.0,739195.0,6.511890849989526,1.2091264424435426,0.567194771582331,0.3606031522106807
2024-12-02,739221.4690349812,0.31709609957610635,6.6875129661416866,1.1017946901488005,-0.15647650126806145,-0.009909613935397023,-0.0012003042105039052,0.009836651775419385,2024-08-21,2024-11-06,739118.0,739195.0,1.451025997971261,0.7487186558964057,0.567194771582331,0.20160487202899485
2024-12-02,739221.0618332339,0.234323171961842,10.881992602415734,1.2343398219691364,-0.2701284311832178,-0.023149223224302934,-0.0018030225310287401,0.023078900442638273,2024-08-27,2024-11-06,739124.0,739195.0,2.2772644191463876,0.25127002609637056,0.567194771582331,0.12674369160470308
2024-11-09,739198.6253821654,0.4609641330462225,7.432417742635698,0.7060163265119223,-0.03282685998812744,-0.009584296258691154,-0.00858601147189461,0.004259007135337462,2024-09-03,2024-11-06,739131.0,739195.0,3.4612110349448737,0.21242524931422282,0.567194771582331,0.16853997451983935
2024-11-28,739217.7365947549,0.5034144206621801,7.156225629168423,0.7721763533428131,-0.029258452113484643,-0.0015701094964270194,-0.0004592317074943427,0.0015014493230216396,2024-09-10,2024-11-06,739138.0,739195.0,1.429099170059097,1.3108802889359235,0.567194771582331,0.14130306539973392
2024-11-15,739204.7227667698,0.07183300256671446,10.253808333352751,1.2335895916898783,-0.515670546953135,-0.01790289271445266,-0.00969855074713002,0.015048311564775157,2024-09-17,2024-11-06,739145.0,739195.0,2.9623755571854256,0.20178456485442092,0.567194771582331,0.11560251806080157
2024-11-10,739199.9766956808,0.1434967299793142,7.1244030264644,0.623951616578948,-0.020023088369580347,-0.01812092176714399,-0.01793039720576039,-0.0026208131819366364,2024-09-24,2024-11-06,739152.0,739195.0,2.5693234860187584,0.022255856048773087,0.567194771582331,0.0735707540768615
2024-12-30,739249.2440103457,0.2890150534986587,9.21175215748913,1.8496476759413125,-0.36427276610856857,-0.012857672985316582,-0.01159339845266669,0.005559934074703172,2024-05-28,2024-11-07,739033.0,739196.0,2.054765836732715,0.8888787966871541,0.5422784203177964,0.4557075193536406
2024-12-13,739232.6356397659,0.6740926070276191,7.808628168744349,0.9584677441497189,-0.02434245380911424,0.002060947558145677,0.0010374345687966348,0.0017807959885658901,2024-06-04,2024-11-07,739040.0,739196.0,2.062743082795737,1.0196291302973843,0.5422784203177964,0.4271012143303819
2024-12-08,739227.9340474812,0.569893858978512,2.745155073150114,0.8500646886155203,-0.03198654760540425,0.004402619948507133,0.0013522008340717323,-0.004189822826245601,2024-06-11,2024-11-07,739047.0,739196.0,0.7577941695517859,1.508284491135393,0.5422784203177964,0.48921439934349187
2025-01-10,739260.4200196214,0.45795344485036116,3.11574783193299,0.9839075060833078,-0.06180299551092303,0.009375544127847994,0.0025457922100431763,0.009023290404088103,2024-06-18,2024-11-07,739054.0,739196.0,0.5774543602593618,0.9688846418347796,0.5422784203177964,0.4787136387371238
2024-12-29,739248.2089609285,0.7919011870199932,3.889740808816274,0.7273694588360187,-0.006233872731941402,-0.0017021889027847982,-0.0012187320746408618,-0.001188334629220783,2024-06-26,2024-11-07,739062.0,739196.0,0.7872207889768481,0.7455907432780773,0.5422784203177964,0.414795676725972
2025-01-02,739252.4023660225,0.49418087874966365,4.636820129819414,0.7757095565462476,-0.02906679772926642,0.009273526714343634,0.003291055973486145,0.008669904745787356,2024-07-03,2024-11-07,739069.0,739196.0,0.870196436250611,0.33405497900958975,0.5422784203177964,0.3347306111231235
2024-12-06,739225.2371337645,0.5422330679276749,8.070488519759392,0.8915151877579581,-0.039049536475651486,-0.0038625009405656614,-0.0038279456081029405,0.0005155055162420926,2024-07-11,2024-11-07,739077.0,739196.0,2.0851554893099307,0.6792559638763659,0.5422784203177964,0.3121000491391631
2024-12-26,739245.1961997533,0.6887704328140917,8.417340596636503,0.930896718907783,-0.018981976489461372,0.0022560467791138935,0.0019116052312430289,-0.0011981287532792369,2024-07-18,2024-11-07,739084.0,739196.0,1.589917977329869,0.6884825315545557,0.5422784203177964,0.21751082229950333
2024-12-23,739242.9648258633,0.862097030756005,7.744360695798022,0.8337299732879778,-0.0067863876424963205,-0.0010263910639183903,-0.0007594249327824295,0.000690472582772066,2024-07-25,2024-11-07,739091.0,739196.0,1.4473258803062192,0.7360314606116383,0.5422784203177964,0.1929708207470928
2024-11-19,739208.7920494556,0.7730156616141122,11.39052247118693,0.7606168842140117,-0.012257705462288236,-0.0003743811706918258,-0.000024796706046365224,0.00037355907744001087,2024-08-01,2024-11-07,739098.0,739196.0,3.9136542692557246,2.2219783927618617,0.5422784203177964,0.2590308660611477
2024-12-19,739238.750496431,0.01640572393333062,10.830562589661717,17.578654371963367,-15.894323578570823,0.02636651275941996,0.01290489140918663,-0.02299253732865855,2024-08-08,2024-11-07,739105.0,739196.0,1.9660869559404488,0.9131323714015969,0.5422784203177964,0.2807709304404497
2024-11-25,739214.2968218481,0.14939759086891405,11.844107511075777,1.669968312746699,-0.6412428195146692,0.011392305409106573,0.008947601050591992,-0.007051599674811665,2024-08-15,2024-11-07,739112.0,739196.0,3.244453126410016,0.7099898648842948,0.5422784203177964,0.29415288562401515
2024-11-26,739215.4561710292,0.9106544938938586,9.736671376539867,0.7017516477231223,-0.004400958028738651,-0.001304304871811769,-0.0007586604803037974,0.0010609644076297411,2024-08-22,2024-11-07,739119.0,739196.0,2.480855527857945,0.31558127981713674,0.5422784203177964,0.13916621064058263
2024-12-09,739228.299985484,0.8196679054536675,4.813206206201639,0.6680596040481286,-0.004134973022921709,0.0022289061237639783,0.002130761697586182,0.0006541231509832187,2024-08-27,2024-11-07,739124.0,739196.0,0.8979620080273163,0.3159252700993,0.5422784203177964,0.12374916893188681
2024-11-24,739213.4241061494,0.49418599241485406,5.7984733239094,0.7726232966987588,-0.03331006517964912,-0.004824720557396236,-0.004791166711012841,0.0005680228905988275,2024-09-04,2024-11-07,739132.0,739196.0,1.4228743314690422,0.5884100552486109,0.5422784203177964,0.19394919187701745
2024-11-23,739212.7838075607,0.018566744404369787,13.882699631794434,4.431067991177811,-3.6063940108268793,0.034180780724252166,0.032252058775214934,-0.01131947329514451,2024-09-11,2024-11-07,739139.0,739196.0,3.271661650395372,0.14110845163116081,0.5422784203177964,0.1211206899397751
2024-11-25,739214.4617804375,0.4652089466964623,5.1827524999804115,0.5687955442617925,0.003895312430733478,0.008420476370203872,0.005366765005185543,-0.006488625099377957,2024-09-18,2024-11-07,739146.0,739196.0,1.0810401076207452,0.04152343029329413,0.5422784203177964,0.08156532476252566
2024-11-26,739215.9708877417,0.9547123956123755,9.823945962469843,0.6072780662381633,-0.0005700674397676768,-0.0009132045639287296,-0.0008103986323090183,-0.00042094730350951724,2024-09-25,2024-11-07,739153.0,739196.0,1.7955525317922645,0.06066591600008902,0.5422784203177964,0.06662293671044343
2025-01-14,739264.8477623311,0.216969324656142,9.898345787041077,2.591670133502842,-0.7575839148311448,0.018229270110436593,0.009774023341648565,0.01538748700978057,2024-05-29,2024-11-07,739034.0,739196.0,1.905979099977231,0.9109555389421429,0.5422784203177964,0.47227876301846344
2024-11-07,739196.9197822352,0.42967942064689535,2.56558279039381,0.7609625085238152,-0.058343850401565985,-0.010165123774134383,-0.010085088974631035,-0.00127307569187681,2024-06-05,2024-11-07,739041.0,739196.0,2.0959168298804256,0.9612601441156753,0.5422784203177964,0.7090172021145171
2024-12-13,739232.3145901992,0.21102754489838965,10.522739872802802,1.9151772476997395,-0.5731223514488312,-0.019120277131819442,-0.007719614866722633,0.01749264256500579,2024-06-12,2024-11-07,739048.0,739196.0,2.7204984274899506,0.6011231799237695,0.5422784203177964,0.5107937861802615
2024-11-18,739207.085518333,0.4027984460596087,14.31104382543707,0.9437422574578682,-0.09418310361534384,0.01057473583294136,0.009192953101193868,-0.005226342049248602,2024-06-20,2024-11-07,739056.0,739196.0,5.9497529911805325,0.2506801496609528,0.5422784203177964,0.4331312350465214
2024-12-17,739236.9773982387,0.7651388726675792,13.208868241375184,0.8672648963051883,-0.01254809068277463,-0.0014485527851342492,-0.0014166540667770382,0.0003023184188968131,2024-06-27,2024-11-07,739063.0,739196.0,3.039662895642637,0.5017853547842763,0.5422784203177964,0.3316967627237453
2024-11-25,739214.7315328759,0.26083116980414595,5.5524751056398065,1.2084189051257321,-0.24860641163409009,-0.00889735834368615,-0.008763612122334903,0.001536908606660225,2024-07-05,2024-11-07,739071.0,739196.0,1.8007576869195967,1.3125749505966011,0.5422784203177964,0.45015632770160147
2024-11-27,739216.0115851165,0.9647088648636437,3.112636943588263,0.5555568411569792,-0.00016182180807622741,0.002386035418606705,0.00026711607638709535,-0.0023710364865562974,2024-07-12,2024-11-07,739078.0,739196.0,0.9566141078818652,0.02101977025203553,0.5422784203177964,0.18103895502290307
2024-12-08,739227.7555700719,0.19893867667039516,8.582653790627653,1.5722303483123428,-0.46170131138366594,0.014220850126077107,0.013526372547027867,-0.004389740769949649,2024-07-19,2024-11-07,739085.0,739196.0,2.053145353511701,0.7525462209622923,0.5422784203177964,0.3273851746545219
2024-11-10,739199.2167517717,0.15221217717748117,13.529013862072425,1.1772678995943229,-0.3986422872931874,0.025031825944047504,0.008200104495336915,0.023650593995894573,2024-07-26,2024-11-07,739092.0,739196.0,7.550186709070052,0.17917362977107706,0.5422784203177964,0.44204379856233333
2024-12-05,739224.3175642409,0.005042532674356171,5.11459826906764,40.157373683279815,-38.824431666114954,-0.06998055648378113,-0.022126726623858877,0.0663904078515315,2024-08-02,2024-11-07,739099.0,739196.0,1.2107384040743427,0.5469717658258384,0.5422784203177964,0.18516995076560905
2024-12-06,739225.2923844482,0.1557726814403442,11.809487728139379,1.9931226767574637,-0.7776456893202206,0.019349932866599938,0.017829847414883023,0.007517741888620125,2024-08-09,2024-11-07,739106.0,739196.0,2.639341585069587,0.5301057841417367,0.5422784203177964,0.284033409766136
2024-12-10,739229.1118084413,0.33999893925069863,9.500645956080644,1.1304982830672936,-0.1464894924334636,-0.007458539609835184,-0.005905115695576798,-0.004556250841792288,2024-08-16,2024-11-07,739113.0,739196.0,1.89714520551465,0.7028733897549129,0.5422784203177964,0.2418002998613781
2024-12-12,739231.40949435,0.13834337557201162,9.902204916356194,1.898486521543652,-0.766598069418856,0.013717872007626437,0.011458123286819437,-0.0075426403309230595,2024-08-23,2024-11-07,739120.0,739196.0,1.8064451688328376,0.7807418036408619,0.5422784203177964,0.23244455340255948
2024-12-10,739229.1601638821,0.6414206395958882,6.101405429286765,0.7633812377762281,-0.014947787381919406,0.003890912749024588,0.003588958494826044,-0.0015028569269687822,2024-08-28,2024-11-07,739125.0,739196.0,1.111466431422298,0.40386709075242855,0.5422784203177964,0.14045186804913415
2024-11-17,739206.044042514,0.4476195536122448,11.199434303140507,0.7199453176756012,-0.033581859970771774,0.009275903089887037,0.009160106148072878,0.0014611069396226006,2024-09-05,2024-11-07,739133.0,739196.0,3.536519310756748,0.14469765969212703,0.5422784203177964,0.17267377568427825
2024-12-01,739220.5228530531,0.6014430060728565,13.209540389773117,0.6811450816670725,-0.010871831954754477,-0.0021441285790204283,-0.001139774802296329,-0.0018160949213690688,2024-09-12,2024-11-07,739140.0,739196.0,2.4995749287033115,0.2308653083341732,0.5422784203177964,0.12261699067826035
2024-11-23,739212.6015926145,0.15700353915917178,13.403219265185278,0.8000492401438589,-0.12523302319045648,-0.011271400212573269,-0.004981637272890505,-0.010110774096642886,2024-09-19,2024-11-07,739147.0,739196.0,2.931217317002737,0.1301491434707313,0.5422784203177964,0.10122063624065383
2024-11-16,739205.5270164461,0.07439069498772512,2.3844969815172554,-0.443526668728025,0.8006623017246604,0.06471185797294686,0.058739436998996704,0.027153325824873505,2024-09-26,2024-11-07,739154.0,739196.0,0.6405939488336225,0.3860000407885799,0.5422784203177964,0.046315272854762495
2025-01-19,739269.102435491,0.6532189185858429,13.309235590666107,1.115409306011457,-0.027967283245367285,0.0017194063197315832,0.0016740448082999467,-0.00039234177974936777,2024-05-30,2024-11-08,739035.0,739197.0,2.4945786925286177,0.7983207246016313,0.5559460590464603,0.4335753205753373
2024-11-10,739199.2475534126,0.8889153742761333,10.340330877711105,0.664754898865142,-0.00571255187339683,-0.0008611195075896561,-0.0001254390265147724,-0.0008519341858256875,2024-06-06,2024-11-08,739042.0,739197.0,6.99096193212731,0.5702860007688187,0.5559460590464603,0.42313584617533473
2025-01-07,739257.982971132,0.2957981532770771,2.933365940478194,1.179123615384304,-0.188144406596735,0.026523376649631728,0.023232913915831654,0.012795359310225934,2024-06-13,2024-11-08,739049.0,739197.0,0.5750115213643552,0.715305743511571,0.5559460590464603,0.4868001921484754
2025-01-13,739263.4978416503,0.27419286478244104,6.701869256572788,1.7963183336838102,-0.36044278692864573,0.008562534243552467,0.007673050480594959,-0.003800169600721799,2024-06-21,2024-11-08,739057.0,739197.0,1.208626654721759,1.7222421567096189,0.5559460590464603,0.5030563415130461
2024-12-18,739237.9774231977,0.08502776924924806,7.312311269019002,4.01333568960221,-2.4226608079808485,0.025225606271091352,0.024208117198868676,-0.007092127567236925,2024-06-28,2024-11-08,739064.0,739197.0,1.6827296390444269,1.116752969638478,0.5559460590464603,0.45253073835317226
2024-11-23,739212.9376939635,0.30393631757087386,8.740341648841657,1.1023073674941612,-0.1812415256075325,-0.010824804135523594,-0.0032192491130611516,-0.010335028772117847,2024-07-08,2024-11-08,739074.0,739197.0,3.0121344791769746,0.5822263420484997,0.5559460590464603,0.4121188391307387
2024-12-03,739222.7526292169,0.8096139556208006,5.324348146181715,0.7169996791937285,-0.006589922119868459,-0.0023059897550108148,-0.0017719198347251237,0.0014757672070901044,2024-07-15,2024-11-08,739081.0,739197.0,1.4452740613912025,0.4345446917305821,0.5559460590464603,0.20493186440944605
2024-11-16,739205.5635381904,0.749073892768456,10.47385638145786,0.7111121850644098,-0.011461516625612357,0.0007629697639313798,0.0007205038056490954,-0.0002509922841815577,2024-07-22,2024-11-08,739088.0,739197.0,4.366559958200906,1.0743673650715038,0.5559460590464603,0.32948649793428514
2024-12-20,739239.5974718146,0.381350298107031,6.932648630433134,1.1675594966874006,-0.12237650205716973,0.011120511718048781,0.0003474234741895826,-0.011115083346554044,2024-07-29,2024-11-08,739095.0,739197.0,1.3484877425353712,0.6053383160418235,0.5559460590464603,0.197495908779312
2024-11-25,739214.5399757732,0.2945281041862143,9.490611753104721,1.1320763072854765,-0.1958744138489988,-0.007394496078893871,-0.00036254270171556693,0.007385603228593428,2024-08-05,2024-11-08,739102.0,739197.0,2.8077151961636804,0.8220564881683669,0.5559460590464603,0.34401189436334806
2024-12-19,739238.9615309569,0.736547582448441,2.1894039988047633,-0.04928758278785208,0.022197416894159643,-0.015463094682123339,-0.004382593168328469,0.014829031467672855,2024-08-12,2024-11-08,739109.0,739197.0,0.39392262755139,0.48292637496096996,0.5559460590464603,0.1287169035299569
2024-11-16,739205.378848035,0.16403143712716742,8.738064940752373,1.160397630439535,-0.3486763129565524,-0.026523259155629392,-0.025692607479277683,-0.006585833064422672,2024-08-19,2024-11-08,739116.0,739197.0,3.292043091382781,0.24677853291337024,0.5559460590464603,0.2800887782772402
2024-11-20,739209.2266030035,0.969805487697186,14.034954906685407,0.6823424358492877,-0.0036469888596737205,0.0006828053325309,0.0005883541180142897,0.0003465004385975005,2024-08-23,2024-11-08,739120.0,739197.0,4.439688621954972,0.369072042389406,0.5559460590464603,0.18600013822110814
2024-12-12,739231.2018668595,0.439473058757604,3.6136203565447484,0.6403778852834199,-0.02044655091466539,-0.017178489847214193,-0.0034303072950558353,0.01683251333854597,2024-08-29,2024-11-08,739126.0,739197.0,0.64621152900668,0.1447520783810736,0.5559460590464603,0.11769798309969312
2024-12-05,739224.0159083937,0.29918604107040975,14.411601770614245,0.9033446576147296,-0.106738369590763,-0.008726040356059296,-0.0026386823696755383,-0.008317519801451569,2024-09-06,2024-11-08,739134.0,739197.0,2.7605798822382916,0.2539407639005702,0.5559460590464603,0.19406364237969234
2024-12-03,739222.0815672925,0.5166483318670502,13.09808513371113,0.6838372646226938,-0.015211230193359113,-0.0034063942135636456,-0.0025408641779026617,-0.002268817041466966,2024-09-13,2024-11-08,739141.0,739197.0,2.445937297154678,0.17613945768493264,0.5559460590464603,0.11975699976929934
2024-11-24,739213.1930603288,0.6577058261436856,5.018136378682065,0.5289833959729687,0.006456592132350274,-0.005062172179909146,-0.0021318092427048364,-0.00459140245804747,2024-09-20,2024-11-08,739148.0,739197.0,1.1123515735222491,0.1671689708378986,0.5559460590464603,0.06482553099434982
2024-11-24,739213.1308089349,0.6625025374858494,11.340683292490867,0.5968229877917393,-0.0009055924723907712,-0.0017428692730368765,-0.0016460705435385455,-0.0005727521877660603,2024-09-27,2024-11-08,739155.0,739197.0,2.313851267511216,0.030354026877642562,0.5559460590464603,0.07852856324360265
